

TREE # 1

  0  0.0000   2293.075073  x:  0.01972   0.20925   0.02571   0.03211   0.02495   0.05815   0.02188   0.05666   0.08536   0.02661   0.17168   0.01972   0.20925   0.02571   0.03211   0.02495   0.05815   0.02188   0.05666   0.08536   0.02661   0.17168   0.21568   8.40433   1.41715   1.28506   1.36549   1.00000  
  1 99.0000   2146.591111  x:  0.02480   0.21120   0.24357   0.10149   0.04987   0.07791   0.04492   0.04363   0.07037   0.10722   0.15118   0.01946   0.20689   0.21136   0.14170   0.03759   0.05844   0.00000   0.13403   0.07219   0.06719   0.14636   0.19034   8.40438   1.41941   1.28263   1.36730   0.99931  
  2 1735.2806   2115.660504  x:  0.02617   0.21280   0.24071   0.10166   0.04169   0.09662   0.03189   0.02017   0.03468   0.09482   0.09743   0.02156   0.19965   0.21370   0.14829   0.00000   0.06455   0.00000   0.18190   0.02106   0.04775   0.08027   0.12259   8.40456   1.42677   1.27697   1.37031   0.99756  
  3 281.4906   2104.977401  x:  0.02822   0.21381   0.23587   0.10170   0.04100   0.10220   0.03170   0.02532   0.02379   0.08796   0.06792   0.02469   0.19621   0.21278   0.15293   0.01782   0.06580   0.00000   0.20274   0.00000   0.03968   0.04306   0.08295   8.40467   1.43099   1.27376   1.37230   0.99636  
  4 719.6341   2098.950927  x:  0.03127   0.21497   0.23070   0.10240   0.04261   0.10379   0.03543   0.03219   0.02721   0.08298   0.04309   0.02876   0.19341   0.21304   0.15780   0.01719   0.06539   0.00000   0.21536   0.01457   0.03812   0.01281   0.04565   8.40478   1.43522   1.27047   1.37446   0.99510  
  5 473.6471   2097.222604  x:  0.03445   0.21605   0.22787   0.10319   0.04428   0.10235   0.03802   0.03463   0.03340   0.08164   0.03190   0.03374   0.19206   0.21305   0.15977   0.01522   0.06421   0.00000   0.21988   0.01266   0.04154   0.02027   0.02353   8.40487   1.43832   1.26800   1.37631   0.99418  
  6 172.0886   2097.002671  x:  0.04007   0.21865   0.22399   0.10375   0.04558   0.09711   0.03871   0.03377   0.03699   0.08278   0.03095   0.03272   0.19005   0.21352   0.16244   0.01401   0.06202   0.00000   0.22161   0.00955   0.04712   0.01774   0.02425   8.40503   1.44435   1.26329   1.38026   0.99230  
  7 30.3118   2096.726715  x:  0.04035   0.22416   0.21657   0.10406   0.04514   0.09013   0.03712   0.03221   0.03258   0.08476   0.02841   0.03351   0.18522   0.21550   0.16942   0.01512   0.06089   0.00000   0.22695   0.01176   0.04880   0.02012   0.02647   8.40548   1.45987   1.25144   1.39034   0.98740  
  8 36.7430   2096.417889  x:  0.03585   0.23029   0.21022   0.10487   0.04481   0.08843   0.03877   0.03581   0.03456   0.08702   0.03581   0.03234   0.18018   0.21840   0.17563   0.01338   0.06254   0.00000   0.23020   0.01011   0.04511   0.01998   0.02463   8.40622   1.48399   1.23372   1.40636   0.97958  
  9 53.3205   2096.130180  x:  0.03384   0.23189   0.20990   0.10439   0.04550   0.09726   0.03919   0.03355   0.03965   0.08546   0.03159   0.03287   0.18025   0.22029   0.17523   0.01438   0.06330   0.00000   0.22695   0.00935   0.04432   0.02011   0.02791   8.40720   1.51286   1.21457   1.42612   0.96974  
 10 44.2562   2095.892031  x:  0.03928   0.23020   0.21339   0.10304   0.04522   0.10203   0.03752   0.03315   0.03526   0.08356   0.03343   0.03210   0.18315   0.22101   0.17131   0.01533   0.06246   0.00000   0.22075   0.01047   0.04584   0.02021   0.02526   8.40819   1.53913   1.19915   1.44460   0.96044  
 11 67.7093   2095.780849  x:  0.03710   0.22684   0.21769   0.10315   0.04487   0.09733   0.03857   0.03553   0.03323   0.08337   0.03123   0.03281   0.18579   0.22004   0.16727   0.01390   0.06158   0.00000   0.21686   0.00938   0.04614   0.01929   0.02519   8.40883   1.55268   1.19416   1.45482   0.95530  
 12 35.3748   2095.735877  x:  0.03682   0.22419   0.21999   0.10371   0.04444   0.09405   0.03776   0.03291   0.03458   0.08326   0.03160   0.03277   0.18680   0.21867   0.16570   0.01483   0.06221   0.00000   0.21712   0.00970   0.04448   0.01902   0.02443   8.40925   1.55896   1.19449   1.46008   0.95268  
 13 21.1978   2095.679119  x:  0.03874   0.21921   0.22199   0.10436   0.04572   0.09360   0.03823   0.03464   0.03512   0.08269   0.03174   0.03250   0.18719   0.21527   0.16486   0.01443   0.06342   0.00000   0.22240   0.01029   0.04339   0.01994   0.02599   8.41020   1.56900   1.20146   1.46988   0.94805  
 14 13.8481   2095.604606  x:  0.03594   0.21464   0.22259   0.10402   0.04473   0.09509   0.03865   0.03409   0.03508   0.08377   0.03337   0.03168   0.18712   0.21176   0.16488   0.01488   0.06163   0.00000   0.22646   0.01079   0.04770   0.01998   0.02568   8.41177   1.58311   1.21569   1.48472   0.94142  
 15 26.1303   2095.447922  x:  0.03710   0.21422   0.22157   0.10270   0.04479   0.09636   0.03698   0.03417   0.03516   0.08806   0.03355   0.03735   0.18499   0.21198   0.16746   0.01424   0.06015   0.00000   0.22280   0.00993   0.04609   0.01884   0.02557   8.41576   1.61498   1.25577   1.52037   0.92701  
 16 30.0865   2095.299959  x:  0.03789   0.21642   0.22012   0.10231   0.04519   0.09626   0.03826   0.03375   0.03437   0.08862   0.03107   0.03174   0.18374   0.21434   0.16936   0.01396   0.06198   0.00000   0.21812   0.00952   0.04411   0.01959   0.02477   8.41951   1.64388   1.29319   1.55299   0.91471  
 17 99.1416   2095.251356  x:  0.03743   0.21968   0.21972   0.10393   0.04450   0.09541   0.03797   0.03391   0.03441   0.08279   0.03178   0.03267   0.18515   0.21744   0.16819   0.01400   0.06347   0.00000   0.21845   0.00946   0.04529   0.01953   0.02503   8.42097   1.65388   1.30608   1.56440   0.91237  
 18 25.3429   2095.240607  x:  0.03730   0.22153   0.21976   0.10392   0.04535   0.09534   0.03815   0.03375   0.03446   0.08240   0.03197   0.03244   0.18638   0.21809   0.16672   0.01406   0.06145   0.00000   0.21950   0.00962   0.04451   0.01968   0.02507   8.42151   1.65646   1.30894   1.56734   0.91370  
 19  7.7515   2095.230353  x:  0.03752   0.22369   0.21994   0.10339   0.04442   0.09536   0.03790   0.03409   0.03473   0.08399   0.03177   0.03238   0.18799   0.21816   0.16487   0.01417   0.06219   0.00000   0.22069   0.00983   0.04468   0.01973   0.02514   8.42233   1.65942   1.31156   1.57070   0.91765  
 20  6.3316   2095.221767  x:  0.03735   0.22412   0.22006   0.10330   0.04565   0.09536   0.03873   0.03348   0.03428   0.08431   0.03197   0.03282   0.18832   0.21758   0.16480   0.01424   0.06310   0.00000   0.22061   0.00987   0.04504   0.01961   0.02502   8.42335   1.66231   1.31362   1.57386   0.92327  
 21  6.2229   2095.198082  x:  0.03719   0.22332   0.22097   0.10403   0.04564   0.09544   0.03725   0.03398   0.03447   0.08342   0.03178   0.03233   0.18760   0.21627   0.16667   0.01405   0.06259   0.00000   0.21956   0.00974   0.04500   0.01965   0.02496   8.42657   1.67080   1.31927   1.58290   0.94110  
 22 15.7062   2095.194087  x:  0.03750   0.22286   0.22097   0.10398   0.04473   0.09547   0.03814   0.03381   0.03443   0.08317   0.03177   0.03246   0.18724   0.21640   0.16685   0.01405   0.06224   0.00000   0.21946   0.00973   0.04472   0.01969   0.02505   8.42721   1.67228   1.32022   1.58435   0.94415  
 23 11.2258   2095.191922  x:  0.03745   0.22168   0.22032   0.10332   0.04486   0.09537   0.03804   0.03382   0.03452   0.08325   0.03179   0.03242   0.18654   0.21783   0.16605   0.01410   0.06230   0.00000   0.21959   0.00972   0.04474   0.01971   0.02506   8.42801   1.67322   1.32071   1.58475   0.94568  
 24  2.0015   2095.190559  x:  0.03748   0.22121   0.21968   0.10447   0.04485   0.09551   0.03804   0.03379   0.03441   0.08364   0.03178   0.03242   0.18680   0.21821   0.16577   0.01409   0.06229   0.00000   0.21950   0.00972   0.04472   0.01972   0.02505   8.42946   1.67400   1.32096   1.58426   0.94603  
 25  0.7109   2095.173062  x:  0.03738   0.22033   0.21888   0.10326   0.04486   0.09528   0.03803   0.03367   0.03465   0.08373   0.03203   0.03242   0.19062   0.21910   0.16809   0.01360   0.06232   0.00000   0.21930   0.00936   0.04454   0.01995   0.02522   8.45234   1.68412   1.32368   1.57523   0.94741  
 26  1.8150   2095.149250  x:  0.03738   0.22261   0.22144   0.10393   0.04488   0.09533   0.03800   0.03342   0.03460   0.08373   0.03220   0.03240   0.18619   0.21778   0.16617   0.01334   0.06232   0.00000   0.21906   0.00943   0.04510   0.02030   0.02537   8.48430   1.69512   1.32659   1.56560   0.94842  
 27  9.6278   2094.891342  x:  0.03662   0.22248   0.22419   0.10427   0.04470   0.09456   0.03721   0.03040   0.03504   0.08587   0.03417   0.03182   0.18599   0.22170   0.16913   0.00812   0.06221   0.00000   0.21899   0.00761   0.04604   0.02388   0.02667   8.84271   1.69083   1.32189   1.59645   0.94385  
 28  4.5212   2094.808397  x:  0.03734   0.22268   0.22640   0.10481   0.04454   0.09652   0.03709   0.03032   0.03449   0.08479   0.03187   0.03250   0.18555   0.22461   0.17216   0.00673   0.06253   0.00000   0.22938   0.00855   0.04546   0.02347   0.02433   8.99471   1.69565   1.32120   1.59761   0.94390  
 29  0.1284   2094.702460  x:  0.03716   0.22227   0.23706   0.10613   0.04495   0.09617   0.03744   0.03075   0.03482   0.08618   0.03286   0.03186   0.18689   0.23286   0.17521   0.00820   0.06242   0.00000   0.22692   0.01045   0.04585   0.02302   0.02604   9.08877   1.68420   1.31932   1.59041   0.94492  
 30  0.0440   2094.662323  x:  0.03710   0.22237   0.24209   0.10693   0.04511   0.09573   0.03774   0.03109   0.03445   0.08681   0.03265   0.03223   0.18646   0.23713   0.17711   0.00706   0.06233   0.00000   0.22772   0.00784   0.04566   0.02227   0.02546   8.98394   1.68732   1.32209   1.58627   0.94543  
 31  0.0653   2094.658098  x:  0.03721   0.22236   0.24232   0.10693   0.04506   0.09600   0.03759   0.03066   0.03442   0.08683   0.03271   0.03213   0.18635   0.23750   0.17749   0.00772   0.06236   0.00000   0.22833   0.00747   0.04583   0.02262   0.02541   8.93267   1.68780   1.32192   1.58828   0.94399  
 32  0.0459   2094.657899  x:  0.03719   0.22235   0.24232   0.10693   0.04506   0.09600   0.03759   0.03083   0.03440   0.08683   0.03272   0.03212   0.18639   0.23759   0.17758   0.00768   0.06236   0.00000   0.22834   0.00748   0.04583   0.02279   0.02547   8.92968   1.68804   1.32178   1.58854   0.94378  
 33  0.0030   2094.657896  x:  0.03719   0.22235   0.24233   0.10693   0.04506   0.09599   0.03760   0.03081   0.03439   0.08682   0.03271   0.03212   0.18640   0.23761   0.17759   0.00768   0.06236   0.00000   0.22835   0.00748   0.04581   0.02281   0.02548   8.92973   1.68811   1.32180   1.58846   0.94381  
 34  0.0001   2094.657895  x:  0.03719   0.22235   0.24233   0.10693   0.04506   0.09599   0.03760   0.03081   0.03439   0.08682   0.03271   0.03212   0.18639   0.23761   0.17759   0.00768   0.06236   0.00000   0.22835   0.00748   0.04581   0.02281   0.02547   8.92949   1.68810   1.32180   1.58844   0.94381  
 35  0.0002   2094.657895  x:  0.03719   0.22235   0.24233   0.10693   0.04506   0.09599   0.03760   0.03081   0.03439   0.08682   0.03271   0.03212   0.18639   0.23761   0.17759   0.00768   0.06236   0.00000   0.22835   0.00748   0.04581   0.02281   0.02547   8.92945   1.68809   1.32180   1.58845   0.94381  
 36  0.0000   2094.657895  x:  0.03719   0.22235   0.24233   0.10693   0.04506   0.09599   0.03760   0.03081   0.03439   0.08682   0.03271   0.03212   0.18639   0.23761   0.17759   0.00768   0.06236   0.00000   0.22835   0.00748   0.04581   0.02281   0.02547   8.92944   1.68810   1.32180   1.58845   0.94381  
 37  0.0000   2094.657895  x:  0.03719   0.22235   0.24233   0.10693   0.04506   0.09599   0.03760   0.03081   0.03439   0.08682   0.03271   0.03212   0.18639   0.23761   0.17759   0.00768   0.06236   0.00000   0.22835   0.00748   0.04581   0.02281   0.02547   8.92944   1.68810   1.32180   1.58845   0.94381  
 38  0.0000   2094.657895  x:  0.03719   0.22235   0.24233   0.10693   0.04506   0.09599   0.03760   0.03081   0.03439   0.08682   0.03271   0.03212   0.18639   0.23761   0.17759   0.00768   0.06236   0.00000   0.22835   0.00748   0.04581   0.02281   0.02547   8.92944   1.68810   1.32180   1.58845   0.94381  

TREE # 2

  0  0.0000   2314.588779  x:  0.03719   0.22235   0.24233   0.10693   0.04506   0.09599   0.03760   0.03081   0.03439   0.08682   0.03271   0.03212   0.18639   0.23761   0.17759   0.00768   0.06236   0.00000   0.22835   0.00748   0.04581   0.02281   0.02547   8.92944   1.68355   1.22043   1.43740   0.94381  
  1 99.0000   2250.724503  x:  0.03276   0.21500   0.23423   0.11158   0.04765   0.10655   0.03910   0.06613   0.08187   0.08150   0.04006   0.02407   0.17946   0.23005   0.18002   0.08213   0.09614   0.32145   0.22507   0.03024   0.04721   0.05409   0.03063   8.92944   1.68314   1.22066   1.43789   0.94390  
  2 5342.0783   2210.674294  x:  0.02123   0.19318   0.21008   0.12450   0.05223   0.13366   0.03400   0.10203   0.12765   0.06375   0.05344   0.00000   0.15887   0.20728   0.18439   0.08830   0.12593   0.30891   0.21380   0.03040   0.04690   0.07709   0.03796   8.92946   1.68177   1.22250   1.43875   0.94416  
  3 515.4833   2172.255693  x:  0.02926   0.12513   0.13232   0.14738   0.04487   0.16285   0.00000   0.09737   0.12380   0.00669   0.04744   0.00000   0.09706   0.13538   0.19605   0.10119   0.15974   0.30574   0.17554   0.03293   0.04585   0.06286   0.01900   8.92952   1.67749   1.22850   1.44120   0.94499  
  4 420.3239   2163.854834  x:  0.03186   0.10574   0.11007   0.15284   0.04287   0.16938   0.00758   0.09612   0.12091   0.00000   0.04586   0.00000   0.07983   0.11507   0.19911   0.10395   0.16677   0.30518   0.16486   0.03329   0.04570   0.05910   0.01901   8.92954   1.67634   1.23008   1.44195   0.94519  
  5 1394.3360   2140.669173  x:  0.04065   0.03782   0.03211   0.17182   0.03603   0.19135   0.01550   0.09202   0.11234   0.00979   0.04076   0.00000   0.01980   0.04402   0.20976   0.11349   0.19123   0.30313   0.12753   0.03449   0.04516   0.04688   0.01889   8.92958   1.67226   1.23564   1.44463   0.94590  
  6 4140.8984   2138.874925  x:  0.04117   0.02805   0.01905   0.17295   0.03726   0.18969   0.01247   0.08905   0.10853   0.00833   0.04345   0.00000   0.02503   0.03514   0.21136   0.11293   0.19032   0.30345   0.11986   0.03359   0.04544   0.05318   0.02985   8.92958   1.67124   1.23661   1.44574   0.94613  
  7 206.1024   2138.367927  x:  0.04048   0.02599   0.01779   0.17408   0.03938   0.18709   0.01384   0.08915   0.10790   0.00889   0.04601   0.00000   0.03084   0.02899   0.21335   0.11171   0.18897   0.30362   0.10971   0.03275   0.04566   0.05785   0.02304   8.92957   1.66971   1.23795   1.44759   0.94651  
  8 69.4941   2138.049065  x:  0.03949   0.02839   0.02208   0.17592   0.04033   0.18376   0.01336   0.08977   0.10845   0.00862   0.04579   0.00000   0.03020   0.02462   0.21660   0.11026   0.18816   0.30395   0.09487   0.03256   0.04594   0.05748   0.02518   8.92956   1.66706   1.24026   1.45086   0.94717  
  9 54.0995   2137.886603  x:  0.03847   0.02909   0.01974   0.17706   0.03986   0.18128   0.01349   0.09066   0.10973   0.00862   0.04501   0.00000   0.03038   0.02913   0.21935   0.10914   0.18823   0.30411   0.08520   0.03293   0.04595   0.05598   0.02511   8.92955   1.66445   1.24252   1.45417   0.94783  
 10 48.2270   2137.783986  x:  0.03931   0.02666   0.02135   0.17704   0.03893   0.17686   0.01350   0.08975   0.10979   0.00845   0.04663   0.00000   0.02764   0.03129   0.22369   0.10700   0.19015   0.30426   0.08508   0.03335   0.04546   0.05888   0.02487   8.92951   1.65744   1.24840   1.46347   0.94962  
 11 13.1127   2137.517869  x:  0.04051   0.03022   0.01902   0.17698   0.03980   0.16902   0.01393   0.09056   0.11169   0.00843   0.04536   0.00000   0.02904   0.02881   0.23462   0.10247   0.19685   0.30464   0.08963   0.03293   0.04527   0.05731   0.02492   8.92938   1.63544   1.26707   1.49308   0.95526  
 12 44.3777   2137.382763  x:  0.03791   0.02681   0.02146   0.17690   0.04115   0.17249   0.01414   0.09112   0.11052   0.00871   0.04490   0.00000   0.03171   0.02936   0.23614   0.10327   0.19755   0.30463   0.09042   0.03271   0.04625   0.05474   0.02541   8.92931   1.62376   1.27760   1.50981   0.95832  
 13 38.0344   2137.181369  x:  0.03533   0.03030   0.02071   0.17552   0.03994   0.18171   0.01419   0.09008   0.10755   0.00896   0.04616   0.00000   0.03051   0.03008   0.23283   0.10655   0.19300   0.30429   0.09001   0.03259   0.04676   0.05795   0.02534   8.92919   1.60658   1.29405   1.53630   0.96293  
 14 52.2904   2137.071176  x:  0.03988   0.02895   0.02073   0.17402   0.03902   0.18325   0.01392   0.09067   0.11191   0.00866   0.04523   0.00000   0.03052   0.02964   0.22629   0.10794   0.18642   0.30403   0.08961   0.03267   0.04492   0.05758   0.02524   8.92913   1.59937   1.30263   1.55080   0.96509  
 15 29.1699   2137.010782  x:  0.03785   0.02863   0.01990   0.17445   0.04069   0.17991   0.01358   0.09240   0.11232   0.00833   0.04700   0.00000   0.02898   0.02932   0.22024   0.10820   0.18451   0.30398   0.09003   0.03305   0.04668   0.05642   0.02507   8.92910   1.59946   1.30616   1.55764   0.96550  
 16 11.7357   2136.910412  x:  0.03556   0.02824   0.02019   0.17732   0.03933   0.17618   0.01376   0.09317   0.11186   0.00835   0.04316   0.00000   0.02923   0.02923   0.21157   0.10931   0.18768   0.30343   0.08982   0.03222   0.04631   0.05838   0.02503   8.92905   1.60420   1.31080   1.56743   0.96530  
 17 15.4122   2136.730465  x:  0.03806   0.02945   0.02098   0.18223   0.03800   0.17430   0.01452   0.09123   0.11155   0.00883   0.04755   0.00000   0.03143   0.02995   0.20112   0.11115   0.19607   0.30253   0.08847   0.03258   0.04419   0.05735   0.02564   8.92897   1.61685   1.31824   1.58392   0.96416  
 18 30.4592   2136.212430  x:  0.04432   0.03074   0.02136   0.18184   0.05060   0.17764   0.01510   0.08829   0.11386   0.00925   0.04449   0.00000   0.03068   0.03302   0.19645   0.10845   0.20222   0.30183   0.08739   0.03484   0.05027   0.06155   0.02606   8.92874   1.66498   1.33711   1.62819   0.95888  
 19 30.0471   2133.152899  x:  0.03529   0.03080   0.02280   0.15663   0.04267   0.19016   0.01384   0.10475   0.12507   0.00860   0.04989   0.00000   0.03275   0.03276   0.20342   0.08933   0.20152   0.30265   0.09061   0.02118   0.04871   0.06413   0.02762   8.92742   1.94423   1.44078   1.86853   0.92796  
 20 148.3488   2132.542745  x:  0.03069   0.03096   0.02323   0.15412   0.03900   0.19141   0.01388   0.10811   0.12824   0.00859   0.04983   0.00000   0.03497   0.03104   0.20745   0.08950   0.19879   0.30080   0.09253   0.03474   0.04619   0.06521   0.02803   8.92712   2.00620   1.46457   1.92067   0.92137  
 21 334.7310   2132.028265  x:  0.02769   0.03190   0.02341   0.16754   0.04267   0.18738   0.01421   0.10867   0.13222   0.00859   0.05060   0.00000   0.03497   0.03199   0.21823   0.10847   0.18908   0.29652   0.09717   0.03304   0.04098   0.06647   0.02854   8.92689   2.04936   1.48534   1.95238   0.91825  
 22 63.5826   2131.910469  x:  0.02989   0.03203   0.02388   0.17161   0.03923   0.18671   0.01424   0.11068   0.13269   0.00861   0.05089   0.00000   0.03599   0.03209   0.22048   0.11226   0.18715   0.29551   0.09818   0.03280   0.04723   0.06703   0.02867   8.92684   2.05661   1.49150   1.95535   0.91863  
 23 28.8305   2130.638940  x:  0.03129   0.03429   0.02546   0.19390   0.04182   0.19269   0.01416   0.12346   0.13348   0.00868   0.05245   0.00000   0.03793   0.03541   0.21877   0.09170   0.17996   0.29840   0.10568   0.03377   0.04360   0.07130   0.03031   8.92631   2.06902   1.58930   1.88394   0.94879  
 24 10.9634   2129.811001  x:  0.02322   0.03524   0.02624   0.18134   0.04096   0.19000   0.01591   0.11222   0.14794   0.00905   0.05394   0.00000   0.03975   0.03515   0.21662   0.09735   0.18468   0.29565   0.10660   0.03233   0.04886   0.07243   0.03085   8.92596   2.06998   1.64598   1.83380   0.96874  
 25 64.4003   2129.347364  x:  0.02723   0.03584   0.02684   0.16393   0.04444   0.18574   0.01575   0.12236   0.14412   0.00902   0.05433   0.00000   0.04023   0.03633   0.21573   0.11023   0.19157   0.29148   0.10480   0.03297   0.04707   0.07437   0.03144   8.92574   2.06548   1.67032   1.80491   0.97973  
 26 50.8141   2121.984447  x:  0.02057   0.04071   0.03095   0.17104   0.05160   0.19557   0.01778   0.15019   0.17491   0.01007   0.06175   0.00000   0.04650   0.04287   0.21099   0.09898   0.21439   0.27994   0.11117   0.03182   0.04935   0.09084   0.03703   8.92000   1.61499   1.22465   1.48922   1.06001  
 27  9.6219   2121.381305  x:  0.02045   0.04097   0.03125   0.17178   0.05221   0.19684   0.01780   0.15267   0.17792   0.01001   0.06234   0.00000   0.04689   0.04337   0.21062   0.09848   0.21716   0.27862   0.11142   0.03161   0.04963   0.09225   0.03752   8.92106   1.56414   1.22272   1.46070   0.93410  
 28  6.6305   2115.885715  x:  0.02847   0.03084   0.02129   0.20387   0.04540   0.25254   0.01472   0.17382   0.21537   0.00993   0.06447   0.00000   0.03754   0.03125   0.22626   0.11312   0.28881   0.25024   0.08284   0.03299   0.04567   0.09854   0.04011   8.90659   1.71979   1.38910   1.58264   0.95275  
 29  0.3766   2111.949765  x:  0.02124   0.03385   0.02539   0.17430   0.04508   0.25728   0.00351   0.21731   0.28942   0.00409   0.06821   0.00000   0.03960   0.03384   0.21052   0.11637   0.28940   0.19742   0.10407   0.03132   0.04330   0.11935   0.04233   9.31411   1.65840   1.23476   1.54356   0.92904  
 30  0.1418   2110.043010  x:  0.02341   0.03336   0.02477   0.17585   0.04548   0.25526   0.00000   0.22437   0.30585   0.00214   0.06727   0.00000   0.03854   0.03313   0.21222   0.11351   0.28433   0.17994   0.10361   0.03138   0.04430   0.12104   0.04143   9.36347   1.66991   1.28983   1.53349   0.94500  
 31  0.1120   2110.043010  x:  0.02341   0.03336   0.02477   0.17585   0.04548   0.25526   0.00000   0.22437   0.30585   0.00214   0.06727   0.00000   0.03854   0.03313   0.21222   0.11351   0.28433   0.17994   0.10361   0.03138   0.04430   0.12104   0.04143   9.36347   1.66991   1.28983   1.53349   0.94500  
 32  0.2448   2107.901972  x:  0.02519   0.03257   0.02330   0.17698   0.04570   0.25455   0.00100   0.22149   0.30151   0.00000   0.06577   0.00000   0.03800   0.03271   0.21269   0.10974   0.28201   0.16552   0.10209   0.03084   0.04469   0.11695   0.03961   9.36346   1.66982   1.29028   1.53344   0.94499  
 33 129.6760   2097.830327  x:  0.01292   0.03477   0.03085   0.18468   0.04588   0.24786   0.01744   0.20171   0.26946   0.02189   0.06073   0.00000   0.03804   0.03493   0.21679   0.08454   0.26357   0.04506   0.09583   0.03255   0.04572   0.09132   0.03881   9.36333   1.66893   1.29365   1.53371   0.94474  
 34 720.2337   2097.174981  x:  0.02052   0.03600   0.03254   0.18496   0.04535   0.24638   0.01521   0.19888   0.26564   0.02629   0.06277   0.00000   0.03889   0.03552   0.21755   0.08459   0.26138   0.03299   0.09854   0.03349   0.04500   0.09245   0.04201   9.36329   1.66868   1.29396   1.53411   0.94476  
 35 158.7528   2096.789115  x:  0.01740   0.03524   0.03039   0.18502   0.04472   0.24390   0.00762   0.19364   0.25932   0.02542   0.06574   0.00000   0.03908   0.03518   0.21884   0.08658   0.25818   0.02648   0.10464   0.03346   0.04393   0.09634   0.04452   9.36321   1.66820   1.29436   1.53496   0.94489  
 36 61.6719   2096.432802  x:  0.01768   0.03561   0.02996   0.18590   0.04506   0.23867   0.01460   0.18103   0.23941   0.02619   0.06715   0.00000   0.03889   0.03446   0.22250   0.08796   0.24835   0.02830   0.11666   0.03293   0.04387   0.10005   0.04324   9.36294   1.66691   1.29564   1.53766   0.94513  
 37 33.2362   2096.371332  x:  0.01796   0.03578   0.03151   0.18587   0.04536   0.23658   0.01188   0.17775   0.23368   0.02809   0.06513   0.00000   0.03931   0.03535   0.22330   0.08796   0.24555   0.03040   0.11444   0.03354   0.04452   0.09869   0.04304   9.36277   1.66621   1.29622   1.53926   0.94535  
 38 17.5456   2096.353163  x:  0.01803   0.03523   0.03016   0.18527   0.04522   0.23552   0.01223   0.17736   0.23153   0.02896   0.06567   0.00000   0.03887   0.03469   0.22344   0.08920   0.24445   0.03080   0.11149   0.03296   0.04383   0.09909   0.04417   9.36256   1.66551   1.29662   1.54115   0.94561  
 39  8.5270   2096.343387  x:  0.01790   0.03598   0.03060   0.18453   0.04535   0.23475   0.01259   0.17777   0.23063   0.02812   0.06649   0.00000   0.03932   0.03503   0.22326   0.09036   0.24382   0.03052   0.10991   0.03362   0.04410   0.10008   0.04355   9.36226   1.66457   1.29707   1.54392   0.94600  
 40  5.6266   2096.319434  x:  0.01796   0.03481   0.03194   0.18282   0.04585   0.23299   0.01247   0.17982   0.23034   0.02782   0.06555   0.00000   0.03886   0.03458   0.22211   0.09061   0.24255   0.03011   0.11031   0.03197   0.04441   0.10066   0.04279   9.36095   1.66096   1.29894   1.55525   0.94753  
 41  5.6300   2096.288065  x:  0.01799   0.03488   0.03029   0.18159   0.04573   0.23149   0.01255   0.18158   0.23051   0.02771   0.06461   0.00000   0.03888   0.03489   0.22082   0.08941   0.24130   0.03022   0.11154   0.03395   0.04418   0.09952   0.04338   9.35902   1.65620   1.30167   1.57115   0.94959  
 42 22.5285   2096.271169  x:  0.01795   0.03655   0.03009   0.18253   0.04539   0.23201   0.01235   0.18060   0.23102   0.02743   0.06591   0.00000   0.03914   0.03510   0.22090   0.08852   0.24150   0.03056   0.11158   0.03265   0.04372   0.09826   0.04366   9.35782   1.65422   1.30336   1.57980   0.95058  
 43 13.3249   2096.251561  x:  0.01802   0.03504   0.03075   0.18499   0.04528   0.23409   0.01245   0.17771   0.23206   0.02742   0.06710   0.00000   0.03890   0.03444   0.22199   0.08859   0.24285   0.03067   0.11099   0.03335   0.04429   0.09818   0.04341   9.35620   1.65308   1.30556   1.58940   0.95143  
 44 11.7828   2096.240885  x:  0.01802   0.03524   0.03025   0.18596   0.04504   0.23546   0.01269   0.17629   0.23250   0.02748   0.06529   0.00000   0.03922   0.03518   0.22285   0.08935   0.24390   0.03038   0.11069   0.03302   0.04389   0.09940   0.04321   9.35514   1.65374   1.30701   1.59378   0.95156  
 45  7.4122   2096.226364  x:  0.01798   0.03659   0.03038   0.18548   0.04498   0.23642   0.01246   0.17616   0.23209   0.02719   0.06436   0.00000   0.03783   0.03372   0.22355   0.08938   0.24482   0.03030   0.11065   0.03335   0.04424   0.09994   0.04343   9.35331   1.65753   1.30953   1.59752   0.95100  
 46  4.0388   2096.044141  x:  0.01830   0.03510   0.02949   0.17650   0.04573   0.24413   0.01080   0.18004   0.22532   0.02428   0.06569   0.00000   0.03987   0.03431   0.22958   0.08636   0.25301   0.03103   0.11124   0.03264   0.04554   0.10014   0.04407   9.32913   1.71271   1.34290   1.63886   0.94210  
 47 18.8478   2095.937957  x:  0.01869   0.03454   0.02965   0.17835   0.04461   0.24258   0.00970   0.18127   0.22603   0.02325   0.06646   0.00000   0.03791   0.03459   0.22827   0.08824   0.25212   0.03149   0.11168   0.03360   0.04049   0.09911   0.04040   9.31516   1.74434   1.36176   1.66018   0.93730  
 48 38.7706   2095.758224  x:  0.01900   0.03467   0.02805   0.18649   0.04406   0.23592   0.00966   0.18178   0.23105   0.01947   0.06579   0.00000   0.03766   0.03530   0.22228   0.09266   0.24601   0.03219   0.11196   0.03256   0.04502   0.09840   0.04204   9.29041   1.79925   1.39448   1.69571   0.92948  
 49 76.0092   2095.734821  x:  0.01897   0.03475   0.02835   0.18665   0.04554   0.23518   0.00974   0.18060   0.23262   0.01867   0.06538   0.00000   0.03973   0.03346   0.22109   0.09090   0.24423   0.03246   0.11133   0.03276   0.04390   0.09994   0.04262   9.28709   1.80494   1.39820   1.69904   0.92933  
 50 14.2028   2095.715300  x:  0.01912   0.03475   0.02757   0.18469   0.04474   0.23504   0.00962   0.17855   0.23476   0.01915   0.06587   0.00000   0.03895   0.03397   0.22043   0.08869   0.24226   0.03273   0.11065   0.03258   0.04462   0.10187   0.04145   9.28406   1.80698   1.40026   1.69962   0.93080  
 51  5.6318   2095.684162  x:  0.01910   0.03430   0.02871   0.18153   0.04481   0.23562   0.01020   0.17605   0.23705   0.01716   0.06567   0.00000   0.03743   0.03550   0.22065   0.08921   0.24033   0.03285   0.11051   0.03275   0.04381   0.10119   0.04319   9.27888   1.80661   1.40197   1.69788   0.93508  
 52  5.8091   2095.592213  x:  0.01941   0.03479   0.02674   0.17651   0.04685   0.23734   0.00976   0.17344   0.24073   0.01685   0.06550   0.00000   0.03934   0.03334   0.22240   0.09449   0.23803   0.03286   0.11169   0.03244   0.04471   0.09741   0.04094   9.26317   1.80150   1.40492   1.69007   0.94933  
 53 13.8650   2095.290669  x:  0.02010   0.03397   0.02629   0.18303   0.04079   0.23890   0.00802   0.18133   0.23684   0.01056   0.06510   0.00000   0.04073   0.03174   0.22566   0.09270   0.24093   0.03461   0.11164   0.03224   0.04480   0.10058   0.04055   9.21187   1.77775   1.40847   1.66074   0.99465  
 54 21.2324   2095.222174  x:  0.02038   0.03429   0.02496   0.18536   0.04610   0.23914   0.00732   0.18307   0.23546   0.00989   0.06585   0.00000   0.03831   0.03373   0.22532   0.09172   0.24268   0.03500   0.11156   0.03216   0.04480   0.10211   0.04015   9.19968   1.77171   1.40778   1.65392   1.00371  
 55 37.6639   2095.115659  x:  0.02067   0.03403   0.02429   0.18257   0.04586   0.23590   0.00764   0.17788   0.23272   0.00827   0.06562   0.00000   0.03841   0.03340   0.21400   0.09238   0.25272   0.03517   0.11170   0.03197   0.04491   0.10163   0.03950   9.18072   1.75932   1.38896   1.64563   0.99638  
 56  6.3390   2094.930670  x:  0.02112   0.03371   0.02314   0.18241   0.04590   0.23661   0.00633   0.18029   0.23489   0.00451   0.06532   0.00000   0.03827   0.03298   0.22306   0.09196   0.24623   0.03580   0.11118   0.03168   0.04502   0.10151   0.03855   9.14747   1.73488   1.34388   1.63329   0.96521  
 57 11.8583   2094.920691  x:  0.02115   0.03367   0.02314   0.18274   0.04568   0.24098   0.00588   0.18116   0.23392   0.00444   0.06533   0.00000   0.03825   0.03300   0.22039   0.09251   0.24387   0.03588   0.11118   0.03168   0.04503   0.10156   0.03854   9.14535   1.73156   1.34461   1.63166   0.96112  
 58  2.6824   2094.904284  x:  0.02124   0.03364   0.02306   0.18259   0.04577   0.23953   0.00600   0.18099   0.23465   0.00415   0.06530   0.00000   0.03825   0.03297   0.22164   0.09239   0.24508   0.03595   0.11115   0.03164   0.04507   0.10151   0.03846   9.14093   1.72155   1.35414   1.62661   0.94945  
 59  1.9351   2094.684215  x:  0.02314   0.03209   0.02200   0.18613   0.04586   0.23809   0.00774   0.17765   0.22752   0.00779   0.06224   0.00000   0.03723   0.03252   0.22299   0.08636   0.24222   0.03402   0.10653   0.03078   0.04526   0.09546   0.03679   9.03582   1.68994   1.32303   1.59365   0.94131  
 60  0.2687   2094.662660  x:  0.02471   0.03201   0.02322   0.18641   0.04586   0.23758   0.00717   0.17781   0.22866   0.00801   0.06224   0.00000   0.03708   0.03265   0.22240   0.08692   0.24264   0.03478   0.10683   0.03071   0.04505   0.09613   0.03779   8.96930   1.68191   1.31679   1.58337   0.94354  
 61  0.0693   2094.658542  x:  0.02526   0.03213   0.02301   0.18663   0.04583   0.23751   0.00762   0.17748   0.22828   0.00756   0.06226   0.00000   0.03714   0.03271   0.22226   0.08667   0.24222   0.03446   0.10682   0.03079   0.04504   0.09583   0.03773   8.93663   1.68789   1.32191   1.58711   0.94535  
 62  0.0455   2094.657931  x:  0.02544   0.03214   0.02275   0.18646   0.04580   0.23757   0.00751   0.17758   0.22841   0.00768   0.06236   0.00000   0.03718   0.03271   0.22230   0.08684   0.24230   0.03446   0.10695   0.03082   0.04505   0.09601   0.03763   8.92909   1.68826   1.32188   1.58826   0.94406  
 63  0.0112   2094.657897  x:  0.02546   0.03213   0.02281   0.18641   0.04581   0.23760   0.00748   0.17758   0.22835   0.00768   0.06236   0.00000   0.03719   0.03271   0.22234   0.08682   0.24232   0.03440   0.10693   0.03082   0.04507   0.09599   0.03758   8.92848   1.68822   1.32186   1.58852   0.94378  
 64  0.0009   2094.657896  x:  0.02547   0.03212   0.02281   0.18639   0.04581   0.23761   0.00749   0.17759   0.22835   0.00768   0.06236   0.00000   0.03719   0.03271   0.22235   0.08682   0.24233   0.03439   0.10693   0.03081   0.04506   0.09599   0.03760   8.92889   1.68808   1.32179   1.58845   0.94379  
 65  0.0005   2094.657895  x:  0.02547   0.03212   0.02281   0.18639   0.04581   0.23760   0.00748   0.17759   0.22835   0.00768   0.06236   0.00000   0.03719   0.03271   0.22235   0.08682   0.24233   0.03439   0.10693   0.03081   0.04506   0.09599   0.03760   8.92935   1.68809   1.32180   1.58844   0.94382  
 66  0.0003   2094.657895  x:  0.02547   0.03212   0.02281   0.18639   0.04581   0.23761   0.00748   0.17759   0.22835   0.00768   0.06236   0.00000   0.03719   0.03271   0.22235   0.08682   0.24233   0.03439   0.10693   0.03081   0.04506   0.09599   0.03760   8.92944   1.68810   1.32180   1.58845   0.94381  
 67  0.0001   2094.657895  x:  0.02547   0.03212   0.02281   0.18639   0.04581   0.23761   0.00748   0.17759   0.22835   0.00768   0.06236   0.00000   0.03719   0.03271   0.22235   0.08682   0.24233   0.03439   0.10693   0.03081   0.04506   0.09599   0.03760   8.92944   1.68810   1.32180   1.58845   0.94381  