

TREE # 1

  0  0.0000   2269.826791  x:  0.01972   0.20925   0.02571   0.03211   0.02495   0.05815   0.02188   0.05666   0.08536   0.02661   0.17168   0.01972   0.20925   0.02571   0.03211   0.02495   0.05815   0.02188   0.05666   0.08536   0.02661   0.17168   0.21568   8.40433   1.52138   1.11999   1.53722   1.00000  
  1 99.0000   2141.739228  x:  0.00000   0.20973   0.15674   0.10127   0.04772   0.06589   0.02801   0.06332   0.07525   0.08745   0.15576   0.01278   0.21088   0.13438   0.12426   0.04691   0.07363   0.00776   0.05507   0.07388   0.07296   0.15953   0.19956   8.40446   1.52199   1.11861   1.53733   1.00084  
  2 1667.9023   2137.629001  x:  0.00000   0.20965   0.15562   0.10288   0.04791   0.06768   0.02736   0.06437   0.07131   0.08733   0.14955   0.01222   0.21150   0.13386   0.12591   0.04694   0.07722   0.00000   0.05343   0.06931   0.07224   0.15502   0.19322   8.40451   1.52222   1.11820   1.53725   1.00120  
  3 285.7236   2116.665814  x:  0.00000   0.20893   0.14835   0.10698   0.04384   0.04944   0.04614   0.05257   0.03224   0.09048   0.04932   0.05599   0.22113   0.13358   0.14168   0.05000   0.04631   0.00000   0.03869   0.01778   0.07193   0.09200   0.08573   8.40545   1.52572   1.11053   1.53787   1.00720  
  4 489.4237   2113.825185  x:  0.00000   0.20873   0.14888   0.10291   0.04445   0.04834   0.04549   0.05237   0.04019   0.09168   0.02984   0.06304   0.22260   0.13565   0.14050   0.04966   0.05283   0.00000   0.04692   0.03397   0.07257   0.07681   0.05286   8.40582   1.52686   1.10718   1.53908   1.00968  
  5 181.6925   2113.364757  x:  0.00000   0.20867   0.14992   0.10127   0.04501   0.05102   0.04344   0.05380   0.04313   0.09206   0.03746   0.06479   0.22321   0.13681   0.13880   0.04906   0.05145   0.00000   0.04784   0.03221   0.07257   0.07024   0.04114   8.40610   1.52769   1.10465   1.54007   1.01160  
  6 66.7645   2113.217476  x:  0.00000   0.20860   0.15216   0.09886   0.04483   0.04996   0.03978   0.05387   0.04693   0.09219   0.03706   0.06757   0.22428   0.13907   0.13527   0.04850   0.05310   0.00000   0.04770   0.02925   0.07216   0.06262   0.04400   8.40687   1.52975   1.09815   1.54278   1.01666  
  7 19.5436   2113.043408  x:  0.00000   0.20850   0.15326   0.09937   0.04539   0.05635   0.03926   0.05478   0.04512   0.09065   0.03604   0.07047   0.22662   0.14106   0.13348   0.04918   0.05090   0.00000   0.04647   0.03157   0.06983   0.06045   0.04601   8.40898   1.53502   1.08155   1.54977   1.03015  
  8 18.9673   2112.652962  x:  0.00000   0.20824   0.15361   0.10241   0.04496   0.05208   0.04041   0.05410   0.03986   0.08825   0.03894   0.07463   0.23136   0.14318   0.13316   0.04973   0.05556   0.00000   0.04565   0.03292   0.06631   0.06365   0.04469   8.41442   1.54789   1.04143   1.56676   1.06373  
  9 66.8214   2112.428727  x:  0.00000   0.20789   0.15155   0.10297   0.04512   0.05108   0.03874   0.05598   0.04431   0.09079   0.03644   0.06803   0.23147   0.14091   0.13679   0.04760   0.05246   0.00000   0.04898   0.02941   0.06920   0.06714   0.04348   8.41828   1.55542   1.01962   1.57635   1.08481  
 10 45.5500   2112.340739  x:  0.00000   0.20762   0.15117   0.10017   0.04436   0.05164   0.04121   0.05200   0.04480   0.09276   0.03662   0.06344   0.22903   0.13932   0.13856   0.04903   0.05258   0.00000   0.04696   0.02961   0.07221   0.06553   0.04334   8.42047   1.55797   1.01447   1.57919   1.09369  
 11 21.0054   2112.237906  x:  0.00000   0.20714   0.15244   0.09826   0.04593   0.04918   0.04268   0.05621   0.04224   0.09315   0.03674   0.06005   0.22320   0.13822   0.13845   0.04968   0.05147   0.00000   0.04510   0.03134   0.07378   0.06301   0.04352   8.42426   1.56008   1.01534   1.58063   1.10470  
 12 12.8606   2111.769827  x:  0.00000   0.20530   0.15955   0.10066   0.04265   0.05188   0.04414   0.05550   0.03874   0.09111   0.03523   0.05926   0.19904   0.13779   0.13427   0.04691   0.05327   0.00000   0.05062   0.02782   0.07379   0.06420   0.04214   8.44356   1.56782   1.03256   1.58348   1.15352  
 13 26.6857   2111.156938  x:  0.00000   0.20452   0.15628   0.10814   0.05060   0.05192   0.03546   0.05170   0.04390   0.09065   0.03451   0.06111   0.19106   0.13934   0.13964   0.05112   0.05374   0.00000   0.04233   0.02765   0.07056   0.06583   0.04068   8.47058   1.57721   1.06163   1.58514   1.21461  
 14 53.6195   2109.878606  x:  0.00000   0.20598   0.14555   0.10995   0.03993   0.05462   0.03711   0.05912   0.04312   0.09735   0.03738   0.06180   0.21234   0.14759   0.15729   0.05099   0.05740   0.00000   0.04514   0.02782   0.07172   0.05994   0.04420   8.52965   1.59639   1.12688   1.58692   1.33580  
 15 94.7851   2109.362590  x:  0.00000   0.20758   0.15086   0.10556   0.05080   0.05550   0.04003   0.05634   0.03877   0.09809   0.03631   0.05466   0.22936   0.14913   0.15412   0.04668   0.05855   0.00000   0.04945   0.02503   0.07218   0.06142   0.04355   8.55466   1.60407   1.15161   1.58785   1.37831  
 16 83.2660   2109.047303  x:  0.00000   0.20873   0.16029   0.10683   0.04543   0.05420   0.03707   0.05608   0.03808   0.09627   0.03412   0.04525   0.24033   0.14761   0.14728   0.04945   0.05670   0.00000   0.04555   0.02477   0.07129   0.06426   0.04056   8.57013   1.60854   1.16251   1.58887   1.39452  
 17 42.7147   2108.406470  x:  0.00000   0.20895   0.16886   0.12132   0.04721   0.05586   0.04781   0.05947   0.04489   0.09342   0.03431   0.04329   0.24481   0.13381   0.14838   0.04983   0.05987   0.00000   0.04309   0.02320   0.07482   0.05881   0.04155   8.60768   1.61855   1.16317   1.59427   1.38183  
 18 12.1653   2105.180505  x:  0.00000   0.20767   0.18334   0.13287   0.04858   0.05999   0.02409   0.05611   0.02439   0.09839   0.03583   0.03394   0.24218   0.11617   0.17229   0.04830   0.06352   0.00000   0.04918   0.02504   0.08929   0.04878   0.04270   8.77732   1.66214   1.15130   1.61972   1.29466  
 19 72.6204   2101.512564  x:  0.00000   0.20430   0.18604   0.12270   0.04987   0.07050   0.02542   0.06967   0.02308   0.10790   0.02887   0.01807   0.23009   0.13975   0.18779   0.05050   0.07664   0.00000   0.03484   0.01140   0.08872   0.06008   0.03618   8.98063   1.71221   1.13334   1.64988   1.18416  
 20 254.9721   2101.390074  x:  0.00000   0.20397   0.18426   0.12558   0.04999   0.06946   0.02646   0.06835   0.02266   0.10853   0.02909   0.01406   0.22930   0.14292   0.18760   0.05045   0.07549   0.00000   0.03641   0.01173   0.08486   0.05770   0.03642   8.98771   1.71276   1.13224   1.65012   1.18041  
 21 37.6713   2101.333075  x:  0.00000   0.20336   0.18361   0.12762   0.04997   0.06966   0.02647   0.06843   0.02172   0.11736   0.02918   0.01445   0.22911   0.14202   0.18449   0.04945   0.07574   0.00000   0.03560   0.01236   0.08289   0.05790   0.03643   8.99255   1.70657   1.12911   1.64567   1.17983  
 22  7.6576   2101.266558  x:  0.00000   0.20211   0.18312   0.12821   0.05075   0.07000   0.02646   0.06909   0.02131   0.11970   0.02923   0.01480   0.22922   0.14189   0.18297   0.05468   0.07618   0.00000   0.03794   0.01155   0.08323   0.05820   0.03662   8.99940   1.69391   1.12327   1.63658   1.18013  
 23 12.3020   2100.411695  x:  0.00000   0.18844   0.18389   0.13451   0.05120   0.07197   0.02442   0.06971   0.02077   0.11554   0.03001   0.01383   0.23042   0.15010   0.18213   0.05218   0.07836   0.00000   0.03609   0.01302   0.09418   0.05879   0.03732   9.08617   1.52554   1.04634   1.51442   1.18672  
 24 50.5605   2100.142834  x:  0.00000   0.19689   0.19125   0.12934   0.05092   0.07252   0.02452   0.07039   0.02280   0.11524   0.03033   0.01390   0.22938   0.14661   0.19135   0.05222   0.07904   0.00000   0.03667   0.01264   0.08266   0.05902   0.03784   9.11486   1.47409   1.02138   1.47314   1.18889  
 25 63.4758   2100.077511  x:  0.00000   0.20914   0.18990   0.13109   0.05112   0.07269   0.02436   0.07042   0.02256   0.11496   0.03044   0.01392   0.22833   0.14861   0.18959   0.05250   0.07925   0.00000   0.03666   0.01291   0.08572   0.05906   0.03792   9.12371   1.47050   1.01583   1.45985   1.18880  
 26  8.3986   2099.814255  x:  0.00000   0.20256   0.19266   0.13134   0.05135   0.07296   0.02452   0.07051   0.02374   0.11485   0.03141   0.01437   0.22796   0.15102   0.19082   0.05297   0.07971   0.00000   0.03749   0.01422   0.08397   0.06019   0.03891   9.16704   1.49848   1.00088   1.40101   1.18513  
 27  6.0541   2097.460972  x:  0.00000   0.20318   0.21130   0.14380   0.05342   0.07621   0.02557   0.07213   0.03008   0.11303   0.03835   0.02111   0.22112   0.18264   0.20225   0.05552   0.08672   0.00000   0.04357   0.02322   0.07432   0.06287   0.04506   9.67211   1.55042   1.04403   1.54863   1.10983  
 28  3.5780   2096.947185  x:  0.00000   0.20275   0.21299   0.15613   0.05245   0.07895   0.02744   0.07149   0.02555   0.10929   0.03733   0.02378   0.23004   0.19540   0.20503   0.04943   0.09457   0.00000   0.04328   0.01914   0.06658   0.05772   0.04263  10.13502   1.54291   1.04590   1.51623   1.15148  
 29  0.4837   2096.770087  x:  0.00000   0.20318   0.21665   0.15745   0.05223   0.08169   0.02550   0.07292   0.02680   0.11110   0.03866   0.01983   0.23288   0.19348   0.20320   0.04952   0.10010   0.00000   0.04248   0.01939   0.07078   0.06409   0.04428  10.36350   1.55347   1.05821   1.51878   1.17668  
 30  0.5364   2096.708983  x:  0.00000   0.20319   0.21466   0.15817   0.05215   0.08276   0.02568   0.07305   0.02652   0.11060   0.03723   0.01917   0.23099   0.19190   0.20216   0.05211   0.10462   0.00000   0.04194   0.01975   0.07075   0.06298   0.04303  10.48806   1.55325   1.05042   1.51958   1.15232  
 31  0.1153   2096.695323  x:  0.00000   0.20323   0.21300   0.15774   0.05193   0.08210   0.02563   0.07185   0.02672   0.11030   0.03756   0.01953   0.22932   0.19065   0.20088   0.05115   0.10651   0.00000   0.04265   0.01928   0.07017   0.06241   0.04394  10.50674   1.55302   1.05217   1.52383   1.15611  
 32  0.0139   2096.693606  x:  0.00000   0.20318   0.21313   0.15704   0.05199   0.08178   0.02586   0.07178   0.02658   0.11006   0.03757   0.01963   0.22974   0.19009   0.20098   0.05140   0.10705   0.00000   0.04267   0.01963   0.07040   0.06253   0.04373  10.48840   1.55290   1.05290   1.52362   1.15870  
 33  0.0171   2096.693128  x:  0.00000   0.20316   0.21322   0.15696   0.05201   0.08156   0.02560   0.07172   0.02671   0.11021   0.03758   0.01966   0.22996   0.19014   0.20103   0.05134   0.10729   0.00000   0.04260   0.01964   0.07042   0.06250   0.04365  10.47213   1.55294   1.05241   1.52272   1.15751  
 34  0.0163   2096.693026  x:  0.00000   0.20318   0.21329   0.15703   0.05202   0.08149   0.02571   0.07174   0.02670   0.11026   0.03760   0.01964   0.22993   0.19024   0.20108   0.05130   0.10738   0.00000   0.04255   0.01961   0.07043   0.06256   0.04373  10.46391   1.55279   1.05216   1.52236   1.15682  
 35  0.0084   2096.693007  x:  0.00000   0.20319   0.21328   0.15709   0.05201   0.08147   0.02570   0.07177   0.02668   0.11024   0.03758   0.01963   0.22990   0.19034   0.20110   0.05133   0.10740   0.00000   0.04256   0.01960   0.07037   0.06256   0.04373  10.46029   1.55283   1.05232   1.52255   1.15707  
 36  0.0030   2096.693006  x:  0.00000   0.20318   0.21327   0.15710   0.05201   0.08147   0.02570   0.07177   0.02669   0.11023   0.03758   0.01963   0.22990   0.19034   0.20109   0.05132   0.10740   0.00000   0.04257   0.01960   0.07040   0.06255   0.04372  10.45941   1.55281   1.05232   1.52258   1.15707  
 37  0.0009   2096.693005  x:  0.00000   0.20318   0.21327   0.15710   0.05201   0.08148   0.02570   0.07178   0.02668   0.11023   0.03758   0.01963   0.22990   0.19033   0.20109   0.05132   0.10740   0.00000   0.04257   0.01960   0.07039   0.06255   0.04372  10.45897   1.55283   1.05231   1.52258   1.15705  
 38  0.0003   2096.693005  x:  0.00000   0.20318   0.21326   0.15710   0.05201   0.08148   0.02570   0.07178   0.02668   0.11023   0.03758   0.01963   0.22990   0.19032   0.20109   0.05132   0.10740   0.00000   0.04257   0.01960   0.07039   0.06255   0.04372  10.45883   1.55282   1.05231   1.52258   1.15705  
 39  0.0001   2096.693005  x:  0.00000   0.20318   0.21327   0.15710   0.05201   0.08148   0.02570   0.07178   0.02668   0.11023   0.03758   0.01963   0.22990   0.19032   0.20109   0.05132   0.10740   0.00000   0.04257   0.01960   0.07039   0.06255   0.04372  10.45881   1.55282   1.05231   1.52258   1.15705  
 40  0.0000   2096.693005  x:  0.00000   0.20318   0.21327   0.15710   0.05201   0.08148   0.02570   0.07178   0.02668   0.11023   0.03758   0.01963   0.22990   0.19032   0.20109   0.05132   0.10740   0.00000   0.04257   0.01960   0.07039   0.06255   0.04372  10.45881   1.55282   1.05231   1.52258   1.15705  
 41  0.0000   2096.693005  x:  0.00000   0.20318   0.21327   0.15710   0.05201   0.08148   0.02570   0.07178   0.02668   0.11023   0.03758   0.01963   0.22990   0.19032   0.20109   0.05132   0.10740   0.00000   0.04257   0.01960   0.07039   0.06255   0.04372  10.45881   1.55282   1.05231   1.52258   1.15705  

TREE # 2

  0  0.0000   2251.156693  x:  0.00000   0.20318   0.21327   0.15710   0.05201   0.08148   0.02570   0.07178   0.02668   0.11023   0.03758   0.01963   0.22990   0.19032   0.20109   0.05132   0.10740   0.00000   0.04257   0.01960   0.07039   0.06255   0.04372  10.45881   1.42934   1.03763   1.51972   1.15705  
  1 99.0000   2229.142431  x:  0.01013   0.20187   0.21184   0.15783   0.05306   0.08397   0.02592   0.07527   0.02821   0.10912   0.04155   0.01778   0.22821   0.18871   0.20108   0.05418   0.10972   0.10700   0.04965   0.02566   0.06993   0.06311   0.04296  10.45881   1.42949   1.03758   1.51969   1.15706  
  2 7474.6972   2189.555466  x:  0.02921   0.18762   0.19838   0.16452   0.06238   0.10624   0.02767   0.10599   0.04044   0.09869   0.07376   0.00000   0.21068   0.17329   0.20172   0.07257   0.12759   0.10326   0.08535   0.06244   0.06572   0.06879   0.03513  10.45882   1.43074   1.03733   1.51909   1.15710  
  3 654.7620   2153.655841  x:  0.00554   0.11470   0.13673   0.18959   0.07511   0.15346   0.01944   0.15593   0.02375   0.05500   0.07668   0.00000   0.12288   0.10225   0.20357   0.09709   0.17222   0.10514   0.10458   0.01635   0.04940   0.08108   0.01763  10.45885   1.43573   1.03694   1.51602   1.15732  
  4 384.2602   2138.508005  x:  0.03355   0.06409   0.09430   0.20488   0.07672   0.17274   0.01414   0.17178   0.01487   0.03185   0.06049   0.00000   0.06011   0.05351   0.20480   0.10189   0.19307   0.10359   0.09702   0.00608   0.04454   0.08578   0.01804  10.45886   1.43926   1.03663   1.51392   1.15747  
  5 1040.3784   2128.186834  x:  0.03719   0.02932   0.06604   0.21483   0.07670   0.18366   0.01084   0.17927   0.01086   0.01918   0.04643   0.00000   0.01658   0.02136   0.20558   0.10298   0.20568   0.10356   0.08792   0.01444   0.04259   0.08832   0.01889  10.45887   1.44162   1.03643   1.51250   1.15756  
  6 2947.0073   2124.782402  x:  0.03788   0.01793   0.05717   0.21808   0.07619   0.18657   0.01128   0.18090   0.01842   0.02204   0.04470   0.00000   0.00000   0.01479   0.20586   0.10265   0.20935   0.10364   0.08492   0.01361   0.04263   0.08876   0.02009  10.45887   1.44252   1.03632   1.51201   1.15758  
  7 834.5903   2124.106499  x:  0.03848   0.01062   0.05077   0.22095   0.07549   0.18875   0.01219   0.18185   0.01724   0.02461   0.04559   0.00000   0.00000   0.01858   0.20605   0.10199   0.21236   0.10367   0.08272   0.01378   0.04309   0.08891   0.02111  10.45888   1.44340   1.03620   1.51154   1.15759  
  8 176.8168   2123.675575  x:  0.03871   0.01570   0.04221   0.22856   0.07298   0.19287   0.01324   0.18233   0.01637   0.02701   0.04888   0.00000   0.00000   0.01829   0.20652   0.09896   0.21931   0.10378   0.07732   0.01400   0.04475   0.08861   0.02254  10.45888   1.44602   1.03578   1.51019   1.15756  
  9 64.4255   2123.471501  x:  0.03908   0.01663   0.04236   0.23560   0.07017   0.19595   0.01156   0.18171   0.01883   0.02422   0.04853   0.00000   0.00000   0.02082   0.20698   0.09576   0.22547   0.10382   0.07520   0.01424   0.04526   0.08794   0.02163  10.45889   1.44889   1.03535   1.50871   1.15756  
 10 54.0486   2123.118413  x:  0.03988   0.01536   0.04986   0.25120   0.06365   0.20171   0.01192   0.17888   0.01775   0.02728   0.04863   0.00000   0.00000   0.01988   0.20811   0.08850   0.23846   0.10378   0.07496   0.01456   0.04569   0.08601   0.02059  10.45890   1.45614   1.03426   1.50503   1.15762  
 11 78.9252   2123.058855  x:  0.03955   0.01513   0.05019   0.25438   0.06318   0.20145   0.01365   0.17667   0.01790   0.02612   0.04885   0.00000   0.00000   0.01984   0.20851   0.08785   0.24010   0.10375   0.07673   0.01439   0.04548   0.08566   0.02338  10.45891   1.45887   1.03387   1.50367   1.15764  
 12 26.6481   2122.954566  x:  0.03944   0.01520   0.04822   0.26020   0.06426   0.19860   0.01164   0.17038   0.01772   0.02655   0.04902   0.00000   0.00000   0.01969   0.20951   0.08883   0.24148   0.10363   0.08109   0.01429   0.04455   0.08530   0.02314  10.45894   1.46656   1.03286   1.49983   1.15772  
 13 25.7643   2122.893941  x:  0.03962   0.01517   0.04767   0.26324   0.06547   0.19675   0.01396   0.16776   0.01790   0.02615   0.04893   0.00000   0.00000   0.01975   0.21008   0.09038   0.24169   0.10359   0.08175   0.01431   0.04464   0.08550   0.02066  10.45897   1.47237   1.03214   1.49697   1.15779  
 14 35.2288   2122.722988  x:  0.03974   0.01429   0.05066   0.26903   0.06984   0.19243   0.01326   0.16788   0.01790   0.02599   0.05118   0.00000   0.00000   0.01952   0.21113   0.09745   0.24066   0.10364   0.07780   0.01430   0.04719   0.08791   0.02176  10.45909   1.49312   1.02984   1.48690   1.15806  
 15 28.0117   2122.577199  x:  0.04001   0.01567   0.05084   0.27056   0.07051   0.19063   0.01359   0.17286   0.01812   0.02773   0.04723   0.00000   0.00000   0.02065   0.21094   0.09961   0.23902   0.10359   0.07836   0.01460   0.04516   0.08875   0.02291  10.45920   1.51194   1.02809   1.47797   1.15832  
 16 40.2214   2122.228344  x:  0.04001   0.01486   0.04973   0.26709   0.06440   0.18520   0.01324   0.18193   0.01805   0.02667   0.05074   0.00000   0.00000   0.02001   0.20869   0.09277   0.23049   0.10362   0.07932   0.01452   0.04215   0.08609   0.02187  10.45952   1.55760   1.02463   1.45694   1.15909  
 17 63.5331   2122.102227  x:  0.03998   0.01496   0.04911   0.26245   0.06484   0.18860   0.01303   0.18226   0.01799   0.02670   0.04960   0.00000   0.00000   0.02001   0.20772   0.08990   0.22898   0.10358   0.08207   0.01413   0.04916   0.08518   0.02153  10.45966   1.57277   1.02440   1.45107   1.15954  
 18 30.7605   2121.815567  x:  0.04074   0.01541   0.05024   0.24670   0.06960   0.20489   0.01323   0.17278   0.01843   0.02722   0.05093   0.00000   0.00000   0.02051   0.20642   0.08773   0.23028   0.10355   0.08068   0.01461   0.04542   0.08561   0.02199  10.46003   1.59928   1.02700   1.44472   1.16098  
 19 23.4640   2121.484369  x:  0.04111   0.01603   0.05015   0.23558   0.05626   0.20700   0.01354   0.16788   0.01868   0.02759   0.05129   0.00000   0.00000   0.02090   0.20843   0.09820   0.23549   0.10339   0.08165   0.01471   0.04665   0.08586   0.02206  10.46051   1.61337   1.03523   1.45158   1.16344  
 20 11.3027   2117.112433  x:  0.04734   0.01958   0.05660   0.19214   0.07885   0.15597   0.01626   0.18082   0.02236   0.03271   0.06174   0.00000   0.00000   0.02571   0.22244   0.09091   0.27349   0.10218   0.09449   0.01706   0.04983   0.07241   0.02299  10.46751   1.71954   1.16814   1.61698   1.20051  
 21 20.8120   2114.179102  x:  0.05114   0.02229   0.06053   0.20987   0.07083   0.16504   0.01715   0.18227   0.02519   0.03629   0.06971   0.00000   0.00000   0.02923   0.20934   0.08550   0.22273   0.10145   0.11000   0.01862   0.05277   0.11718   0.02221  10.47271   1.78127   1.25266   1.74242   1.22432  
 22 74.6212   2112.597742  x:  0.05273   0.02338   0.06288   0.22945   0.06886   0.18381   0.01704   0.18422   0.02639   0.03803   0.07268   0.00000   0.00000   0.03083   0.19972   0.09862   0.18224   0.10110   0.11390   0.01944   0.05309   0.08852   0.02317  10.47525   1.80480   1.28350   1.80091   1.23311  
 23 79.1347   2110.813332  x:  0.05280   0.02400   0.06512   0.22053   0.06953   0.17772   0.01759   0.18438   0.02782   0.03983   0.07644   0.00000   0.00000   0.03237   0.19428   0.09928   0.18005   0.10065   0.11899   0.02097   0.05445   0.08792   0.02327  10.47960   1.73919   1.09521   1.79751   1.18311  
 24  8.9177   2109.046244  x:  0.05118   0.02497   0.06794   0.21931   0.07008   0.17657   0.01869   0.18640   0.02941   0.04203   0.08074   0.00000   0.00000   0.03433   0.24565   0.09551   0.16439   0.10036   0.12473   0.02342   0.05586   0.08886   0.02371  10.48553   1.56814   1.03057   1.60232   1.09526  
 25 13.5195   2107.935055  x:  0.05026   0.02543   0.06979   0.21837   0.07149   0.16648   0.01989   0.18348   0.03064   0.04355   0.08320   0.00000   0.00000   0.03541   0.20461   0.10032   0.16947   0.10003   0.12766   0.02503   0.05706   0.08854   0.02419  10.48906   1.45968   1.00066   1.47339   1.04880  
 26 65.7834   2107.494803  x:  0.04741   0.02574   0.06984   0.21844   0.07117   0.16510   0.02007   0.18213   0.03116   0.04406   0.08398   0.00000   0.00000   0.03574   0.20663   0.09978   0.16901   0.09995   0.12802   0.02652   0.05730   0.08789   0.02453  10.48821   1.42138   0.97804   1.42310   1.16614  
 27  4.2825   2106.105565  x:  0.02992   0.02376   0.06804   0.22223   0.06941   0.16196   0.02094   0.17364   0.03214   0.04483   0.08421   0.00000   0.00000   0.03511   0.20453   0.09653   0.17613   0.09965   0.12535   0.03367   0.05796   0.08264   0.02556  10.48430   1.49665   1.02285   1.49014   1.15101  
 28  0.6818   2102.743455  x:  0.04459   0.02183   0.06736   0.24139   0.06896   0.19273   0.02175   0.19037   0.03835   0.05263   0.09864   0.00000   0.00000   0.03960   0.21303   0.10492   0.23857   0.09543   0.13927   0.04166   0.05717   0.06840   0.02700  10.44715   1.56415   1.07583   1.52482   1.16779  
 29  0.1948   2101.288154  x:  0.04288   0.01941   0.06339   0.22487   0.06952   0.19724   0.02122   0.20375   0.04317   0.05685   0.10931   0.00000   0.00000   0.04135   0.19848   0.10720   0.22538   0.09119   0.15128   0.05219   0.05481   0.09681   0.02555  10.43571   1.58443   1.06667   1.53290   1.16222  
 30  0.0387   2100.432664  x:  0.03920   0.01785   0.06059   0.23036   0.07102   0.19252   0.01985   0.21051   0.04666   0.05810   0.11644   0.00000   0.00000   0.04130   0.20703   0.10878   0.20114   0.08601   0.15834   0.06284   0.05108   0.07959   0.02423  10.46809   1.52920   1.04002   1.50504   1.14737  
 31  0.0459   2099.324739  x:  0.04817   0.01904   0.06121   0.23851   0.07193   0.18398   0.01741   0.19335   0.04929   0.05233   0.11828   0.00000   0.00000   0.03598   0.21040   0.10809   0.22660   0.07083   0.15780   0.08050   0.04961   0.07948   0.02613  10.56593   1.55710   1.08818   1.51911   1.19943  
 32  0.0237   2098.588418  x:  0.04861   0.02028   0.06241   0.22106   0.06945   0.19062   0.01774   0.19373   0.04871   0.04695   0.11373   0.00000   0.00000   0.03216   0.19944   0.10549   0.21117   0.05830   0.15304   0.09240   0.05109   0.08015   0.02633  10.56976   1.55305   1.02987   1.51990   1.15784  
 33  0.0358   2098.115772  x:  0.04638   0.02097   0.06362   0.23124   0.06957   0.19077   0.02024   0.20453   0.04582   0.04534   0.10615   0.00000   0.00000   0.03254   0.21154   0.10718   0.20207   0.04824   0.14793   0.09809   0.05267   0.08483   0.02614  10.48575   1.53610   1.06151   1.50956   1.14179  
 34  0.0421   2097.638985  x:  0.04447   0.02069   0.06360   0.23886   0.07171   0.19100   0.02231   0.20922   0.04105   0.04927   0.09887   0.00000   0.00000   0.03784   0.19912   0.11222   0.21646   0.03987   0.14746   0.09634   0.05249   0.07913   0.02586  10.37668   1.55340   1.05376   1.53200   1.17317  
 35  0.0431   2097.243254  x:  0.04463   0.01968   0.06201   0.22137   0.07046   0.19345   0.02049   0.19998   0.03785   0.05423   0.10009   0.00000   0.00000   0.04266   0.20777   0.10990   0.21577   0.03418   0.15683   0.08965   0.05014   0.08195   0.02582  10.40264   1.55015   1.04654   1.50425   1.16081  
 36  0.0172   2097.031356  x:  0.04608   0.01918   0.06233   0.23143   0.06965   0.18546   0.01849   0.19673   0.03711   0.05456   0.10337   0.00000   0.00000   0.04284   0.20012   0.10815   0.20816   0.03009   0.16135   0.08373   0.05077   0.08109   0.02591  10.47454   1.55495   1.05946   1.53747   1.15302  
 37  0.0379   2096.783543  x:  0.04496   0.01899   0.06366   0.23630   0.07051   0.18913   0.01814   0.19996   0.03839   0.05138   0.10777   0.00000   0.00000   0.03895   0.20724   0.10816   0.21474   0.02996   0.15738   0.07205   0.05340   0.08178   0.02612  10.52991   1.54653   1.04629   1.51833   1.15005  
 38  0.0199   2096.724164  x:  0.04439   0.01936   0.06334   0.23149   0.07058   0.19173   0.01885   0.20208   0.03942   0.05016   0.10840   0.00000   0.00000   0.03754   0.20419   0.10968   0.21335   0.02605   0.15619   0.07319   0.05293   0.08130   0.02593  10.51250   1.55084   1.05118   1.51889   1.15716  
 39  0.0230   2096.707327  x:  0.04377   0.01954   0.06266   0.22879   0.07045   0.19157   0.01936   0.20226   0.04060   0.05062   0.10945   0.00000   0.00000   0.03746   0.20206   0.11063   0.21272   0.02744   0.15684   0.07207   0.05208   0.08130   0.02568  10.49156   1.55409   1.05423   1.52299   1.16015  
 40  0.0226   2096.698857  x:  0.04342   0.01975   0.06222   0.22968   0.07034   0.18983   0.01982   0.20133   0.04149   0.05113   0.10916   0.00000   0.00000   0.03764   0.20345   0.11071   0.21370   0.02656   0.15756   0.07221   0.05155   0.08171   0.02559  10.46183   1.55270   1.05079   1.52347   1.15669  
 41  0.0186   2096.694126  x:  0.04361   0.01987   0.06248   0.23042   0.07042   0.19011   0.01986   0.20062   0.04232   0.05123   0.10794   0.00000   0.00000   0.03752   0.20308   0.11002   0.21350   0.02669   0.15724   0.07178   0.05207   0.08138   0.02574  10.44397   1.55286   1.05374   1.52177   1.15610  
 42  0.0078   2096.693106  x:  0.04373   0.01970   0.06253   0.22976   0.07039   0.19041   0.01967   0.20099   0.04252   0.05134   0.10743   0.00000   0.00000   0.03757   0.20324   0.11011   0.21313   0.02670   0.15711   0.07180   0.05208   0.08147   0.02572  10.44736   1.55313   1.05219   1.52305   1.15709  
 43  0.0027   2096.693012  x:  0.04374   0.01962   0.06255   0.22989   0.07039   0.19031   0.01960   0.20111   0.04255   0.05135   0.10741   0.00000   0.00000   0.03757   0.20318   0.11023   0.21326   0.02668   0.15708   0.07176   0.05201   0.08148   0.02570  10.45427   1.55273   1.05225   1.52243   1.15705  
 44  0.0049   2096.693007  x:  0.04372   0.01963   0.06255   0.22991   0.07039   0.19032   0.01960   0.20109   0.04257   0.05133   0.10741   0.00000   0.00000   0.03757   0.20319   0.11023   0.21327   0.02669   0.15708   0.07179   0.05200   0.08148   0.02570  10.45753   1.55281   1.05234   1.52260   1.15700  
 45  0.0019   2096.693006  x:  0.04372   0.01963   0.06255   0.22990   0.07039   0.19033   0.01960   0.20108   0.04257   0.05133   0.10741   0.00000   0.00000   0.03758   0.20318   0.11023   0.21326   0.02668   0.15709   0.07177   0.05201   0.08148   0.02570  10.45887   1.55284   1.05233   1.52260   1.15704  
 46  0.0010   2096.693005  x:  0.04372   0.01963   0.06255   0.22990   0.07039   0.19032   0.01960   0.20109   0.04257   0.05133   0.10740   0.00000   0.00000   0.03758   0.20318   0.11023   0.21327   0.02668   0.15710   0.07178   0.05201   0.08148   0.02570  10.45898   1.55282   1.05231   1.52257   1.15706  
 47  0.0001   2096.693005  x:  0.04372   0.01963   0.06255   0.22990   0.07039   0.19032   0.01960   0.20109   0.04257   0.05132   0.10740   0.00000   0.00000   0.03758   0.20318   0.11023   0.21327   0.02668   0.15710   0.07177   0.05201   0.08148   0.02570  10.45887   1.55282   1.05232   1.52258   1.15705  
 48  0.0001   2096.693005  x:  0.04372   0.01963   0.06255   0.22990   0.07039   0.19032   0.01960   0.20109   0.04257   0.05132   0.10740   0.00000   0.00000   0.03758   0.20318   0.11023   0.21327   0.02668   0.15710   0.07177   0.05201   0.08148   0.02570  10.45882   1.55282   1.05231   1.52258   1.15705  
 49  0.0000   2096.693005  x:  0.04372   0.01963   0.06255   0.22990   0.07039   0.19032   0.01960   0.20109   0.04257   0.05132   0.10740   0.00000   0.00000   0.03758   0.20318   0.11023   0.21327   0.02668   0.15710   0.07178   0.05201   0.08148   0.02570  10.45881   1.55282   1.05231   1.52258   1.15705  
 50  0.0000   2096.693005  x:  0.04372   0.01963   0.06255   0.22990   0.07039   0.19032   0.01960   0.20109   0.04257   0.05132   0.10740   0.00000   0.00000   0.03758   0.20318   0.11023   0.21327   0.02668   0.15710   0.07178   0.05201   0.08148   0.02570  10.45881   1.55282   1.05231   1.52258   1.15705  
 51  0.0000   2096.693005  x:  0.04372   0.01963   0.06255   0.22990   0.07039   0.19032   0.01960   0.20109   0.04257   0.05132   0.10740   0.00000   0.00000   0.03758   0.20318   0.11023   0.21327   0.02668   0.15710   0.07178   0.05201   0.08148   0.02570  10.45881   1.55282   1.05231   1.52258   1.15705  