

TREE # 1

  0  0.0000   2236.997598  x:  0.01972   0.20925   0.02571   0.03211   0.02495   0.05815   0.02188   0.05666   0.08536   0.02661   0.17168   0.01972   0.20925   0.02571   0.03211   0.02495   0.05815   0.02188   0.05666   0.08536   0.02661   0.17168   0.21568   8.40433   1.54951   1.12605   1.14978   1.00000  
  1 99.0000   2083.605509  x:  0.01281   0.21453   0.16005   0.11143   0.02671   0.05441   0.01572   0.05094   0.07488   0.08593   0.15884   0.00000   0.20701   0.18504   0.10669   0.01044   0.06465   0.01857   0.05952   0.07314   0.11797   0.15491   0.19711   8.40429   1.55068   1.12414   1.15092   1.00092  
  2 1928.5055   2074.004565  x:  0.01134   0.22071   0.15883   0.11870   0.02837   0.05200   0.01166   0.04204   0.05802   0.08566   0.14161   0.00000   0.20344   0.18119   0.11122   0.00000   0.06969   0.01883   0.06111   0.05683   0.11591   0.13141   0.17058   8.40426   1.55237   1.12220   1.15222   1.00215  
  3 261.7769   2052.856493  x:  0.00764   0.23677   0.15609   0.13777   0.03266   0.04579   0.00141   0.01902   0.01421   0.08512   0.09681   0.00000   0.19414   0.17165   0.12326   0.00088   0.08276   0.01958   0.06534   0.01447   0.11086   0.07026   0.10153   8.40416   1.55675   1.11716   1.15561   1.00535  
  4 5402.0357   2049.724377  x:  0.00729   0.24045   0.15553   0.14210   0.03365   0.04453   0.00548   0.01443   0.00459   0.08503   0.08652   0.00000   0.19201   0.16955   0.12602   0.00100   0.08561   0.01971   0.06625   0.00537   0.10973   0.05613   0.08540   8.40414   1.55777   1.11597   1.15640   1.00609  
  5 4929.3043   2041.033106  x:  0.01792   0.25029   0.15446   0.15295   0.03587   0.04400   0.00606   0.02361   0.00372   0.08460   0.05938   0.00000   0.18650   0.16437   0.13343   0.00106   0.09012   0.01933   0.06747   0.01233   0.10629   0.01734   0.03614   8.40407   1.56092   1.11210   1.15894   1.00832  
  6 526.0752   2039.477930  x:  0.01753   0.25363   0.15471   0.15611   0.03527   0.04481   0.00642   0.02165   0.01102   0.08407   0.05102   0.00000   0.18452   0.16264   0.13493   0.00109   0.09043   0.01925   0.06738   0.01006   0.10539   0.02019   0.01785   8.40403   1.56234   1.11025   1.16019   1.00937  
  7 226.4992   2039.260526  x:  0.01785   0.25527   0.15483   0.15683   0.03470   0.04552   0.00640   0.02208   0.00790   0.08362   0.04880   0.00000   0.18357   0.16230   0.13544   0.00109   0.08989   0.01921   0.06708   0.01224   0.10524   0.02345   0.01463   8.40400   1.56325   1.10903   1.16100   1.01002  
  8 77.4835   2039.027868  x:  0.01989   0.26271   0.15601   0.16026   0.03274   0.04798   0.00639   0.02332   0.00784   0.08163   0.04192   0.00000   0.17923   0.16036   0.13666   0.00110   0.08715   0.01914   0.06575   0.01160   0.10466   0.02538   0.01790   8.40387   1.56769   1.10306   1.16503   1.01325  
  9 35.8792   2038.714176  x:  0.01973   0.27718   0.15880   0.16393   0.03225   0.04842   0.00658   0.01933   0.00821   0.07735   0.04645   0.00000   0.17137   0.15798   0.13687   0.00113   0.08143   0.01934   0.06390   0.01410   0.10452   0.02453   0.01809   8.40353   1.57836   1.08891   1.17476   1.02103  
 10 44.0205   2038.531430  x:  0.01826   0.28583   0.16028   0.16492   0.03342   0.04763   0.00647   0.02335   0.00780   0.07559   0.05033   0.00000   0.16726   0.15708   0.13602   0.00113   0.07899   0.01916   0.06352   0.01212   0.10480   0.02493   0.01719   8.40330   1.58600   1.07902   1.18166   1.02661  
 11 99.3115   2038.279168  x:  0.01527   0.29435   0.15937   0.15995   0.03475   0.04415   0.00674   0.02336   0.00854   0.07994   0.04864   0.00000   0.16764   0.15921   0.13212   0.00116   0.08477   0.01866   0.06724   0.01401   0.10590   0.02520   0.01817   8.40280   1.60150   1.06081   1.19505   1.03797  
 12 35.9009   2038.155396  x:  0.01940   0.29674   0.15853   0.15659   0.03393   0.04495   0.00658   0.02287   0.00844   0.08227   0.04938   0.00000   0.16939   0.16106   0.13033   0.00114   0.08725   0.01928   0.06799   0.01290   0.10665   0.02560   0.01767   8.40251   1.61049   1.05101   1.20260   1.04459  
 13 74.9350   2038.029299  x:  0.01731   0.29377   0.15733   0.15354   0.03153   0.04973   0.00651   0.02307   0.00835   0.08190   0.04912   0.00000   0.17385   0.16330   0.13081   0.00114   0.08653   0.01896   0.06509   0.01263   0.10684   0.02422   0.01700   8.40214   1.62158   1.04117   1.21130   1.05282  
 14 36.2137   2037.880533  x:  0.01832   0.28443   0.15634   0.15409   0.03514   0.04649   0.00649   0.02257   0.00832   0.07906   0.04741   0.00000   0.17946   0.16399   0.13490   0.00114   0.08309   0.01942   0.06211   0.01250   0.10558   0.02454   0.01716   8.40159   1.63720   1.03084   1.22260   1.06446  
 15 34.5476   2037.803465  x:  0.01857   0.27737   0.15722   0.15710   0.03201   0.04510   0.00654   0.02289   0.00816   0.07856   0.04802   0.00000   0.17971   0.16205   0.13624   0.00114   0.08258   0.01772   0.06544   0.01254   0.10463   0.02466   0.01718   8.40124   1.64661   1.02794   1.22866   1.07148  
 16 25.4785   2037.764011  x:  0.01820   0.27339   0.15804   0.15898   0.03188   0.04593   0.00658   0.02309   0.00809   0.07896   0.04830   0.00000   0.17860   0.16063   0.13606   0.00114   0.08299   0.02026   0.06699   0.01280   0.10443   0.02471   0.01728   8.40102   1.65214   1.02772   1.23191   1.07559  
 17 32.2324   2037.705782  x:  0.01841   0.26809   0.15925   0.16105   0.03459   0.04848   0.00658   0.02280   0.00795   0.08039   0.04851   0.00000   0.17521   0.15880   0.13412   0.00116   0.08424   0.01879   0.06679   0.01317   0.10495   0.02488   0.01741   8.40064   1.66086   1.03004   1.23656   1.08207  
 18 27.2008   2037.615789  x:  0.01854   0.26295   0.15974   0.16078   0.03253   0.04605   0.00662   0.02301   0.00789   0.08156   0.04797   0.00000   0.16949   0.15902   0.12999   0.00119   0.08474   0.01911   0.06193   0.01343   0.10689   0.02470   0.01724   8.39996   1.67514   1.03885   1.24342   1.09261  
 19 22.3858   2037.348058  x:  0.01900   0.26162   0.15647   0.15312   0.03345   0.04705   0.00668   0.02301   0.00855   0.07690   0.04690   0.00000   0.16349   0.16695   0.13002   0.00123   0.08003   0.01911   0.06767   0.01349   0.10802   0.02468   0.01726   8.39760   1.72056   1.07884   1.26417   1.12530  
 20 25.1817   2037.048578  x:  0.01854   0.26888   0.15769   0.15286   0.03266   0.04763   0.00702   0.02418   0.00928   0.08099   0.05077   0.00000   0.17180   0.16448   0.13775   0.00134   0.08422   0.01906   0.06403   0.01431   0.10330   0.02624   0.01835   8.39479   1.77109   1.12704   1.28846   1.15995  
 21 51.4480   2036.966132  x:  0.01865   0.27145   0.15979   0.15548   0.03286   0.04752   0.00704   0.02415   0.00905   0.08089   0.05030   0.00000   0.17980   0.16182   0.13214   0.00137   0.08108   0.01906   0.06478   0.01475   0.10761   0.02618   0.01828   8.39394   1.78300   1.13930   1.29632   1.16596  
 22 19.8589   2036.893385  x:  0.01907   0.27110   0.16126   0.15803   0.03279   0.04779   0.00715   0.02444   0.00917   0.07546   0.05059   0.00000   0.18181   0.16506   0.12815   0.00142   0.08462   0.01904   0.06422   0.01513   0.10473   0.02656   0.01855   8.39292   1.78635   1.14427   1.30776   1.15837  
 23  4.3366   2036.405360  x:  0.01954   0.26395   0.16372   0.15293   0.03246   0.04822   0.00755   0.02544   0.01015   0.08321   0.05134   0.00000   0.18094   0.16867   0.12628   0.00166   0.07560   0.01890   0.06397   0.01608   0.09924   0.02739   0.01910   8.38562   1.80030   1.16880   1.38776   1.09043  
 24 18.7673   2036.249556  x:  0.01984   0.26169   0.16086   0.15085   0.03205   0.04863   0.00779   0.02608   0.01099   0.08010   0.05244   0.00000   0.17986   0.16610   0.13111   0.00174   0.07869   0.01886   0.06353   0.01661   0.10895   0.02815   0.01965   8.38316   1.80512   1.17504   1.41008   1.06828  
 25 39.5410   2035.648962  x:  0.02062   0.25658   0.16787   0.14259   0.03133   0.04937   0.00850   0.02785   0.01304   0.07857   0.05438   0.00000   0.18147   0.16884   0.12875   0.00213   0.07556   0.01867   0.06245   0.01841   0.10927   0.02989   0.02081   8.37034   1.84157   1.14341   1.33708   1.00790  
 26  3.6790   2035.568510  x:  0.02025   0.25652   0.15948   0.14838   0.03113   0.04978   0.00866   0.02827   0.01351   0.08144   0.05589   0.00000   0.18165   0.17275   0.12779   0.00220   0.07428   0.01863   0.06207   0.01880   0.10981   0.03046   0.02120   8.36831   1.83960   1.13841   1.32790   1.00603  
 27 10.0357   2034.656894  x:  0.02144   0.24814   0.16506   0.13986   0.02981   0.05136   0.00989   0.03139   0.01639   0.08088   0.05945   0.00000   0.18328   0.17753   0.12528   0.00282   0.06977   0.01841   0.06072   0.02265   0.11312   0.03339   0.02304   8.34045   1.68903   1.07481   1.24805   1.09726  
 28  7.5029   2031.688534  x:  0.02891   0.27907   0.19558   0.16840   0.03172   0.05145   0.01371   0.03858   0.02236   0.08372   0.04827   0.00000   0.17245   0.19625   0.14240   0.00466   0.07994   0.01861   0.06321   0.02927   0.11949   0.02970   0.01337   8.00434   1.73781   1.11450   1.30074   1.10345  
 29  0.1654   2029.753777  x:  0.02353   0.25176   0.22262   0.17525   0.03042   0.04906   0.01513   0.03815   0.01892   0.09014   0.05805   0.00000   0.18105   0.23594   0.15027   0.00588   0.07475   0.01880   0.06336   0.02862   0.13368   0.03594   0.02434   8.11569   1.74409   1.13375   1.29889   1.08264  
 30  0.0606   2029.047637  x:  0.02133   0.26367   0.23661   0.17760   0.03087   0.04953   0.01408   0.03240   0.01256   0.09128   0.05191   0.00000   0.17578   0.25640   0.15370   0.00601   0.07436   0.01814   0.06218   0.02166   0.13801   0.03093   0.01906   8.40240   1.72142   1.11037   1.26231   1.08521  
 31  0.1383   2028.994462  x:  0.02252   0.25978   0.23725   0.17972   0.03125   0.04998   0.01369   0.03159   0.01110   0.09065   0.05297   0.00000   0.17693   0.25801   0.15480   0.00596   0.07583   0.01852   0.06276   0.01980   0.13787   0.03103   0.01840   8.37052   1.72477   1.12094   1.28616   1.09105  
 32  0.0357   2028.987535  x:  0.02318   0.26015   0.23693   0.18084   0.03121   0.05007   0.01355   0.03182   0.01093   0.09048   0.05365   0.00000   0.17728   0.25767   0.15543   0.00595   0.07567   0.01853   0.06278   0.01929   0.13750   0.03151   0.01868   8.33484   1.72482   1.11797   1.27942   1.09204  
 33  0.0275   2028.986300  x:  0.02325   0.26069   0.23699   0.18105   0.03110   0.05002   0.01342   0.03205   0.01094   0.09060   0.05325   0.00000   0.17709   0.25766   0.15572   0.00597   0.07531   0.01845   0.06260   0.01895   0.13745   0.03148   0.01867   8.33119   1.72358   1.11823   1.28017   1.08973  
 34  0.0023   2028.985147  x:  0.02308   0.26013   0.23703   0.18087   0.03118   0.05002   0.01320   0.03234   0.01110   0.09070   0.05314   0.00000   0.17717   0.25762   0.15576   0.00601   0.07581   0.01852   0.06275   0.01884   0.13751   0.03149   0.01875   8.33681   1.72438   1.11822   1.27977   1.09015  
 35  0.0018   2028.983838  x:  0.02302   0.26044   0.23715   0.18067   0.03116   0.05008   0.01289   0.03227   0.01116   0.09057   0.05354   0.00000   0.17725   0.25781   0.15560   0.00609   0.07537   0.01849   0.06273   0.01906   0.13766   0.03145   0.01869   8.34193   1.72458   1.11846   1.28036   1.09181  
 36  0.0016   2028.983469  x:  0.02317   0.26041   0.23715   0.18086   0.03114   0.05004   0.01281   0.03211   0.01112   0.09056   0.05338   0.00000   0.17711   0.25787   0.15559   0.00612   0.07559   0.01848   0.06266   0.01920   0.13757   0.03144   0.01866   8.33703   1.72376   1.11797   1.27974   1.09057  
 37  0.0030   2028.983395  x:  0.02316   0.26034   0.23706   0.18093   0.03118   0.05004   0.01281   0.03207   0.01110   0.09062   0.05330   0.00000   0.17717   0.25778   0.15562   0.00614   0.07552   0.01850   0.06272   0.01923   0.13754   0.03150   0.01871   8.33466   1.72465   1.11853   1.28030   1.09054  
 38  0.0012   2028.983243  x:  0.02307   0.26044   0.23697   0.18095   0.03115   0.05008   0.01283   0.03205   0.01104   0.09066   0.05332   0.00000   0.17717   0.25767   0.15563   0.00622   0.07557   0.01848   0.06268   0.01917   0.13752   0.03153   0.01867   8.33632   1.72383   1.11815   1.27972   1.09121  
 39  0.0004   2028.983169  x:  0.02313   0.26037   0.23698   0.18088   0.03116   0.05004   0.01287   0.03210   0.01109   0.09059   0.05335   0.00000   0.17714   0.25761   0.15560   0.00626   0.07555   0.01848   0.06268   0.01919   0.13753   0.03149   0.01867   8.33638   1.72419   1.11817   1.28008   1.09065  
 40  0.0004   2028.983164  x:  0.02314   0.26038   0.23701   0.18087   0.03116   0.05004   0.01286   0.03208   0.01108   0.09059   0.05335   0.00000   0.17715   0.25766   0.15559   0.00627   0.07555   0.01849   0.06269   0.01917   0.13753   0.03148   0.01868   8.33636   1.72426   1.11827   1.28004   1.09066  
 41  0.0001   2028.983164  x:  0.02314   0.26038   0.23700   0.18086   0.03116   0.05004   0.01287   0.03208   0.01109   0.09059   0.05335   0.00000   0.17715   0.25767   0.15559   0.00627   0.07555   0.01849   0.06269   0.01917   0.13752   0.03148   0.01869   8.33620   1.72422   1.11826   1.28003   1.09068  
 42  0.0001   2028.983164  x:  0.02313   0.26038   0.23700   0.18086   0.03116   0.05004   0.01287   0.03208   0.01109   0.09059   0.05335   0.00000   0.17715   0.25767   0.15559   0.00627   0.07555   0.01849   0.06269   0.01917   0.13752   0.03148   0.01869   8.33617   1.72423   1.11825   1.28003   1.09068  
 43  0.0000   2028.983164  x:  0.02313   0.26038   0.23700   0.18086   0.03116   0.05004   0.01287   0.03208   0.01109   0.09059   0.05335   0.00000   0.17715   0.25767   0.15559   0.00627   0.07555   0.01849   0.06269   0.01917   0.13752   0.03148   0.01869   8.33617   1.72423   1.11826   1.28003   1.09068  
 44  0.0000   2028.983164  x:  0.02313   0.26038   0.23700   0.18086   0.03116   0.05004   0.01287   0.03208   0.01109   0.09059   0.05335   0.00000   0.17715   0.25767   0.15559   0.00627   0.07555   0.01849   0.06269   0.01917   0.13752   0.03148   0.01869   8.33618   1.72423   1.11826   1.28003   1.09068  
 45  0.0000   2028.983164  x:  0.02313   0.26038   0.23700   0.18086   0.03116   0.05004   0.01287   0.03208   0.01109   0.09059   0.05335   0.00000   0.17715   0.25767   0.15559   0.00627   0.07555   0.01849   0.06269   0.01917   0.13752   0.03148   0.01869   8.33618   1.72423   1.11826   1.28003   1.09068  

TREE # 2

  0  0.0000   2264.076159  x:  0.02313   0.26038   0.23700   0.18086   0.03116   0.05004   0.01287   0.03208   0.01109   0.09059   0.05335   0.00000   0.17715   0.25767   0.15559   0.00627   0.07555   0.01849   0.06269   0.01917   0.13752   0.03148   0.01869   8.33618   1.59953   1.02285   1.21508   1.09068  
  1 99.0000   2219.683555  x:  0.01920   0.25406   0.23141   0.18064   0.05351   0.07606   0.02047   0.05816   0.04309   0.08572   0.05887   0.26860   0.17232   0.25260   0.16013   0.06462   0.09101   0.02141   0.07390   0.02353   0.13231   0.03536   0.01691   8.33618   1.59976   1.02307   1.21499   1.09066  
  2 6134.5422   2153.172199  x:  0.00000   0.21958   0.20097   0.17942   0.11085   0.15622   0.03280   0.11772   0.06299   0.05376   0.06607   0.25087   0.14470   0.22543   0.17798   0.08661   0.14141   0.02463   0.12138   0.03607   0.10410   0.05038   0.00944   8.33622   1.60029   1.02550   1.21416   1.09071  
  3 653.0414   2120.463280  x:  0.04618   0.16126   0.14885   0.17768   0.11079   0.17418   0.01374   0.12146   0.06112   0.00000   0.07204   0.24733   0.10272   0.17848   0.19990   0.10075   0.16746   0.01044   0.13684   0.01945   0.05938   0.04509   0.03749   8.33631   1.60072   1.03108   1.21259   1.09098  
  4 443.5047   2103.786500  x:  0.08596   0.09124   0.08754   0.17604   0.10683   0.18849   0.00000   0.12211   0.05843   0.01979   0.07925   0.24402   0.05229   0.12356   0.22350   0.11423   0.19269   0.00050   0.15083   0.00935   0.01051   0.03904   0.05707   8.33639   1.60132   1.03734   1.21086   1.09124  
  5 1058.7142   2096.274187  x:  0.10004   0.06203   0.06288   0.17560   0.10250   0.19044   0.00990   0.12025   0.05657   0.02218   0.08129   0.24316   0.03207   0.10159   0.23205   0.11811   0.20011   0.00260   0.15412   0.01566   0.00248   0.03702   0.06243   8.33642   1.60158   1.03981   1.21020   1.09129  
  6 1463.9632   2085.804639  x:  0.11889   0.02104   0.02862   0.17497   0.09787   0.19449   0.01441   0.11852   0.05456   0.02635   0.08421   0.24185   0.00416   0.07103   0.24413   0.12391   0.21121   0.00396   0.15956   0.02109   0.00841   0.03501   0.06973   8.33647   1.60195   1.04324   1.20929   1.09140  
  7 3573.9295   2082.053111  x:  0.12093   0.00000   0.02006   0.17506   0.09634   0.19412   0.01272   0.11721   0.05469   0.02609   0.08409   0.24166   0.01101   0.06154   0.24847   0.12507   0.21343   0.00678   0.16012   0.02242   0.00820   0.03685   0.06674   8.33649   1.60224   1.04465   1.20895   1.09150  
  8 327.0782   2081.210346  x:  0.12118   0.00000   0.02423   0.17530   0.09358   0.19213   0.01203   0.11453   0.05559   0.02466   0.08297   0.24160   0.01242   0.04234   0.25734   0.12626   0.21667   0.00447   0.15963   0.02194   0.00782   0.04018   0.05567   8.33653   1.60303   1.04800   1.20821   1.09168  
  9 93.6880   2080.936592  x:  0.12187   0.00000   0.02307   0.17552   0.09254   0.19040   0.01293   0.11316   0.05567   0.02359   0.08237   0.24164   0.01123   0.04224   0.26545   0.12645   0.22010   0.00603   0.15966   0.01754   0.00788   0.03661   0.04532   8.33657   1.60397   1.05174   1.20751   1.09187  
 10 42.2316   2080.678394  x:  0.12432   0.00000   0.02199   0.17570   0.09157   0.18852   0.01157   0.11168   0.05541   0.02272   0.08209   0.24172   0.01043   0.04479   0.27533   0.12670   0.22431   0.00335   0.15964   0.01996   0.00766   0.03387   0.03470   8.33662   1.60520   1.05654   1.20663   1.09214  
 11 98.0960   2080.469945  x:  0.13084   0.00000   0.02464   0.17578   0.09108   0.18710   0.01214   0.11099   0.05463   0.02349   0.08275   0.24162   0.01077   0.04838   0.28643   0.12706   0.22937   0.00500   0.16062   0.02028   0.00806   0.03768   0.03006   8.33669   1.60689   1.06269   1.20560   1.09253  
 12 49.3381   2080.425828  x:  0.13156   0.00000   0.02462   0.17589   0.09177   0.18664   0.01353   0.11147   0.05505   0.02386   0.08267   0.24163   0.01166   0.04870   0.28903   0.12649   0.22970   0.00346   0.16039   0.01956   0.00847   0.03776   0.03036   8.33672   1.60765   1.06501   1.20528   1.09270  
 13 24.1280   2080.159175  x:  0.12940   0.00000   0.02554   0.17697   0.09876   0.18155   0.01320   0.11541   0.05952   0.02446   0.08047   0.24240   0.01150   0.04791   0.30404   0.11890   0.22694   0.00546   0.15717   0.02105   0.00872   0.03504   0.03539   8.33700   1.61442   1.08408   1.20308   1.09431  
 14 30.7571   2079.972542  x:  0.12366   0.00000   0.02287   0.17746   0.09999   0.18008   0.01290   0.11662   0.05782   0.02388   0.07999   0.24353   0.00923   0.04870   0.31103   0.11415   0.22329   0.00495   0.15523   0.02045   0.00839   0.03998   0.03648   8.33722   1.62022   1.09841   1.20186   1.09565  
 15 44.3439   2079.540503  x:  0.11223   0.00000   0.02356   0.17720   0.09345   0.18710   0.01321   0.11585   0.04750   0.02392   0.08417   0.24511   0.00956   0.04786   0.32034   0.11149   0.21865   0.00555   0.15747   0.02132   0.00905   0.03713   0.04176   8.33780   1.63582   1.13204   1.20025   1.09917  
 16 44.5283   2079.073096  x:  0.10304   0.00000   0.02277   0.17645   0.08295   0.19359   0.01399   0.10920   0.05793   0.02397   0.08751   0.24372   0.00842   0.04896   0.32103   0.11539   0.21551   0.00580   0.16030   0.02196   0.00964   0.03771   0.04422   8.33852   1.65588   1.16803   1.20092   1.10358  
 17 54.6403   2077.945210  x:  0.10164   0.00000   0.02082   0.17702   0.09736   0.18839   0.01738   0.09914   0.05505   0.02579   0.08037   0.23915   0.00676   0.04554   0.29405   0.14039   0.21703   0.00690   0.15949   0.02349   0.01165   0.03755   0.03571   8.34038   1.71148   1.24127   1.21346   1.11546  
 18 41.6080   2077.442715  x:  0.10442   0.00000   0.01994   0.17713   0.09066   0.18141   0.01783   0.11655   0.05512   0.02653   0.08161   0.23830   0.00632   0.04309   0.28026   0.14207   0.22064   0.00750   0.15781   0.02425   0.01258   0.03712   0.02893   8.34123   1.73863   1.26376   1.22599   1.12099  
 19 45.9099   2076.425222  x:  0.10151   0.00000   0.01842   0.18049   0.09246   0.18585   0.02044   0.10800   0.05570   0.02765   0.08700   0.24463   0.00609   0.03839   0.27155   0.10724   0.23979   0.00753   0.15917   0.02567   0.01432   0.03643   0.02301   8.34292   1.79775   1.26051   1.27948   1.13115  
 20 22.0362   2075.722678  x:  0.08536   0.00000   0.01726   0.17858   0.08580   0.18277   0.02165   0.10718   0.05368   0.02822   0.07037   0.24397   0.00470   0.03880   0.28542   0.11300   0.24652   0.00755   0.15870   0.02690   0.01522   0.03660   0.02973   8.34417   1.83825   1.24320   1.32468   1.13682  
 21 35.0087   2075.293591  x:  0.07634   0.00000   0.01627   0.17604   0.08890   0.17837   0.02223   0.10706   0.05378   0.02774   0.08453   0.24151   0.00345   0.03844   0.29820   0.12453   0.23737   0.00824   0.15582   0.02736   0.01568   0.03657   0.03076   8.34507   1.86130   1.22914   1.35393   1.13898  
 22 39.3742   2074.959570  x:  0.08296   0.00000   0.01617   0.17401   0.09023   0.18891   0.02244   0.10919   0.05445   0.02831   0.07964   0.24101   0.00307   0.03804   0.30417   0.12580   0.21389   0.00938   0.15839   0.02757   0.01609   0.03640   0.02432   8.34601   1.86928   1.22321   1.36913   1.13667  
 23 12.7552   2067.939545  x:  0.01902   0.00000   0.01747   0.20391   0.08970   0.18396   0.02125   0.10930   0.05494   0.02219   0.07744   0.23976   0.00647   0.03892   0.29567   0.12639   0.19891   0.01082   0.15134   0.02714   0.01725   0.03679   0.01658   8.36561   1.84415   1.25099   1.46060   1.03409  
 24  3.7698   2067.593088  x:  0.01524   0.00000   0.01752   0.17819   0.09092   0.18581   0.02121   0.10908   0.05500   0.02181   0.07707   0.23997   0.00690   0.03886   0.29472   0.12425   0.20079   0.01140   0.14371   0.02706   0.01736   0.03679   0.01589   8.36668   1.84870   1.24906   1.45575   1.03455  
 25 17.3533   2067.261060  x:  0.01191   0.00000   0.01771   0.18229   0.09141   0.18101   0.02125   0.10911   0.05514   0.02128   0.07705   0.24019   0.00699   0.03931   0.29537   0.12294   0.19705   0.01080   0.15434   0.02701   0.01731   0.03691   0.01553   8.36676   1.87907   1.22942   1.41456   1.06313  
 26  7.6647   2067.094432  x:  0.01180   0.00000   0.01795   0.19076   0.09080   0.18759   0.02102   0.10990   0.05527   0.02122   0.07702   0.23959   0.00697   0.03981   0.29618   0.12440   0.19740   0.01176   0.14211   0.02698   0.01737   0.03691   0.01534   8.36667   1.89395   1.21955   1.39436   1.07880  
 27 23.3157   2063.976652  x:  0.01974   0.00000   0.02227   0.17398   0.10171   0.19323   0.02168   0.11792   0.05877   0.01958   0.07663   0.23581   0.01085   0.04665   0.27812   0.12090   0.19539   0.01086   0.15360   0.02752   0.01792   0.04059   0.00837   8.34854   1.82542   1.19736   1.39567   1.37992  
 28  1.5040   2061.422677  x:  0.02843   0.00000   0.02450   0.15871   0.11013   0.19923   0.02144   0.12568   0.06118   0.01951   0.07609   0.23318   0.01298   0.05030   0.26745   0.11434   0.19542   0.01228   0.16346   0.02903   0.01909   0.04333   0.00604   8.34054   1.86024   1.10092   1.25747   1.18608  
 29  5.4420   2058.578287  x:  0.02689   0.00000   0.02739   0.16209   0.12153   0.21920   0.02292   0.13820   0.06526   0.02028   0.07620   0.22760   0.01423   0.05461   0.24507   0.10492   0.20258   0.01412   0.17012   0.03269   0.02168   0.04788   0.01966   8.31725   1.63148   0.97561   1.13486   1.16448  
 30  1.5295   2057.067928  x:  0.02798   0.00000   0.03229   0.16298   0.12970   0.22847   0.01968   0.14617   0.06797   0.01682   0.07798   0.22254   0.01772   0.06100   0.23057   0.10713   0.20245   0.01326   0.17368   0.03153   0.02041   0.05053   0.02511   8.30413   1.84771   1.10546   1.28606   1.10864  
 31  2.5794   2053.635002  x:  0.01690   0.00000   0.03591   0.19379   0.14070   0.25203   0.01932   0.16051   0.07158   0.01246   0.07596   0.20914   0.01880   0.06459   0.22374   0.11193   0.22754   0.01375   0.17567   0.03384   0.02336   0.05459   0.01551   8.27465   1.63870   1.10755   1.29611   1.00864  
 32  0.7209   2050.404885  x:  0.01680   0.00000   0.03888   0.18729   0.15404   0.27712   0.01677   0.17573   0.07368   0.00282   0.07699   0.18571   0.02510   0.06104   0.28028   0.12511   0.25339   0.01115   0.18489   0.03402   0.02465   0.05524   0.01436   8.30881   1.69661   1.16682   1.27712   1.13380  
 33  0.1445   2047.217537  x:  0.02260   0.00000   0.03357   0.15698   0.16359   0.31599   0.02553   0.18881   0.07025   0.01217   0.07540   0.14621   0.03316   0.04567   0.28477   0.12899   0.26788   0.01158   0.19906   0.04011   0.03367   0.05097   0.00927   8.51430   1.77453   1.13631   1.22357   1.09499  
 34  0.0987   2039.693757  x:  0.01689   0.00000   0.02779   0.15845   0.18670   0.38762   0.02513   0.21315   0.06877   0.00245   0.08151   0.05167   0.04360   0.04791   0.21132   0.10507   0.26166   0.00801   0.21807   0.03911   0.04210   0.04760   0.00791   8.88662   1.81476   1.15893   1.29129   1.09937  
 35  0.1347   2036.683931  x:  0.01658   0.00000   0.02596   0.16408   0.18701   0.39268   0.02606   0.21123   0.06749   0.00571   0.08004   0.01791   0.04365   0.05041   0.23041   0.09947   0.25231   0.00735   0.21638   0.03827   0.04449   0.04632   0.01257   8.94229   1.81404   1.16727   1.31686   1.10073  
 36  0.1193   2032.516552  x:  0.01734   0.00000   0.02757   0.18448   0.16038   0.32530   0.02190   0.17626   0.06387   0.01030   0.07457   0.03971   0.03095   0.05816   0.28368   0.08215   0.22937   0.00775   0.19045   0.03182   0.03763   0.04688   0.01941   8.67751   1.72596   1.15310   1.31684   1.09142  
 37  0.3763   2029.800116  x:  0.01841   0.00000   0.03000   0.18823   0.14210   0.27692   0.01673   0.15293   0.06135   0.00792   0.07319   0.01839   0.02397   0.05807   0.28426   0.09802   0.23223   0.00724   0.17452   0.02658   0.03400   0.04783   0.01813   8.42473   1.66066   1.11784   1.26487   1.07201  
 38  0.3050   2029.120186  x:  0.01914   0.00000   0.03123   0.17605   0.13811   0.26422   0.01663   0.15385   0.06242   0.00715   0.07641   0.01713   0.02417   0.05282   0.25710   0.08823   0.24539   0.00892   0.18027   0.02895   0.03406   0.04931   0.01427   8.34263   1.71452   1.11103   1.26768   1.10426  
 39  0.0832   2029.046024  x:  0.01875   0.00000   0.03164   0.17637   0.13752   0.26021   0.01684   0.15532   0.06287   0.00685   0.07615   0.01993   0.02394   0.05253   0.25809   0.09171   0.24147   0.00997   0.18155   0.03008   0.03386   0.04995   0.01292   8.33152   1.72201   1.11097   1.27531   1.08863  
 40  0.0269   2029.018480  x:  0.01844   0.00000   0.03174   0.17720   0.13753   0.25893   0.01699   0.15640   0.06303   0.00632   0.07563   0.01842   0.02369   0.05290   0.26046   0.09093   0.23741   0.01058   0.18199   0.03065   0.03385   0.05024   0.01222   8.33366   1.72299   1.11493   1.27954   1.08269  
 41  0.0134   2029.006020  x:  0.01861   0.00000   0.03158   0.17736   0.13716   0.25699   0.01756   0.15619   0.06277   0.00635   0.07530   0.01861   0.02319   0.05357   0.26073   0.09039   0.23531   0.01097   0.18127   0.03113   0.03364   0.05024   0.01287   8.33772   1.72531   1.12210   1.28078   1.09342  
 42  0.0109   2028.997419  x:  0.01887   0.00000   0.03145   0.17714   0.13751   0.25702   0.01870   0.15624   0.06251   0.00622   0.07576   0.01840   0.02319   0.05361   0.26044   0.09111   0.23701   0.01124   0.18066   0.03200   0.03357   0.05011   0.01300   8.33997   1.72824   1.12009   1.28185   1.09118  
 43  0.0026   2028.993541  x:  0.01871   0.00000   0.03138   0.17729   0.13719   0.25666   0.01919   0.15520   0.06261   0.00620   0.07548   0.01868   0.02292   0.05336   0.26017   0.09003   0.23729   0.01119   0.18025   0.03212   0.03321   0.05001   0.01281   8.33436   1.72216   1.11726   1.27933   1.08993  
 44  0.0050   2028.988716  x:  0.01865   0.00000   0.03150   0.17732   0.13735   0.25769   0.01946   0.15441   0.06291   0.00604   0.07530   0.01852   0.02289   0.05315   0.26037   0.09128   0.23637   0.01088   0.18064   0.03191   0.03235   0.05000   0.01299   8.33145   1.72202   1.11764   1.27812   1.09008  
 45  0.0014   2028.984472  x:  0.01869   0.00000   0.03157   0.17705   0.13760   0.25828   0.01950   0.15509   0.06280   0.00626   0.07573   0.01849   0.02301   0.05337   0.26038   0.09040   0.23683   0.01082   0.18133   0.03188   0.03151   0.05009   0.01285   8.33681   1.72685   1.11922   1.28180   1.09230  
 46  0.0035   2028.983400  x:  0.01872   0.00000   0.03154   0.17704   0.13747   0.25733   0.01927   0.15549   0.06266   0.00629   0.07554   0.01847   0.02297   0.05344   0.26036   0.09070   0.23708   0.01101   0.18098   0.03197   0.03121   0.05011   0.01282   8.33541   1.72535   1.11887   1.28051   1.09040  
 47  0.0022   2028.983193  x:  0.01868   0.00000   0.03149   0.17715   0.13759   0.25770   0.01918   0.15574   0.06267   0.00627   0.07554   0.01850   0.02308   0.05337   0.26042   0.09061   0.23699   0.01108   0.18086   0.03204   0.03118   0.05006   0.01286   8.33678   1.72400   1.11824   1.28005   1.09059  
 48  0.0016   2028.983171  x:  0.01869   0.00000   0.03147   0.17717   0.13754   0.25766   0.01916   0.15563   0.06269   0.00627   0.07556   0.01848   0.02310   0.05333   0.26037   0.09059   0.23699   0.01109   0.18085   0.03206   0.03116   0.05004   0.01287   8.33609   1.72423   1.11814   1.28000   1.09072  
 49  0.0005   2028.983166  x:  0.01868   0.00000   0.03147   0.17714   0.13753   0.25770   0.01916   0.15560   0.06270   0.00627   0.07555   0.01849   0.02312   0.05334   0.26038   0.09059   0.23700   0.01109   0.18087   0.03208   0.03116   0.05004   0.01286   8.33618   1.72428   1.11828   1.28003   1.09070  
 50  0.0001   2028.983164  x:  0.01868   0.00000   0.03147   0.17716   0.13752   0.25768   0.01916   0.15559   0.06269   0.00627   0.07555   0.01849   0.02312   0.05335   0.26040   0.09059   0.23700   0.01109   0.18087   0.03209   0.03116   0.05004   0.01287   8.33621   1.72426   1.11827   1.28008   1.09064  
 51  0.0001   2028.983164  x:  0.01869   0.00000   0.03148   0.17716   0.13752   0.25767   0.01916   0.15559   0.06269   0.00627   0.07555   0.01849   0.02313   0.05335   0.26038   0.09059   0.23700   0.01109   0.18086   0.03208   0.03116   0.05004   0.01286   8.33621   1.72422   1.11825   1.28003   1.09070  
 52  0.0001   2028.983164  x:  0.01869   0.00000   0.03148   0.17715   0.13752   0.25767   0.01916   0.15559   0.06269   0.00627   0.07555   0.01849   0.02313   0.05335   0.26038   0.09059   0.23700   0.01109   0.18086   0.03208   0.03116   0.05004   0.01287   8.33619   1.72423   1.11826   1.28003   1.09068  
 53  0.0000   2028.983164  x:  0.01869   0.00000   0.03148   0.17715   0.13752   0.25767   0.01917   0.15559   0.06269   0.00627   0.07555   0.01849   0.02313   0.05335   0.26038   0.09059   0.23700   0.01109   0.18086   0.03208   0.03116   0.05004   0.01287   8.33618   1.72423   1.11826   1.28003   1.09068  
 54  0.0000   2028.983164  x:  0.01869   0.00000   0.03148   0.17715   0.13752   0.25767   0.01917   0.15559   0.06269   0.00627   0.07555   0.01849   0.02313   0.05335   0.26038   0.09059   0.23700   0.01109   0.18086   0.03208   0.03116   0.05004   0.01287   8.33617   1.72423   1.11826   1.28003   1.09068  
 55  0.0000   2028.983164  x:  0.01869   0.00000   0.03148   0.17715   0.13752   0.25767   0.01917   0.15559   0.06269   0.00627   0.07555   0.01849   0.02313   0.05335   0.26038   0.09059   0.23700   0.01109   0.18086   0.03208   0.03116   0.05004   0.01287   8.33618   1.72423   1.11826   1.28003   1.09068  