

TREE # 1

  0  0.0000  22976.913801  x:  0.01011   0.10415   0.12628   0.05474   0.07884   0.10585   0.04213   0.09530   0.07767   0.08220   0.07980   0.03256   0.05483   0.07767   0.09783   0.03815   0.07704   0.04396   0.06259   0.00000   0.11144   0.05200   0.06143   0.05615   0.11477   0.06438   0.12555   0.08210   0.02054   0.09328   0.07189   0.05260   0.07534   0.08964   0.08480   0.02031   0.01408   0.03323   0.34103   8.40433   0.67398   0.87113   0.77768   1.00000  
  1 99.0000  18672.094230  x:  0.16735   0.46789   0.48388   0.85814   0.50773   0.39545   0.54203   0.44686   0.36175   0.28733   0.14312   0.00000   0.14836   0.50454   0.33074   0.21010   0.11393   0.04954   0.09974   0.43934   0.46295   0.85617   0.71370   0.67929   0.42073   0.30326   0.39351   0.42453   0.34515   0.09645   0.03867   0.42322   0.19884   0.09347   0.09282   0.16204   0.46898   0.03895   0.73332   8.36092   0.67456   0.93764   0.70532   0.99812  
  2 9635.7067  18551.275004  x:  0.16003   0.48554   0.50591   0.85566   0.53192   0.41128   0.53966   0.45833   0.36621   0.29977   0.13247   0.05767   0.13763   0.51039   0.34287   0.18961   0.11034   0.04426   0.09622   0.41666   0.47523   0.84421   0.71058   0.68801   0.43772   0.31019   0.42324   0.43462   0.31024   0.06941   0.00000   0.40763   0.20040   0.09159   0.09249   0.12652   0.41754   0.01813   0.83715   8.33002   0.67870   0.94707   0.70297   0.98896  
  3 946.3588  18313.925907  x:  0.13413   0.52684   0.55929   0.84746   0.58946   0.44905   0.53233   0.48548   0.37631   0.32852   0.10695   0.00000   0.10535   0.52361   0.37213   0.13812   0.10044   0.04400   0.09112   0.35249   0.50483   0.81144   0.70134   0.70888   0.47850   0.32537   0.49255   0.45861   0.22259   0.01170   0.00000   0.36992   0.20866   0.08930   0.09249   0.04991   0.28086   0.04581   1.08275   8.24681   0.68619   0.96850   0.70209   0.96667  
  4 2745.4730  18313.925907  x:  0.13413   0.52684   0.55929   0.84746   0.58946   0.44905   0.53233   0.48548   0.37631   0.32852   0.10695   0.00000   0.10535   0.52361   0.37213   0.13812   0.10044   0.04400   0.09112   0.35249   0.50483   0.81144   0.70134   0.70888   0.47850   0.32537   0.49255   0.45861   0.22259   0.01170   0.00000   0.36992   0.20866   0.08930   0.09249   0.04991   0.28086   0.04581   1.08275   8.24681   0.68619   0.96850   0.70209   0.96667  
  5 1203.1716  18240.994744  x:  0.10736   0.56883   0.61173   0.88134   0.64646   0.48656   0.55179   0.51933   0.39614   0.35430   0.10157   0.23781   0.12891   0.55621   0.40021   0.12508   0.11269   0.04903   0.09731   0.31357   0.54188   0.82668   0.72784   0.75577   0.51865   0.34395   0.54509   0.49231   0.20016   0.10225   0.00000   0.36917   0.22051   0.09166   0.09300   0.09215   0.19612   0.00000   1.25407   8.17058   0.68588   0.98139   0.70656   0.95270  
  6 846.6809  18178.355046  x:  0.06990   0.62713   0.68455   0.92846   0.72565   0.53862   0.57882   0.56632   0.42363   0.39000   0.09407   0.55974   0.16023   0.60149   0.43916   0.10695   0.12901   0.05567   0.10563   0.25923   0.59334   0.84786   0.76470   0.82096   0.57439   0.36965   0.61799   0.53898   0.16859   0.22455   0.00000   0.36814   0.23675   0.09484   0.09369   0.14992   0.07913   0.04095   1.49219   8.06428   0.68582   0.99909   0.71301   0.93325  
  7 20377.2007  18005.520998  x:  0.00000   0.68721   0.76268   0.98519   0.81383   0.59051   0.60744   0.61248   0.44708   0.41708   0.08522   0.55565   0.09889   0.64978   0.47408   0.09331   0.09234   0.02500   0.08464   0.17011   0.64836   0.87199   0.80913   0.89875   0.63039   0.38573   0.68952   0.57861   0.10594   0.16229   0.00000   0.36552   0.23266   0.08852   0.08953   0.07278   0.08668   0.03969   1.77204   7.90427   0.73082   0.99177   0.74619   0.90622  
  8 684.0136  17841.209292  x:  0.00000   0.77822   0.88422   1.07881   0.95558   0.66747   0.65220   0.67982   0.47916   0.45532   0.09038   0.47949   0.02258   0.73002   0.52200   0.08720   0.08049   0.24321   0.12127   0.00000   0.73260   0.91041   0.88240   1.02824   0.71479   0.40321   0.79776   0.63750   0.09050   0.05083   0.00000   0.36684   0.23313   0.09798   0.09719   0.03523   0.09744   0.03409   2.23872   7.60247   0.76099   1.00745   0.77968   0.86696  
  9 2138.9910  17679.474312  x:  0.00000   0.86556   1.00827   1.18061   1.10649   0.73957   0.69508   0.74065   0.50070   0.48056   0.09560   0.26892   0.11519   0.82102   0.55843   0.08900   0.08989   0.28808   0.09439   0.00000   0.81711   0.94964   0.96166   1.17384   0.79550   0.40904   0.90106   0.68884   0.21424   0.00000   0.00000   0.37201   0.23422   0.09538   0.09420   0.21159   0.11720   0.02321   2.76808   7.20661   0.77764   1.03432   0.79784   0.82711  
 10 1436.5869  17579.860518  x:  0.00000   0.92641   1.10250   1.26396   1.22962   0.78697   0.72362   0.77770   0.50455   0.48473   0.09340   0.00000   0.13393   0.88029   0.57152   0.08897   0.12295   0.32390   0.10042   0.00000   0.87796   0.97844   1.02499   1.29911   0.85083   0.40254   0.97271   0.72266   0.31796   0.21356   0.00000   0.37544   0.23535   0.09797   0.09802   0.24494   0.09903   0.01365   3.23334   6.80408   0.77663   1.06151   0.79314   0.79536  
 11 1834.8017  17579.860518  x:  0.00000   0.92641   1.10250   1.26396   1.22962   0.78697   0.72362   0.77770   0.50455   0.48473   0.09340   0.00000   0.13393   0.88029   0.57152   0.08897   0.12295   0.32390   0.10042   0.00000   0.87796   0.97844   1.02499   1.29911   0.85083   0.40254   0.97271   0.72266   0.31796   0.21356   0.00000   0.37544   0.23535   0.09797   0.09802   0.24494   0.09903   0.01365   3.23334   6.80408   0.77663   1.06151   0.79314   0.79536  
 12 353.9893  17491.163886  x:  0.00000   0.91067   1.09305   1.26364   1.23287   0.77026   0.71213   0.75994   0.48244   0.45777   0.06793   0.06629   0.10991   0.85212   0.54699   0.07796   0.09336   0.11439   0.07391   0.00000   0.86503   0.97109   1.02153   1.30986   0.83476   0.38156   0.95476   0.69963   0.19111   0.05072   0.00000   0.36651   0.22044   0.07996   0.08529   0.07339   0.12897   0.25456   3.29588   6.67372   0.82045   1.01479   0.79967   0.78418  
 13 559.4496  17461.964817  x:  0.00000   0.90361   1.08895   1.26358   1.23449   0.76335   0.70768   0.75282   0.47432   0.44983   0.06844   0.03437   0.10195   0.84082   0.53864   0.07841   0.09537   0.03793   0.08617   0.00000   0.85922   0.96805   1.02013   1.31490   0.82816   0.37348   0.94746   0.69064   0.15868   0.00912   0.00000   0.36612   0.22008   0.08807   0.08941   0.03610   0.12040   0.23703   3.32339   6.61458   0.81274   1.01399   0.79994   0.78271  
 14 576.1042  17451.724823  x:  0.00000   0.89666   1.08493   1.26342   1.23607   0.75662   0.70333   0.74613   0.46658   0.44207   0.06691   0.02164   0.10204   0.82980   0.53065   0.07849   0.09594   0.01432   0.08536   0.00000   0.85350   0.96505   1.01870   1.31981   0.82184   0.36612   0.94050   0.68275   0.14419   0.02680   0.00000   0.36565   0.21965   0.08629   0.08781   0.04618   0.12186   0.24250   3.34992   6.55707   0.81119   1.00878   0.80018   0.78143  
 15 357.6177  17429.633493  x:  0.00000   0.88450   1.07791   1.26315   1.23884   0.74495   0.69580   0.73456   0.45325   0.42890   0.06504   0.00000   0.10212   0.81072   0.51695   0.07899   0.09818   0.01837   0.08745   0.00000   0.84348   0.95980   1.01621   1.32834   0.81087   0.35324   0.92841   0.66874   0.11635   0.03480   0.00000   0.36479   0.21883   0.08518   0.08636   0.04755   0.12243   0.24873   3.39616   6.45662   0.80750   1.00059   0.80045   0.77927  
 16 1317.0260  17358.436649  x:  0.00000   0.82876   1.04587   1.26174   1.25162   0.69261   0.66228   0.68354   0.39506   0.37388   0.06587   0.02402   0.11752   0.72658   0.45775   0.08624   0.11449   0.02459   0.10316   0.00000   0.79742   0.93590   1.00491   1.36712   0.76181   0.29606   0.87451   0.60596   0.02158   0.06134   0.00000   0.36232   0.21786   0.08939   0.08639   0.04972   0.11513   0.22927   3.60544   5.99843   0.77962   0.97347   0.79912   0.77129  
 17 3308.8468  17201.433182  x:  0.00000   0.69323   0.96823   1.25771   1.28276   0.56841   0.58286   0.56481   0.26044   0.25022   0.06973   0.03136   0.13424   0.52851   0.32217   0.10271   0.13470   0.02775   0.12318   0.00000   0.68515   0.87787   0.97750   1.46011   0.64589   0.16195   0.74794   0.45858   0.04709   0.10079   0.00000   0.35533   0.21376   0.09526   0.08540   0.00000   0.10489   0.22073   4.10675   4.89376   0.72610   0.90516   0.79295   0.75241  
 18 4681.9603  17120.602528  x:  0.00000   0.59078   0.90958   1.25459   1.30632   0.47506   0.52318   0.47596   0.15997   0.15869   0.07320   0.03662   0.14232   0.38008   0.22118   0.11499   0.14770   0.02818   0.14009   0.00000   0.60024   0.83402   0.95680   1.53021   0.55888   0.06142   0.65290   0.34759   0.07112   0.09222   0.00000   0.34972   0.21006   0.10201   0.08630   0.00970   0.09724   0.22065   4.48470   4.06009   0.68713   0.85389   0.78794   0.73790  
 19 49372.4612  16879.610674  x:  0.00000   0.33306   0.76947   1.23693   1.36869   0.31360   0.42428   0.39394   0.15782   0.29645   0.17164   0.03102   0.13786   0.21340   0.24133   0.16787   0.11060   0.02707   0.05899   0.00000   0.38223   0.72915   0.90565   1.69538   0.45253   0.02999   0.50072   0.21460   0.06264   0.07807   0.00000   0.34635   0.21498   0.06251   0.08091   0.00738   0.15341   0.19420   5.32781   2.11076   0.66930   0.81192   0.71847   0.71518  
 20 2294.7045  16802.259886  x:  0.00000   0.23035   0.71657   1.22632   1.39531   0.28380   0.40569   0.38779   0.18053   0.26845   0.14332   0.03244   0.13709   0.26101   0.24796   0.16336   0.10785   0.02773   0.11119   0.00000   0.29208   0.68794   0.88631   1.75594   0.44886   0.06577   0.47501   0.23078   0.06456   0.08674   0.00000   0.34313   0.21300   0.09309   0.08811   0.00772   0.14156   0.20687   5.63231   1.41291   0.66782   0.79020   0.73274   0.68777  
 21 2467.1361  16790.999169  x:  0.00000   0.20417   0.70536   1.22166   1.40519   0.29965   0.41452   0.39654   0.18430   0.24543   0.12236   0.03220   0.13734   0.26682   0.24344   0.15269   0.11741   0.02759   0.06514   0.00000   0.26613   0.67703   0.88343   1.76836   0.45342   0.05884   0.48792   0.24741   0.06382   0.07902   0.00000   0.34238   0.21180   0.06506   0.08064   0.00786   0.12755   0.19239   5.69832   1.32122   0.66735   0.79402   0.74858   0.66588  
 22 355.4895  16789.004062  x:  0.00000   0.19969   0.70373   1.22073   1.40744   0.30347   0.41654   0.39834   0.18438   0.24588   0.12072   0.03232   0.13705   0.26436   0.24367   0.15136   0.11722   0.02764   0.06443   0.00000   0.26137   0.67513   0.88330   1.77055   0.45447   0.05570   0.49097   0.24834   0.06379   0.07904   0.02015   0.34225   0.21170   0.06562   0.08112   0.00786   0.12773   0.19155   5.70947   1.31612   0.66957   0.79498   0.74989   0.66248  
 23 284.2564  16779.018284  x:  0.00000   0.12358   0.67713   1.20462   1.44838   0.36875   0.45049   0.42778   0.18231   0.26766   0.10160   0.03484   0.13207   0.21817   0.25052   0.13310   0.10942   0.02866   0.07826   0.00000   0.17916   0.64282   0.88265   1.80944   0.47499   0.00000   0.54374   0.25357   0.06405   0.08338   0.01664   0.32579   0.18581   0.07999   0.09236   0.00797   0.13488   0.18230   5.90134   1.26427   0.70979   0.81293   0.76781   0.61065  
 24 190.1935  16779.018284  x:  0.00000   0.12358   0.67713   1.20462   1.44838   0.36875   0.45049   0.42778   0.18231   0.26766   0.10160   0.03484   0.13207   0.21817   0.25052   0.13310   0.10942   0.02866   0.07826   0.00000   0.17916   0.64282   0.88265   1.80944   0.47499   0.00000   0.54374   0.25357   0.06405   0.08338   0.01664   0.32579   0.18581   0.07999   0.09236   0.00797   0.13488   0.18230   5.90134   1.26427   0.70979   0.81293   0.76781   0.61065  
 25 256.0215  16681.121778  x:  0.00000   0.11790   0.67657   1.20167   1.45404   0.38459   0.46038   0.45150   0.22006   0.28874   0.10030   0.00000   0.12850   0.29961   0.28610   0.13593   0.10987   0.05762   0.09081   0.00000   0.17164   0.64137   0.88349   1.81347   0.50789   0.05649   0.56371   0.29334   0.11383   0.08303   0.01209   0.32885   0.19334   0.08652   0.09333   0.24527   0.12766   0.14017   5.90236   1.28175   0.70465   0.83053   0.77347   0.61912  
 26 1641.6613  16681.121778  x:  0.00000   0.11790   0.67657   1.20167   1.45404   0.38459   0.46038   0.45150   0.22006   0.28874   0.10030   0.00000   0.12850   0.29961   0.28610   0.13593   0.10987   0.05762   0.09081   0.00000   0.17164   0.64137   0.88349   1.81347   0.50789   0.05649   0.56371   0.29334   0.11383   0.08303   0.01209   0.32885   0.19334   0.08652   0.09333   0.24527   0.12766   0.14017   5.90236   1.28175   0.70465   0.83053   0.77347   0.61912  
 27 709.5734  16636.712226  x:  0.00000   0.11416   0.67616   1.19970   1.45799   0.39440   0.46626   0.46477   0.23913   0.30028   0.09911   0.00141   0.12786   0.33382   0.30335   0.13580   0.11048   0.04931   0.09203   0.00000   0.16639   0.64024   0.88417   1.81560   0.52294   0.07903   0.57516   0.31273   0.12034   0.07595   0.00000   0.33014   0.19674   0.08790   0.09349   0.21773   0.11858   0.10949   5.90308   1.29357   0.70371   0.84081   0.77639   0.62272  
 28 628.6972  16632.783309  x:  0.00000   0.11371   0.67611   1.19945   1.45852   0.39551   0.46688   0.46608   0.24079   0.30135   0.09882   0.00000   0.12769   0.33648   0.30484   0.13553   0.11044   0.04962   0.09210   0.00000   0.16572   0.64009   0.88428   1.81585   0.52424   0.08074   0.57637   0.31447   0.12085   0.07558   0.00341   0.33044   0.19731   0.08795   0.09347   0.21444   0.11820   0.10597   5.90318   1.29506   0.70385   0.84173   0.77676   0.62304  
 29 1301.5411  16613.940529  x:  0.00000   0.10937   0.67566   1.19688   1.46456   0.40479   0.47119   0.47365   0.24563   0.30633   0.09500   0.00000   0.12878   0.33882   0.30883   0.12981   0.11038   0.06734   0.09123   0.00000   0.15871   0.63837   0.88562   1.81813   0.52783   0.08021   0.58526   0.32080   0.11881   0.07458   0.00000   0.33177   0.19823   0.08577   0.09309   0.18119   0.12563   0.07722   5.90432   1.30947   0.71008   0.84514   0.78012   0.62360  
 30 517.7794  16613.940529  x:  0.00000   0.10937   0.67566   1.19688   1.46456   0.40479   0.47119   0.47365   0.24563   0.30633   0.09500   0.00000   0.12878   0.33882   0.30883   0.12981   0.11038   0.06734   0.09123   0.00000   0.15871   0.63837   0.88562   1.81813   0.52783   0.08021   0.58526   0.32080   0.11881   0.07458   0.00000   0.33177   0.19823   0.08577   0.09309   0.18119   0.12563   0.07722   5.90432   1.30947   0.71008   0.84514   0.78012   0.62360  
 31 472.7814  16564.888642  x:  0.00000   0.09897   0.67455   1.19113   1.47682   0.43131   0.48647   0.50753   0.29242   0.33537   0.09184   0.00000   0.12576   0.42346   0.35188   0.13014   0.11088   0.02767   0.09384   0.00000   0.14363   0.63510   0.88792   1.82452   0.56601   0.13503   0.61562   0.36929   0.13666   0.06006   0.02054   0.33674   0.20974   0.09156   0.09398   0.10578   0.10198   0.00000   5.90660   1.34281   0.70710   0.87208   0.78852   0.63342  
 32 510.7863  16544.023095  x:  0.00000   0.09357   0.67398   1.18814   1.48323   0.44508   0.49438   0.52505   0.31656   0.35035   0.09014   0.00000   0.12420   0.46707   0.37407   0.13020   0.11115   0.00889   0.09521   0.00000   0.13578   0.63338   0.88913   1.82785   0.58569   0.16326   0.63136   0.39433   0.14576   0.05272   0.03004   0.33928   0.21555   0.09443   0.09442   0.06739   0.09078   0.00437   5.90779   1.36016   0.70571   0.88593   0.79289   0.63846  
 33 2469.2464  16524.699313  x:  0.00000   0.08742   0.67333   1.18465   1.49082   0.46073   0.50320   0.54449   0.34292   0.36676   0.08773   0.00000   0.12270   0.51455   0.39822   0.12936   0.11201   0.03160   0.09752   0.00000   0.12671   0.63139   0.89060   1.83175   0.60720   0.19383   0.64907   0.42186   0.15507   0.04523   0.03448   0.34184   0.22121   0.09675   0.09475   0.02833   0.08102   0.00692   5.90921   1.38023   0.70530   0.90067   0.79786   0.64370  
 34 2350.0533  16497.793836  x:  0.00000   0.07143   0.67181   1.17463   1.51428   0.50215   0.52469   0.59072   0.40205   0.40341   0.07665   0.00000   0.12019   0.62072   0.45116   0.11739   0.11146   0.04824   0.09788   0.00000   0.10154   0.62561   0.89549   1.84338   0.65551   0.26027   0.69384   0.48537   0.17128   0.03877   0.00000   0.34609   0.22701   0.09360   0.09365   0.09983   0.09155   0.00812   5.91366   1.43709   0.71683   0.92894   0.81062   0.65193  
 35 570.0511  16493.655906  x:  0.00000   0.06823   0.67196   1.16889   1.53288   0.51924   0.52892   0.59827   0.40569   0.40453   0.06535   0.00000   0.12288   0.63124   0.45187   0.09446   0.10798   0.04800   0.09023   0.00000   0.09129   0.62265   0.90042   1.85207   0.65981   0.26176   0.70687   0.49389   0.15748   0.05036   0.00789   0.34675   0.22113   0.08473   0.09219   0.09530   0.12696   0.00761   5.91741   1.46915   0.74069   0.92132   0.81546   0.64252  
 36 138.7425  16492.680975  x:  0.00000   0.06797   0.67208   1.16714   1.53941   0.52408   0.52963   0.59931   0.40501   0.40410   0.06398   0.00000   0.12332   0.63172   0.45094   0.09003   0.10782   0.04687   0.09037   0.00000   0.08883   0.62187   0.90225   1.85523   0.65972   0.25987   0.71014   0.49456   0.15270   0.05132   0.00000   0.34638   0.21880   0.08497   0.09259   0.09221   0.12773   0.00744   5.91879   1.47851   0.74422   0.92048   0.81676   0.64050  
 37 147.2698  16489.652045  x:  0.00000   0.06816   0.67295   1.15634   1.58272   0.55316   0.53262   0.60318   0.39738   0.40071   0.06347   0.00000   0.12420   0.62964   0.44440   0.07592   0.10993   0.04725   0.09798   0.00000   0.07578   0.61746   0.91461   1.87662   0.65667   0.24323   0.72899   0.49450   0.12839   0.05295   0.00606   0.34604   0.21025   0.09409   0.09608   0.09553   0.10529   0.00783   5.92814   1.53486   0.75132   0.92263   0.82394   0.63370  
 38 157.5674  16486.382285  x:  0.00000   0.07173   0.67362   1.14080   1.65557   0.59278   0.53243   0.60571   0.38201   0.39585   0.07322   0.00000   0.12202   0.62212   0.43937   0.09835   0.11054   0.04680   0.08972   0.00000   0.06417   0.61255   0.93537   1.91502   0.65106   0.21366   0.75492   0.48851   0.13921   0.06859   0.00512   0.34542   0.20948   0.08351   0.08926   0.09341   0.10313   0.00776   5.94494   1.60923   0.74209   0.93785   0.82533   0.64240  
 39 131.9126  16485.096020  x:  0.00000   0.07329   0.67238   1.13476   1.69464   0.60608   0.52776   0.60669   0.37553   0.39437   0.07320   0.00000   0.12183   0.61762   0.43848   0.10527   0.10884   0.04642   0.09488   0.00000   0.06478   0.61145   0.94558   1.93815   0.65177   0.20282   0.76488   0.48427   0.14611   0.04929   0.00491   0.34601   0.21665   0.09168   0.09576   0.09268   0.11523   0.00758   5.95518   1.63227   0.74044   0.94057   0.82049   0.65086  
 40 104.9880  16483.862436  x:  0.00000   0.07159   0.66630   1.13034   1.75415   0.61071   0.51194   0.60848   0.37198   0.39564   0.06568   0.00000   0.12437   0.61192   0.43923   0.09318   0.10882   0.04651   0.09364   0.00000   0.07235   0.61077   0.95791   1.97904   0.66195   0.20005   0.77170   0.47931   0.16393   0.04021   0.00441   0.34794   0.22767   0.08482   0.08960   0.09328   0.10688   0.00773   5.97377   1.63554   0.74573   0.92885   0.81366   0.65325  
 41 60.8899  16482.129168  x:  0.00000   0.06379   0.65244   1.12694   1.85667   0.60940   0.48159   0.61144   0.37274   0.40174   0.06928   0.00000   0.12331   0.60713   0.44462   0.08648   0.11113   0.04661   0.09357   0.00000   0.07742   0.60624   0.97530   2.05413   0.68332   0.20249   0.77665   0.47344   0.16892   0.05559   0.00361   0.35015   0.23040   0.09745   0.10018   0.09301   0.10894   0.00769   6.00915   1.62127   0.73449   0.91779   0.81208   0.64299  
 42 105.2604  16480.177551  x:  0.00000   0.05443   0.63576   1.12681   1.97144   0.60501   0.44919   0.61462   0.37691   0.40640   0.07569   0.00000   0.12097   0.60649   0.45146   0.09459   0.11073   0.04659   0.09277   0.00000   0.07315   0.59674   0.99194   2.14120   0.70586   0.20459   0.77802   0.46777   0.14724   0.04952   0.00458   0.35107   0.22165   0.08675   0.09207   0.09304   0.11256   0.00765   6.05177   1.59703   0.72274   0.91450   0.80932   0.62969  
 43 206.4982  16479.383645  x:  0.00000   0.05700   0.62904   1.13450   2.01991   0.60286   0.44332   0.61558   0.38174   0.40015   0.07013   0.00000   0.12346   0.61251   0.45002   0.10246   0.10722   0.04664   0.09419   0.00000   0.05840   0.58505   0.99509   2.18310   0.70922   0.19971   0.77273   0.46772   0.14430   0.05397   0.00526   0.34795   0.21359   0.08923   0.09344   0.09304   0.10975   0.00769   6.07575   1.57940   0.73788   0.92140   0.80373   0.63677  
 44 71.4991  16478.755236  x:  0.00000   0.06573   0.62353   1.14905   2.05739   0.60202   0.44864   0.61495   0.38791   0.39309   0.07164   0.00000   0.12291   0.62056   0.44312   0.09505   0.11219   0.04662   0.09196   0.00000   0.04423   0.57021   0.99481   2.22161   0.70503   0.19046   0.76348   0.47060   0.14877   0.05050   0.00547   0.34431   0.21410   0.08837   0.09377   0.09298   0.11125   0.00767   6.10182   1.56373   0.73973   0.93144   0.82035   0.63826  
 45 59.4919  16478.495943  x:  0.00000   0.06902   0.61943   1.16122   2.07007   0.60154   0.45835   0.61316   0.38951   0.39337   0.07499   0.00000   0.12086   0.62504   0.44189   0.09551   0.10574   0.04667   0.09666   0.00000   0.04889   0.56336   0.99410   2.24130   0.69961   0.18608   0.75740   0.47537   0.14980   0.05140   0.00510   0.34502   0.21904   0.08822   0.09195   0.09302   0.11137   0.00767   6.11922   1.56097   0.74369   0.93491   0.82206   0.62983  
 46 32.4604  16478.246122  x:  0.00000   0.06796   0.61335   1.17683   2.07926   0.59960   0.47187   0.61056   0.38898   0.39522   0.07411   0.00000   0.12284   0.62836   0.44278   0.09768   0.10964   0.04685   0.08974   0.00000   0.05734   0.55632   0.99362   2.26287   0.69309   0.18337   0.75100   0.48204   0.14740   0.05042   0.00493   0.34726   0.22125   0.08897   0.09442   0.09329   0.11031   0.00771   6.14162   1.56167   0.74567   0.93550   0.81949   0.62570  
 47 42.4229  16477.945572  x:  0.00000   0.06051   0.60379   1.19842   2.08647   0.59400   0.49022   0.60699   0.38582   0.39819   0.06868   0.00000   0.12355   0.62892   0.44486   0.09691   0.11381   0.04654   0.09585   0.00000   0.06387   0.54671   0.99410   2.29123   0.68548   0.18339   0.74406   0.49048   0.14628   0.05249   0.00498   0.34967   0.21771   0.08743   0.09297   0.09293   0.11161   0.00767   6.17523   1.56598   0.74036   0.93175   0.81763   0.63116  
 48 50.5316  16477.769512  x:  0.00000   0.05537   0.59811   1.21107   2.08757   0.58778   0.49997   0.60546   0.38357   0.40030   0.06960   0.00000   0.12127   0.62664   0.44587   0.09511   0.10703   0.04675   0.09211   0.00000   0.06183   0.54046   0.99597   2.30822   0.68238   0.18639   0.74185   0.49349   0.14735   0.05104   0.00519   0.34898   0.21479   0.08899   0.09263   0.09292   0.11094   0.00769   6.19907   1.57066   0.73720   0.92773   0.81673   0.63420  
 49 44.5050  16477.537364  x:  0.00000   0.05556   0.59279   1.22671   2.08342   0.57389   0.50940   0.60591   0.38138   0.40136   0.07534   0.00000   0.12340   0.62103   0.44674   0.09596   0.11012   0.04662   0.09410   0.00000   0.05326   0.53275   1.00311   2.33146   0.68124   0.19606   0.74355   0.49229   0.15075   0.04936   0.00531   0.34456   0.21551   0.08716   0.09485   0.09280   0.11086   0.00770   6.23990   1.58027   0.73839   0.92449   0.81252   0.62981  
 50 32.4601  16477.302865  x:  0.00000   0.06428   0.59007   1.24013   2.07667   0.55852   0.51607   0.60916   0.38032   0.39815   0.06942   0.00000   0.12193   0.61690   0.44675   0.09739   0.11058   0.04666   0.09316   0.00000   0.05128   0.52839   1.01445   2.35476   0.68071   0.20708   0.74859   0.48766   0.14933   0.05011   0.00513   0.34241   0.21814   0.09039   0.09076   0.09276   0.11131   0.00770   6.28761   1.58956   0.73648   0.92679   0.81229   0.62739  
 51 48.3677  16477.157009  x:  0.00000   0.06880   0.58866   1.24504   2.07110   0.55092   0.51906   0.61235   0.38128   0.39667   0.07031   0.00000   0.12227   0.61700   0.44576   0.09711   0.10819   0.04668   0.09341   0.00000   0.05440   0.52828   1.02363   2.36825   0.67894   0.21176   0.75333   0.48277   0.14703   0.05093   0.00508   0.34495   0.21790   0.08625   0.09580   0.09271   0.11064   0.00772   6.32237   1.59293   0.73751   0.92840   0.81515   0.63087  
 52 41.7391  16476.964941  x:  0.00000   0.06628   0.58544   1.24559   2.06211   0.54530   0.52159   0.61655   0.38338   0.39630   0.07654   0.00000   0.12346   0.62043   0.44383   0.09634   0.10986   0.04663   0.09329   0.00000   0.05768   0.52968   1.03620   2.38338   0.67366   0.21307   0.76037   0.47484   0.14690   0.05113   0.00494   0.35059   0.21545   0.08946   0.09130   0.09247   0.11126   0.00771   6.37463   1.59366   0.74247   0.93039   0.81837   0.63379  
 53 42.9550  16476.705011  x:  0.00000   0.05540   0.58043   1.24003   2.04909   0.54368   0.52284   0.62029   0.38393   0.39480   0.07152   0.00000   0.12038   0.62648   0.44256   0.09641   0.11016   0.04658   0.09349   0.00000   0.05609   0.53059   1.05017   2.39967   0.66468   0.21024   0.76885   0.46622   0.14975   0.05023   0.00493   0.35339   0.21515   0.08839   0.09372   0.09220   0.11070   0.00772   6.45116   1.59127   0.74331   0.93520   0.81967   0.62771  
 54 54.2527  16476.266881  x:  0.00000   0.05700   0.58074   1.22278   2.02902   0.55706   0.52215   0.61929   0.38067   0.39906   0.06977   0.00000   0.13082   0.63390   0.44665   0.09603   0.10675   0.04656   0.09340   0.00000   0.05301   0.52957   1.06277   2.41948   0.65501   0.20533   0.77854   0.46696   0.14606   0.05197   0.00495   0.34104   0.22174   0.08873   0.09265   0.09187   0.11059   0.00774   6.59667   1.58204   0.73771   0.92910   0.81837   0.62741  
 55 46.8142  16475.815891  x:  0.00000   0.06585   0.58406   1.20518   2.01094   0.57402   0.51911   0.61586   0.37762   0.40301   0.07178   0.00000   0.11786   0.63669   0.45015   0.09413   0.11093   0.04648   0.09321   0.00000   0.05199   0.52844   1.06861   2.43550   0.65062   0.20321   0.78400   0.47305   0.14499   0.05216   0.00529   0.33468   0.22011   0.08805   0.09313   0.09146   0.11051   0.00775   6.74778   1.57444   0.73713   0.92264   0.81232   0.62819  
 56 129.2983  16475.153264  x:  0.00000   0.07643   0.58999   1.18265   1.98959   0.59909   0.50657   0.60854   0.37634   0.40119   0.07059   0.00000   0.12406   0.62957   0.45012   0.09293   0.10887   0.04645   0.09356   0.00000   0.05062   0.52790   1.06014   2.44938   0.65678   0.20673   0.77971   0.48718   0.15275   0.04833   0.00554   0.35025   0.20601   0.08864   0.09359   0.09090   0.11067   0.00778   6.98107   1.57289   0.73397   0.92542   0.81019   0.62031  
 57 99.6741  16474.361215  x:  0.00000   0.06828   0.59360   1.16407   1.97125   0.62235   0.48348   0.60324   0.38247   0.39554   0.07026   0.00000   0.12180   0.61752   0.44589   0.10054   0.10969   0.04624   0.09371   0.00000   0.04717   0.53244   1.03465   2.45436   0.67183   0.21104   0.76296   0.49866   0.14809   0.04982   0.00366   0.36271   0.22309   0.08893   0.09330   0.09010   0.10931   0.00780   7.26923   1.58178   0.74141   0.92640   0.82165   0.62448  
 58 126.7716  16473.775182  x:  0.00000   0.06116   0.59832   1.16105   1.96606   0.63111   0.46349   0.60525   0.39193   0.39655   0.07310   0.00000   0.12229   0.61580   0.44164   0.09259   0.10954   0.04616   0.09325   0.00000   0.05462   0.54343   1.00984   2.44731   0.68308   0.20742   0.74777   0.49707   0.14726   0.05054   0.00395   0.34941   0.22394   0.08817   0.09277   0.08945   0.11016   0.00781   7.48271   1.59435   0.74184   0.94181   0.81695   0.62796  
 59 118.1449  16473.331712  x:  0.00000   0.06000   0.60543   1.16573   1.96814   0.63262   0.44942   0.60956   0.39827   0.39908   0.07046   0.00000   0.12225   0.62242   0.44378   0.09802   0.10980   0.04614   0.09383   0.00000   0.06053   0.55420   0.98998   2.43382   0.69066   0.19929   0.73888   0.49084   0.15175   0.04814   0.00481   0.33786   0.21538   0.08914   0.09350   0.08917   0.10935   0.00786   7.64604   1.60543   0.74456   0.93559   0.82512   0.62520  
 60 128.5339  16472.745500  x:  0.00000   0.06315   0.62278   1.18571   1.98675   0.62409   0.44301   0.61571   0.39583   0.40324   0.07114   0.00000   0.12187   0.63949   0.45195   0.09336   0.10957   0.04611   0.09362   0.00000   0.04956   0.56656   0.96784   2.39303   0.70041   0.17934   0.74283   0.47921   0.14956   0.04976   0.00373   0.35255   0.22028   0.08885   0.09332   0.08857   0.10936   0.00788   7.86645   1.61113   0.73695   0.92734   0.81522   0.62430  
 61 62.4351  16472.079145  x:  0.00000   0.05176   0.63676   1.20694   2.03023   0.61189   0.46808   0.61554   0.38090   0.39094   0.07430   0.00000   0.12178   0.63650   0.45022   0.09409   0.10970   0.04595   0.09372   0.00000   0.05408   0.57511   0.96761   2.31646   0.72525   0.17486   0.77192   0.48921   0.14978   0.04944   0.00391   0.34678   0.21929   0.08898   0.09328   0.08768   0.10895   0.00791   8.12257   1.59949   0.74051   0.93196   0.81989   0.62145  
 62 45.9688  16471.787475  x:  0.00000   0.05608   0.62734   1.20150   2.05742   0.59987   0.48550   0.61997   0.39114   0.40949   0.06945   0.00000   0.12187   0.62663   0.44667   0.09576   0.10985   0.04581   0.09378   0.00000   0.05375   0.56311   0.98222   2.26960   0.72620   0.17572   0.76610   0.48858   0.14970   0.04947   0.00378   0.34788   0.21938   0.08902   0.09336   0.08712   0.10869   0.00792   8.23630   1.59871   0.74168   0.93368   0.82121   0.62154  
 63 26.6130  16471.648398  x:  0.00000   0.05975   0.61379   1.19354   2.07270   0.59073   0.49036   0.61575   0.39334   0.39833   0.07184   0.00000   0.12184   0.63312   0.45065   0.09428   0.10972   0.04593   0.09374   0.00000   0.05550   0.55525   0.99246   2.24438   0.72009   0.18287   0.75514   0.48840   0.14969   0.04947   0.00368   0.34751   0.21942   0.08899   0.09333   0.08716   0.10880   0.00795   8.29003   1.60337   0.73953   0.93043   0.81865   0.62175  
 64 18.0668  16471.617163  x:  0.00000   0.06090   0.61075   1.19349   2.07709   0.58847   0.48666   0.61344   0.38676   0.40152   0.07172   0.00000   0.12177   0.63623   0.44933   0.09421   0.10976   0.04597   0.09375   0.00000   0.05500   0.55573   0.99340   2.23943   0.71209   0.18958   0.75402   0.49029   0.14975   0.04936   0.00364   0.34759   0.21952   0.08898   0.09334   0.08717   0.10880   0.00797   8.30211   1.60430   0.74101   0.93241   0.82023   0.62219  
 65  4.6646  16471.562201  x:  0.00000   0.06082   0.61160   1.19775   2.08573   0.59330   0.48249   0.61943   0.38907   0.39951   0.07212   0.00000   0.12182   0.63248   0.44932   0.09454   0.10973   0.04601   0.09376   0.00000   0.05417   0.55771   0.99195   2.23375   0.68873   0.20578   0.75624   0.49121   0.14993   0.04914   0.00362   0.34775   0.21956   0.08900   0.09334   0.08697   0.10876   0.00801   8.32304   1.60297   0.74026   0.93135   0.81928   0.62199  
 66  4.0631  16471.509444  x:  0.00000   0.05841   0.61852   1.19979   2.08929   0.59891   0.48333   0.61226   0.38984   0.40069   0.07147   0.00000   0.12181   0.63387   0.45078   0.09419   0.10974   0.04609   0.09377   0.00000   0.05598   0.55004   0.99192   2.23478   0.68408   0.21546   0.75690   0.48098   0.14982   0.04924   0.00355   0.34777   0.21950   0.08902   0.09335   0.08673   0.10876   0.00806   8.34249   1.60286   0.74077   0.93213   0.81986   0.62216  
 67  2.0959  16470.764457  x:  0.00000   0.06206   0.60039   1.21498   2.10455   0.60462   0.47543   0.57988   0.41785   0.40368   0.06791   0.00000   0.12214   0.64515   0.42607   0.09685   0.10951   0.04696   0.09391   0.00000   0.05401   0.54406   1.00956   2.28300   0.68103   0.21655   0.78372   0.48590   0.14985   0.04851   0.00246   0.34785   0.21920   0.08929   0.09353   0.08232   0.10760   0.00889   8.61327   1.61320   0.73556   0.92414   0.81368   0.62172  
 68  4.2214  16469.400200  x:  0.00000   0.06819   0.56974   1.23327   2.13029   0.61348   0.46923   0.57497   0.42094   0.40686   0.06681   0.00000   0.12234   0.63730   0.47265   0.08838   0.10963   0.04820   0.09428   0.00000   0.04973   0.53207   1.04609   2.37704   0.67851   0.20215   0.80183   0.49142   0.14979   0.04737   0.00048   0.34822   0.21839   0.08967   0.09364   0.07332   0.10503   0.01038   9.11972   1.62666   0.74538   0.93685   0.82324   0.62231  
 69 78.6592  16468.868337  x:  0.00000   0.06767   0.56942   1.23287   2.13633   0.61679   0.47316   0.59177   0.41087   0.40574   0.06772   0.00000   0.12237   0.64214   0.46786   0.08852   0.10961   0.04854   0.09436   0.00000   0.05006   0.52573   1.05448   2.39968   0.68262   0.20325   0.79679   0.49138   0.14984   0.04703   0.00000   0.34823   0.21827   0.08979   0.09368   0.07138   0.10452   0.01073   9.23536   1.62901   0.74429   0.93519   0.82200   0.62184  
 70 75.1660  16468.868337  x:  0.00000   0.06767   0.56942   1.23287   2.13633   0.61679   0.47316   0.59177   0.41087   0.40574   0.06772   0.00000   0.12237   0.64214   0.46786   0.08852   0.10961   0.04854   0.09436   0.00000   0.05006   0.52573   1.05448   2.39968   0.68262   0.20325   0.79679   0.49138   0.14984   0.04703   0.00000   0.34823   0.21827   0.08979   0.09368   0.07138   0.10452   0.01073   9.23536   1.62901   0.74429   0.93519   0.82200   0.62184  
 71  4.6096  16465.348188  x:  0.00000   0.06760   0.56955   1.23279   2.13632   0.61679   0.47323   0.59206   0.41075   0.40575   0.06780   0.00000   0.12235   0.64229   0.46765   0.08869   0.10962   0.04776   0.09434   0.00000   0.05008   0.52570   1.05441   2.39966   0.68273   0.20337   0.79661   0.49140   0.14995   0.04713   0.00197   0.34831   0.21846   0.08981   0.09367   0.07090   0.10481   0.03024   9.23537   1.62894   0.74414   0.93518   0.82194   0.62184  
 72 521.1470  16465.258140  x:  0.00000   0.06726   0.57014   1.23243   2.13624   0.61677   0.47354   0.59331   0.41024   0.40578   0.06813   0.00000   0.12228   0.64296   0.46677   0.08938   0.10967   0.04504   0.09427   0.00000   0.05015   0.52557   1.05409   2.39960   0.68322   0.20386   0.79584   0.49145   0.15031   0.04698   0.00457   0.34850   0.21881   0.08994   0.09354   0.06775   0.10465   0.03007   9.23541   1.62859   0.74343   0.93520   0.82167   0.62180  
 73 33.2865  16465.205052  x:  0.00000   0.06680   0.57098   1.23192   2.13613   0.61674   0.47397   0.59508   0.40949   0.40580   0.06851   0.00000   0.12222   0.64387   0.46552   0.09021   0.10977   0.04365   0.09431   0.00000   0.05027   0.52539   1.05362   2.39950   0.68390   0.20453   0.79475   0.49151   0.15072   0.04672   0.00287   0.34855   0.21892   0.09002   0.09342   0.06491   0.10448   0.03021   9.23547   1.62809   0.74258   0.93514   0.82128   0.62174  
 74 33.2686  16465.085725  x:  0.00000   0.06456   0.57535   1.22921   2.13555   0.61647   0.47620   0.60420   0.40548   0.40575   0.06988   0.00000   0.12202   0.64835   0.45926   0.09331   0.11029   0.04752   0.09489   0.00000   0.05091   0.52458   1.05112   2.39898   0.68733   0.20791   0.78906   0.49184   0.15254   0.04594   0.00341   0.34915   0.21987   0.09025   0.09310   0.06300   0.10407   0.03023   9.23580   1.62551   0.73928   0.93419   0.81943   0.62147  
 75 24.0451  16464.970942  x:  0.00000   0.06225   0.58049   1.22594   2.13482   0.61598   0.47876   0.61459   0.40062   0.40545   0.07063   0.00000   0.12188   0.65300   0.45259   0.09500   0.11014   0.04492   0.09456   0.00000   0.05176   0.52388   1.04808   2.39829   0.69109   0.21152   0.78241   0.49225   0.15377   0.04540   0.00298   0.34968   0.22046   0.09020   0.09315   0.06706   0.10414   0.03017   9.23621   1.62258   0.73723   0.93230   0.81755   0.62109  
 76 49.7290  16464.930500  x:  0.00000   0.06196   0.58336   1.22380   2.13423   0.61515   0.48007   0.61937   0.39749   0.40474   0.06941   0.00000   0.12216   0.65385   0.45145   0.09170   0.10937   0.04522   0.09410   0.00000   0.05241   0.52431   1.04597   2.39765   0.69241   0.21238   0.77876   0.49251   0.15215   0.04595   0.00310   0.34951   0.21969   0.08979   0.09371   0.06626   0.10489   0.03016   9.23653   1.62121   0.73983   0.93014   0.81766   0.62078  
 77 14.2053  16464.903727  x:  0.00000   0.06234   0.58641   1.22065   2.13315   0.61334   0.48163   0.62317   0.39386   0.40412   0.07035   0.00000   0.12222   0.65305   0.45493   0.09051   0.11035   0.04508   0.09516   0.00000   0.05275   0.52609   1.04276   2.39638   0.69274   0.21153   0.77487   0.49289   0.15030   0.04717   0.00318   0.34882   0.21865   0.09043   0.09287   0.06639   0.10363   0.03018   9.23709   1.61992   0.73950   0.93184   0.81940   0.62078  
 78  7.9466  16464.887711  x:  0.00000   0.06226   0.58842   1.21792   2.13209   0.61166   0.48285   0.62523   0.39151   0.40370   0.07095   0.00000   0.12195   0.65218   0.45804   0.09139   0.10986   0.04520   0.09391   0.00000   0.05243   0.52787   1.03998   2.39511   0.69270   0.21033   0.77241   0.49324   0.15039   0.04641   0.00321   0.34849   0.21869   0.08991   0.09360   0.06639   0.10486   0.03016   9.23762   1.61913   0.74003   0.93328   0.81976   0.62096  
 79 10.8877  16464.880297  x:  0.00000   0.06186   0.58938   1.21589   2.13115   0.61037   0.48368   0.62569   0.39077   0.40347   0.07074   0.00000   0.12202   0.65156   0.45902   0.09169   0.10950   0.04515   0.09463   0.00000   0.05187   0.52939   1.03795   2.39398   0.69264   0.20934   0.77156   0.49365   0.15215   0.04658   0.00314   0.34863   0.21937   0.08991   0.09350   0.06638   0.10449   0.03017   9.23806   1.61893   0.74104   0.93321   0.81952   0.62113  
 80  6.3847  16464.873127  x:  0.00000   0.06149   0.59046   1.21307   2.12964   0.60862   0.48486   0.62538   0.39083   0.40344   0.07056   0.00000   0.12225   0.65090   0.45863   0.09110   0.11002   0.04514   0.09450   0.00000   0.05139   0.53169   1.03522   2.39216   0.69272   0.20809   0.77134   0.49433   0.15259   0.04508   0.00310   0.34906   0.21997   0.09025   0.09315   0.06641   0.10410   0.03018   9.23876   1.61898   0.74078   0.93277   0.81972   0.62129  
 81  5.7962  16464.862003  x:  0.00000   0.06136   0.59245   1.20805   2.12671   0.60561   0.48702   0.62425   0.39167   0.40364   0.07060   0.00000   0.12215   0.65013   0.45710   0.09067   0.11025   0.04518   0.09394   0.00000   0.05116   0.53583   1.03047   2.38865   0.69320   0.20624   0.77160   0.49561   0.15270   0.04631   0.00304   0.34967   0.22009   0.09001   0.09342   0.06636   0.10471   0.03016   9.24011   1.61925   0.73947   0.93231   0.81982   0.62153  
 82 10.4169  16464.854938  x:  0.00000   0.06165   0.59405   1.20469   2.12444   0.60376   0.48855   0.62327   0.39253   0.40385   0.07062   0.00000   0.12193   0.65005   0.45618   0.09166   0.10955   0.04515   0.09471   0.00000   0.05140   0.53840   1.02739   2.38595   0.69388   0.20535   0.77209   0.49625   0.15136   0.04629   0.00310   0.34965   0.21948   0.08984   0.09356   0.06637   0.10456   0.03017   9.24115   1.61945   0.73965   0.93213   0.81905   0.62163  
 83 10.3497  16464.852626  x:  0.00000   0.06184   0.59490   1.20355   2.12324   0.60336   0.48915   0.62281   0.39297   0.40392   0.07047   0.00000   0.12221   0.65041   0.45617   0.09210   0.10985   0.04518   0.09411   0.00000   0.05152   0.53887   1.02648   2.38455   0.69451   0.20543   0.77250   0.49610   0.15133   0.04648   0.00313   0.34918   0.21917   0.09022   0.09325   0.06637   0.10430   0.03017   9.24169   1.61950   0.74016   0.93219   0.81895   0.62159  
 84  3.8419  16464.848481  x:  0.00000   0.06201   0.59681   1.20155   2.12023   0.60308   0.49029   0.62186   0.39385   0.40406   0.07015   0.00000   0.12227   0.65145   0.45656   0.09178   0.11013   0.04513   0.09456   0.00000   0.05156   0.53901   1.02512   2.38108   0.69618   0.20610   0.77356   0.49514   0.15185   0.04619   0.00319   0.34806   0.21902   0.08991   0.09343   0.06639   0.10470   0.03016   9.24306   1.61952   0.74040   0.93278   0.81978   0.62156  
 85  4.2912  16464.846754  x:  0.00000   0.06177   0.59749   1.20087   2.11857   0.60315   0.49064   0.62152   0.39406   0.40416   0.07031   0.00000   0.12192   0.65181   0.45683   0.09136   0.10950   0.04518   0.09431   0.00000   0.05149   0.53894   1.02475   2.37917   0.69681   0.20631   0.77398   0.49454   0.15184   0.04621   0.00316   0.34821   0.21929   0.09006   0.09349   0.06638   0.10429   0.03017   9.24383   1.61947   0.74036   0.93308   0.81987   0.62175  
 86  3.8998  16464.844354  x:  0.00000   0.06120   0.59812   1.20031   2.11560   0.60350   0.49077   0.62127   0.39395   0.40421   0.07056   0.00000   0.12212   0.65208   0.45733   0.09128   0.10980   0.04516   0.09442   0.00000   0.05155   0.53887   1.02461   2.37571   0.69733   0.20627   0.77440   0.49355   0.15138   0.04643   0.00308   0.34938   0.21975   0.08999   0.09317   0.06638   0.10463   0.03016   9.24530   1.61931   0.74049   0.93298   0.81951   0.62207  
 87  3.3924  16464.842304  x:  0.00000   0.06113   0.59840   1.20020   2.11266   0.60389   0.49052   0.62133   0.39359   0.40406   0.07008   0.00000   0.12218   0.65202   0.45754   0.09157   0.10997   0.04515   0.09442   0.00000   0.05198   0.53907   1.02473   2.37226   0.69740   0.20596   0.77455   0.49291   0.15136   0.04646   0.00307   0.34999   0.21958   0.09009   0.09381   0.06638   0.10436   0.03017   9.24685   1.61917   0.74019   0.93255   0.81959   0.62192  
 88  4.2447  16464.839798  x:  0.00000   0.06140   0.59847   1.20040   2.10882   0.60445   0.48993   0.62166   0.39312   0.40397   0.06999   0.00000   0.12202   0.65166   0.45738   0.09163   0.10964   0.04517   0.09434   0.00000   0.05254   0.53951   1.02500   2.36772   0.69722   0.20547   0.77456   0.49258   0.15169   0.04634   0.00311   0.34981   0.21909   0.08982   0.09313   0.06638   0.10444   0.03017   9.24901   1.61896   0.73982   0.93219   0.81952   0.62174  
 89  5.8899  16464.837625  x:  0.00000   0.06163   0.59832   1.20076   2.10536   0.60498   0.48928   0.62209   0.39286   0.40404   0.07061   0.00000   0.12209   0.65122   0.45696   0.09142   0.10973   0.04516   0.09445   0.00000   0.05257   0.53996   1.02523   2.36359   0.69697   0.20516   0.77445   0.49281   0.15182   0.04629   0.00314   0.34899   0.21902   0.09025   0.09343   0.06638   0.10461   0.03016   9.25111   1.61874   0.73989   0.93223   0.81912   0.62199  
 90  6.5610  16464.836610  x:  0.00000   0.06163   0.59812   1.20102   2.10374   0.60524   0.48889   0.62237   0.39289   0.40400   0.07051   0.00000   0.12213   0.65105   0.45674   0.09153   0.10988   0.04516   0.09436   0.00000   0.05216   0.54015   1.02525   2.36160   0.69687   0.20526   0.77428   0.49335   0.15158   0.04638   0.00314   0.34858   0.21935   0.08981   0.09349   0.06638   0.10434   0.03017   9.25230   1.61864   0.74003   0.93240   0.81923   0.62223  
 91  3.7769  16464.836090  x:  0.00000   0.06167   0.59800   1.20121   2.10294   0.60537   0.48864   0.62251   0.39303   0.40395   0.07026   0.00000   0.12208   0.65104   0.45669   0.09168   0.10977   0.04516   0.09441   0.00000   0.05189   0.54024   1.02519   2.36058   0.69682   0.20551   0.77411   0.49388   0.15144   0.04643   0.00312   0.34860   0.21951   0.09007   0.09338   0.06639   0.10452   0.03016   9.25308   1.61860   0.74011   0.93255   0.81954   0.62226  
 92  2.4280  16464.835611  x:  0.00000   0.06189   0.59793   1.20144   2.10235   0.60553   0.48838   0.62252   0.39337   0.40401   0.07044   0.00000   0.12213   0.65115   0.45674   0.09161   0.10976   0.04516   0.09440   0.00000   0.05194   0.54037   1.02501   2.35967   0.69671   0.20604   0.77375   0.49465   0.15160   0.04635   0.00311   0.34910   0.21932   0.09001   0.09342   0.06639   0.10447   0.03016   9.25420   1.61861   0.74035   0.93281   0.81975   0.62214  
 93  1.2876  16464.835375  x:  0.00000   0.06188   0.59797   1.20154   2.10226   0.60564   0.48824   0.62232   0.39351   0.40399   0.07024   0.00000   0.12197   0.65130   0.45688   0.09150   0.10987   0.04516   0.09440   0.00000   0.05216   0.54038   1.02482   2.35930   0.69643   0.20638   0.77339   0.49488   0.15165   0.04632   0.00311   0.34910   0.21934   0.09002   0.09341   0.06639   0.10448   0.03016   9.25525   1.61865   0.74027   0.93287   0.81950   0.62229  
 94  0.6863  16464.834892  x:  0.00000   0.06163   0.59809   1.20167   2.10226   0.60587   0.48802   0.62178   0.39375   0.40404   0.07030   0.00000   0.12222   0.65162   0.45717   0.09149   0.10972   0.04516   0.09440   0.00000   0.05241   0.54032   1.02435   2.35861   0.69565   0.20704   0.77261   0.49510   0.15161   0.04632   0.00311   0.34888   0.21943   0.09001   0.09341   0.06639   0.10448   0.03016   9.25786   1.61881   0.74004   0.93248   0.81944   0.62236  
 95  1.6984  16464.834555  x:  0.00000   0.06149   0.59822   1.20169   2.10238   0.60601   0.48791   0.62153   0.39381   0.40408   0.07041   0.00000   0.12192   0.65167   0.45712   0.09153   0.10985   0.04516   0.09440   0.00000   0.05222   0.54021   1.02408   2.35822   0.69503   0.20739   0.77228   0.49498   0.15158   0.04634   0.00312   0.34883   0.21935   0.09001   0.09341   0.06639   0.10448   0.03016   9.26005   1.61890   0.74011   0.93236   0.81946   0.62211  
 96  1.5631  16464.833554  x:  0.00000   0.06172   0.59873   1.20161   2.10300   0.60634   0.48774   0.62122   0.39375   0.40407   0.07020   0.00000   0.12224   0.65147   0.45658   0.09152   0.10974   0.04516   0.09440   0.00000   0.05174   0.54005   1.02355   2.35728   0.69331   0.20832   0.77197   0.49431   0.15159   0.04635   0.00312   0.34899   0.21915   0.09002   0.09342   0.06638   0.10448   0.03016   9.26728   1.61894   0.74017   0.93290   0.81944   0.62208  
 97  2.6263  16464.832371  x:  0.00000   0.06220   0.59919   1.20144   2.10382   0.60661   0.48764   0.62129   0.39368   0.40410   0.07034   0.00000   0.12203   0.65112   0.45622   0.09176   0.10980   0.04516   0.09440   0.00000   0.05191   0.54024   1.02327   2.35636   0.69176   0.20948   0.77221   0.49374   0.15163   0.04634   0.00310   0.34913   0.21938   0.09001   0.09341   0.06638   0.10447   0.03016   9.27623   1.61882   0.74043   0.93284   0.81992   0.62273  
 98  5.3507  16464.829027  x:  0.00000   0.06155   0.59920   1.20056   2.10606   0.60676   0.48743   0.62242   0.39349   0.40404   0.07037   0.00000   0.12212   0.65027   0.45651   0.09169   0.10979   0.04516   0.09440   0.00000   0.05259   0.54133   1.02324   2.35427   0.68915   0.21267   0.77426   0.49334   0.15152   0.04637   0.00306   0.34889   0.21993   0.09001   0.09341   0.06639   0.10448   0.03015   9.30257   1.61845   0.74043   0.93299   0.81975   0.62185  
 99  6.1623  16464.826681  x:  0.00000   0.06104   0.59892   1.20001   2.10736   0.60650   0.48740   0.62306   0.39328   0.40395   0.07038   0.00000   0.12210   0.65041   0.45701   0.09161   0.10979   0.04516   0.09440   0.00000   0.05188   0.54154   1.02348   2.35314   0.68822   0.21390   0.77541   0.49352   0.15166   0.04630   0.00313   0.34888   0.21881   0.09001   0.09342   0.06638   0.10447   0.03015   9.32147   1.61828   0.74012   0.93252   0.81956   0.62250  
100  9.3994  16464.817466  x:  0.00000   0.06397   0.59826   1.19902   2.11114   0.60424   0.48775   0.62366   0.39227   0.40371   0.07062   0.00000   0.12207   0.65335   0.45809   0.09114   0.10978   0.04516   0.09440   0.00000   0.05042   0.54056   1.02533   2.35033   0.68760   0.21331   0.77662   0.49460   0.15156   0.04634   0.00304   0.34904   0.21958   0.09001   0.09341   0.06638   0.10448   0.03013   9.39780   1.61869   0.73936   0.93143   0.81858   0.62176  
101 10.0159  16464.794408  x:  0.00000   0.06166   0.59475   1.19856   2.11834   0.60045   0.49074   0.62297   0.39224   0.40356   0.07064   0.00000   0.12205   0.65543   0.45655   0.09123   0.10976   0.04517   0.09439   0.00000   0.05299   0.53853   1.02952   2.34606   0.69058   0.20846   0.77409   0.49508   0.15151   0.04639   0.00296   0.34892   0.21928   0.09001   0.09341   0.06639   0.10448   0.03009   9.59096   1.62012   0.74108   0.93369   0.82062   0.62210  
102 25.0738  16464.774796  x:  0.00000   0.06245   0.59500   1.20170   2.12143   0.60053   0.49382   0.62199   0.39398   0.40431   0.07021   0.00000   0.12212   0.64931   0.45682   0.09168   0.10979   0.04517   0.09440   0.00000   0.05223   0.53699   1.02972   2.34596   0.69762   0.20706   0.77117   0.49482   0.15152   0.04637   0.00287   0.34893   0.21931   0.09001   0.09341   0.06640   0.10448   0.03005   9.75511   1.61979   0.74003   0.93222   0.81955   0.62153  
103 30.9648  16464.758506  x:  0.00000   0.06105   0.59793   1.20774   2.11636   0.60375   0.49040   0.62062   0.39206   0.40365   0.07047   0.00000   0.12210   0.65129   0.45660   0.09155   0.10978   0.04517   0.09439   0.00000   0.05195   0.54054   1.02433   2.35406   0.70043   0.20436   0.77369   0.49455   0.15147   0.04639   0.00282   0.34889   0.21927   0.09000   0.09341   0.06639   0.10448   0.03001   9.89238   1.61725   0.74027   0.93249   0.81994   0.62107  
104 12.5542  16464.751394  x:  0.00000   0.06093   0.59889   1.20623   2.11103   0.60600   0.48775   0.62319   0.39498   0.40463   0.07016   0.00000   0.12210   0.65152   0.45719   0.09141   0.10978   0.04517   0.09439   0.00000   0.05222   0.54000   1.02318   2.36022   0.69923   0.20282   0.77410   0.49412   0.15143   0.04642   0.00279   0.34890   0.21927   0.09000   0.09341   0.06639   0.10448   0.03000   9.95267   1.61865   0.74023   0.93245   0.81989   0.62110  
105 10.6132  16464.746855  x:  0.00000   0.06137   0.59833   1.20257   2.10599   0.60759   0.48592   0.62216   0.39362   0.40357   0.07047   0.00000   0.12210   0.65073   0.45678   0.09156   0.10978   0.04517   0.09439   0.00000   0.05230   0.53943   1.02414   2.36545   0.69887   0.20426   0.77369   0.49466   0.15149   0.04637   0.00277   0.34892   0.21927   0.09000   0.09341   0.06639   0.10448   0.02999   9.99140   1.62004   0.74023   0.93247   0.81993   0.62120  
106  7.8659  16464.746300  x:  0.00000   0.06154   0.59789   1.20211   2.10506   0.60781   0.48650   0.62186   0.39356   0.40441   0.07025   0.00000   0.12210   0.65096   0.45683   0.09153   0.10978   0.04517   0.09439   0.00000   0.05207   0.53997   1.02482   2.36630   0.69848   0.20463   0.77329   0.49452   0.15149   0.04637   0.00277   0.34891   0.21927   0.09000   0.09341   0.06639   0.10448   0.02999   9.99640   1.61926   0.74024   0.93247   0.81994   0.62114  
107  1.4631  16464.746153  x:  0.00000   0.06156   0.59785   1.20216   2.10465   0.60759   0.48700   0.62183   0.39383   0.40395   0.07032   0.00000   0.12210   0.65102   0.45684   0.09152   0.10978   0.04517   0.09439   0.00000   0.05202   0.54004   1.02511   2.36660   0.69815   0.20476   0.77319   0.49447   0.15148   0.04637   0.00278   0.34890   0.21926   0.09000   0.09341   0.06639   0.10448   0.02999   9.99797   1.61883   0.74023   0.93244   0.81993   0.62110  
108  0.5740  16464.746026  x:  0.00000   0.06147   0.59797   1.20256   2.10408   0.60663   0.48749   0.62179   0.39376   0.40409   0.07030   0.00000   0.12211   0.65091   0.45681   0.09154   0.10978   0.04517   0.09439   0.00000   0.05212   0.53969   1.02526   2.36690   0.69770   0.20508   0.77330   0.49456   0.15149   0.04637   0.00278   0.34890   0.21926   0.09000   0.09341   0.06639   0.10448   0.02999   9.99981   1.61873   0.74023   0.93244   0.81993   0.62110  
109  0.3287  16464.745975  x:  0.00000   0.06154   0.59773   1.20280   2.10388   0.60648   0.48793   0.62191   0.39366   0.40407   0.07031   0.00000   0.12210   0.65098   0.45683   0.09153   0.10978   0.04517   0.09439   0.00000   0.05211   0.53974   1.02515   2.36696   0.69757   0.20526   0.77333   0.49445   0.15149   0.04637   0.00278   0.34891   0.21927   0.09000   0.09341   0.06639   0.10448   0.02999  10.00106   1.61911   0.74023   0.93244   0.81992   0.62112  
110  0.2040  16464.744745  x:  0.00000   0.06142   0.59839   1.20222   2.10483   0.60724   0.48898   0.62198   0.39319   0.40415   0.07028   0.00000   0.12210   0.65106   0.45686   0.09154   0.10978   0.04516   0.09439   0.00000   0.05221   0.53941   1.02521   2.36485   0.69642   0.20538   0.77389   0.49541   0.15154   0.04634   0.00292   0.34894   0.21931   0.09001   0.09341   0.06639   0.10448   0.02998  10.05255   1.61920   0.74018   0.93243   0.81988   0.62115  
111  0.1635  16464.743427  x:  0.00000   0.06164   0.59808   1.20163   2.10584   0.60603   0.48793   0.62221   0.39344   0.40400   0.07037   0.00000   0.12209   0.65135   0.45690   0.09154   0.10979   0.04516   0.09440   0.00000   0.05198   0.54009   1.02520   2.36261   0.69609   0.20643   0.77355   0.49448   0.15158   0.04635   0.00308   0.34896   0.21935   0.09001   0.09342   0.06639   0.10448   0.02996  10.10811   1.61903   0.74016   0.93241   0.81986   0.62126  
112  8.0567  16464.743423  x:  0.00000   0.06167   0.59797   1.20160   2.10584   0.60604   0.48793   0.62221   0.39343   0.40400   0.07037   0.00000   0.12209   0.65134   0.45690   0.09154   0.10979   0.04516   0.09440   0.00000   0.05201   0.54000   1.02510   2.36260   0.69608   0.20643   0.77357   0.49448   0.15158   0.04635   0.00308   0.34896   0.21935   0.09001   0.09342   0.06639   0.10448   0.02996  10.10835   1.61895   0.74016   0.93241   0.81986   0.62126  
113  0.0603  16464.743328  x:  0.00000   0.06165   0.59792   1.20174   2.10605   0.60602   0.48798   0.62219   0.39343   0.40401   0.07037   0.00000   0.12210   0.65133   0.45689   0.09153   0.10979   0.04516   0.09440   0.00000   0.05202   0.53995   1.02520   2.36258   0.69623   0.20630   0.77354   0.49450   0.15156   0.04635   0.00300   0.34895   0.21934   0.09001   0.09341   0.06639   0.10448   0.02998  10.12862   1.61898   0.74017   0.93241   0.81988   0.62124  
114  0.0199  16464.743325  x:  0.00000   0.06164   0.59791   1.20177   2.10602   0.60603   0.48798   0.62217   0.39344   0.40401   0.07037   0.00000   0.12210   0.65132   0.45689   0.09153   0.10979   0.04516   0.09440   0.00000   0.05203   0.53993   1.02520   2.36270   0.69629   0.20625   0.77353   0.49450   0.15156   0.04635   0.00301   0.34895   0.21934   0.09001   0.09341   0.06639   0.10448   0.03000  10.13050   1.61897   0.74017   0.93241   0.81988   0.62123  
115  0.0011  16464.743325  x:  0.00000   0.06165   0.59792   1.20175   2.10603   0.60603   0.48798   0.62218   0.39344   0.40401   0.07037   0.00000   0.12210   0.65132   0.45689   0.09153   0.10979   0.04516   0.09440   0.00000   0.05203   0.53994   1.02520   2.36265   0.69626   0.20627   0.77354   0.49450   0.15156   0.04635   0.00300   0.34895   0.21934   0.09001   0.09341   0.06639   0.10448   0.03001  10.12967   1.61897   0.74017   0.93241   0.81988   0.62123  
116  0.0006  16464.743325  x:  0.00000   0.06165   0.59792   1.20176   2.10603   0.60603   0.48798   0.62218   0.39344   0.40401   0.07037   0.00000   0.12210   0.65132   0.45689   0.09153   0.10979   0.04516   0.09440   0.00000   0.05203   0.53994   1.02520   2.36265   0.69626   0.20627   0.77354   0.49450   0.15156   0.04635   0.00300   0.34895   0.21934   0.09001   0.09341   0.06639   0.10448   0.03001  10.12958   1.61897   0.74017   0.93241   0.81988   0.62123  
117  0.0001  16464.743325  x:  0.00000   0.06165   0.59792   1.20175   2.10603   0.60603   0.48798   0.62218   0.39344   0.40401   0.07037   0.00000   0.12210   0.65132   0.45689   0.09153   0.10979   0.04516   0.09440   0.00000   0.05203   0.53994   1.02520   2.36265   0.69626   0.20627   0.77354   0.49450   0.15156   0.04635   0.00300   0.34895   0.21934   0.09001   0.09341   0.06639   0.10448   0.03001  10.12963   1.61897   0.74017   0.93241   0.81988   0.62123  
118  0.0000  16464.743325  x:  0.00000   0.06165   0.59792   1.20176   2.10603   0.60603   0.48798   0.62218   0.39344   0.40401   0.07037   0.00000   0.12210   0.65132   0.45689   0.09153   0.10979   0.04516   0.09440   0.00000   0.05203   0.53994   1.02520   2.36265   0.69626   0.20627   0.77354   0.49450   0.15156   0.04635   0.00300   0.34895   0.21934   0.09001   0.09341   0.06639   0.10448   0.03001  10.12960   1.61897   0.74017   0.93241   0.81988   0.62123  
119  0.0000  16464.743325  x:  0.00000   0.06165   0.59792   1.20176   2.10603   0.60603   0.48798   0.62218   0.39344   0.40401   0.07037   0.00000   0.12210   0.65132   0.45689   0.09153   0.10979   0.04516   0.09440   0.00000   0.05203   0.53994   1.02520   2.36265   0.69626   0.20627   0.77354   0.49450   0.15156   0.04635   0.00300   0.34895   0.21934   0.09001   0.09341   0.06639   0.10448   0.03001  10.12960   1.61897   0.74017   0.93241   0.81988   0.62123  

TREE # 2

  0  0.0000  21047.637775  x:  0.52685   0.00000   0.18616   0.08531   0.07131   0.08709   0.10280   0.03893   0.12807   0.05244   0.06866   0.04093   0.01231   0.03927   0.06826   0.06104   0.06497   0.02633   0.07906   0.08988   0.03286   0.14406   0.11822   0.08553   0.04764   0.11063   0.07636   0.08565   0.06126   0.04053   0.02547   0.06894   0.10759   0.11026   0.03779   0.04582   0.11438   0.09692   0.09009   1.61897   0.71275   0.87557   0.80432   0.62123  
  1 99.0000  17353.066471  x:  0.88185   0.15138   0.53390   0.81992   0.83602   0.58852   0.58870   0.57733   0.53901   0.81354   0.19008   0.12017   0.08895   0.82628   0.28235   0.11476   0.11633   0.19150   0.11424   0.02016   0.13638   0.59475   0.67432   0.83277   0.76215   0.51486   0.52344   0.65068   0.61373   0.80347   0.34862   0.00000   0.14092   0.52380   1.01686   0.28186   0.13098   0.04369   0.09034   1.58082   0.71525   0.86920   0.81572   0.73398  
  2 8438.0558  17180.602824  x:  1.06374   0.11745   0.55889   0.83796   0.85472   0.63688   0.60982   0.57016   0.55689   0.81411   0.15900   0.06590   0.00000   0.78633   0.25554   0.08959   0.09288   0.11852   0.10780   0.05646   0.10297   0.61797   0.70619   0.86557   0.79327   0.52954   0.53315   0.65711   0.60190   0.77104   0.28913   0.00000   0.12316   0.54589   0.99084   0.23220   0.11124   0.04583   0.09509   1.57653   0.72305   0.89565   0.79568   0.71369  
  3 733.4856  17122.820949  x:  1.14873   0.09182   0.56980   0.84656   0.86407   0.66140   0.61980   0.56425   0.56594   0.81322   0.15840   0.05534   0.00000   0.76187   0.25140   0.09571   0.09704   0.09181   0.10463   0.00511   0.07785   0.62845   0.72198   0.88262   0.80903   0.53649   0.53800   0.65967   0.59462   0.75097   0.25366   0.00000   0.12349   0.55816   0.97345   0.20390   0.11190   0.04364   0.09306   1.57486   0.72423   0.90020   0.79644   0.70734  
  4 1558.4119  17027.153641  x:  1.29757   0.01228   0.58725   0.86544   0.88596   0.71296   0.63960   0.54724   0.58592   0.81109   0.20602   0.09232   0.00000   0.70230   0.27317   0.15990   0.15140   0.08386   0.10793   0.01168   0.00000   0.64704   0.75487   0.92168   0.84397   0.55067   0.54967   0.66506   0.57845   0.70236   0.16664   0.00000   0.15230   0.58830   0.92904   0.13859   0.14521   0.03271   0.07732   1.57279   0.71866   0.88132   0.83139   0.70820  
  5 1135.1320  17020.096734  x:  1.30554   0.00000   0.58754   0.86751   0.88871   0.71760   0.64129   0.54504   0.58789   0.81119   0.20904   0.09492   0.00000   0.69625   0.27665   0.15909   0.15028   0.09199   0.10889   0.01133   0.00000   0.64783   0.75760   0.92593   0.84778   0.55186   0.55133   0.66575   0.57755   0.69805   0.15838   0.00000   0.15263   0.59189   0.92444   0.13423   0.14563   0.04186   0.08199   1.57266   0.71878   0.88008   0.83248   0.71004  
  6 573.7291  17003.620611  x:  1.33009   0.00000   0.58299   0.88121   0.90872   0.74635   0.65084   0.52765   0.60031   0.81228   0.22131   0.10672   0.00000   0.65483   0.30252   0.13227   0.12383   0.15278   0.11523   0.00851   0.00000   0.64752   0.77261   0.95486   0.87398   0.55834   0.56406   0.67020   0.57431   0.67166   0.10727   0.00000   0.14665   0.61749   0.89225   0.11541   0.13797   0.01384   0.09837   1.57230   0.72080   0.87584   0.83051   0.72634  
  7 483.0428  16995.019744  x:  1.32265   0.00000   0.57200   0.89378   0.92868   0.76980   0.65762   0.51088   0.61052   0.81463   0.22392   0.11017   0.00000   0.62052   0.32184   0.11343   0.10815   0.16302   0.11531   0.00777   0.00000   0.64069   0.78226   0.98100   0.89897   0.56275   0.57739   0.67415   0.57611   0.65542   0.07636   0.00000   0.14316   0.63990   0.86534   0.11345   0.13380   0.01985   0.05475   1.57332   0.71949   0.87706   0.82485   0.73566  
  8 273.2770  16972.964042  x:  1.24257   0.00000   0.50830   0.94307   1.01253   0.86274   0.67994   0.43896   0.64910   0.82439   0.21184   0.10121   0.00000   0.48912   0.37577   0.10217   0.11449   0.09173   0.10358   0.01046   0.00000   0.59402   0.81056   1.08587   1.00632   0.57674   0.63466   0.68708   0.59411   0.61095   0.01142   0.00000   0.14373   0.72160   0.75831   0.13377   0.12978   0.02182   0.08162   1.58177   0.70695   0.88731   0.80599   0.74410  
  9 251.0387  16956.351021  x:  1.22681   0.00000   0.41930   0.98106   1.09273   0.97556   0.69696   0.35493   0.68496   0.81946   0.18287   0.06834   0.00000   0.37078   0.37682   0.12360   0.11469   0.09828   0.12013   0.01070   0.00000   0.51858   0.82634   1.18787   1.13046   0.58428   0.68723   0.68635   0.61187   0.58455   0.10314   0.00000   0.14237   0.77196   0.63084   0.12237   0.13031   0.02150   0.07913   1.59255   0.72485   0.87184   0.80707   0.71963  
 10 251.4709  16933.743765  x:  1.25719   0.00000   0.24094   1.00483   1.18931   1.14928   0.70864   0.25852   0.72384   0.79835   0.20178   0.10346   0.00000   0.38958   0.29978   0.10767   0.11630   0.10725   0.06004   0.01093   0.00000   0.34770   0.80758   1.30226   1.32624   0.56826   0.72800   0.67160   0.61054   0.55730   0.13068   0.00000   0.13163   0.77111   0.50908   0.13042   0.12032   0.02146   0.07928   1.60470   0.68775   0.90680   0.81922   0.67590  
 11 187.5347  16911.130376  x:  1.29605   0.00000   0.03232   1.02212   1.29101   1.34575   0.72036   0.16346   0.76446   0.77171   0.21459   0.13050   0.00000   0.43179   0.22157   0.09381   0.11780   0.09808   0.11343   0.00868   0.00000   0.14314   0.77770   1.41984   1.54814   0.54623   0.76558   0.65408   0.60284   0.52739   0.12838   0.00000   0.12707   0.75876   0.39993   0.14900   0.11546   0.02206   0.08046   1.61439   0.68015   0.92756   0.82164   0.65393  
 12 1028.4737  16905.241332  x:  1.30473   0.00000   0.00000   1.02167   1.30535   1.37843   0.72209   0.15292   0.76981   0.76565   0.21055   0.12726   0.00000   0.43679   0.21933   0.09714   0.11658   0.09760   0.10742   0.00890   0.00000   0.10848   0.77068   1.43520   1.58458   0.54155   0.76928   0.65038   0.59976   0.52289   0.12566   0.00000   0.12856   0.75390   0.39245   0.15278   0.11673   0.02211   0.08044   1.61438   0.69075   0.92298   0.81997   0.65980  
 13 536.2578  16905.241332  x:  1.30473   0.00000   0.00000   1.02167   1.30535   1.37843   0.72209   0.15292   0.76981   0.76565   0.21055   0.12726   0.00000   0.43679   0.21933   0.09714   0.11658   0.09760   0.10742   0.00890   0.00000   0.10848   0.77068   1.43520   1.58458   0.54155   0.76928   0.65038   0.59976   0.52289   0.12566   0.00000   0.12856   0.75390   0.39245   0.15278   0.11673   0.02211   0.08044   1.61438   0.69075   0.92298   0.81997   0.65980  
 14 195.4892  16881.365644  x:  1.35575   0.00000   0.00611   1.01363   1.29866   1.38664   0.72237   0.15642   0.76802   0.75649   0.19183   0.10138   0.00000   0.42676   0.21890   0.09249   0.10618   0.08212   0.10840   0.11047   0.00000   0.10784   0.76913   1.42885   1.58631   0.53925   0.76239   0.64552   0.58884   0.51153   0.10660   0.00000   0.12532   0.74744   0.39726   0.14017   0.11324   0.07404   0.09136   1.61102   0.70755   0.92112   0.81126   0.66478  
 15 808.8218  16809.453496  x:  1.57250   0.00000   0.02990   0.97746   1.26867   1.42254   0.72321   0.17127   0.76026   0.71643   0.12216   0.00000   0.00000   0.38622   0.21804   0.08219   0.07259   0.02942   0.09870   0.09424   0.00000   0.10452   0.76207   1.40092   1.59392   0.52973   0.73262   0.62477   0.54219   0.46525   0.03151   0.00000   0.11482   0.72016   0.41806   0.09071   0.09912   0.06608   0.10563   1.59722   0.75921   0.91840   0.78380   0.68219  
 16 545.4727  16771.094601  x:  1.70425   0.00000   0.04279   0.95405   1.24933   1.44518   0.72352   0.18079   0.75553   0.69264   0.10993   0.02397   0.00000   0.36351   0.21871   0.08112   0.06535   0.04613   0.09672   0.08938   0.00000   0.10209   0.75741   1.38330   1.59877   0.52433   0.71438   0.61229   0.51444   0.44040   0.00000   0.00000   0.11207   0.70402   0.43100   0.06684   0.09540   0.06496   0.11023   1.58917   0.77946   0.91882   0.77449   0.69097  
 17 1034.4531  16656.112266  x:  2.82215   0.00000   0.12896   0.73459   1.06922   1.64614   0.72102   0.25547   0.71458   0.47710   0.12190   0.03753   0.00000   0.20498   0.22871   0.12344   0.17624   0.10524   0.11770   0.06421   0.00000   0.07363   0.71234   1.22438   1.64294   0.48695   0.56085   0.51390   0.30889   0.31278   0.27463   0.00000   0.14221   0.57835   0.54548   0.00000   0.13582   0.07857   0.09951   1.52408   0.81302   0.94349   0.79479   0.73769  
 18 1247.8389  16613.833891  x:  3.25286   0.00000   0.14583   0.64293   0.99398   1.72750   0.71577   0.27904   0.70368   0.40261   0.15006   0.06012   0.00000   0.23011   0.22717   0.10062   0.15532   0.07505   0.11201   0.06371   0.00000   0.06072   0.69279   1.16099   1.66375   0.47831   0.50289   0.50311   0.25472   0.27850   0.31667   0.00000   0.13112   0.56094   0.58672   0.16427   0.12601   0.07116   0.09246   1.50798   0.78550   0.95708   0.82664   0.72084  
 19 1088.1091  16575.798050  x:  3.56225   0.00000   0.12127   0.57245   0.93386   1.79543   0.70232   0.28323   0.71317   0.38640   0.18915   0.06026   0.00000   0.36265   0.22011   0.07404   0.09214   0.06875   0.10726   0.06989   0.00000   0.05250   0.67538   1.11560   1.68900   0.49395   0.47476   0.56499   0.30795   0.32720   0.33948   0.00000   0.11844   0.56717   0.55128   0.11941   0.10428   0.05895   0.08883   1.51707   0.70835   0.96460   0.87310   0.65450  
 20 425.6729  16562.308103  x:  3.70593   0.00000   0.09025   0.55045   0.90943   1.83775   0.68961   0.27456   0.73288   0.41549   0.20004   0.05368   0.00000   0.40927   0.21865   0.13181   0.12012   0.07492   0.10803   0.06062   0.00000   0.05872   0.66653   1.10005   1.71261   0.52052   0.47324   0.62572   0.36856   0.36830   0.32941   0.00000   0.12710   0.60367   0.50140   0.13666   0.12173   0.07394   0.09549   1.53329   0.73679   0.94690   0.84420   0.64372  
 21 247.5186  16555.531151  x:  3.78145   0.00000   0.07293   0.55830   0.90654   1.87175   0.67866   0.26152   0.75260   0.45544   0.20007   0.05654   0.00000   0.38840   0.22028   0.08912   0.13222   0.07557   0.11361   0.06649   0.00000   0.07286   0.66162   1.10031   1.73750   0.54774   0.47903   0.66334   0.40420   0.38674   0.33727   0.00000   0.13022   0.63799   0.45576   0.14625   0.12340   0.05963   0.08096   1.55054   0.74126   0.93896   0.82045   0.66778  
 22 159.3280  16553.038508  x:  3.81425   0.00000   0.06857   0.57418   0.91291   1.89482   0.67147   0.25023   0.76361   0.48143   0.19629   0.05932   0.00000   0.35997   0.22232   0.08883   0.12550   0.07388   0.10893   0.05964   0.00000   0.07930   0.65838   1.10581   1.75689   0.56447   0.48202   0.67721   0.41396   0.38573   0.34229   0.00000   0.12595   0.65661   0.43350   0.15078   0.11697   0.07053   0.10266   1.56515   0.72226   0.93767   0.82544   0.66807  
 23 117.1856  16551.830829  x:  3.83032   0.00000   0.06732   0.58917   0.92158   1.91320   0.66687   0.24065   0.76930   0.49730   0.19364   0.05896   0.00000   0.34588   0.22258   0.10173   0.11603   0.07507   0.10884   0.06317   0.00000   0.07920   0.65578   1.11230   1.77347   0.57490   0.48224   0.68131   0.41338   0.37886   0.34415   0.00000   0.12451   0.66596   0.42601   0.15235   0.11403   0.06599   0.08793   1.57713   0.71534   0.93554   0.83086   0.65699  
 24 86.4786  16551.657381  x:  3.83181   0.00000   0.06695   0.59159   0.92348   1.91661   0.66642   0.23904   0.76975   0.49907   0.19397   0.05895   0.00502   0.34652   0.22232   0.10130   0.11567   0.07513   0.10915   0.06315   0.00000   0.07836   0.65539   1.11369   1.77667   0.57621   0.48187   0.68124   0.41241   0.37747   0.34473   0.00000   0.12489   0.66663   0.42646   0.15223   0.11471   0.06583   0.08819   1.57898   0.71628   0.93531   0.83080   0.65510  
 25 64.4924  16550.596572  x:  3.84494   0.00000   0.06281   0.61457   0.94247   1.95085   0.66252   0.22325   0.77356   0.51511   0.19821   0.05971   0.00247   0.35517   0.21605   0.09520   0.11415   0.07383   0.11172   0.06245   0.00000   0.06940   0.65169   1.12772   1.80877   0.58850   0.47760   0.68009   0.40232   0.36430   0.35025   0.00000   0.12878   0.67203   0.43281   0.15025   0.12167   0.06506   0.09265   1.59645   0.72682   0.93371   0.82931   0.63768  
 26 93.7656  16549.672965  x:  3.85400   0.00000   0.05535   0.63195   0.96421   1.99329   0.66367   0.20947   0.77488   0.52548   0.20010   0.05729   0.00164   0.37395   0.21668   0.09730   0.12189   0.07614   0.10677   0.06131   0.00000   0.06312   0.65023   1.14514   1.84859   0.59865   0.47032   0.67886   0.39214   0.35655   0.35048   0.00000   0.12305   0.67283   0.44469   0.14780   0.11426   0.06812   0.08989   1.60955   0.72383   0.94113   0.82700   0.65106  
 27 63.8832  16549.107989  x:  3.85468   0.00000   0.04757   0.63074   0.97846   2.03085   0.67158   0.20539   0.77237   0.52382   0.19925   0.05915   0.00111   0.37647   0.22382   0.10144   0.11753   0.07190   0.11509   0.06345   0.00000   0.06488   0.65159   1.15880   1.88350   0.60178   0.46211   0.67933   0.38956   0.36303   0.34851   0.00000   0.12935   0.66876   0.45023   0.14725   0.11970   0.06277   0.09358   1.61326   0.72223   0.93973   0.83140   0.65976  
 28 42.6411  16548.066262  x:  3.84914   0.00000   0.03498   0.61382   1.00275   2.10983   0.69193   0.20220   0.76478   0.51177   0.19553   0.05629   0.00073   0.36920   0.23029   0.09653   0.11332   0.07882   0.10758   0.05954   0.00000   0.06850   0.65290   1.18433   1.95667   0.60400   0.44466   0.68112   0.39021   0.38271   0.34678   0.00000   0.12952   0.65811   0.45374   0.15023   0.12187   0.07086   0.08895   1.61541   0.72681   0.93576   0.83402   0.65243  
 29 77.2044  16547.388627  x:  3.84260   0.00000   0.03508   0.59683   1.01573   2.16331   0.70507   0.20107   0.76031   0.50209   0.19650   0.05928   0.00180   0.36243   0.22441   0.09763   0.12110   0.07220   0.10788   0.06243   0.00000   0.06704   0.64935   1.19888   2.00598   0.60475   0.43514   0.68212   0.39311   0.39048   0.34480   0.00000   0.12242   0.65239   0.45010   0.14979   0.11501   0.06456   0.09180   1.61332   0.72657   0.93999   0.82780   0.64229  
 30 96.7073  16546.861619  x:  3.83416   0.00000   0.04713   0.57623   1.02100   2.20816   0.71225   0.19933   0.75978   0.49506   0.19808   0.05500   0.00243   0.36140   0.21206   0.09746   0.12069   0.07732   0.11404   0.06125   0.00000   0.05966   0.63733   1.20669   2.04686   0.60582   0.43280   0.68220   0.39774   0.38310   0.34113   0.00000   0.12738   0.65320   0.44104   0.15124   0.11748   0.06686   0.09101   1.60638   0.72063   0.94233   0.82451   0.64311  
 31 52.9324  16546.489643  x:  3.82660   0.00000   0.05459   0.55766   1.02083   2.24002   0.71383   0.19702   0.76186   0.49243   0.20149   0.05706   0.00259   0.36236   0.21346   0.09803   0.11883   0.07232   0.10641   0.06130   0.00000   0.05368   0.62318   1.20972   2.07531   0.60653   0.43477   0.68120   0.40110   0.37206   0.34231   0.00000   0.12787   0.65645   0.43471   0.14912   0.11919   0.06668   0.09022   1.59954   0.72297   0.93536   0.82716   0.64686  
 32 54.7158  16546.281982  x:  3.82194   0.00000   0.05471   0.54533   1.01796   2.25782   0.71133   0.19480   0.76494   0.49320   0.19984   0.05528   0.00185   0.36358   0.22159   0.09768   0.11822   0.07636   0.11004   0.06186   0.00000   0.05416   0.61182   1.20982   2.09048   0.60594   0.43804   0.67988   0.40183   0.36465   0.34390   0.00000   0.12385   0.65987   0.43489   0.14918   0.11619   0.06482   0.09230   1.59544   0.72509   0.93340   0.82751   0.64509  
 33 35.9990  16546.116794  x:  3.81872   0.00000   0.05251   0.53594   1.01390   2.27106   0.70628   0.19337   0.76879   0.49587   0.19638   0.05742   0.00179   0.36416   0.22523   0.09709   0.11892   0.07307   0.11111   0.06028   0.00000   0.06092   0.60098   1.20857   2.10075   0.60348   0.44216   0.67834   0.40072   0.36121   0.34357   0.00000   0.12624   0.66265   0.43940   0.14759   0.11702   0.06798   0.09009   1.59252   0.72357   0.93814   0.82497   0.64201  
 34 25.3412  16545.973744  x:  3.81699   0.00000   0.05132   0.53065   1.01034   2.28134   0.69990   0.19364   0.77256   0.49886   0.19374   0.05675   0.00209   0.36431   0.21998   0.09771   0.11879   0.07517   0.10702   0.06208   0.00000   0.06924   0.59126   1.20650   2.10761   0.59928   0.44668   0.67707   0.39848   0.36312   0.34329   0.00000   0.12744   0.66422   0.44539   0.14727   0.11834   0.06434   0.09198   1.59113   0.72354   0.93922   0.82619   0.64202  
 35 20.7947  16545.833476  x:  3.81658   0.00000   0.05158   0.52919   1.00812   2.28991   0.69284   0.19632   0.77558   0.50110   0.19530   0.05703   0.00257   0.36361   0.21405   0.09782   0.11784   0.07361   0.11062   0.06054   0.00000   0.07354   0.58252   1.20369   2.11212   0.59341   0.45170   0.67614   0.39561   0.36853   0.34255   0.00000   0.12403   0.66408   0.44942   0.14640   0.11646   0.06666   0.09084   1.59133   0.72618   0.93628   0.82939   0.64398  
 36 19.0743  16545.330985  x:  3.82088   0.00000   0.05547   0.53630   1.00771   2.31413   0.66793   0.21476   0.78076   0.50284   0.20650   0.05178   0.00225   0.35913   0.22149   0.09748   0.11848   0.07412   0.10919   0.06050   0.00000   0.06481   0.56066   1.19239   2.12011   0.56885   0.47119   0.67434   0.38513   0.38761   0.33396   0.00000   0.12665   0.65867   0.44862   0.14651   0.11707   0.06563   0.09114   1.59770   0.72499   0.93962   0.82733   0.64419  
 37 15.6001  16544.022994  x:  3.84107   0.00000   0.05493   0.54715   1.02225   2.36127   0.61644   0.26716   0.77740   0.49300   0.19105   0.05243   0.00170   0.37086   0.22453   0.09510   0.12876   0.07293   0.11013   0.05859   0.00000   0.07597   0.57462   1.17760   2.12822   0.52138   0.52727   0.67331   0.37638   0.38033   0.32763   0.00000   0.12154   0.64850   0.42664   0.14780   0.12498   0.06473   0.08987   1.61287   0.72009   0.93236   0.83158   0.64109  
 38 18.6252  16543.001188  x:  3.85696   0.00000   0.04263   0.54903   1.03171   2.39028   0.58323   0.30040   0.77346   0.48594   0.18995   0.05347   0.00193   0.37304   0.21945   0.09866   0.11374   0.07262   0.10904   0.05629   0.00000   0.07538   0.59166   1.17091   2.13128   0.49340   0.56577   0.67520   0.37778   0.37216   0.33401   0.00000   0.12953   0.64641   0.42242   0.14808   0.11161   0.06402   0.09183   1.61903   0.72600   0.93433   0.81988   0.64415  
 39 61.7919  16541.502610  x:  3.88553   0.00000   0.02689   0.54323   1.03777   2.41434   0.55428   0.32626   0.76928   0.48413   0.20245   0.04658   0.00289   0.35971   0.21448   0.09724   0.11313   0.07159   0.10917   0.05437   0.00000   0.05715   0.61835   1.17459   2.13025   0.47538   0.60087   0.68607   0.39603   0.36159   0.32152   0.00000   0.11826   0.65940   0.45173   0.14288   0.12416   0.06238   0.09086   1.61409   0.72227   0.93927   0.82281   0.64417  
 40 29.7745  16539.654366  x:  3.92480   0.00000   0.05047   0.54313   1.04034   2.43293   0.53554   0.34169   0.76679   0.48845   0.20951   0.04002   0.00277   0.35496   0.22182   0.09320   0.12365   0.07051   0.10936   0.05136   0.00000   0.05495   0.64519   1.18922   2.12773   0.46687   0.62175   0.69559   0.41285   0.36310   0.30592   0.00000   0.13408   0.67772   0.48250   0.13818   0.10833   0.06109   0.09046   1.60261   0.72477   0.93579   0.83462   0.63726  
 41 44.9755  16534.133337  x:  4.03647   0.00000   0.10193   0.54740   1.02647   2.45462   0.52826   0.34772   0.76618   0.50960   0.18893   0.04034   0.00178   0.36589   0.23315   0.09650   0.09576   0.06669   0.10673   0.04051   0.00000   0.04757   0.67009   1.24084   2.11403   0.46792   0.62098   0.68699   0.41032   0.39456   0.29792   0.00000   0.10776   0.70745   0.49506   0.13188   0.12644   0.05661   0.09126   1.57010   0.73298   0.95021   0.81528   0.63725  
 42 38.5448  16521.309196  x:  4.24595   0.00000   0.07248   0.53549   0.98654   2.47283   0.53822   0.33372   0.76642   0.53997   0.14632   0.03154   0.00306   0.37379   0.21993   0.09127   0.10434   0.05874   0.10789   0.02301   0.00000   0.00000   0.66986   1.32530   2.08082   0.48281   0.58797   0.65082   0.37307   0.42520   0.24643   0.00000   0.12078   0.73054   0.46864   0.12269   0.11397   0.04737   0.09014   1.53576   0.72600   0.93878   0.82747   0.63263  
 43 116.6273  16515.891589  x:  4.34655   0.00000   0.06085   0.53352   0.97643   2.47480   0.55187   0.31483   0.76524   0.53541   0.19143   0.00811   0.00294   0.37190   0.22171   0.09087   0.10219   0.05734   0.10729   0.01475   0.00000   0.03715   0.66051   1.35109   2.06754   0.50117   0.56707   0.63853   0.36348   0.41188   0.21018   0.00000   0.11942   0.71451   0.44729   0.11677   0.11541   0.04326   0.08994   1.54285   0.72379   0.93758   0.82274   0.63184  
 44 115.3123  16512.866598  x:  4.40089   0.00000   0.06917   0.53972   0.99484   2.46537   0.57339   0.29599   0.76568   0.51221   0.17009   0.01077   0.00301   0.36675   0.22280   0.08938   0.09874   0.05483   0.10697   0.00963   0.00000   0.04060   0.61912   1.31956   2.06589   0.52663   0.55673   0.66146   0.40475   0.39988   0.20290   0.00000   0.11834   0.66950   0.46552   0.12004   0.11517   0.04048   0.09015   1.58608   0.72630   0.93966   0.82215   0.63682  
 45 47.0652  16511.950355  x:  4.41571   0.00000   0.06969   0.52638   1.04041   2.45082   0.59784   0.28898   0.77590   0.51211   0.16949   0.00951   0.00293   0.36780   0.22311   0.08915   0.09785   0.05423   0.10679   0.00892   0.00000   0.04341   0.62538   1.24697   2.08119   0.53322   0.54615   0.65904   0.39010   0.40637   0.19878   0.00000   0.11777   0.69963   0.46736   0.11535   0.11504   0.03945   0.09003   1.59229   0.72787   0.94267   0.82419   0.63687  
 46 13.6928  16510.828004  x:  4.43534   0.00000   0.06297   0.55460   1.04044   2.42629   0.59389   0.24772   0.76323   0.51165   0.16721   0.00935   0.00322   0.36666   0.22301   0.08901   0.09786   0.05324   0.10661   0.00984   0.00000   0.04497   0.63862   1.18815   2.12440   0.53227   0.54219   0.65964   0.39636   0.40905   0.19313   0.00000   0.11809   0.68004   0.46701   0.11669   0.11493   0.03757   0.08990   1.54783   0.71810   0.92755   0.81380   0.63375  
 47  6.9457  16508.820281  x:  4.46955   0.00000   0.05664   0.59022   0.99286   2.38136   0.64638   0.25080   0.76088   0.53181   0.16691   0.00687   0.00325   0.36619   0.22231   0.08842   0.09649   0.05226   0.10633   0.01249   0.00000   0.04743   0.65057   1.13625   2.19652   0.52726   0.54343   0.66150   0.40930   0.39728   0.18510   0.00000   0.11867   0.66165   0.46104   0.11674   0.11387   0.03349   0.08955   1.54716   0.74047   0.96100   0.84096   0.63642  
 48 16.4287  16506.692737  x:  4.50449   0.00000   0.06344   0.58527   0.95091   2.33352   0.67600   0.23771   0.76312   0.51000   0.16354   0.00622   0.00299   0.36479   0.22290   0.08809   0.09571   0.05053   0.10573   0.01566   0.00000   0.04705   0.65545   1.12979   2.24575   0.52155   0.54388   0.65942   0.40342   0.39767   0.17672   0.00000   0.11841   0.67820   0.47637   0.11122   0.11370   0.02965   0.08943   1.61994   0.71962   0.93112   0.81473   0.63945  
 49 21.7118  16505.299443  x:  4.53643   0.00000   0.06663   0.55299   0.99684   2.30959   0.65331   0.20790   0.77824   0.47637   0.16004   0.00702   0.00323   0.36197   0.22258   0.08743   0.09556   0.04937   0.10553   0.01789   0.00000   0.04930   0.63210   1.16714   2.23177   0.53149   0.54713   0.66794   0.39950   0.40515   0.17030   0.00000   0.11822   0.67832   0.46447   0.11082   0.11400   0.02704   0.08906   1.63866   0.73391   0.95210   0.83109   0.64369  
 50 14.7246  16503.780747  x:  4.57865   0.00000   0.06339   0.52086   1.08406   2.29768   0.66326   0.23637   0.80315   0.48943   0.16083   0.00590   0.00325   0.36477   0.22182   0.08746   0.09521   0.04842   0.10508   0.02023   0.00000   0.05989   0.57639   1.21721   2.18637   0.54889   0.53948   0.67568   0.40409   0.39783   0.16626   0.00000   0.11879   0.65636   0.46841   0.11233   0.11329   0.02463   0.08889   1.62298   0.72364   0.93581   0.81854   0.63837  
 51 25.2276  16503.247015  x:  4.58507   0.00000   0.06136   0.52113   1.09678   2.32414   0.65599   0.24157   0.75707   0.49776   0.15990   0.00599   0.00321   0.36442   0.22173   0.08723   0.09498   0.04804   0.10498   0.02095   0.00000   0.06670   0.55581   1.21320   2.14571   0.55555   0.50680   0.66349   0.42080   0.39357   0.16426   0.00000   0.11879   0.67098   0.46680   0.11060   0.11301   0.02449   0.08885   1.62822   0.72508   0.93744   0.82000   0.64027  
 52  7.9482  16502.275812  x:  4.58482   0.00000   0.06668   0.50893   1.08093   2.39791   0.64784   0.23596   0.75638   0.51454   0.16018   0.00547   0.00332   0.36281   0.22183   0.08726   0.09473   0.04696   0.10472   0.02217   0.00000   0.06309   0.57750   1.18052   2.06168   0.62328   0.47836   0.65139   0.41521   0.39982   0.15658   0.00000   0.11910   0.64516   0.46700   0.11119   0.11292   0.02544   0.08889   1.64175   0.72550   0.93869   0.82028   0.64199  
 53  9.0284  16501.248019  x:  4.59239   0.00000   0.05750   0.54646   1.06156   2.45803   0.66911   0.22871   0.79774   0.47240   0.15648   0.00807   0.00357   0.36234   0.22122   0.08713   0.09444   0.04562   0.10437   0.02304   0.00000   0.06765   0.57831   1.16185   1.99326   0.64398   0.44544   0.66586   0.41402   0.39259   0.15338   0.00000   0.11940   0.66147   0.46656   0.10753   0.11214   0.02704   0.08898   1.62921   0.72575   0.93708   0.81968   0.64103  
 54 13.2440  16497.836420  x:  4.68777   0.00000   0.05832   0.53124   1.07162   2.44920   0.77018   0.11454   0.80960   0.51450   0.15654   0.01297   0.00364   0.36095   0.22034   0.08687   0.09363   0.04237   0.10337   0.02432   0.00000   0.06893   0.58682   1.16420   1.94778   0.54563   0.46585   0.66865   0.42148   0.38326   0.14180   0.00000   0.12039   0.63613   0.45590   0.10729   0.11086   0.03454   0.08938   1.64701   0.72620   0.93435   0.81864   0.64184  
 55  5.4939  16494.876424  x:  4.78360   0.00000   0.04764   0.53943   1.07870   2.39297   0.84488   0.07974   0.75858   0.49900   0.15552   0.01732   0.00358   0.36411   0.21880   0.08711   0.09465   0.03943   0.10259   0.02540   0.00000   0.07987   0.55268   1.17631   1.96474   0.59071   0.55662   0.64537   0.40405   0.40351   0.12506   0.00000   0.12188   0.64482   0.45116   0.10352   0.10913   0.04175   0.08948   1.63880   0.72506   0.93122   0.81784   0.63742  
 56 24.0704  16490.521164  x:  4.89655   0.00000   0.03961   0.51804   1.08597   2.20119   0.73081   0.17892   0.77759   0.49646   0.15212   0.02359   0.00383   0.36420   0.21750   0.08701   0.09391   0.03577   0.10135   0.02658   0.00000   0.08823   0.54186   1.19728   2.12400   0.67342   0.42802   0.63057   0.41161   0.39618   0.10786   0.00000   0.12352   0.63494   0.44129   0.09920   0.10697   0.05204   0.09018   1.64739   0.72858   0.93119   0.81795   0.64002  
 57 15.7610  16490.004908  x:  4.91318   0.00000   0.04127   0.51427   1.07871   2.19971   0.72985   0.18165   0.75701   0.50267   0.15097   0.02392   0.00384   0.36300   0.21719   0.08705   0.09315   0.03723   0.10123   0.02673   0.00000   0.08814   0.54128   1.19850   2.12410   0.67471   0.42262   0.68416   0.37845   0.39064   0.10743   0.00000   0.12336   0.63410   0.44122   0.09775   0.10691   0.05235   0.09051   1.64362   0.72950   0.93101   0.81764   0.63986  
 58  1.8455  16480.994180  x:  5.31618   0.00000   0.03386   0.55089   1.02397   2.24442   0.74877   0.16368   0.77600   0.50529   0.14367   0.02415   0.00336   0.36140   0.21454   0.08851   0.09139   0.06497   0.10040   0.02955   0.00000   0.07575   0.58822   1.22066   2.09402   0.67085   0.43848   0.60811   0.40421   0.41133   0.04443   0.00000   0.12528   0.64455   0.43057   0.09293   0.10470   0.05579   0.09479   1.62142   0.73929   0.92948   0.81654   0.63532  
 59  4.3505  16474.993576  x:  5.68967   0.00000   0.05181   0.56495   0.98742   2.34681   0.69595   0.21172   0.77398   0.51702   0.15633   0.04732   0.00263   0.35835   0.21779   0.08813   0.08371   0.07345   0.10324   0.03060   0.00000   0.06260   0.64002   1.20307   2.10611   0.61993   0.49584   0.61613   0.40357   0.40924   0.08112   0.00000   0.12167   0.66607   0.44177   0.09074   0.10618   0.04266   0.09890   1.60412   0.74902   0.93136   0.81125   0.63186  
 60  0.4020  16471.766003  x:  6.18097   0.00000   0.05954   0.54917   1.01347   2.37985   0.66652   0.23019   0.76969   0.50174   0.15548   0.05703   0.00276   0.34953   0.22134   0.09144   0.09965   0.06916   0.10625   0.03269   0.00000   0.05533   0.61624   1.19270   2.09541   0.56938   0.52686   0.63988   0.39744   0.41270   0.05094   0.00000   0.11897   0.65858   0.46498   0.08746   0.11354   0.04046   0.09578   1.60231   0.74358   0.93664   0.81669   0.63016  
 61  0.3998  16469.521001  x:  6.70891   0.00000   0.05128   0.52921   1.05668   2.31453   0.67428   0.21364   0.77774   0.48313   0.14037   0.06533   0.00221   0.34835   0.22054   0.09077   0.09392   0.07766   0.10491   0.03433   0.00000   0.06189   0.56599   1.20290   2.09753   0.58787   0.49045   0.62796   0.40503   0.40483   0.06824   0.00000   0.12205   0.64426   0.46438   0.09417   0.11022   0.04703   0.09182   1.61900   0.73543   0.93424   0.81948   0.62931  
 62  0.4067  16467.719083  x:  7.40056   0.00000   0.04283   0.54781   1.00915   2.34449   0.72269   0.17532   0.77101   0.50077   0.14602   0.06929   0.00262   0.35055   0.21766   0.08855   0.08715   0.06895   0.10309   0.03305   0.00000   0.06249   0.59833   1.21358   2.08258   0.61298   0.47524   0.60975   0.38271   0.40240   0.06361   0.00000   0.12513   0.64944   0.44593   0.09104   0.10588   0.04262   0.09268   1.61235   0.73624   0.93169   0.82012   0.62502  
 63  0.4394  16466.077147  x:  8.23239   0.00000   0.06014   0.54211   1.02120   2.37089   0.70119   0.21466   0.77528   0.49602   0.14954   0.06330   0.00279   0.35476   0.21954   0.08982   0.09875   0.06438   0.10362   0.03156   0.00000   0.06165   0.60870   1.20716   2.11548   0.60564   0.49880   0.62402   0.39664   0.40119   0.07043   0.00000   0.12031   0.65788   0.45632   0.09552   0.11239   0.04934   0.09609   1.62019   0.74309   0.93373   0.81762   0.62174  
 64  0.4168  16465.127764  x:  9.02509   0.00000   0.05088   0.53924   1.02912   2.36951   0.68492   0.20859   0.77757   0.49191   0.14917   0.05194   0.00324   0.34687   0.21914   0.09081   0.08890   0.06262   0.10601   0.02916   0.00000   0.05877   0.59214   1.19210   2.10046   0.59641   0.48954   0.62661   0.39717   0.40869   0.07047   0.00000   0.12273   0.64799   0.46000   0.09402   0.10798   0.04833   0.09411   1.61777   0.74043   0.93289   0.82128   0.62231  
 65  0.3678  16464.841341  x:  9.45850   0.00000   0.04991   0.54020   1.02470   2.35771   0.69837   0.19956   0.77346   0.49579   0.15025   0.04619   0.00293   0.35034   0.21947   0.08907   0.09503   0.06519   0.10412   0.02827   0.00000   0.06269   0.59617   1.20101   2.09585   0.60805   0.48334   0.61929   0.39439   0.40323   0.07238   0.00000   0.12151   0.65089   0.45518   0.09231   0.10982   0.04576   0.09412   1.61860   0.73930   0.93221   0.81925   0.62167  
 66  0.2951  16464.778548  x:  9.69125   0.00000   0.05324   0.53871   1.02651   2.36215   0.69687   0.20840   0.77307   0.49352   0.15255   0.04510   0.00300   0.34878   0.21940   0.09036   0.09284   0.06660   0.10430   0.02881   0.00000   0.06226   0.59788   1.20355   2.10556   0.60666   0.49024   0.62222   0.39276   0.40290   0.07005   0.00000   0.12235   0.65183   0.45733   0.09100   0.11009   0.04524   0.09444   1.62047   0.74033   0.93250   0.81948   0.62148  
 67  0.1620  16464.754154  x:  9.91782   0.00000   0.05184   0.54017   1.02541   2.36526   0.69463   0.20802   0.77399   0.49453   0.15131   0.04639   0.00303   0.34797   0.21926   0.08990   0.09385   0.06714   0.10488   0.02955   0.00000   0.06119   0.59833   1.20134   2.10834   0.60592   0.48714   0.62302   0.39297   0.40532   0.06988   0.00000   0.12209   0.65107   0.45739   0.09132   0.10942   0.04456   0.09452   1.61951   0.74055   0.93256   0.82014   0.62131  
 68  0.1092  16464.744163  x: 10.09073   0.00000   0.05195   0.53958   1.02604   2.36352   0.69626   0.20577   0.77342   0.49463   0.15161   0.04643   0.00298   0.34917   0.21940   0.09004   0.09330   0.06661   0.10439   0.03000   0.00000   0.06154   0.59708   1.20207   2.10686   0.60642   0.48712   0.62202   0.39405   0.40358   0.07025   0.00000   0.12201   0.65127   0.45667   0.09139   0.11005   0.04514   0.09431   1.61888   0.74001   0.93238   0.81982   0.62123  
 69  0.0971  16464.743350  x: 10.12167   0.00000   0.05200   0.53987   1.02530   2.36289   0.69635   0.20621   0.77351   0.49453   0.15150   0.04636   0.00300   0.34902   0.21935   0.09002   0.09341   0.06640   0.10446   0.03002   0.00000   0.06169   0.59785   1.20191   2.10630   0.60605   0.48814   0.62216   0.39341   0.40411   0.07034   0.00000   0.12211   0.65137   0.45688   0.09152   0.10977   0.04518   0.09439   1.61897   0.74014   0.93241   0.81986   0.62122  
 70  0.0286  16464.743327  x: 10.12715   0.00000   0.05202   0.53996   1.02518   2.36266   0.69627   0.20625   0.77354   0.49452   0.15158   0.04634   0.00300   0.34895   0.21933   0.09001   0.09342   0.06639   0.10448   0.03002   0.00000   0.06165   0.59793   1.20175   2.10608   0.60604   0.48798   0.62219   0.39345   0.40402   0.07037   0.00000   0.12210   0.65132   0.45688   0.09154   0.10978   0.04516   0.09440   1.61898   0.74017   0.93241   0.81988   0.62123  
 71  0.0055  16464.743326  x: 10.12860   0.00000   0.05203   0.53995   1.02518   2.36264   0.69626   0.20628   0.77354   0.49450   0.15156   0.04635   0.00300   0.34895   0.21934   0.09001   0.09341   0.06639   0.10448   0.03002   0.00000   0.06165   0.59793   1.20174   2.10602   0.60602   0.48798   0.62217   0.39343   0.40401   0.07037   0.00000   0.12209   0.65132   0.45689   0.09153   0.10979   0.04516   0.09440   1.61897   0.74017   0.93241   0.81988   0.62123  
 72  0.0011  16464.743325  x: 10.12942   0.00000   0.05203   0.53993   1.02521   2.36264   0.69626   0.20628   0.77353   0.49450   0.15156   0.04635   0.00300   0.34895   0.21934   0.09001   0.09342   0.06639   0.10448   0.03001   0.00000   0.06164   0.59791   1.20176   2.10602   0.60602   0.48799   0.62218   0.39343   0.40401   0.07037   0.00000   0.12210   0.65132   0.45689   0.09153   0.10978   0.04516   0.09440   1.61897   0.74017   0.93241   0.81988   0.62123  
 73  0.0003  16464.743325  x: 10.12957   0.00000   0.05203   0.53994   1.02520   2.36265   0.69627   0.20627   0.77354   0.49450   0.15156   0.04635   0.00300   0.34895   0.21934   0.09001   0.09341   0.06639   0.10448   0.03001   0.00000   0.06165   0.59792   1.20176   2.10603   0.60603   0.48798   0.62218   0.39344   0.40401   0.07037   0.00000   0.12210   0.65132   0.45689   0.09153   0.10979   0.04516   0.09440   1.61897   0.74017   0.93241   0.81988   0.62123  
 74  0.0001  16464.743325  x: 10.12963   0.00000   0.05203   0.53994   1.02520   2.36265   0.69626   0.20627   0.77354   0.49450   0.15156   0.04635   0.00300   0.34895   0.21934   0.09001   0.09341   0.06639   0.10448   0.03001   0.00000   0.06165   0.59792   1.20176   2.10603   0.60603   0.48798   0.62218   0.39344   0.40401   0.07037   0.00000   0.12210   0.65132   0.45689   0.09153   0.10979   0.04516   0.09440   1.61897   0.74017   0.93241   0.81988   0.62123  
 75  0.0000  16464.743325  x: 10.12963   0.00000   0.05203   0.53994   1.02520   2.36265   0.69626   0.20627   0.77354   0.49450   0.15156   0.04635   0.00300   0.34895   0.21934   0.09001   0.09341   0.06639   0.10448   0.03001   0.00000   0.06165   0.59792   1.20176   2.10603   0.60603   0.48798   0.62218   0.39344   0.40401   0.07037   0.00000   0.12210   0.65132   0.45689   0.09153   0.10979   0.04516   0.09440   1.61897   0.74017   0.93241   0.81988   0.62123  
 76  0.0000  16464.743325  x: 10.12963   0.00000   0.05203   0.53994   1.02520   2.36265   0.69626   0.20627   0.77354   0.49450   0.15156   0.04635   0.00300   0.34895   0.21934   0.09001   0.09341   0.06639   0.10448   0.03001   0.00000   0.06165   0.59792   1.20176   2.10603   0.60603   0.48798   0.62218   0.39344   0.40401   0.07037   0.00000   0.12210   0.65132   0.45689   0.09153   0.10979   0.04516   0.09440   1.61897   0.74017   0.93241   0.81988   0.62123  
check convergence!
