

TREE # 1

  0  0.0000   2353.992832  x:  0.33915   0.13653   0.13941   0.00528   0.05026   0.01927   0.01262   0.01506   0.00479   0.00000   0.00432   0.00740   0.04130   0.01645   0.02357   0.18786   0.03684   0.08929   0.04444   0.01610   0.00323   0.02235   0.01244   0.09378   0.09015   0.14297   0.01423   0.03396   0.03227   0.01604   0.00521   0.00093   0.01049   0.00385   0.01078   0.04574   0.00317   0.00770   0.18017   0.03682   0.02457   0.02436   0.01923   0.00431   0.01220   0.00674   0.06242   8.40433   1.21346   1.30234   1.59876   1.00000  
  1 99.0000   2353.991285  x:  0.33915   0.13653   0.13941   0.00528   0.05026   0.01927   0.01262   0.01506   0.00479   0.00000   0.00432   0.00740   0.04130   0.01645   0.02357   0.18786   0.03684   0.08929   0.04444   0.01610   0.00323   0.02235   0.01244   0.09378   0.09015   0.14297   0.01423   0.03396   0.03227   0.01604   0.00521   0.00093   0.01049   0.00385   0.01078   0.04574   0.00316   0.00770   0.18017   0.03682   0.02457   0.02436   0.01923   0.00431   0.01220   0.00674   0.06242   8.40433   1.21346   1.30234   1.59876   1.00000  
  2 542.3196   2352.648227  x:  0.33923   0.13665   0.13943   0.00528   0.05020   0.01920   0.01256   0.01510   0.00387   0.00000   0.00340   0.00760   0.04127   0.01646   0.02340   0.18791   0.03687   0.08938   0.04448   0.01583   0.00231   0.02238   0.01236   0.09378   0.09003   0.14303   0.01409   0.03394   0.03219   0.01606   0.00428   0.00000   0.01058   0.00292   0.01085   0.04574   0.00223   0.00783   0.18024   0.03688   0.02455   0.02436   0.01915   0.00338   0.01218   0.00580   0.06240   8.40427   1.21344   1.30233   1.59879   1.00011  
  3 2777.8611   2349.846636  x:  0.33943   0.13691   0.13948   0.00532   0.05011   0.01915   0.01256   0.01514   0.00167   0.00000   0.00121   0.00743   0.04123   0.01650   0.02313   0.18803   0.03691   0.08955   0.04454   0.01546   0.00012   0.02241   0.01230   0.09378   0.08978   0.14316   0.01395   0.03393   0.03206   0.01611   0.00208   0.00000   0.01070   0.00070   0.01097   0.04574   0.00000   0.00796   0.18037   0.03695   0.02449   0.02437   0.01910   0.00116   0.01221   0.00358   0.06238   8.40410   1.21337   1.30228   1.59886   1.00036  
  4 27157.3424   2349.712296  x:  0.33944   0.13692   0.13948   0.00532   0.05011   0.01915   0.01256   0.01514   0.00155   0.00000   0.00108   0.00743   0.04123   0.01650   0.02312   0.18803   0.03691   0.08956   0.04455   0.01544   0.00000   0.02241   0.01230   0.09378   0.08977   0.14316   0.01395   0.03393   0.03206   0.01611   0.00196   0.00000   0.01071   0.00058   0.01097   0.04574   0.00000   0.00796   0.18038   0.03695   0.02449   0.02437   0.01910   0.00104   0.01222   0.00346   0.06238   8.40409   1.21337   1.30228   1.59887   1.00038  
  5 201474.6298   2349.168314  x:  0.33950   0.13700   0.13949   0.00527   0.05008   0.01915   0.01258   0.01514   0.00099   0.00000   0.00052   0.00743   0.04122   0.01651   0.02305   0.18807   0.03692   0.08961   0.04457   0.01534   0.00000   0.02241   0.01230   0.09379   0.08969   0.14320   0.01393   0.03393   0.03203   0.01612   0.00139   0.00000   0.01070   0.00000   0.01098   0.04574   0.00000   0.00793   0.18042   0.03696   0.02447   0.02437   0.01910   0.00047   0.01225   0.00289   0.06237   8.40405   1.21335   1.30227   1.59889   1.00045  
  6 82761.5283   2348.790267  x:  0.33955   0.13708   0.13951   0.00533   0.05005   0.01917   0.01263   0.01514   0.00052   0.00000   0.00005   0.00744   0.04120   0.01653   0.02297   0.18810   0.03694   0.08968   0.04460   0.01523   0.00000   0.02242   0.01231   0.09379   0.08961   0.14324   0.01393   0.03393   0.03199   0.01613   0.00092   0.00000   0.01068   0.00000   0.01097   0.04574   0.00000   0.00788   0.18046   0.03696   0.02444   0.02438   0.01912   0.00000   0.01229   0.00241   0.06236   8.40402   1.21334   1.30225   1.59890   1.00051  
  7 24682.6349   2348.756982  x:  0.33956   0.13711   0.13951   0.00533   0.05004   0.01917   0.01263   0.01513   0.00047   0.00000   0.00000   0.00744   0.04120   0.01652   0.02297   0.18811   0.03694   0.08969   0.04461   0.01522   0.00000   0.02242   0.01230   0.09379   0.08959   0.14325   0.01394   0.03393   0.03199   0.01613   0.00087   0.00000   0.01068   0.00000   0.01096   0.04574   0.00000   0.00789   0.18047   0.03696   0.02445   0.02438   0.01912   0.00000   0.01229   0.00236   0.06236   8.40401   1.21335   1.30225   1.59889   1.00052  
  8 1879.0373   2348.517636  x:  0.33972   0.13738   0.13955   0.00533   0.05002   0.01915   0.01256   0.01516   0.00000   0.00000   0.00000   0.00744   0.04120   0.01653   0.02300   0.18822   0.03694   0.08985   0.04467   0.01529   0.00000   0.02242   0.01228   0.09378   0.08933   0.14338   0.01393   0.03393   0.03201   0.01615   0.00040   0.00000   0.01073   0.00000   0.01104   0.04574   0.00000   0.00781   0.18061   0.03695   0.02442   0.02439   0.01909   0.00000   0.01225   0.00190   0.06234   8.40397   1.21339   1.30223   1.59882   1.00065  
  9 1304.6656   2348.383149  x:  0.33985   0.13753   0.13956   0.00533   0.05005   0.01910   0.01258   0.01514   0.00000   0.00000   0.00000   0.00744   0.04121   0.01656   0.02305   0.18829   0.03692   0.08986   0.04462   0.01531   0.00000   0.02241   0.01231   0.09376   0.08918   0.14346   0.01383   0.03392   0.03202   0.01617   0.00000   0.00000   0.01067   0.00000   0.01100   0.04574   0.00000   0.00787   0.18070   0.03697   0.02439   0.02440   0.01904   0.00000   0.01230   0.00152   0.06232   8.40393   1.21345   1.30220   1.59873   1.00078  
 10 682.3632   2348.119154  x:  0.34023   0.13772   0.13954   0.00533   0.05017   0.01913   0.01266   0.01517   0.00000   0.00000   0.00000   0.00744   0.04122   0.01650   0.02307   0.18843   0.03690   0.08963   0.04440   0.01519   0.00000   0.02241   0.01232   0.09372   0.08894   0.14354   0.01378   0.03391   0.03197   0.01611   0.00000   0.00000   0.01080   0.00000   0.01100   0.04574   0.00000   0.00782   0.18085   0.03701   0.02451   0.02441   0.01908   0.00000   0.01230   0.00000   0.06232   8.40379   1.21362   1.30211   1.59845   1.00122  
 11 465.9620   2347.480130  x:  0.35671   0.14032   0.13868   0.00554   0.05074   0.02049   0.00973   0.01444   0.00000   0.00000   0.00000   0.00726   0.04039   0.01787   0.01883   0.19205   0.03780   0.08047   0.04237   0.01261   0.00000   0.02359   0.00952   0.09369   0.08417   0.14425   0.01751   0.03411   0.03029   0.01846   0.00000   0.00000   0.00716   0.00000   0.01341   0.04582   0.00000   0.00904   0.18442   0.03691   0.02066   0.02441   0.02034   0.00000   0.00979   0.00000   0.06232   8.39352   1.21775   1.29716   1.59036   1.02477  
 12 81.9084   2346.509462  x:  0.38205   0.13866   0.13816   0.00580   0.04496   0.01683   0.00747   0.01309   0.00000   0.00000   0.00000   0.00696   0.03884   0.02019   0.01283   0.19474   0.04005   0.07586   0.05182   0.01229   0.00000   0.02400   0.01161   0.09592   0.08352   0.14266   0.01771   0.03459   0.02972   0.01988   0.00000   0.00000   0.01178   0.00000   0.00937   0.04588   0.00000   0.00889   0.18629   0.03570   0.02185   0.02429   0.01595   0.00000   0.01317   0.00000   0.06238   8.37155   1.22091   1.28793   1.58119   1.06908  
 13 116.9347   2345.484654  x:  0.40689   0.13492   0.13849   0.00561   0.03896   0.01488   0.01403   0.01703   0.00000   0.00000   0.00000   0.00664   0.03828   0.01893   0.01655   0.19556   0.04142   0.08061   0.06267   0.00814   0.00000   0.02369   0.00905   0.09835   0.08628   0.14025   0.01246   0.03441   0.02906   0.01829   0.00000   0.00000   0.00874   0.00000   0.01320   0.04589   0.00000   0.00993   0.18601   0.03652   0.02301   0.02416   0.01467   0.00000   0.01158   0.00000   0.06238   8.34418   1.22221   1.27722   1.57338   1.12065  
 14 219.5315   2344.817524  x:  0.41696   0.13279   0.13966   0.00564   0.04199   0.01885   0.01094   0.01447   0.00000   0.00000   0.00000   0.00644   0.03942   0.01700   0.01561   0.19420   0.03999   0.09120   0.06399   0.00667   0.00000   0.02378   0.01029   0.09837   0.08967   0.13935   0.00694   0.03356   0.02772   0.01691   0.00000   0.00000   0.00961   0.00000   0.01388   0.04588   0.00000   0.01035   0.18406   0.03919   0.02065   0.02402   0.01927   0.00000   0.01171   0.00000   0.06232   8.32461   1.22083   1.27051   1.57087   1.15354  
 15 148.6341   2344.214865  x:  0.42049   0.13201   0.14156   0.00579   0.04743   0.01613   0.01042   0.01562   0.00000   0.00000   0.00000   0.00625   0.04046   0.01791   0.01262   0.19138   0.03805   0.10545   0.05795   0.00550   0.00000   0.02410   0.00834   0.09659   0.09338   0.13985   0.01159   0.03243   0.02515   0.01795   0.00000   0.00000   0.00924   0.00000   0.01421   0.04589   0.00000   0.01001   0.18094   0.04283   0.02162   0.02380   0.01631   0.00000   0.01381   0.00000   0.06227   8.30221   1.21710   1.26390   1.57076   1.18684  
 16 138.1172   2343.899480  x:  0.41543   0.13334   0.14270   0.00595   0.04431   0.01634   0.01275   0.01591   0.00000   0.00000   0.00000   0.00617   0.03847   0.01930   0.00925   0.18946   0.04081   0.10960   0.05225   0.00717   0.00000   0.02510   0.00936   0.09525   0.09390   0.14153   0.01010   0.03361   0.02456   0.01921   0.00000   0.00000   0.00940   0.00000   0.01376   0.04596   0.00000   0.01046   0.17934   0.04136   0.02173   0.02382   0.01579   0.00000   0.01107   0.00000   0.06231   8.28771   1.21282   1.26081   1.57310   1.20385  
 17 75.6013   2343.584623  x:  0.40795   0.13528   0.14378   0.00583   0.04030   0.01654   0.01176   0.01501   0.00000   0.00000   0.00000   0.00609   0.03652   0.02057   0.01149   0.18764   0.04369   0.11186   0.04769   0.00457   0.00000   0.02555   0.00980   0.09421   0.09360   0.14360   0.01055   0.03477   0.02488   0.02036   0.00000   0.00000   0.01051   0.00000   0.01253   0.04601   0.00000   0.01073   0.17801   0.03897   0.02124   0.02389   0.01561   0.00000   0.01013   0.00000   0.06234   8.27198   1.20772   1.25785   1.57622   1.22087  
 18 183.3389   2343.158587  x:  0.39333   0.13872   0.14498   0.00587   0.03662   0.01637   0.01007   0.01549   0.00000   0.00000   0.00000   0.00599   0.03591   0.01905   0.01096   0.18596   0.04567   0.11035   0.04641   0.00520   0.00000   0.02453   0.00562   0.09414   0.09133   0.14672   0.00936   0.03444   0.02368   0.01879   0.00000   0.00000   0.01011   0.00000   0.01338   0.04604   0.00000   0.01103   0.17723   0.03813   0.02165   0.02408   0.01703   0.00000   0.01499   0.00000   0.06223   8.24772   1.19906   1.25412   1.58218   1.24397  
 19 129.7549   2342.589586  x:  0.36986   0.14400   0.14640   0.00593   0.03604   0.01467   0.00792   0.01729   0.00000   0.00000   0.00000   0.00587   0.03700   0.01583   0.00946   0.18445   0.04600   0.10572   0.04908   0.00412   0.00000   0.02395   0.01002   0.09508   0.08676   0.15101   0.00937   0.03290   0.02261   0.01617   0.00000   0.00000   0.00779   0.00000   0.01664   0.04602   0.00000   0.01112   0.17709   0.03927   0.02234   0.02434   0.01645   0.00000   0.01616   0.00000   0.06187   8.21005   1.18548   1.24887   1.59177   1.27789  
 20 274.9904   2341.993343  x:  0.34529   0.14885   0.14737   0.00595   0.04042   0.01530   0.01183   0.01445   0.00000   0.00000   0.00000   0.00575   0.03854   0.01713   0.00916   0.18432   0.04411   0.10023   0.05568   0.00328   0.00000   0.02539   0.00780   0.09685   0.08161   0.15424   0.00876   0.03160   0.02194   0.01732   0.00000   0.00000   0.00968   0.00000   0.01508   0.04596   0.00000   0.01081   0.17811   0.04274   0.02079   0.02462   0.01457   0.00000   0.01302   0.00000   0.06123   8.16932   1.17084   1.24386   1.60245   1.31200  
 21 263.3087   2341.843383  x:  0.34095   0.14879   0.14689   0.00593   0.04097   0.01552   0.01088   0.01714   0.00000   0.00000   0.00000   0.00576   0.03711   0.01975   0.00990   0.18629   0.04305   0.09971   0.05678   0.00348   0.00000   0.02578   0.00799   0.09713   0.08098   0.15309   0.00812   0.03277   0.02038   0.01952   0.00000   0.00000   0.00943   0.00000   0.01382   0.04597   0.00000   0.01061   0.17979   0.04501   0.02248   0.02477   0.01663   0.00000   0.01262   0.00000   0.06088   8.15587   1.16654   1.24314   1.60604   1.31984  
 22 60.7850   2341.332083  x:  0.33356   0.14523   0.14317   0.00602   0.03974   0.01553   0.01054   0.01755   0.00000   0.00000   0.00000   0.00582   0.03290   0.01892   0.00904   0.19796   0.03967   0.10126   0.05469   0.00338   0.00000   0.02386   0.00767   0.09654   0.08118   0.14411   0.00869   0.03640   0.02765   0.01836   0.00000   0.00000   0.00937   0.00000   0.01325   0.04600   0.00000   0.00987   0.18895   0.04928   0.02167   0.02497   0.01650   0.00000   0.01248   0.00000   0.05976   8.09984   1.15080   1.24241   1.62028   1.34393  
 23 70.2005   2340.681878  x:  0.32800   0.14076   0.13903   0.00597   0.03790   0.01570   0.01098   0.01345   0.00000   0.00000   0.00000   0.00591   0.03485   0.01682   0.01136   0.21096   0.04056   0.10353   0.05212   0.00531   0.00000   0.02532   0.00874   0.09572   0.08242   0.13438   0.01007   0.03564   0.02189   0.01706   0.00000   0.00000   0.00963   0.00000   0.01420   0.04598   0.00000   0.00951   0.19889   0.04849   0.02114   0.02448   0.01441   0.00000   0.01230   0.00000   0.05946   8.02686   1.13171   1.24220   1.63809   1.37231  
 24 232.6511   2339.997284  x:  0.32613   0.13789   0.13663   0.00603   0.04222   0.01547   0.01055   0.01596   0.00000   0.00000   0.00000   0.00602   0.04302   0.01849   0.01096   0.21881   0.04315   0.10492   0.05105   0.00495   0.00000   0.02488   0.00824   0.09482   0.08457   0.13050   0.00888   0.03061   0.02541   0.01862   0.00000   0.00000   0.00903   0.00000   0.01293   0.04577   0.00000   0.01050   0.20448   0.03730   0.02287   0.02375   0.01552   0.00000   0.01197   0.00000   0.06109   7.94644   1.11369   1.24269   1.65559   1.40007  
 25 214.9494   2337.834300  x:  0.33837   0.13919   0.14168   0.00593   0.05354   0.01267   0.01114   0.01700   0.00000   0.00000   0.00000   0.00654   0.03495   0.01630   0.01445   0.20731   0.03991   0.09985   0.05374   0.00788   0.00000   0.01990   0.00885   0.09360   0.09427   0.15409   0.00999   0.03805   0.02629   0.01339   0.00000   0.00000   0.00903   0.00000   0.00965   0.04535   0.00000   0.01013   0.19124   0.02877   0.01880   0.02489   0.01570   0.00000   0.00982   0.00000   0.06882   7.66756   1.06975   1.24755   1.70370   1.47859  
 26 153.2883   2336.504509  x:  0.34674   0.14081   0.14528   0.00588   0.05261   0.01822   0.01022   0.01266   0.00000   0.00000   0.00000   0.00684   0.03678   0.01599   0.01687   0.19585   0.03817   0.09581   0.05359   0.00976   0.00000   0.02506   0.00971   0.09283   0.09808   0.16782   0.01022   0.03648   0.03444   0.01833   0.00000   0.00000   0.00694   0.00000   0.01270   0.04532   0.00000   0.00900   0.18023   0.03437   0.02557   0.02396   0.01316   0.00000   0.01125   0.00000   0.06975   7.48462   1.04574   1.25093   1.73192   1.52741  
 27 691.6505   2335.693970  x:  0.35040   0.14188   0.14684   0.00585   0.04698   0.01566   0.01041   0.01480   0.00000   0.00000   0.00000   0.00699   0.04350   0.01682   0.01806   0.18645   0.03685   0.09379   0.05157   0.01121   0.00000   0.02469   0.01013   0.09273   0.09595   0.17036   0.01197   0.03051   0.03764   0.01691   0.00000   0.00000   0.00832   0.00000   0.00827   0.04552   0.00000   0.00762   0.17326   0.04164   0.02174   0.02315   0.01670   0.00000   0.00846   0.00000   0.06481   7.37566   1.03859   1.25284   1.74378   1.55358  
 28 362.3350   2334.316899  x:  0.34981   0.14288   0.14723   0.00587   0.04794   0.01738   0.00966   0.01189   0.00000   0.00000   0.00000   0.00724   0.04634   0.02167   0.01866   0.16779   0.03339   0.09360   0.05047   0.01192   0.00000   0.01685   0.01033   0.09451   0.08188   0.15873   0.01180   0.03377   0.03817   0.01477   0.00000   0.00000   0.00737   0.00000   0.00981   0.04571   0.00000   0.00748   0.16417   0.03802   0.02500   0.02787   0.01509   0.00000   0.00672   0.00000   0.04940   7.18515   1.04762   1.25579   1.74957   1.59099  
 29 216.6725   2332.947647  x:  0.34663   0.14406   0.14718   0.00587   0.05235   0.01725   0.00976   0.01517   0.00000   0.00000   0.00000   0.00751   0.04400   0.01681   0.02008   0.15047   0.03309   0.09458   0.05048   0.01286   0.00000   0.02753   0.01040   0.09632   0.06681   0.14493   0.01190   0.03716   0.04086   0.01448   0.00000   0.00000   0.00686   0.00000   0.00718   0.04566   0.00000   0.00769   0.15678   0.03304   0.02327   0.02983   0.01456   0.00000   0.00890   0.00000   0.04198   6.97419   1.06410   1.25916   1.75133   1.62919  
 30 713.0089   2330.409465  x:  0.33595   0.14849   0.14708   0.00584   0.05739   0.01122   0.01049   0.01050   0.00000   0.00000   0.00000   0.00793   0.03790   0.01189   0.02207   0.13320   0.04022   0.09728   0.05157   0.01480   0.00000   0.02265   0.01100   0.09764   0.05047   0.12811   0.01281   0.03253   0.04507   0.02101   0.00000   0.00000   0.00622   0.00000   0.00687   0.04530   0.00000   0.00657   0.15068   0.03459   0.02578   0.02572   0.01923   0.00000   0.00742   0.00000   0.06045   6.58974   1.10623   1.26569   1.74535   1.69185  
 31 642.6372   2327.067058  x:  0.31919   0.15815   0.14782   0.00580   0.05862   0.02379   0.00760   0.01642   0.00000   0.00000   0.00000   0.00845   0.03748   0.02000   0.02451   0.12626   0.04195   0.09879   0.05230   0.01684   0.00000   0.02130   0.01134   0.09737   0.04847   0.12099   0.01346   0.02842   0.04807   0.01046   0.00000   0.00000   0.00497   0.00000   0.00323   0.04517   0.00000   0.00494   0.14864   0.03652   0.02419   0.02152   0.00979   0.00000   0.00667   0.00000   0.07820   6.08451   1.16822   1.27468   1.73168   1.76883  
 32 1245.2329   2319.430614  x:  0.28240   0.18024   0.15043   0.00589   0.05737   0.01443   0.00798   0.00815   0.00000   0.00000   0.00000   0.00945   0.04679   0.02860   0.02727   0.13152   0.02927   0.09940   0.05347   0.01951   0.00000   0.03085   0.01207   0.09476   0.06870   0.12764   0.01449   0.03507   0.05643   0.00284   0.00000   0.00000   0.00262   0.00000   0.00427   0.04572   0.00000   0.00283   0.15016   0.03168   0.02789   0.02499   0.01737   0.00000   0.00498   0.00000   0.08410   5.03878   1.30064   1.29410   1.69815   1.92074  
 33 2228.0279   2315.860532  x:  0.26288   0.19124   0.15182   0.00593   0.05613   0.01411   0.00808   0.00788   0.00000   0.00000   0.00000   0.00999   0.05215   0.02312   0.02877   0.13576   0.02219   0.09957   0.05407   0.02093   0.00000   0.02954   0.01233   0.09347   0.08076   0.13314   0.01472   0.03832   0.05888   0.00864   0.00000   0.00000   0.00184   0.00000   0.00111   0.04602   0.00000   0.00182   0.15120   0.02883   0.02777   0.02722   0.01721   0.00000   0.00364   0.00000   0.08308   4.48553   1.37052   1.30452   1.68023   2.00000  
 34 11678.6683   2313.617498  x:  0.25167   0.19112   0.15194   0.00586   0.06442   0.01307   0.00768   0.00705   0.00000   0.00000   0.00000   0.01029   0.04667   0.02209   0.03077   0.14303   0.03921   0.10072   0.05653   0.02254   0.00000   0.02766   0.01264   0.09253   0.08657   0.14308   0.01545   0.03468   0.06260   0.00847   0.00000   0.00000   0.00105   0.00000   0.00059   0.04597   0.00000   0.00056   0.15187   0.03234   0.02819   0.02153   0.01773   0.00000   0.00368   0.00000   0.06750   4.12643   1.41088   1.31282   1.67029   2.04412  
 35 1344.2745   2312.613782  x:  0.24830   0.18580   0.15132   0.00591   0.06445   0.01299   0.00781   0.00596   0.00000   0.00000   0.00000   0.01034   0.03787   0.02266   0.03119   0.14612   0.03455   0.10187   0.05656   0.02297   0.00000   0.02792   0.01293   0.09172   0.08433   0.14916   0.01543   0.02390   0.06269   0.00841   0.00000   0.00000   0.00084   0.00000   0.00094   0.04583   0.00000   0.00073   0.15167   0.02893   0.02902   0.01667   0.01797   0.00000   0.00322   0.00000   0.06202   3.97489   1.42235   1.31797   1.66872   2.05573  
 36 548.8427   2309.726462  x:  0.24397   0.15460   0.14742   0.00614   0.06276   0.01316   0.00689   0.00579   0.00000   0.00000   0.00000   0.01032   0.03556   0.02400   0.03170   0.15536   0.03246   0.10705   0.05464   0.02357   0.00000   0.02976   0.01297   0.09039   0.06285   0.17192   0.01533   0.01576   0.06376   0.00743   0.00000   0.00000   0.00075   0.00000   0.00055   0.04480   0.00000   0.00055   0.15041   0.02883   0.02919   0.03722   0.01693   0.00000   0.00232   0.00000   0.06376   3.49213   1.44017   1.33919   1.67219   2.07034  
 37 541.5113   2306.798306  x:  0.24170   0.12992   0.14431   0.00642   0.06032   0.01252   0.00621   0.00577   0.00000   0.00000   0.00000   0.01026   0.04412   0.02449   0.03146   0.16040   0.02797   0.11138   0.05285   0.02343   0.00000   0.03001   0.01261   0.08950   0.04260   0.18978   0.01474   0.02612   0.06369   0.00665   0.00000   0.00000   0.00078   0.00000   0.00039   0.04477   0.00000   0.00053   0.15036   0.02811   0.02958   0.02544   0.01612   0.00000   0.00165   0.00000   0.06603   3.02604   1.45173   1.36083   1.67858   2.07822  
 38 1586.6878   2301.137798  x:  0.24711   0.15058   0.14431   0.00683   0.06216   0.01106   0.00512   0.00605   0.00000   0.00000   0.00000   0.00994   0.04293   0.02355   0.03192   0.14785   0.02993   0.11122   0.05260   0.02369   0.00000   0.03013   0.01216   0.09305   0.05119   0.18058   0.01356   0.02510   0.06424   0.00663   0.00000   0.00000   0.00110   0.00000   0.00058   0.04810   0.00000   0.00077   0.16318   0.02947   0.03002   0.02692   0.01463   0.00000   0.00040   0.00000   0.06501   2.24559   1.45153   1.39945   1.70125   2.07138  
 39 671.7185   2300.071737  x:  0.25119   0.16214   0.14746   0.00683   0.06198   0.01090   0.00523   0.00608   0.00000   0.00000   0.00000   0.00993   0.04261   0.02355   0.03183   0.15792   0.02913   0.11040   0.05419   0.02353   0.00000   0.03003   0.01212   0.08620   0.04976   0.17169   0.01320   0.02505   0.06385   0.00652   0.00000   0.00000   0.00098   0.00000   0.00055   0.03875   0.00000   0.00082   0.14737   0.02920   0.03013   0.02692   0.01451   0.00000   0.00091   0.00000   0.06562   2.06104   1.44386   1.40549   1.70766   2.06116  
 40 131.9654   2299.879987  x:  0.25207   0.16316   0.14748   0.00683   0.06199   0.01090   0.00526   0.00605   0.00000   0.00000   0.00000   0.00994   0.04250   0.02360   0.03181   0.15793   0.02896   0.11060   0.05405   0.02351   0.00000   0.03004   0.01213   0.08736   0.04948   0.17127   0.01317   0.02489   0.06380   0.00649   0.00000   0.00000   0.00094   0.00000   0.00054   0.04853   0.00000   0.00078   0.14744   0.02905   0.03016   0.02697   0.01449   0.00000   0.00108   0.00000   0.06592   2.02937   1.44208   1.40479   1.70882   2.05835  
 41 75.0344   2299.684773  x:  0.25303   0.16121   0.14547   0.00684   0.06169   0.01089   0.00528   0.00590   0.00000   0.00000   0.00000   0.00995   0.04247   0.02384   0.03173   0.15033   0.02868   0.11152   0.05252   0.02349   0.00000   0.03008   0.01217   0.09452   0.05046   0.17455   0.01326   0.02469   0.06377   0.00649   0.00000   0.00000   0.00092   0.00000   0.00051   0.04666   0.00000   0.00057   0.15898   0.02906   0.03016   0.02677   0.01457   0.00000   0.00129   0.00000   0.06591   2.00492   1.44038   1.39856   1.70976   2.05391  
 42 22.8451   2299.223754  x:  0.25357   0.15821   0.14092   0.00690   0.06178   0.01081   0.00516   0.00609   0.00000   0.00000   0.00000   0.00988   0.04282   0.02340   0.03173   0.14471   0.02941   0.11098   0.05596   0.02339   0.00000   0.02998   0.01202   0.07680   0.05062   0.17785   0.01296   0.02502   0.06361   0.00658   0.00000   0.00000   0.00093   0.00000   0.00062   0.04728   0.00000   0.00068   0.16742   0.02978   0.03019   0.02757   0.01436   0.00000   0.00137   0.00000   0.06513   1.98695   1.44144   1.35643   1.70993   2.04106  
 43  7.2393   2297.882905  x:  0.25506   0.15617   0.13665   0.00707   0.06267   0.01037   0.00443   0.00642   0.00000   0.00000   0.00000   0.00962   0.04319   0.02258   0.03192   0.15446   0.03170   0.11176   0.05209   0.02358   0.00000   0.03000   0.01183   0.09323   0.04950   0.18337   0.01255   0.02543   0.06408   0.00682   0.00000   0.00000   0.00128   0.00000   0.00081   0.04693   0.00000   0.00162   0.16163   0.03061   0.03054   0.02840   0.01353   0.00000   0.00143   0.00000   0.06437   1.94686   1.44270   1.22619   1.70729   2.00005  
 44 50.2022   2296.302966  x:  0.26355   0.14723   0.20243   0.00682   0.06249   0.00984   0.00428   0.00684   0.00000   0.00000   0.00000   0.00958   0.04264   0.02166   0.03150   0.15869   0.03237   0.10764   0.04999   0.02296   0.00000   0.02983   0.01136   0.09246   0.04762   0.17433   0.01140   0.02500   0.06268   0.00669   0.00000   0.00000   0.00133   0.00000   0.00077   0.04709   0.00000   0.00224   0.17896   0.03112   0.03097   0.02843   0.01268   0.00000   0.00150   0.00000   0.06320   1.94833   1.38712   1.18110   1.64310   1.94228  
 45 10.7855   2285.324799  x:  0.31618   0.17538   0.15566   0.00831   0.05798   0.00722   0.00376   0.00895   0.00000   0.00000   0.00000   0.00960   0.03718   0.01719   0.02515   0.16224   0.03418   0.11593   0.05006   0.01701   0.00000   0.02960   0.00778   0.09406   0.04727   0.16235   0.00481   0.02533   0.04924   0.00605   0.00000   0.00000   0.00130   0.00000   0.00032   0.04763   0.00000   0.00562   0.20213   0.03512   0.03280   0.02570   0.00851   0.00000   0.00183   0.00000   0.06081   2.00280   1.03057   1.05108   1.23763   1.62108  
 46 58.7990   2279.247591  x:  0.35665   0.17150   0.14915   0.00836   0.05464   0.00766   0.00401   0.01215   0.00000   0.00000   0.00000   0.00993   0.04175   0.01170   0.02018   0.18369   0.04343   0.11981   0.04588   0.01242   0.00000   0.02841   0.00527   0.10713   0.03958   0.16789   0.00135   0.03261   0.03943   0.00771   0.00000   0.00000   0.00124   0.00000   0.00230   0.04829   0.00000   0.00412   0.21510   0.04181   0.03279   0.03551   0.00571   0.00000   0.00237   0.00000   0.05847   2.16074   1.02119   1.18227   1.31312   1.40879  
 47  9.5451   2275.569742  x:  0.40193   0.18790   0.14344   0.00823   0.04999   0.00954   0.00592   0.01209   0.00000   0.00000   0.00000   0.01023   0.03565   0.00946   0.01577   0.19301   0.03910   0.11743   0.04790   0.00842   0.00000   0.02825   0.00388   0.09843   0.03886   0.15409   0.00104   0.02924   0.02999   0.00713   0.00000   0.00000   0.00208   0.00000   0.00162   0.04807   0.00000   0.00321   0.21783   0.04044   0.03421   0.02906   0.00717   0.00000   0.00214   0.00000   0.05673   2.22299   1.04191   1.17981   1.51814   1.21054  
 48 12.0307   2273.599270  x:  0.40860   0.17791   0.13996   0.00799   0.04920   0.01333   0.00678   0.01266   0.00000   0.00000   0.00000   0.00944   0.03370   0.00703   0.01380   0.19998   0.04356   0.11671   0.04868   0.00691   0.00000   0.02701   0.00381   0.09840   0.04149   0.15932   0.00595   0.02866   0.02615   0.00786   0.00000   0.00000   0.00426   0.00000   0.00201   0.04953   0.00000   0.00287   0.22314   0.04069   0.03457   0.02815   0.01020   0.00000   0.00259   0.00000   0.05263   2.24848   1.04308   1.24129   1.50186   1.15961  
 49  2.1819   2270.700554  x:  0.40295   0.13982   0.13828   0.00545   0.04634   0.01214   0.00760   0.01273   0.00000   0.00000   0.00000   0.00830   0.03426   0.01590   0.01106   0.19648   0.04475   0.10260   0.04149   0.00468   0.00000   0.02770   0.00559   0.09790   0.06423   0.15058   0.00568   0.03088   0.02163   0.00924   0.00000   0.00000   0.00491   0.00000   0.00234   0.04857   0.00000   0.00224   0.20512   0.04190   0.03605   0.02544   0.01311   0.00000   0.00270   0.00000   0.06049   2.06226   1.02046   1.20079   1.45014   1.05144  
 50  0.6350   2270.202849  x:  0.39410   0.13572   0.13642   0.00558   0.04689   0.01151   0.00718   0.01319   0.00000   0.00000   0.00000   0.00660   0.03468   0.01496   0.01174   0.19325   0.04550   0.10041   0.04084   0.00539   0.00000   0.02678   0.00607   0.09788   0.07172   0.15556   0.00512   0.03007   0.02306   0.00959   0.00000   0.00000   0.00547   0.00000   0.00212   0.04872   0.00000   0.00390   0.20739   0.04264   0.03588   0.02323   0.01253   0.00000   0.00295   0.00000   0.05786   2.02769   1.08964   1.27087   1.50466   1.06364  
 51  0.9239   2269.243164  x:  0.38896   0.14982   0.13655   0.00578   0.04401   0.01348   0.00744   0.01461   0.00000   0.00000   0.00000   0.00393   0.04006   0.01314   0.01227   0.19555   0.04312   0.09898   0.04300   0.00647   0.00000   0.02544   0.00724   0.09803   0.07316   0.15466   0.00583   0.03245   0.02525   0.01014   0.00000   0.00000   0.00430   0.00000   0.00231   0.04661   0.00000   0.00347   0.20138   0.04230   0.03450   0.02461   0.01206   0.00000   0.00276   0.00000   0.06136   1.92019   1.11161   1.20950   1.50368   1.00941  
 52  0.9003   2268.938877  x:  0.37699   0.15123   0.13831   0.00610   0.04415   0.01338   0.00658   0.01427   0.00000   0.00000   0.00000   0.00630   0.03999   0.01251   0.01279   0.19822   0.04207   0.09836   0.04467   0.00710   0.00000   0.02519   0.00737   0.09426   0.07408   0.15660   0.00554   0.03166   0.02655   0.01062   0.00000   0.00000   0.00544   0.00000   0.00246   0.04687   0.00000   0.00243   0.19659   0.04169   0.03426   0.02369   0.01193   0.00000   0.00287   0.00000   0.06007   1.89116   1.11977   1.18791   1.47497   1.01011  
 53  0.2254   2268.771890  x:  0.37209   0.15912   0.13798   0.00655   0.04444   0.01231   0.00589   0.01297   0.00000   0.00000   0.00000   0.00732   0.04054   0.01448   0.01273   0.19674   0.04242   0.09977   0.04599   0.00706   0.00000   0.02593   0.00713   0.09483   0.07228   0.15590   0.00595   0.03270   0.02682   0.01125   0.00000   0.00000   0.00517   0.00000   0.00251   0.04639   0.00000   0.00332   0.19804   0.04171   0.03405   0.02535   0.01283   0.00000   0.00297   0.00000   0.06019   1.89029   1.13004   1.20066   1.50412   0.99185  
 54  0.1354   2268.565421  x:  0.35054   0.15747   0.13906   0.00631   0.04644   0.01292   0.00619   0.01190   0.00000   0.00000   0.00000   0.00641   0.03877   0.01328   0.01290   0.19322   0.04111   0.09847   0.04608   0.00706   0.00000   0.02597   0.00630   0.09400   0.07294   0.15401   0.00583   0.03299   0.02636   0.01220   0.00000   0.00000   0.00586   0.00000   0.00274   0.04614   0.00000   0.00408   0.19344   0.04079   0.03359   0.02574   0.01370   0.00000   0.00331   0.00000   0.05992   1.87851   1.11705   1.19389   1.49054   1.00545  
 55  0.0428   2268.426051  x:  0.35184   0.15593   0.13763   0.00612   0.04647   0.01181   0.00653   0.01280   0.00000   0.00000   0.00000   0.00663   0.03865   0.01251   0.01308   0.19325   0.03808   0.09945   0.04441   0.00656   0.00000   0.02585   0.00649   0.09383   0.07215   0.15354   0.00659   0.03290   0.02525   0.01289   0.00000   0.00000   0.00594   0.00000   0.00302   0.04565   0.00000   0.00441   0.18884   0.04046   0.03321   0.02440   0.01239   0.00000   0.00360   0.00000   0.06047   1.91836   1.12674   1.18989   1.51876   1.00713  
 56  0.0502   2268.320716  x:  0.35830   0.15753   0.13747   0.00618   0.04605   0.01298   0.00711   0.01268   0.00000   0.00000   0.00000   0.00605   0.03876   0.01380   0.01327   0.19570   0.03796   0.10228   0.04577   0.00649   0.00000   0.02588   0.00717   0.09279   0.06784   0.15621   0.00682   0.03228   0.02572   0.01375   0.00000   0.00000   0.00667   0.00000   0.00339   0.04568   0.00000   0.00469   0.18867   0.03928   0.03294   0.02389   0.01332   0.00000   0.00398   0.00000   0.05983   1.93060   1.12931   1.19452   1.51374   1.01399  
 57  0.0270   2268.245251  x:  0.36454   0.15446   0.13740   0.00633   0.04558   0.01443   0.00667   0.01309   0.00000   0.00000   0.00000   0.00670   0.03955   0.01261   0.01292   0.19547   0.03820   0.10108   0.04578   0.00601   0.00000   0.02564   0.00691   0.09389   0.06843   0.15464   0.00705   0.03281   0.02525   0.01420   0.00000   0.00000   0.00654   0.00000   0.00368   0.04525   0.00000   0.00541   0.18819   0.03924   0.03288   0.02460   0.01367   0.00000   0.00425   0.00000   0.06056   1.89928   1.12673   1.19753   1.51648   1.00936  
 58  0.0667   2268.176432  x:  0.36736   0.15417   0.13920   0.00631   0.04602   0.01312   0.00565   0.01293   0.00000   0.00000   0.00000   0.00604   0.03932   0.01272   0.01308   0.19703   0.03886   0.09987   0.04589   0.00615   0.00000   0.02598   0.00639   0.09282   0.06876   0.15388   0.00731   0.03261   0.02615   0.01466   0.00000   0.00000   0.00720   0.00000   0.00410   0.04571   0.00000   0.00537   0.18802   0.04009   0.03311   0.02539   0.01326   0.00000   0.00466   0.00000   0.05946   1.89581   1.12126   1.19581   1.50992   0.99926  
 59  0.0196   2268.133409  x:  0.36679   0.15591   0.13924   0.00624   0.04592   0.01250   0.00694   0.01314   0.00000   0.00000   0.00000   0.00640   0.03944   0.01286   0.01308   0.19709   0.03965   0.09886   0.04546   0.00650   0.00000   0.02593   0.00641   0.09349   0.06945   0.15355   0.00751   0.03291   0.02677   0.01483   0.00000   0.00000   0.00739   0.00000   0.00443   0.04580   0.00000   0.00565   0.18948   0.04071   0.03325   0.02615   0.01298   0.00000   0.00499   0.00000   0.05939   1.89141   1.11843   1.19221   1.50479   1.00407  
 60  0.0156   2268.090444  x:  0.36318   0.15848   0.13766   0.00623   0.04551   0.01324   0.00626   0.01360   0.00000   0.00000   0.00000   0.00661   0.03915   0.01289   0.01288   0.19617   0.03959   0.09881   0.04526   0.00682   0.00000   0.02558   0.00675   0.09385   0.07101   0.15353   0.00753   0.03298   0.02622   0.01466   0.00000   0.00000   0.00760   0.00000   0.00487   0.04581   0.00000   0.00586   0.19142   0.04062   0.03331   0.02502   0.01276   0.00000   0.00544   0.00000   0.06053   1.91030   1.11668   1.18904   1.50315   1.01432  
 61  0.0182   2268.042119  x:  0.36374   0.15603   0.13829   0.00638   0.04534   0.01270   0.00641   0.01324   0.00000   0.00000   0.00000   0.00649   0.03861   0.01288   0.01249   0.19581   0.03928   0.10044   0.04593   0.00672   0.00000   0.02588   0.00661   0.09325   0.07090   0.15484   0.00727   0.03292   0.02493   0.01381   0.00000   0.00000   0.00771   0.00000   0.00552   0.04535   0.00000   0.00574   0.19145   0.04023   0.03371   0.02389   0.01287   0.00000   0.00597   0.00000   0.06021   1.88364   1.11889   1.18767   1.50494   1.00098  
 62  0.0128   2268.009696  x:  0.36582   0.15453   0.13897   0.00615   0.04577   0.01281   0.00632   0.01271   0.00000   0.00000   0.00000   0.00650   0.03893   0.01298   0.01281   0.19558   0.03948   0.10021   0.04561   0.00681   0.00000   0.02615   0.00659   0.09331   0.07090   0.15351   0.00703   0.03312   0.02559   0.01291   0.00000   0.00000   0.00741   0.00000   0.00596   0.04538   0.00000   0.00543   0.19021   0.04013   0.03382   0.02505   0.01334   0.00000   0.00627   0.00000   0.06040   1.89827   1.12495   1.18932   1.51220   1.01391  
 63  0.0189   2267.994219  x:  0.36431   0.15631   0.13837   0.00624   0.04561   0.01310   0.00648   0.01292   0.00000   0.00000   0.00000   0.00650   0.03921   0.01287   0.01290   0.19567   0.03948   0.09953   0.04524   0.00668   0.00000   0.02587   0.00666   0.09339   0.07045   0.15338   0.00675   0.03276   0.02598   0.01231   0.00000   0.00000   0.00715   0.00000   0.00617   0.04565   0.00000   0.00530   0.19043   0.04021   0.03364   0.02512   0.01311   0.00000   0.00640   0.00000   0.05996   1.90216   1.12197   1.19338   1.51057   1.00402  
 64  0.0109   2267.989738  x:  0.36395   0.15718   0.13793   0.00629   0.04570   0.01299   0.00644   0.01311   0.00000   0.00000   0.00000   0.00647   0.03916   0.01299   0.01301   0.19611   0.03917   0.09947   0.04567   0.00661   0.00000   0.02584   0.00655   0.09334   0.07016   0.15353   0.00671   0.03268   0.02607   0.01235   0.00000   0.00000   0.00691   0.00000   0.00624   0.04558   0.00000   0.00528   0.19001   0.04027   0.03343   0.02493   0.01295   0.00000   0.00641   0.00000   0.06009   1.89512   1.12179   1.19418   1.51188   1.00927  
 65  0.0066   2267.985034  x:  0.36399   0.15710   0.13863   0.00624   0.04573   0.01296   0.00644   0.01301   0.00000   0.00000   0.00000   0.00646   0.03909   0.01283   0.01296   0.19641   0.03922   0.09962   0.04583   0.00648   0.00000   0.02583   0.00660   0.09323   0.07028   0.15440   0.00659   0.03275   0.02599   0.01270   0.00000   0.00000   0.00656   0.00000   0.00633   0.04556   0.00000   0.00534   0.18987   0.04029   0.03317   0.02502   0.01290   0.00000   0.00645   0.00000   0.06011   1.90073   1.12188   1.19204   1.50894   1.00773  
 66  0.0037   2267.983493  x:  0.36408   0.15659   0.13835   0.00628   0.04570   0.01293   0.00641   0.01292   0.00000   0.00000   0.00000   0.00646   0.03906   0.01297   0.01291   0.19627   0.03945   0.09957   0.04539   0.00655   0.00000   0.02587   0.00664   0.09315   0.07031   0.15388   0.00655   0.03258   0.02602   0.01288   0.00000   0.00000   0.00647   0.00000   0.00640   0.04559   0.00000   0.00535   0.18999   0.04022   0.03331   0.02491   0.01292   0.00000   0.00648   0.00000   0.06005   1.89863   1.12145   1.19267   1.50917   1.00775  
 67  0.0018   2267.983234  x:  0.36398   0.15653   0.13836   0.00623   0.04570   0.01296   0.00643   0.01297   0.00000   0.00000   0.00000   0.00646   0.03901   0.01298   0.01290   0.19620   0.03943   0.09953   0.04560   0.00661   0.00000   0.02586   0.00661   0.09318   0.07039   0.15380   0.00654   0.03252   0.02599   0.01292   0.00000   0.00000   0.00646   0.00000   0.00642   0.04561   0.00000   0.00532   0.19015   0.04022   0.03341   0.02493   0.01293   0.00000   0.00650   0.00000   0.06003   1.89922   1.12197   1.19328   1.50973   1.00751  
 68  0.0010   2267.983158  x:  0.36395   0.15662   0.13837   0.00627   0.04569   0.01296   0.00643   0.01296   0.00000   0.00000   0.00000   0.00646   0.03905   0.01294   0.01292   0.19620   0.03938   0.09960   0.04556   0.00662   0.00000   0.02586   0.00662   0.09318   0.07040   0.15387   0.00654   0.03251   0.02598   0.01295   0.00000   0.00000   0.00647   0.00000   0.00643   0.04561   0.00000   0.00528   0.19016   0.04024   0.03344   0.02495   0.01293   0.00000   0.00650   0.00000   0.06003   1.89916   1.12197   1.19335   1.50996   1.00757  
 69  0.0002   2267.983140  x:  0.36399   0.15664   0.13834   0.00624   0.04570   0.01297   0.00643   0.01295   0.00000   0.00000   0.00000   0.00646   0.03905   0.01294   0.01293   0.19620   0.03938   0.09959   0.04554   0.00661   0.00000   0.02586   0.00661   0.09319   0.07038   0.15387   0.00655   0.03252   0.02598   0.01296   0.00000   0.00000   0.00647   0.00000   0.00643   0.04560   0.00000   0.00526   0.19016   0.04024   0.03344   0.02494   0.01293   0.00000   0.00650   0.00000   0.06003   1.89898   1.12192   1.19333   1.50999   1.00746  
 70  0.0002   2267.983134  x:  0.36398   0.15661   0.13834   0.00626   0.04570   0.01297   0.00643   0.01295   0.00000   0.00000   0.00000   0.00647   0.03904   0.01294   0.01292   0.19619   0.03939   0.09957   0.04555   0.00661   0.00000   0.02586   0.00661   0.09320   0.07039   0.15386   0.00655   0.03254   0.02598   0.01296   0.00000   0.00000   0.00647   0.00000   0.00643   0.04560   0.00000   0.00525   0.19017   0.04024   0.03344   0.02494   0.01293   0.00000   0.00649   0.00000   0.06004   1.89912   1.12190   1.19333   1.50993   1.00748  
 71  0.0001   2267.983131  x:  0.36395   0.15661   0.13836   0.00625   0.04569   0.01297   0.00643   0.01295   0.00000   0.00000   0.00000   0.00647   0.03904   0.01294   0.01292   0.19617   0.03939   0.09958   0.04555   0.00661   0.00000   0.02586   0.00662   0.09319   0.07039   0.15386   0.00655   0.03254   0.02598   0.01296   0.00000   0.00000   0.00647   0.00000   0.00643   0.04561   0.00000   0.00525   0.19018   0.04024   0.03343   0.02494   0.01293   0.00000   0.00650   0.00000   0.06003   1.89904   1.12192   1.19339   1.50993   1.00753  
 72  0.0001   2267.983128  x:  0.36395   0.15661   0.13832   0.00625   0.04570   0.01297   0.00643   0.01295   0.00000   0.00000   0.00000   0.00647   0.03904   0.01294   0.01292   0.19615   0.03939   0.09959   0.04555   0.00661   0.00000   0.02585   0.00661   0.09319   0.07040   0.15387   0.00656   0.03253   0.02598   0.01296   0.00000   0.00000   0.00647   0.00000   0.00644   0.04561   0.00000   0.00525   0.19018   0.04024   0.03341   0.02494   0.01293   0.00000   0.00649   0.00000   0.06003   1.89904   1.12196   1.19334   1.50988   1.00750  
 73  0.0000   2267.983122  x:  0.36398   0.15662   0.13837   0.00625   0.04570   0.01297   0.00643   0.01295   0.00000   0.00000   0.00000   0.00646   0.03904   0.01294   0.01292   0.19616   0.03939   0.09957   0.04555   0.00661   0.00000   0.02586   0.00662   0.09319   0.07039   0.15386   0.00657   0.03252   0.02598   0.01295   0.00000   0.00000   0.00646   0.00000   0.00644   0.04561   0.00000   0.00525   0.19018   0.04024   0.03342   0.02493   0.01293   0.00000   0.00649   0.00000   0.06003   1.89907   1.12193   1.19337   1.50994   1.00747  
 74  0.0000   2267.983117  x:  0.36396   0.15661   0.13833   0.00625   0.04569   0.01297   0.00643   0.01295   0.00000   0.00000   0.00000   0.00646   0.03904   0.01294   0.01292   0.19620   0.03939   0.09957   0.04555   0.00661   0.00000   0.02586   0.00662   0.09319   0.07040   0.15388   0.00657   0.03252   0.02598   0.01295   0.00000   0.00000   0.00646   0.00000   0.00645   0.04561   0.00000   0.00525   0.19019   0.04023   0.03344   0.02494   0.01293   0.00000   0.00648   0.00000   0.06003   1.89911   1.12193   1.19342   1.50988   1.00751  
 75  0.0000   2267.983112  x:  0.36392   0.15660   0.13836   0.00625   0.04569   0.01297   0.00643   0.01295   0.00000   0.00000   0.00000   0.00647   0.03904   0.01295   0.01292   0.19619   0.03940   0.09958   0.04554   0.00661   0.00000   0.02585   0.00661   0.09319   0.07041   0.15389   0.00656   0.03253   0.02598   0.01295   0.00000   0.00000   0.00647   0.00000   0.00645   0.04561   0.00000   0.00525   0.19018   0.04024   0.03344   0.02493   0.01293   0.00000   0.00647   0.00000   0.06003   1.89903   1.12192   1.19335   1.50988   1.00750  
 76  0.0000   2267.983108  x:  0.36396   0.15662   0.13834   0.00625   0.04570   0.01297   0.00643   0.01295   0.00000   0.00000   0.00000   0.00647   0.03904   0.01294   0.01292   0.19617   0.03939   0.09958   0.04555   0.00661   0.00000   0.02585   0.00662   0.09319   0.07040   0.15386   0.00656   0.03253   0.02598   0.01295   0.00000   0.00000   0.00647   0.00000   0.00646   0.04561   0.00000   0.00525   0.19017   0.04024   0.03344   0.02493   0.01293   0.00000   0.00646   0.00000   0.06003   1.89908   1.12192   1.19334   1.50991   1.00751  
 77  0.0000   2267.983107  x:  0.36397   0.15661   0.13835   0.00625   0.04570   0.01297   0.00643   0.01295   0.00000   0.00000   0.00000   0.00647   0.03904   0.01294   0.01292   0.19617   0.03939   0.09957   0.04555   0.00661   0.00000   0.02586   0.00661   0.09319   0.07039   0.15387   0.00656   0.03253   0.02598   0.01296   0.00000   0.00000   0.00647   0.00000   0.00646   0.04561   0.00000   0.00525   0.19018   0.04024   0.03343   0.02494   0.01293   0.00000   0.00646   0.00000   0.06003   1.89910   1.12194   1.19337   1.50994   1.00751  
 78  0.0000   2267.983107  x:  0.36397   0.15661   0.13835   0.00625   0.04570   0.01297   0.00643   0.01295   0.00000   0.00000   0.00000   0.00646   0.03904   0.01294   0.01292   0.19617   0.03939   0.09957   0.04555   0.00661   0.00000   0.02586   0.00661   0.09319   0.07039   0.15387   0.00656   0.03253   0.02598   0.01296   0.00000   0.00000   0.00647   0.00000   0.00646   0.04561   0.00000   0.00525   0.19018   0.04024   0.03343   0.02494   0.01293   0.00000   0.00646   0.00000   0.06003   1.89909   1.12193   1.19337   1.50994   1.00750  
 79  0.0000   2267.983107  x:  0.36396   0.15661   0.13835   0.00625   0.04570   0.01297   0.00643   0.01295   0.00000   0.00000   0.00000   0.00647   0.03904   0.01294   0.01292   0.19617   0.03939   0.09957   0.04555   0.00661   0.00000   0.02586   0.00661   0.09319   0.07040   0.15387   0.00656   0.03253   0.02598   0.01296   0.00000   0.00000   0.00647   0.00000   0.00646   0.04561   0.00000   0.00525   0.19018   0.04024   0.03343   0.02494   0.01293   0.00000   0.00646   0.00000   0.06003   1.89909   1.12193   1.19337   1.50994   1.00750  
 80  0.0000   2267.983107  x:  0.36397   0.15661   0.13835   0.00625   0.04570   0.01297   0.00643   0.01295   0.00000   0.00000   0.00000   0.00647   0.03904   0.01294   0.01292   0.19617   0.03939   0.09957   0.04555   0.00661   0.00000   0.02586   0.00661   0.09319   0.07040   0.15387   0.00656   0.03253   0.02598   0.01296   0.00000   0.00000   0.00647   0.00000   0.00646   0.04561   0.00000   0.00525   0.19018   0.04024   0.03343   0.02494   0.01293   0.00000   0.00646   0.00000   0.06003   1.89909   1.12193   1.19337   1.50994   1.00750  

TREE # 2

  0  0.0000   2277.649868  x:  0.08828   0.14454   0.01281   0.03866   0.02698   0.01792   0.00749   0.00035   0.00530   0.00223   0.01240   0.04150   0.00429   0.00315   0.18349   0.04332   0.02440   0.02631   0.01885   0.00480   0.01168   0.00318   0.06119   0.13670   0.13691   0.00198   0.05341   0.01409   0.01014   0.01885   0.00093   0.00100   0.01077   0.00319   0.04603   0.01418   0.01996   0.18798   0.03684   0.08779   0.04602   0.01175   0.00000   0.02427   0.01492   0.08944   0.33636   1.89909   1.10496   1.11795   1.41812   1.00750  
  1 99.0000   2277.647939  x:  0.08828   0.14454   0.01281   0.03866   0.02698   0.01792   0.00749   0.00035   0.00530   0.00223   0.01240   0.04150   0.00429   0.00315   0.18349   0.04332   0.02440   0.02631   0.01885   0.00480   0.01168   0.00318   0.06119   0.13670   0.13691   0.00198   0.05341   0.01409   0.01014   0.01884   0.00093   0.00100   0.01077   0.00319   0.04603   0.01418   0.01996   0.18798   0.03684   0.08779   0.04602   0.01175   0.00000   0.02427   0.01492   0.08944   0.33636   1.89909   1.10496   1.11795   1.41812   1.00750  
  2 608.3042   2277.068626  x:  0.08824   0.14456   0.01266   0.03861   0.02696   0.01783   0.00715   0.00000   0.00536   0.00189   0.01224   0.04153   0.00394   0.00324   0.18350   0.04330   0.02451   0.02628   0.01874   0.00445   0.01154   0.00283   0.06118   0.13674   0.13692   0.00193   0.05336   0.01407   0.01002   0.01874   0.00059   0.00066   0.01043   0.00331   0.04598   0.01415   0.01985   0.18800   0.03686   0.08783   0.04602   0.01162   0.00000   0.02429   0.01475   0.08945   0.33638   1.89909   1.10495   1.11796   1.41813   1.00750  
  3 2046.8152   2276.222671  x:  0.08817   0.14459   0.01243   0.03852   0.02695   0.01769   0.00657   0.00000   0.00539   0.00130   0.01200   0.04159   0.00336   0.00329   0.18352   0.04326   0.02466   0.02624   0.01858   0.00387   0.01132   0.00225   0.06118   0.13680   0.13692   0.00196   0.05328   0.01403   0.00986   0.01858   0.00000   0.00008   0.00984   0.00317   0.04590   0.01411   0.01969   0.18802   0.03689   0.08790   0.04601   0.01142   0.00000   0.02431   0.01447   0.08948   0.33642   1.89909   1.10494   1.11797   1.41815   1.00750  
  4 9485.3126   2276.130748  x:  0.08816   0.14460   0.01241   0.03851   0.02694   0.01769   0.00649   0.00000   0.00538   0.00123   0.01199   0.04159   0.00328   0.00325   0.18352   0.04326   0.02467   0.02624   0.01857   0.00379   0.01131   0.00217   0.06118   0.13680   0.13693   0.00196   0.05328   0.01403   0.00985   0.01857   0.00000   0.00000   0.00977   0.00317   0.04589   0.01411   0.01967   0.18803   0.03690   0.08791   0.04601   0.01141   0.00000   0.02431   0.01445   0.08948   0.33643   1.89909   1.10493   1.11798   1.41815   1.00751  
  5 4331.4272   2274.968661  x:  0.08803   0.14465   0.01238   0.03843   0.02694   0.01767   0.00527   0.00000   0.00530   0.00000   0.01199   0.04163   0.00205   0.00330   0.18356   0.04322   0.02464   0.02622   0.01853   0.00257   0.01136   0.00095   0.06118   0.13691   0.13694   0.00198   0.05316   0.01407   0.00999   0.01853   0.00000   0.00000   0.00855   0.00318   0.04579   0.01415   0.01958   0.18807   0.03693   0.08801   0.04602   0.01142   0.00000   0.02435   0.01426   0.08951   0.33650   1.89908   1.10490   1.11801   1.41819   1.00751  
  6 5974.8968   2274.225202  x:  0.08794   0.14469   0.01237   0.03838   0.02694   0.01767   0.00434   0.00000   0.00535   0.00000   0.01200   0.04165   0.00111   0.00328   0.18359   0.04320   0.02463   0.02621   0.01851   0.00164   0.01139   0.00000   0.06118   0.13699   0.13694   0.00198   0.05308   0.01408   0.01005   0.01851   0.00000   0.00000   0.00761   0.00319   0.04572   0.01416   0.01953   0.18810   0.03694   0.08808   0.04603   0.01142   0.00000   0.02437   0.01416   0.08954   0.33656   1.89908   1.10488   1.11803   1.41822   1.00751  
  7 68379.3001   2273.530997  x:  0.08784   0.14473   0.01237   0.03834   0.02693   0.01767   0.00325   0.00000   0.00535   0.00000   0.01201   0.04167   0.00000   0.00329   0.18361   0.04318   0.02462   0.02620   0.01851   0.00054   0.01140   0.00000   0.06117   0.13707   0.13695   0.00199   0.05302   0.01408   0.01004   0.01850   0.00000   0.00000   0.00652   0.00320   0.04566   0.01416   0.01951   0.18813   0.03696   0.08815   0.04604   0.01141   0.00000   0.02438   0.01410   0.08956   0.33662   1.89908   1.10485   1.11806   1.41825   1.00751  
  8 74184.3044   2273.275600  x:  0.08780   0.14475   0.01237   0.03833   0.02693   0.01767   0.00272   0.00000   0.00534   0.00000   0.01201   0.04167   0.00000   0.00329   0.18363   0.04317   0.02462   0.02620   0.01850   0.00000   0.01140   0.00000   0.06117   0.13711   0.13695   0.00200   0.05299   0.01408   0.01004   0.01850   0.00000   0.00000   0.00598   0.00320   0.04563   0.01416   0.01949   0.18815   0.03696   0.08818   0.04604   0.01141   0.00000   0.02439   0.01408   0.08957   0.33665   1.89908   1.10484   1.11807   1.41827   1.00751  
  9 484433.4594   2272.403722  x:  0.08773   0.14478   0.01232   0.03829   0.02692   0.01764   0.00000   0.00000   0.00533   0.00000   0.01204   0.04171   0.00000   0.00329   0.18365   0.04316   0.02455   0.02617   0.01842   0.00000   0.01155   0.00000   0.06116   0.13717   0.13695   0.00202   0.05300   0.01403   0.00998   0.01842   0.00000   0.00000   0.00326   0.00322   0.04558   0.01414   0.01937   0.18818   0.03698   0.08818   0.04603   0.01147   0.00000   0.02444   0.01382   0.08957   0.33675   1.89907   1.10479   1.11812   1.41836   1.00751  
 10 17585.9963   2271.872169  x:  0.08790   0.14470   0.01255   0.03806   0.02693   0.01778   0.00000   0.00000   0.00532   0.00000   0.01221   0.04184   0.00000   0.00329   0.18361   0.04306   0.02456   0.02610   0.01850   0.00000   0.01138   0.00000   0.06117   0.13703   0.13695   0.00205   0.05289   0.01419   0.00995   0.01851   0.00000   0.00000   0.00000   0.00324   0.04538   0.01417   0.01918   0.18813   0.03710   0.08810   0.04605   0.01122   0.00000   0.02449   0.01346   0.08955   0.33675   1.89906   1.10478   1.11817   1.41843   1.00751  
 11 1812.0235   2271.674183  x:  0.08996   0.14382   0.01208   0.03451   0.02700   0.01750   0.00000   0.00000   0.00524   0.00000   0.01085   0.04299   0.00000   0.00336   0.18310   0.04133   0.02520   0.02578   0.01911   0.00000   0.01162   0.00000   0.06164   0.13531   0.13709   0.00223   0.04916   0.01106   0.01103   0.01910   0.00000   0.00000   0.00000   0.00348   0.04036   0.01377   0.01902   0.18750   0.03832   0.08852   0.04721   0.01215   0.00000   0.02479   0.01353   0.08972   0.33760   1.89871   1.10405   1.11974   1.42090   1.00744  
 12 21.4836   2271.478223  x:  0.09048   0.14356   0.01029   0.03297   0.02695   0.01646   0.00000   0.00000   0.00517   0.00000   0.01019   0.04322   0.00000   0.00345   0.18293   0.04028   0.02482   0.02571   0.01834   0.00000   0.01298   0.00000   0.06212   0.13481   0.13738   0.00237   0.04503   0.01484   0.00958   0.01821   0.00000   0.00000   0.00000   0.00373   0.03689   0.01374   0.01943   0.18729   0.03849   0.09071   0.04825   0.01343   0.00000   0.02472   0.01441   0.09043   0.33927   1.89821   1.10292   1.12211   1.42440   1.00735  
 13 36.1536   2270.783848  x:  0.08393   0.14613   0.01060   0.03683   0.02650   0.01589   0.00000   0.00000   0.00493   0.00000   0.01347   0.04152   0.00000   0.00340   0.18436   0.04069   0.02376   0.02591   0.01433   0.00000   0.01172   0.00000   0.06289   0.13986   0.13873   0.00281   0.03708   0.01261   0.01045   0.01413   0.00000   0.00000   0.00000   0.00448   0.03867   0.01577   0.01881   0.18903   0.03617   0.10344   0.04918   0.01050   0.00000   0.02382   0.01274   0.09436   0.34775   1.89617   1.09795   1.13230   1.43864   1.00704  
 14 36.3392   2270.107987  x:  0.07305   0.15064   0.00977   0.03748   0.02658   0.01640   0.00000   0.00000   0.00475   0.00000   0.00935   0.04163   0.00000   0.00338   0.18704   0.04142   0.02564   0.02607   0.01805   0.00000   0.01185   0.00000   0.06247   0.14859   0.13982   0.00322   0.03953   0.01347   0.01149   0.01821   0.00000   0.00000   0.00000   0.00517   0.04136   0.01257   0.01691   0.19227   0.03631   0.11511   0.04844   0.01172   0.00000   0.02567   0.00838   0.09782   0.35717   1.89409   1.09281   1.14314   1.45315   1.00672  
 15 92.4999   2269.846593  x:  0.06670   0.15367   0.00963   0.03364   0.02674   0.01593   0.00000   0.00000   0.00469   0.00000   0.00968   0.04371   0.00000   0.00339   0.18905   0.04098   0.02569   0.02610   0.01699   0.00000   0.01235   0.00000   0.06111   0.15469   0.13977   0.00338   0.04512   0.01327   0.01099   0.01695   0.00000   0.00000   0.00000   0.00543   0.04017   0.01576   0.01559   0.19469   0.03871   0.11685   0.04696   0.01105   0.00000   0.02648   0.01049   0.09804   0.36168   1.89322   1.09070   1.14823   1.45934   1.00658  
 16 63.1172   2269.757595  x:  0.06464   0.15532   0.00989   0.03270   0.02669   0.01583   0.00000   0.00000   0.00468   0.00000   0.01044   0.04407   0.00000   0.00338   0.19031   0.04071   0.02538   0.02681   0.01581   0.00000   0.01161   0.00000   0.06005   0.15837   0.13925   0.00338   0.04603   0.01347   0.01173   0.01566   0.00000   0.00000   0.00000   0.00551   0.03901   0.01337   0.01738   0.19621   0.03909   0.11417   0.04624   0.01113   0.00000   0.02525   0.01006   0.09698   0.36355   1.89293   1.09013   1.15043   1.46152   1.00651  
 17 32.0365   2269.659784  x:  0.06312   0.15784   0.00954   0.03375   0.02656   0.01605   0.00000   0.00000   0.00466   0.00000   0.00958   0.04354   0.00000   0.00337   0.19239   0.04055   0.02525   0.02771   0.01633   0.00000   0.01158   0.00000   0.05864   0.16447   0.13811   0.00343   0.04401   0.01336   0.01143   0.01634   0.00000   0.00000   0.00000   0.00558   0.03814   0.01510   0.01748   0.19875   0.03817   0.10719   0.04598   0.01117   0.00000   0.02453   0.00918   0.09467   0.36626   1.89260   1.08972   1.15379   1.46429   1.00638  
 18 29.3885   2269.633725  x:  0.06316   0.15850   0.00954   0.03386   0.02660   0.01574   0.00000   0.00000   0.00466   0.00000   0.00987   0.04346   0.00000   0.00336   0.19300   0.04059   0.02569   0.02734   0.01634   0.00000   0.01179   0.00000   0.05870   0.16635   0.13780   0.00348   0.04315   0.01345   0.01167   0.01629   0.00000   0.00000   0.00000   0.00560   0.03856   0.01427   0.01620   0.19950   0.03808   0.10512   0.04652   0.01084   0.00000   0.02566   0.01003   0.09422   0.36718   1.89251   1.08974   1.15506   1.46518   1.00632  
 19 22.1911   2269.613568  x:  0.06437   0.15857   0.00977   0.03328   0.02677   0.01578   0.00000   0.00000   0.00465   0.00000   0.00960   0.04355   0.00000   0.00334   0.19336   0.04083   0.02583   0.02639   0.01612   0.00000   0.01142   0.00000   0.06008   0.16784   0.13768   0.00349   0.04311   0.01353   0.01162   0.01595   0.00000   0.00000   0.00000   0.00561   0.03966   0.01457   0.01690   0.20001   0.03871   0.10426   0.04816   0.01134   0.00000   0.02601   0.00980   0.09464   0.36832   1.89245   1.09021   1.15710   1.46632   1.00619  
 20  7.7455   2269.588309  x:  0.06604   0.15809   0.00869   0.03332   0.02660   0.01571   0.00000   0.00000   0.00465   0.00000   0.00992   0.04363   0.00000   0.00338   0.19355   0.04090   0.02541   0.02641   0.01630   0.00000   0.01180   0.00000   0.06147   0.16902   0.13764   0.00355   0.04385   0.01343   0.01179   0.01638   0.00000   0.00000   0.00000   0.00563   0.03958   0.01442   0.01675   0.20034   0.03876   0.10407   0.04904   0.01041   0.00000   0.02500   0.00978   0.09525   0.36980   1.89240   1.09122   1.16039   1.46807   1.00596  
 21 10.9833   2269.536844  x:  0.06865   0.15652   0.01011   0.03435   0.02627   0.01511   0.00000   0.00000   0.00464   0.00000   0.00886   0.04355   0.00000   0.00334   0.19353   0.04083   0.02556   0.02710   0.01578   0.00000   0.01176   0.00000   0.06260   0.17004   0.13761   0.00369   0.04517   0.01359   0.01197   0.01584   0.00000   0.00000   0.00000   0.00565   0.03834   0.01433   0.01570   0.20051   0.03791   0.10424   0.04855   0.01057   0.00000   0.02444   0.00983   0.09592   0.37256   1.89229   1.09381   1.16785   1.47207   1.00543  
 22 21.6794   2269.440401  x:  0.07129   0.15347   0.00856   0.03529   0.02649   0.01562   0.00000   0.00000   0.00462   0.00000   0.00995   0.04333   0.00000   0.00341   0.19298   0.04073   0.02677   0.02698   0.01572   0.00000   0.01023   0.00000   0.06192   0.16968   0.13753   0.00390   0.04612   0.01364   0.01227   0.01534   0.00000   0.00000   0.00000   0.00570   0.03756   0.01475   0.01613   0.20014   0.03708   0.10426   0.04579   0.01167   0.00000   0.02646   0.00953   0.09596   0.37670   1.89212   1.09912   1.18184   1.47978   1.00440  
 23 41.2529   2269.310011  x:  0.07172   0.15002   0.00839   0.03456   0.02690   0.01500   0.00000   0.00000   0.00459   0.00000   0.00806   0.04324   0.00000   0.00344   0.19177   0.04098   0.02639   0.02534   0.01513   0.00000   0.01136   0.00000   0.05915   0.16651   0.13740   0.00419   0.04548   0.01375   0.01276   0.01524   0.00000   0.00000   0.00000   0.00577   0.03972   0.01460   0.01737   0.19890   0.03783   0.10327   0.04303   0.00958   0.00000   0.02678   0.00958   0.09480   0.38057   1.89191   1.10680   1.20028   1.49044   1.00301  
 24 59.5889   2269.207157  x:  0.06950   0.14894   0.00785   0.03389   0.02635   0.01355   0.00000   0.00000   0.00457   0.00000   0.00836   0.04331   0.00000   0.00345   0.19062   0.04150   0.02699   0.02578   0.01508   0.00000   0.01011   0.00000   0.05781   0.16206   0.13742   0.00450   0.04528   0.01392   0.01309   0.01510   0.00000   0.00000   0.00000   0.00583   0.04167   0.01471   0.01548   0.19747   0.03857   0.10161   0.04440   0.01107   0.00000   0.02430   0.00953   0.09343   0.38154   1.89176   1.11350   1.21427   1.49934   1.00192  
 25 53.5927   2269.135039  x:  0.06692   0.15008   0.00738   0.03465   0.02608   0.01538   0.00000   0.00000   0.00455   0.00000   0.00760   0.04332   0.00000   0.00347   0.18991   0.04172   0.02767   0.02718   0.01439   0.00000   0.01041   0.00000   0.05864   0.15821   0.13757   0.00470   0.04608   0.01402   0.01336   0.01410   0.00000   0.00000   0.00000   0.00588   0.04125   0.01466   0.01541   0.19636   0.03819   0.10006   0.04715   0.01041   0.00000   0.02507   0.00930   0.09253   0.38013   1.89168   1.11883   1.22326   1.50606   1.00117  
 26 42.3776   2269.097594  x:  0.06593   0.15175   0.00748   0.03534   0.02632   0.01353   0.00000   0.00000   0.00454   0.00000   0.00787   0.04323   0.00000   0.00348   0.18974   0.04169   0.02771   0.02710   0.01435   0.00000   0.01038   0.00000   0.05957   0.15654   0.13771   0.00478   0.04671   0.01399   0.01346   0.01445   0.00000   0.00000   0.00000   0.00591   0.04050   0.01486   0.01619   0.19591   0.03766   0.09939   0.04800   0.00983   0.00000   0.02608   0.00881   0.09227   0.37814   1.89166   1.12184   1.22701   1.50972   1.00084  
 27 33.4932   2269.038598  x:  0.06665   0.15651   0.00707   0.03569   0.02677   0.01383   0.00000   0.00000   0.00452   0.00000   0.00730   0.04311   0.00000   0.00350   0.19009   0.04138   0.02665   0.02473   0.01425   0.00000   0.00950   0.00000   0.06089   0.15564   0.13813   0.00498   0.04697   0.01402   0.01370   0.01413   0.00000   0.00000   0.00000   0.00597   0.04009   0.01470   0.01547   0.19574   0.03713   0.09916   0.04629   0.01011   0.00000   0.02558   0.00899   0.09258   0.37173   1.89166   1.12746   1.23054   1.51625   1.00046  
 28 19.7030   2268.992677  x:  0.06847   0.15981   0.00701   0.03510   0.02617   0.01368   0.00000   0.00000   0.00450   0.00000   0.00749   0.04315   0.00000   0.00350   0.19060   0.04146   0.02877   0.02572   0.01393   0.00000   0.01041   0.00000   0.06091   0.15603   0.13843   0.00512   0.04669   0.01410   0.01376   0.01389   0.00000   0.00000   0.00000   0.00602   0.04091   0.01488   0.01553   0.19593   0.03771   0.09944   0.04477   0.01000   0.00000   0.02515   0.00864   0.09312   0.36557   1.89169   1.13233   1.23207   1.52184   1.00025  
 29 30.1831   2268.966955  x:  0.06957   0.15980   0.00676   0.03480   0.02603   0.01339   0.00000   0.00000   0.00449   0.00000   0.00711   0.04340   0.00000   0.00350   0.19096   0.04175   0.02752   0.02733   0.01385   0.00000   0.00976   0.00000   0.05952   0.15716   0.13844   0.00521   0.04667   0.01408   0.01383   0.01383   0.00000   0.00000   0.00000   0.00606   0.04135   0.01483   0.01537   0.19633   0.03812   0.09985   0.04524   0.00992   0.00000   0.02598   0.00858   0.09347   0.36178   1.89174   1.13531   1.23149   1.52523   1.00025  
 30 16.6276   2268.936763  x:  0.06968   0.15710   0.00669   0.03532   0.02663   0.01336   0.00000   0.00000   0.00448   0.00000   0.00714   0.04347   0.00000   0.00351   0.19133   0.04185   0.02831   0.02608   0.01373   0.00000   0.00996   0.00000   0.05748   0.15921   0.13811   0.00531   0.04725   0.01410   0.01388   0.01358   0.00000   0.00000   0.00000   0.00609   0.04073   0.01486   0.01528   0.19705   0.03760   0.10023   0.04690   0.00973   0.00000   0.02563   0.00833   0.09348   0.35757   1.89185   1.13914   1.22875   1.52955   1.00045  
 31 13.9293   2268.911579  x:  0.06838   0.15352   0.00656   0.03521   0.02536   0.01331   0.00000   0.00000   0.00447   0.00000   0.00702   0.04324   0.00000   0.00355   0.19137   0.04145   0.02840   0.02574   0.01320   0.00000   0.00979   0.00000   0.05939   0.16062   0.13753   0.00540   0.04713   0.01410   0.01390   0.01391   0.00000   0.00000   0.00000   0.00612   0.04087   0.01485   0.01523   0.19753   0.03766   0.09988   0.04620   0.00975   0.00000   0.02578   0.00829   0.09269   0.35537   1.89200   1.14244   1.22453   1.53338   1.00084  
 32 11.7870   2268.903267  x:  0.06802   0.15263   0.00652   0.03514   0.02595   0.01316   0.00000   0.00000   0.00447   0.00000   0.00697   0.04325   0.00000   0.00355   0.19131   0.04147   0.02843   0.02597   0.01388   0.00000   0.00982   0.00000   0.06014   0.16088   0.13737   0.00543   0.04703   0.01410   0.01390   0.01324   0.00000   0.00000   0.00000   0.00613   0.04099   0.01486   0.01518   0.19761   0.03773   0.09970   0.04584   0.00966   0.00000   0.02572   0.00822   0.09249   0.35521   1.89207   1.14349   1.22271   1.53467   1.00104  
 33 14.9303   2268.892456  x:  0.06789   0.15245   0.00646   0.03513   0.02730   0.01320   0.00000   0.00000   0.00448   0.00000   0.00694   0.04346   0.00000   0.00355   0.19111   0.04176   0.02857   0.02633   0.01323   0.00000   0.00978   0.00000   0.06056   0.16077   0.13729   0.00547   0.04694   0.01411   0.01387   0.01367   0.00000   0.00000   0.00000   0.00614   0.04107   0.01485   0.01501   0.19752   0.03779   0.09946   0.04556   0.00972   0.00000   0.02560   0.00819   0.09250   0.35624   1.89220   1.14469   1.21955   1.53633   1.00141  
 34  9.9939   2268.839017  x:  0.06845   0.15458   0.00631   0.03539   0.02601   0.01301   0.00000   0.00000   0.00450   0.00000   0.00677   0.04410   0.00000   0.00356   0.18995   0.04273   0.02877   0.02591   0.01335   0.00000   0.00956   0.00000   0.05957   0.15911   0.13741   0.00563   0.04720   0.01410   0.01376   0.01331   0.00000   0.00000   0.00000   0.00618   0.04093   0.01483   0.01508   0.19660   0.03766   0.09851   0.04552   0.00951   0.00000   0.02567   0.00810   0.09338   0.36438   1.89295   1.14987   1.20243   1.54420   1.00357  
 35 17.7030   2268.831966  x:  0.06867   0.15490   0.00629   0.03520   0.02615   0.01299   0.00000   0.00000   0.00450   0.00000   0.00676   0.04299   0.00000   0.00361   0.19005   0.04129   0.02878   0.02601   0.01329   0.00000   0.00953   0.00000   0.05935   0.15890   0.13755   0.00565   0.04747   0.01409   0.01373   0.01327   0.00000   0.00000   0.00000   0.00618   0.04120   0.01483   0.01502   0.19654   0.03766   0.09862   0.04575   0.00946   0.00000   0.02569   0.00805   0.09304   0.36524   1.89309   1.14992   1.20052   1.54475   1.00392  
 36  6.7079   2268.796923  x:  0.06987   0.15523   0.00622   0.03592   0.02613   0.01292   0.00000   0.00000   0.00455   0.00000   0.00667   0.04462   0.00000   0.00361   0.19270   0.04085   0.02895   0.02590   0.01327   0.00000   0.00938   0.00000   0.05958   0.15815   0.13885   0.00577   0.04760   0.01404   0.01338   0.01325   0.00000   0.00000   0.00000   0.00622   0.04155   0.01474   0.01512   0.19695   0.03778   0.10020   0.04624   0.00940   0.00000   0.02563   0.00810   0.08819   0.36555   1.89426   1.14283   1.19577   1.54163   1.00633  
 37  2.2653   2268.713885  x:  0.07048   0.15466   0.00620   0.03411   0.02609   0.01288   0.00000   0.00000   0.00467   0.00000   0.00658   0.04112   0.00000   0.00348   0.19630   0.04451   0.02925   0.02570   0.01313   0.00000   0.00894   0.00000   0.05974   0.15643   0.13981   0.00606   0.04809   0.01382   0.01253   0.01313   0.00000   0.00000   0.00000   0.00632   0.04081   0.01462   0.01481   0.19741   0.03715   0.10010   0.04607   0.00892   0.00000   0.02570   0.00786   0.08709   0.36448   1.89716   1.12465   1.18615   1.53214   1.01205  
 38 15.7408   2268.541076  x:  0.06985   0.15285   0.00596   0.03613   0.02607   0.01261   0.00000   0.00000   0.00491   0.00000   0.00626   0.04321   0.00000   0.00359   0.19907   0.04200   0.03011   0.02576   0.01290   0.00000   0.00814   0.00000   0.05939   0.15369   0.13942   0.00667   0.04829   0.01349   0.01068   0.01291   0.00000   0.00000   0.00000   0.00652   0.04168   0.01420   0.01488   0.19751   0.03813   0.09656   0.04495   0.00848   0.00000   0.02539   0.00794   0.09380   0.36126   1.90323   1.08746   1.16745   1.51076   1.02355  
 39 45.5774   2268.484692  x:  0.06999   0.15367   0.00592   0.03457   0.02604   0.01256   0.00000   0.00000   0.00499   0.00000   0.00617   0.04412   0.00000   0.00366   0.19210   0.04161   0.03034   0.02595   0.01284   0.00000   0.00791   0.00000   0.05945   0.15587   0.13787   0.00688   0.04850   0.01336   0.01002   0.01286   0.00000   0.00000   0.00000   0.00660   0.04252   0.01412   0.01495   0.19637   0.03521   0.09677   0.04519   0.00826   0.00000   0.02535   0.00787   0.09270   0.36040   1.90512   1.07973   1.16279   1.50154   1.02605  
 40 12.5892   2268.444503  x:  0.07008   0.15446   0.00590   0.03587   0.02606   0.01251   0.00000   0.00000   0.00505   0.00000   0.00613   0.04320   0.00000   0.00369   0.18646   0.04207   0.03051   0.02576   0.01279   0.00000   0.00771   0.00000   0.05945   0.15784   0.13687   0.00703   0.04857   0.01326   0.00956   0.01281   0.00000   0.00000   0.00000   0.00666   0.04186   0.01399   0.01477   0.19551   0.03777   0.09721   0.04534   0.00811   0.00000   0.02536   0.00782   0.09129   0.35997   1.90646   1.07598   1.15986   1.49406   1.02735  
 41 23.7939   2268.297155  x:  0.06918   0.15448   0.00591   0.03566   0.02606   0.01247   0.00000   0.00000   0.00527   0.00000   0.00603   0.04347   0.00000   0.00366   0.19017   0.04206   0.03108   0.02580   0.01271   0.00000   0.00710   0.00000   0.05948   0.15864   0.14160   0.00750   0.04851   0.01285   0.00760   0.01273   0.00000   0.00000   0.00000   0.00695   0.04199   0.01360   0.01463   0.19686   0.03762   0.09712   0.04516   0.00761   0.00000   0.02530   0.00766   0.09227   0.36258   1.91031   1.09286   1.15619   1.45776   1.02337  
 42  5.3535   2268.280996  x:  0.06942   0.15490   0.00595   0.03564   0.02606   0.01250   0.00000   0.00000   0.00530   0.00000   0.00605   0.04351   0.00000   0.00365   0.19177   0.04207   0.03111   0.02579   0.01272   0.00000   0.00703   0.00000   0.05947   0.15794   0.13632   0.00756   0.04854   0.01279   0.00734   0.01275   0.00000   0.00000   0.00000   0.00697   0.04201   0.01355   0.01457   0.19711   0.03766   0.09804   0.04528   0.00755   0.00000   0.02531   0.00763   0.09202   0.36289   1.91034   1.09489   1.15685   1.45701   1.02167  
 43  3.5853   2268.195613  x:  0.06944   0.15456   0.00644   0.03540   0.02609   0.01288   0.00000   0.00000   0.00553   0.00000   0.00640   0.04359   0.00000   0.00364   0.19123   0.04194   0.03102   0.02585   0.01303   0.00000   0.00673   0.00000   0.05951   0.15801   0.13805   0.00755   0.04831   0.01243   0.00558   0.01305   0.00000   0.00000   0.00000   0.00696   0.04191   0.01319   0.01457   0.19622   0.03778   0.09770   0.04533   0.00724   0.00000   0.02523   0.00767   0.09201   0.36228   1.90647   1.10232   1.16952   1.48660   1.00269  
 44  2.2282   2268.186764  x:  0.06960   0.15455   0.00648   0.03530   0.02608   0.01291   0.00000   0.00000   0.00556   0.00000   0.00643   0.04366   0.00000   0.00367   0.19006   0.04187   0.03103   0.02582   0.01303   0.00000   0.00670   0.00000   0.05952   0.15675   0.13815   0.00751   0.04824   0.01242   0.00554   0.01306   0.00000   0.00000   0.00000   0.00695   0.04186   0.01317   0.01450   0.20048   0.03782   0.09787   0.04531   0.00717   0.00000   0.02525   0.00760   0.09206   0.36233   1.90432   1.10415   1.17155   1.48909   1.00771  
 45  0.7228   2268.141731  x:  0.06960   0.15444   0.00664   0.03477   0.02605   0.01305   0.00000   0.00000   0.00570   0.00000   0.00658   0.04408   0.00000   0.00381   0.19089   0.04151   0.03109   0.02564   0.01303   0.00000   0.00651   0.00000   0.05959   0.15761   0.13811   0.00725   0.04782   0.01241   0.00545   0.01306   0.00000   0.00000   0.00000   0.00691   0.04146   0.01310   0.01404   0.19638   0.03813   0.09808   0.04542   0.00681   0.00000   0.02540   0.00713   0.09218   0.36246   1.89263   1.11379   1.18201   1.50042   1.03662  
 46  3.7973   2268.048823  x:  0.06997   0.15412   0.00669   0.03347   0.02594   0.01305   0.00000   0.00000   0.00596   0.00000   0.00660   0.04517   0.00000   0.00411   0.19065   0.04084   0.03159   0.02508   0.01272   0.00000   0.00604   0.00000   0.05980   0.15694   0.13844   0.00668   0.04700   0.01262   0.00633   0.01277   0.00000   0.00000   0.00000   0.00683   0.04051   0.01313   0.01270   0.19655   0.03884   0.09859   0.04534   0.00592   0.00000   0.02582   0.00576   0.09253   0.36388   1.89369   1.11289   1.18551   1.50269   1.01293  
 47  0.3739   2268.017554  x:  0.06980   0.15414   0.00669   0.03288   0.02600   0.01303   0.00000   0.00000   0.00619   0.00000   0.00633   0.04527   0.00000   0.00437   0.19052   0.04052   0.03255   0.02511   0.01301   0.00000   0.00577   0.00000   0.05993   0.15719   0.13847   0.00655   0.04625   0.01281   0.00663   0.01307   0.00000   0.00000   0.00000   0.00655   0.03970   0.01308   0.01299   0.19647   0.03905   0.09962   0.04560   0.00601   0.00000   0.02563   0.00650   0.09296   0.36416   1.92320   1.12040   1.19331   1.51258   1.01596  
 48  0.1500   2267.995224  x:  0.06999   0.15405   0.00653   0.03243   0.02601   0.01290   0.00000   0.00000   0.00638   0.00000   0.00615   0.04544   0.00000   0.00463   0.19032   0.04027   0.03313   0.02498   0.01305   0.00000   0.00608   0.00000   0.06002   0.15696   0.13842   0.00643   0.04579   0.01292   0.00666   0.01311   0.00000   0.00000   0.00000   0.00644   0.03909   0.01299   0.01294   0.19635   0.03926   0.10005   0.04563   0.00640   0.00000   0.02566   0.00681   0.09322   0.36434   1.88810   1.12082   1.19391   1.51147   1.00632  
 49  0.2772   2267.988219  x:  0.07014   0.15394   0.00645   0.03228   0.02598   0.01286   0.00000   0.00000   0.00644   0.00000   0.00624   0.04560   0.00000   0.00476   0.19023   0.04018   0.03310   0.02485   0.01294   0.00000   0.00653   0.00000   0.06005   0.15682   0.13843   0.00630   0.04571   0.01292   0.00651   0.01299   0.00000   0.00000   0.00000   0.00650   0.03892   0.01293   0.01274   0.19628   0.03937   0.09994   0.04558   0.00669   0.00000   0.02583   0.00664   0.09324   0.36455   1.90038   1.12187   1.19530   1.51230   1.00795  
 50  0.1041   2267.983887  x:  0.07041   0.15385   0.00658   0.03246   0.02599   0.01299   0.00000   0.00000   0.00645   0.00000   0.00660   0.04567   0.00000   0.00509   0.19013   0.04018   0.03336   0.02492   0.01291   0.00000   0.00649   0.00000   0.06005   0.15658   0.13834   0.00630   0.04562   0.01301   0.00648   0.01292   0.00000   0.00000   0.00000   0.00647   0.03895   0.01294   0.01295   0.19615   0.03943   0.09959   0.04554   0.00664   0.00000   0.02587   0.00666   0.09321   0.36397   1.89891   1.12216   1.19348   1.51001   1.00700  
 51  0.0047   2267.983199  x:  0.07043   0.15385   0.00657   0.03254   0.02598   0.01296   0.00000   0.00000   0.00644   0.00000   0.00645   0.04563   0.00000   0.00522   0.19017   0.04022   0.03347   0.02494   0.01294   0.00000   0.00647   0.00000   0.06004   0.15658   0.13834   0.00627   0.04563   0.01300   0.00641   0.01296   0.00000   0.00000   0.00000   0.00646   0.03899   0.01295   0.01296   0.19616   0.03942   0.09958   0.04556   0.00660   0.00000   0.02586   0.00659   0.09321   0.36397   1.89912   1.12193   1.19326   1.50964   1.00739  
 52  0.0009   2267.983113  x:  0.07041   0.15386   0.00655   0.03254   0.02598   0.01295   0.00000   0.00000   0.00646   0.00000   0.00646   0.04561   0.00000   0.00525   0.19018   0.04024   0.03344   0.02494   0.01293   0.00000   0.00646   0.00000   0.06003   0.15661   0.13835   0.00626   0.04569   0.01297   0.00643   0.01295   0.00000   0.00000   0.00000   0.00646   0.03905   0.01294   0.01290   0.19617   0.03939   0.09957   0.04555   0.00661   0.00000   0.02586   0.00661   0.09319   0.36396   1.89903   1.12199   1.19341   1.50998   1.00750  
 53  0.0005   2267.983108  x:  0.07040   0.15387   0.00655   0.03253   0.02598   0.01296   0.00000   0.00000   0.00647   0.00000   0.00646   0.04561   0.00000   0.00525   0.19018   0.04024   0.03343   0.02494   0.01293   0.00000   0.00646   0.00000   0.06003   0.15661   0.13835   0.00626   0.04569   0.01297   0.00643   0.01295   0.00000   0.00000   0.00000   0.00646   0.03905   0.01294   0.01292   0.19617   0.03939   0.09957   0.04555   0.00660   0.00000   0.02586   0.00661   0.09319   0.36397   1.89907   1.12197   1.19341   1.50999   1.00751  
 54  0.0001   2267.983108  x:  0.07040   0.15387   0.00656   0.03253   0.02598   0.01296   0.00000   0.00000   0.00647   0.00000   0.00646   0.04561   0.00000   0.00525   0.19018   0.04024   0.03343   0.02494   0.01293   0.00000   0.00646   0.00000   0.06003   0.15661   0.13835   0.00626   0.04570   0.01297   0.00643   0.01295   0.00000   0.00000   0.00000   0.00646   0.03904   0.01294   0.01292   0.19617   0.03939   0.09957   0.04555   0.00661   0.00000   0.02586   0.00661   0.09319   0.36397   1.89909   1.12194   1.19338   1.50996   1.00751  
 55  0.0001   2267.983107  x:  0.07039   0.15387   0.00656   0.03253   0.02598   0.01296   0.00000   0.00000   0.00647   0.00000   0.00646   0.04561   0.00000   0.00526   0.19018   0.04024   0.03343   0.02494   0.01293   0.00000   0.00646   0.00000   0.06003   0.15661   0.13835   0.00625   0.04570   0.01297   0.00643   0.01295   0.00000   0.00000   0.00000   0.00646   0.03904   0.01294   0.01292   0.19617   0.03939   0.09958   0.04555   0.00661   0.00000   0.02586   0.00661   0.09319   0.36397   1.89909   1.12192   1.19336   1.50993   1.00750  
 56  0.0000   2267.983107  x:  0.07040   0.15387   0.00656   0.03253   0.02598   0.01296   0.00000   0.00000   0.00647   0.00000   0.00646   0.04561   0.00000   0.00525   0.19018   0.04024   0.03343   0.02494   0.01293   0.00000   0.00646   0.00000   0.06003   0.15661   0.13835   0.00625   0.04570   0.01297   0.00643   0.01295   0.00000   0.00000   0.00000   0.00646   0.03904   0.01294   0.01292   0.19617   0.03939   0.09957   0.04555   0.00661   0.00000   0.02586   0.00661   0.09319   0.36396   1.89909   1.12193   1.19336   1.50993   1.00750  
 57  0.0000   2267.983107  x:  0.07040   0.15387   0.00656   0.03253   0.02598   0.01296   0.00000   0.00000   0.00647   0.00000   0.00646   0.04561   0.00000   0.00525   0.19018   0.04024   0.03343   0.02494   0.01293   0.00000   0.00646   0.00000   0.06003   0.15661   0.13835   0.00625   0.04570   0.01297   0.00643   0.01295   0.00000   0.00000   0.00000   0.00646   0.03904   0.01294   0.01292   0.19617   0.03939   0.09957   0.04555   0.00661   0.00000   0.02586   0.00661   0.09319   0.36397   1.89909   1.12193   1.19337   1.50994   1.00750  
 58  0.0000   2267.983107  x:  0.07040   0.15387   0.00656   0.03253   0.02598   0.01296   0.00000   0.00000   0.00647   0.00000   0.00646   0.04561   0.00000   0.00525   0.19018   0.04024   0.03343   0.02494   0.01293   0.00000   0.00646   0.00000   0.06003   0.15661   0.13835   0.00625   0.04570   0.01297   0.00643   0.01295   0.00000   0.00000   0.00000   0.00646   0.03904   0.01294   0.01292   0.19617   0.03939   0.09957   0.04555   0.00661   0.00000   0.02586   0.00661   0.09319   0.36397   1.89909   1.12193   1.19337   1.50994   1.00750  