

TREE # 1

  0  0.0000   2347.418889  x:  0.01972   0.20925   0.02571   0.03211   0.02495   0.05815   0.02188   0.05666   0.08536   0.02661   0.17168   0.01972   0.20925   0.02571   0.03211   0.02495   0.05815   0.02188   0.05666   0.08536   0.02661   0.17168   0.21568   8.40433   1.21623   0.92655   1.16817   1.00000  
  1 99.0000   2147.274939  x:  0.00000   0.21102   0.22310   0.13794   0.03779   0.07072   0.01860   0.03534   0.07012   0.06563   0.15211   0.00258   0.20077   0.24723   0.12485   0.03147   0.06323   0.04509   0.06351   0.08485   0.14569   0.15383   0.19383   8.40441   1.21675   0.92666   1.16982   0.99876  
  2 2280.3333   2143.248792  x:  0.00000   0.21155   0.22284   0.13905   0.03735   0.07248   0.01863   0.02922   0.06501   0.06421   0.14634   0.00000   0.19825   0.24715   0.12587   0.02975   0.06389   0.04460   0.06497   0.08303   0.14502   0.14873   0.18717   8.40444   1.21687   0.92682   1.17021   0.99834  
  3 297.2609   2120.969534  x:  0.00000   0.22342   0.21884   0.14165   0.07052   0.02834   0.01587   0.00345   0.00000   0.06568   0.06300   0.00000   0.18595   0.24603   0.12524   0.06778   0.04874   0.06234   0.04175   0.07636   0.14099   0.10375   0.07320   8.40497   1.22012   0.92878   1.17746   0.99343  
  4 429.6466   2114.566708  x:  0.00000   0.22857   0.21750   0.14362   0.08069   0.03636   0.01795   0.00920   0.00614   0.06586   0.03065   0.00000   0.18237   0.24485   0.12417   0.08305   0.04580   0.06713   0.03652   0.07575   0.13955   0.08731   0.02335   8.40519   1.22167   0.92945   1.18093   0.99141  
  5 442.2654   2114.154133  x:  0.00389   0.22913   0.21737   0.14374   0.08151   0.03732   0.01806   0.00985   0.00621   0.06597   0.02851   0.00000   0.18214   0.24474   0.12403   0.08481   0.04582   0.06747   0.03649   0.07592   0.13946   0.08581   0.01868   8.40522   1.22188   0.92951   1.18136   0.99117  
  6 459.7064   2113.879000  x:  0.00325   0.23021   0.21719   0.14348   0.08163   0.03973   0.01745   0.01137   0.00320   0.06675   0.03054   0.00000   0.18242   0.24455   0.12353   0.09001   0.04813   0.06705   0.03997   0.07792   0.13963   0.08361   0.01519   8.40531   1.22264   0.92968   1.18290   0.99036  
  7 63.5744   2113.649864  x:  0.00320   0.23066   0.21714   0.14353   0.08156   0.03981   0.01734   0.01102   0.00329   0.06687   0.03082   0.00449   0.18234   0.24447   0.12343   0.09182   0.04876   0.06683   0.04071   0.07851   0.13964   0.08246   0.01497   8.40535   1.22296   0.92976   1.18357   0.99001  
  8 137.4063   2113.228473  x:  0.00320   0.23455   0.21685   0.14427   0.08056   0.03893   0.01698   0.00696   0.00647   0.06753   0.03292   0.00461   0.18029   0.24372   0.12264   0.10704   0.05296   0.06466   0.04456   0.08328   0.13978   0.06956   0.01602   8.40572   1.22590   0.93038   1.18965   0.98664  
  9 63.7020   2112.999420  x:  0.00348   0.23699   0.21676   0.14512   0.07815   0.04189   0.01846   0.00833   0.00465   0.06710   0.03231   0.00511   0.17777   0.24327   0.12267   0.11534   0.05245   0.06242   0.04147   0.08547   0.13991   0.06117   0.01989   8.40604   1.22835   0.93094   1.19464   0.98377  
 10 69.7830   2112.841748  x:  0.00324   0.23864   0.21716   0.14634   0.07124   0.04123   0.01554   0.00930   0.00479   0.06496   0.03489   0.00540   0.17378   0.24271   0.12400   0.11946   0.05004   0.05902   0.03850   0.08641   0.14028   0.05851   0.01829   8.40648   1.23179   0.93185   1.20150   0.97966  
 11 32.5731   2112.716110  x:  0.00312   0.24001   0.21771   0.14703   0.06485   0.03980   0.01934   0.00966   0.00473   0.06312   0.03540   0.00546   0.16973   0.24202   0.12530   0.12333   0.04910   0.05736   0.03843   0.08714   0.14081   0.05964   0.01704   8.40701   1.23591   0.93302   1.20950   0.97483  
 12 48.3785   2112.476117  x:  0.00345   0.24228   0.21871   0.14721   0.05721   0.04048   0.01715   0.00932   0.00412   0.06081   0.03035   0.00519   0.16193   0.24027   0.12700   0.13105   0.05030   0.05878   0.03991   0.08776   0.14181   0.06609   0.01880   8.40827   1.24565   0.93607   1.22785   0.96363  
 13 52.8212   2112.174692  x:  0.00318   0.24315   0.21988   0.14699   0.06061   0.04367   0.01781   0.00574   0.00439   0.05987   0.03444   0.00527   0.15311   0.23847   0.12770   0.13335   0.05162   0.06288   0.03593   0.08491   0.14230   0.07017   0.01805   8.41029   1.26097   0.94196   1.25543   0.94631  
 14 43.6061   2111.696458  x:  0.00324   0.24303   0.22155   0.14802   0.06915   0.04141   0.01761   0.01143   0.00485   0.05828   0.03725   0.00566   0.13914   0.23629   0.12951   0.12850   0.05255   0.06561   0.03954   0.07843   0.14228   0.06881   0.01940   8.41403   1.28905   0.95382   1.30469   0.91488  
 15 128.9749   2110.964510  x:  0.00339   0.23860   0.22192   0.14389   0.07432   0.04236   0.01744   0.00865   0.00494   0.06794   0.03410   0.00560   0.14815   0.23896   0.12428   0.11700   0.04425   0.05637   0.04356   0.08565   0.14456   0.06763   0.01918   8.42000   1.33317   0.97601   1.37499   0.86978  
 16 69.8461   2110.594738  x:  0.00346   0.23538   0.22099   0.14306   0.07223   0.04037   0.01751   0.00975   0.00467   0.07022   0.03180   0.00556   0.15779   0.24179   0.12191   0.10854   0.05350   0.05443   0.03946   0.08945   0.14482   0.06498   0.01810   8.42335   1.35741   0.98979   1.41061   0.84721  
 17 122.1177   2110.303840  x:  0.00345   0.23278   0.21782   0.14608   0.06740   0.04062   0.01754   0.00983   0.00454   0.06389   0.03267   0.00554   0.17141   0.24547   0.12343   0.10520   0.05082   0.06633   0.04095   0.08857   0.14139   0.06038   0.01807   8.42641   1.37774   1.00567   1.43252   0.83525  
 18 38.4275   2109.863413  x:  0.00348   0.23493   0.21715   0.15099   0.07048   0.04151   0.01752   0.00889   0.00418   0.05642   0.03219   0.00502   0.18327   0.24975   0.12967   0.10944   0.05195   0.05649   0.04197   0.07392   0.13241   0.06337   0.01852   8.43202   1.40946   1.03998   1.44697   0.83709  
 19 18.5100   2108.431063  x:  0.00315   0.24972   0.22579   0.14409   0.06099   0.04152   0.01760   0.00924   0.00482   0.07794   0.03292   0.00529   0.16843   0.24647   0.13278   0.09156   0.05230   0.06219   0.04297   0.07009   0.12973   0.05775   0.01806   8.45372   1.51750   1.16342   1.47001   0.87950  
 20 31.8688   2107.577816  x:  0.00313   0.24666   0.22340   0.14899   0.06811   0.04181   0.01763   0.00836   0.00417   0.05906   0.03194   0.00539   0.15535   0.24712   0.12524   0.08027   0.05261   0.05902   0.04366   0.08836   0.14542   0.05808   0.01788   8.46675   1.57309   1.21994   1.48268   0.90974  
 21 60.9437   2106.108260  x:  0.00342   0.20274   0.21903   0.15879   0.06058   0.04237   0.01759   0.00708   0.00415   0.06718   0.03045   0.00596   0.14840   0.25101   0.11257   0.07227   0.05307   0.05752   0.04645   0.06981   0.15489   0.05100   0.01705   8.49177   1.61577   1.20657   1.51781   0.97693  
 22 12.7955   2104.215078  x:  0.00349   0.19115   0.21832   0.15046   0.06416   0.04321   0.01755   0.00550   0.00423   0.06625   0.02830   0.00635   0.14741   0.25715   0.14762   0.04736   0.05455   0.05490   0.04788   0.07796   0.14045   0.04448   0.01613   8.52704   1.65487   1.16606   1.56556   1.06171  
 23 53.8221   2102.883816  x:  0.00316   0.22356   0.22620   0.15329   0.06294   0.04303   0.01746   0.00495   0.00310   0.05944   0.02800   0.00636   0.15253   0.26451   0.13244   0.02571   0.05465   0.05473   0.05085   0.07094   0.13598   0.04216   0.01592   8.55058   1.66471   1.13674   1.59045   1.10238  
 24 47.5114   2100.703403  x:  0.00337   0.21557   0.22285   0.15131   0.05905   0.04487   0.01754   0.00378   0.00375   0.06108   0.02772   0.00677   0.14795   0.25725   0.14700   0.01055   0.05612   0.05186   0.05375   0.05877   0.16283   0.03678   0.01600   8.59443   1.57373   1.14660   1.54681   1.03087  
 25 10.8874   2100.153386  x:  0.00355   0.20523   0.22895   0.15624   0.05813   0.04532   0.01757   0.00356   0.00363   0.06103   0.02763   0.00689   0.13835   0.26530   0.14029   0.00711   0.05628   0.05114   0.05426   0.06552   0.14337   0.03745   0.01590   8.60666   1.55032   1.14891   1.53003   1.00692  
 26 38.4465   2100.039730  x:  0.00358   0.20302   0.23116   0.14579   0.05708   0.04545   0.01758   0.00370   0.00403   0.05718   0.02757   0.00701   0.13614   0.27099   0.13810   0.00749   0.05624   0.05091   0.05463   0.06343   0.14246   0.03609   0.01583   8.60981   1.55169   1.14503   1.52209   0.99968  
 27  8.7144   2099.160258  x:  0.00349   0.20838   0.21443   0.15267   0.05456   0.04665   0.01761   0.00330   0.00478   0.06250   0.02813   0.00736   0.12479   0.28459   0.14174   0.00767   0.05672   0.04938   0.05580   0.06115   0.14480   0.03615   0.01588   8.63720   1.59086   1.09225   1.44349   0.93507  
 28 11.4149   2098.685486  x:  0.00351   0.20467   0.23860   0.15794   0.05378   0.04736   0.01764   0.00276   0.00405   0.05771   0.02762   0.00751   0.12824   0.26414   0.14290   0.00852   0.05706   0.04872   0.05631   0.06169   0.14488   0.03385   0.01576   8.65300   1.60033   1.07017   1.41119   0.90787  
 29 20.4543   2094.346095  x:  0.00387   0.21134   0.24002   0.17979   0.03900   0.05448   0.01791   0.00080   0.00415   0.05580   0.02761   0.00789   0.10112   0.28797   0.14655   0.02029   0.06128   0.04159   0.06165   0.06071   0.13585   0.02892   0.01613   8.80481   1.37796   1.06399   1.37615   0.84420  
 30  6.1434   2092.384145  x:  0.00388   0.21224   0.25219   0.18105   0.02615   0.06148   0.01802   0.00675   0.00560   0.05059   0.03557   0.00701   0.10710   0.29565   0.15084   0.02093   0.06504   0.03692   0.06597   0.05918   0.14203   0.04137   0.01893   8.91468   1.32822   1.03184   1.34673   0.83768  
 31  0.9569   2090.598213  x:  0.00395   0.23154   0.26837   0.18748   0.04618   0.07122   0.01852   0.00619   0.00581   0.03943   0.03476   0.00629   0.11060   0.30937   0.15775   0.02054   0.06837   0.04133   0.07387   0.05058   0.15199   0.04792   0.02010   9.09363   1.29561   0.98055   1.32892   0.87185  
 32  0.3509   2090.005467  x:  0.00390   0.24208   0.27793   0.18893   0.03850   0.07784   0.01854   0.00455   0.00566   0.04069   0.03393   0.00599   0.11791   0.32005   0.16182   0.01947   0.06974   0.04585   0.07795   0.05361   0.15904   0.04571   0.02035   9.19822   1.35331   0.98281   1.34996   0.90554  
 33  0.1865   2089.805404  x:  0.00402   0.24221   0.28311   0.19171   0.03912   0.08191   0.01863   0.00580   0.00501   0.04402   0.03106   0.00626   0.11395   0.32726   0.16482   0.02037   0.07004   0.04518   0.07927   0.05510   0.15986   0.04081   0.01930   9.23944   1.35076   1.00184   1.34539   0.88625  
 34  0.0699   2089.738384  x:  0.00404   0.23789   0.28705   0.19115   0.03839   0.08473   0.01854   0.00475   0.00443   0.04322   0.03162   0.00615   0.11415   0.33194   0.16577   0.02050   0.07003   0.04268   0.08023   0.05438   0.15970   0.04337   0.01918   9.25360   1.34715   1.00565   1.34143   0.87791  
 35  0.0262   2089.723433  x:  0.00403   0.23644   0.28796   0.19170   0.03793   0.08603   0.01851   0.00474   0.00393   0.04214   0.03196   0.00629   0.11246   0.33334   0.16541   0.02052   0.06957   0.04358   0.08031   0.05367   0.15850   0.04248   0.01907   9.24996   1.34156   0.99963   1.34204   0.88082  
 36  0.0120   2089.719511  x:  0.00404   0.23609   0.28729   0.19153   0.03859   0.08690   0.01852   0.00471   0.00373   0.04270   0.03232   0.00630   0.11325   0.33291   0.16485   0.02053   0.06926   0.04341   0.08003   0.05429   0.15811   0.04227   0.01919   9.23641   1.34248   0.99949   1.34320   0.88135  
 37  0.0109   2089.717850  x:  0.00406   0.23664   0.28671   0.19135   0.03860   0.08750   0.01851   0.00467   0.00366   0.04252   0.03195   0.00629   0.11315   0.33196   0.16463   0.02043   0.06907   0.04363   0.07976   0.05403   0.15846   0.04246   0.01909   9.22586   1.34321   1.00029   1.34299   0.88090  
 38  0.0091   2089.717566  x:  0.00406   0.23681   0.28650   0.19137   0.03848   0.08768   0.01851   0.00469   0.00374   0.04246   0.03200   0.00628   0.11303   0.33160   0.16466   0.02041   0.06916   0.04341   0.07971   0.05404   0.15844   0.04238   0.01911   9.22531   1.34317   1.00012   1.34281   0.88148  
 39  0.0009   2089.717491  x:  0.00407   0.23669   0.28640   0.19136   0.03844   0.08775   0.01851   0.00470   0.00379   0.04254   0.03204   0.00627   0.11307   0.33149   0.16469   0.02042   0.06921   0.04351   0.07970   0.05407   0.15834   0.04242   0.01913   9.22608   1.34277   1.00009   1.34252   0.88112  
 40  0.0012   2089.717484  x:  0.00407   0.23663   0.28639   0.19136   0.03845   0.08777   0.01851   0.00471   0.00380   0.04254   0.03202   0.00627   0.11309   0.33150   0.16469   0.02042   0.06923   0.04350   0.07971   0.05405   0.15829   0.04243   0.01912   9.22697   1.34292   1.00012   1.34272   0.88109  
 41  0.0009   2089.717484  x:  0.00406   0.23664   0.28638   0.19135   0.03845   0.08778   0.01851   0.00471   0.00380   0.04253   0.03202   0.00628   0.11308   0.33150   0.16469   0.02042   0.06923   0.04350   0.07973   0.05406   0.15831   0.04243   0.01913   9.22749   1.34292   1.00013   1.34274   0.88110  
 42  0.0004   2089.717484  x:  0.00406   0.23664   0.28638   0.19134   0.03845   0.08778   0.01851   0.00471   0.00380   0.04254   0.03202   0.00628   0.11308   0.33150   0.16469   0.02042   0.06924   0.04350   0.07973   0.05405   0.15831   0.04243   0.01913   9.22757   1.34291   1.00012   1.34272   0.88111  
 43  0.0001   2089.717484  x:  0.00406   0.23664   0.28638   0.19134   0.03845   0.08778   0.01851   0.00471   0.00379   0.04253   0.03202   0.00628   0.11308   0.33150   0.16469   0.02042   0.06923   0.04350   0.07973   0.05406   0.15831   0.04243   0.01913   9.22755   1.34291   1.00012   1.34272   0.88111  
 44  0.0000   2089.717484  x:  0.00406   0.23664   0.28638   0.19134   0.03845   0.08778   0.01851   0.00471   0.00379   0.04253   0.03202   0.00628   0.11308   0.33150   0.16469   0.02042   0.06923   0.04350   0.07973   0.05406   0.15831   0.04243   0.01913   9.22751   1.34291   1.00012   1.34272   0.88110  
 45  0.0000   2089.717484  x:  0.00406   0.23664   0.28638   0.19134   0.03845   0.08778   0.01851   0.00471   0.00379   0.04253   0.03202   0.00628   0.11308   0.33150   0.16469   0.02042   0.06923   0.04350   0.07973   0.05406   0.15831   0.04243   0.01913   9.22751   1.34291   1.00012   1.34272   0.88110  
 46  0.0000   2089.717484  x:  0.00406   0.23664   0.28638   0.19134   0.03845   0.08778   0.01851   0.00471   0.00379   0.04253   0.03202   0.00628   0.11308   0.33150   0.16469   0.02042   0.06923   0.04350   0.07973   0.05406   0.15831   0.04243   0.01913   9.22751   1.34291   1.00012   1.34272   0.88110  

TREE # 2

  0  0.0000   2380.595945  x:  0.00406   0.23664   0.28638   0.19134   0.03845   0.08778   0.01851   0.00471   0.00379   0.04253   0.03202   0.00628   0.11308   0.33150   0.16469   0.02042   0.06923   0.04350   0.07973   0.05406   0.15831   0.04243   0.01913   9.22751   1.29087   0.96607   1.33571   0.88110  
  1 99.0000   2259.657931  x:  0.00498   0.22814   0.27835   0.18792   0.06578   0.11208   0.05357   0.28773   0.16346   0.04234   0.04449   0.06446   0.10491   0.32322   0.16727   0.03645   0.09583   0.03821   0.09156   0.04556   0.15092   0.05314   0.01913   9.22751   1.29102   0.96645   1.33547   0.88104  
  2 5180.6216   2184.643817  x:  0.00906   0.18229   0.23505   0.16987   0.13344   0.19584   0.06472   0.28700   0.14719   0.01437   0.07382   0.05105   0.06055   0.27853   0.17985   0.06655   0.18500   0.01124   0.14047   0.00000   0.11126   0.08875   0.01758   9.22757   1.29137   0.96887   1.33370   0.88065  
  3 571.9195   2150.401806  x:  0.01048   0.11974   0.17745   0.14900   0.14189   0.22917   0.05943   0.29285   0.13637   0.00560   0.06763   0.04719   0.00000   0.21804   0.19209   0.05372   0.21169   0.00965   0.16304   0.05542   0.06697   0.08572   0.01834   9.22764   1.29176   0.97161   1.33141   0.88053  
  4 477.9411   2117.518986  x:  0.02737   0.01502   0.08430   0.12233   0.12996   0.24999   0.04744   0.30048   0.12549   0.03184   0.05351   0.05000   0.00000   0.11919   0.21046   0.02898   0.22039   0.01280   0.17260   0.04463   0.00846   0.07084   0.01848   9.22771   1.29319   0.97501   1.32835   0.88067  
  5 770.3433   2113.690280  x:  0.02716   0.00000   0.07057   0.11890   0.12814   0.25270   0.04601   0.30168   0.12369   0.03313   0.05235   0.05027   0.00000   0.10382   0.21321   0.02718   0.22134   0.01250   0.17384   0.04375   0.01335   0.06937   0.01887   9.22772   1.29346   0.97547   1.32792   0.88070  
  6 859.4951   2107.379888  x:  0.02543   0.00708   0.02873   0.10954   0.12103   0.26003   0.04167   0.30568   0.11778   0.03538   0.04949   0.05116   0.00000   0.05224   0.22239   0.02360   0.22269   0.01116   0.17657   0.04042   0.02062   0.06502   0.01958   9.22776   1.29442   0.97699   1.32652   0.88088  
  7 383.5162   2106.128150  x:  0.02062   0.00598   0.03219   0.10851   0.11636   0.25937   0.04154   0.30756   0.11485   0.03042   0.05203   0.05123   0.00000   0.03127   0.22673   0.02979   0.21926   0.00995   0.17468   0.03930   0.01804   0.06596   0.01850   9.22777   1.29520   0.97748   1.32597   0.88099  
  8 128.7890   2105.727627  x:  0.01951   0.00568   0.03315   0.10822   0.11505   0.25924   0.04152   0.30813   0.11396   0.02892   0.05275   0.05123   0.00352   0.02560   0.22804   0.03137   0.21827   0.00967   0.17415   0.03898   0.01737   0.06627   0.01827   9.22777   1.29544   0.97763   1.32581   0.88103  
  9 621.3094   2105.626460  x:  0.02374   0.00567   0.03401   0.10802   0.11386   0.26012   0.04202   0.30957   0.11178   0.02559   0.05351   0.05078   0.00352   0.02397   0.23051   0.02999   0.21682   0.01066   0.17364   0.03857   0.01768   0.06753   0.01929   9.22778   1.29611   0.97810   1.32539   0.88105  
 10 29.9323   2105.554481  x:  0.02268   0.00549   0.03269   0.10793   0.11210   0.26172   0.04239   0.31193   0.10818   0.02222   0.05382   0.05020   0.00343   0.02550   0.23516   0.02900   0.21430   0.01058   0.17262   0.03750   0.01706   0.06853   0.01819   9.22780   1.29747   0.97906   1.32455   0.88110  
 11 22.2478   2105.503662  x:  0.02193   0.00560   0.03378   0.10786   0.11191   0.26458   0.04201   0.31404   0.10467   0.02393   0.05310   0.04981   0.00337   0.02626   0.24089   0.02911   0.21280   0.01035   0.17226   0.03745   0.01734   0.06810   0.02027   9.22782   1.29953   0.98047   1.32336   0.88119  
 12 17.2394   2105.480408  x:  0.02245   0.00570   0.03455   0.10811   0.11228   0.26596   0.04164   0.31481   0.10325   0.02540   0.05307   0.04984   0.00335   0.02636   0.24370   0.02925   0.21227   0.01056   0.17213   0.03778   0.01780   0.06782   0.01856   9.22784   1.30093   0.98140   1.32260   0.88126  
 13 20.5345   2105.446653  x:  0.02260   0.00560   0.03365   0.11100   0.11420   0.26551   0.04090   0.31402   0.10401   0.02584   0.05565   0.05120   0.00332   0.02643   0.24635   0.02954   0.21154   0.01113   0.17102   0.03841   0.01766   0.06833   0.01894   9.22792   1.30588   0.98445   1.32030   0.88151  
 14  5.5411   2105.362659  x:  0.02261   0.00553   0.03400   0.11472   0.11699   0.26428   0.04174   0.31190   0.10760   0.02414   0.05227   0.05103   0.00329   0.02571   0.24969   0.02805   0.21218   0.00925   0.16969   0.03807   0.01774   0.06879   0.01877   9.22816   1.31966   0.99292   1.31432   0.88223  
 15 15.1444   2105.250505  x:  0.02203   0.00562   0.03431   0.11326   0.11537   0.26298   0.04340   0.30990   0.11143   0.02257   0.05163   0.04898   0.00325   0.02644   0.25135   0.02959   0.21520   0.01357   0.17051   0.03722   0.01799   0.06771   0.01889   9.22851   1.33901   1.00465   1.30693   0.88339  
 16 29.4839   2105.130686  x:  0.02258   0.00580   0.03515   0.10886   0.11169   0.26178   0.04371   0.30892   0.11315   0.02268   0.05501   0.04879   0.00323   0.02761   0.25010   0.02943   0.21730   0.00984   0.17177   0.03718   0.01835   0.06751   0.01889   9.22890   1.35791   1.01586   1.30101   0.88469  
 17 42.9286   2105.022706  x:  0.02083   0.00602   0.03666   0.10675   0.11268   0.26176   0.04201   0.31048   0.10925   0.02307   0.05470   0.05245   0.00325   0.02738   0.24384   0.02738   0.21689   0.01123   0.17358   0.03645   0.01875   0.07130   0.01886   9.22929   1.37217   1.02347   1.30061   0.88622  
 18 18.1220   2104.865104  x:  0.02253   0.00597   0.03538   0.10746   0.11539   0.26150   0.04139   0.31421   0.10210   0.02261   0.05270   0.05326   0.00334   0.02822   0.23366   0.03302   0.21378   0.01058   0.17440   0.03644   0.01872   0.07159   0.01900   9.22989   1.39017   1.03229   1.30425   0.88867  
 19 33.5163   2104.698538  x:  0.02129   0.00604   0.03613   0.11073   0.11869   0.26350   0.04403   0.31744   0.09766   0.02283   0.05557   0.04775   0.00341   0.02736   0.22506   0.03102   0.21128   0.01079   0.17430   0.03571   0.01903   0.06816   0.01889   9.23053   1.40503   1.03884   1.31266   0.89126  
 20 31.3712   2103.432618  x:  0.02021   0.00662   0.03919   0.12571   0.10636   0.28815   0.04270   0.31004   0.11039   0.01946   0.05644   0.04301   0.00347   0.03020   0.21552   0.03484   0.21364   0.01038   0.16404   0.03356   0.02180   0.08084   0.01893   9.23580   1.48014   1.06410   1.42601   0.91111  
 21 19.8616   2102.838763  x:  0.01954   0.00707   0.04249   0.12351   0.11080   0.28973   0.04430   0.30546   0.11343   0.01075   0.05750   0.05307   0.00342   0.03177   0.21816   0.03461   0.21589   0.00990   0.16474   0.03014   0.02311   0.07062   0.01894   9.23819   1.50835   1.07476   1.47690   0.91859  
 22 85.1198   2102.203285  x:  0.01898   0.00769   0.04287   0.11159   0.12606   0.26787   0.05208   0.30412   0.11474   0.00980   0.05943   0.04770   0.00332   0.03307   0.23002   0.03565   0.21604   0.00847   0.17193   0.02918   0.02419   0.07855   0.01897   9.24092   1.52947   1.08689   1.52933   0.92348  
 23 48.0276   2102.019143  x:  0.01883   0.00773   0.04398   0.11794   0.12390   0.25853   0.04592   0.30769   0.11059   0.00847   0.05971   0.04520   0.00331   0.03355   0.23232   0.03478   0.22612   0.00762   0.17578   0.02788   0.02464   0.07816   0.01901   9.24183   1.52371   1.09283   1.53429   0.91966  
 24 11.5476   2101.838904  x:  0.01866   0.00776   0.04414   0.12432   0.12013   0.25421   0.05489   0.30845   0.10588   0.01005   0.06000   0.04879   0.00335   0.03376   0.23247   0.03484   0.23365   0.00716   0.17645   0.02797   0.02511   0.07972   0.01901   9.24282   1.51078   1.09961   1.53193   0.91261  
 25 17.8970   2100.902914  x:  0.01743   0.00848   0.04754   0.12138   0.12764   0.26458   0.05469   0.30449   0.11133   0.00559   0.06216   0.04684   0.00360   0.03597   0.22315   0.03857   0.22948   0.00816   0.16376   0.02424   0.02768   0.08349   0.01917   9.24809   1.41981   1.12934   1.48587   0.86578  
 26 20.2619   2100.614846  x:  0.01720   0.00858   0.04850   0.12810   0.12529   0.26860   0.05572   0.30141   0.11622   0.00419   0.06268   0.04701   0.00364   0.03659   0.22233   0.03986   0.21934   0.00730   0.18346   0.02165   0.02823   0.08457   0.01919   9.24974   1.39720   1.11235   1.45985   0.85673  
 27 15.8237   2099.513160  x:  0.01590   0.00933   0.05091   0.13016   0.12947   0.26928   0.05879   0.30060   0.11469   0.00113   0.06448   0.04620   0.00366   0.03867   0.21970   0.04141   0.22980   0.00707   0.17386   0.01785   0.03073   0.08815   0.01924   9.25541   1.33845   0.98200   1.34227   0.84689  
 28 22.9872   2099.129526  x:  0.01557   0.00933   0.05151   0.13085   0.13087   0.27163   0.05883   0.29965   0.11514   0.00096   0.06499   0.04608   0.00363   0.03926   0.21955   0.04178   0.23181   0.00661   0.17460   0.01527   0.03160   0.08884   0.01926   9.25672   1.30083   0.98026   1.30920   0.93485  
 29  3.7477   2096.689786  x:  0.01523   0.00922   0.05024   0.12766   0.13765   0.28850   0.05473   0.29746   0.11237   0.00775   0.06633   0.04586   0.00376   0.03846   0.22400   0.04229   0.24513   0.00535   0.17900   0.00216   0.03511   0.08850   0.01911   9.26662   1.29703   0.97236   1.30357   0.90854  
 30  0.3855   2095.009156  x:  0.01888   0.00824   0.04451   0.12003   0.15161   0.32030   0.04708   0.29231   0.10762   0.02003   0.06956   0.04688   0.00394   0.03434   0.23531   0.04371   0.27166   0.00340   0.18539   0.01110   0.03831   0.08795   0.01849   9.25982   1.30836   0.96926   1.30595   0.86774  
 31  0.1066   2094.126825  x:  0.02078   0.00667   0.03794   0.11019   0.15873   0.34299   0.04751   0.28553   0.10242   0.01736   0.07033   0.04760   0.00403   0.02883   0.24321   0.04365   0.29149   0.00458   0.19124   0.00654   0.04029   0.08742   0.01821   9.27237   1.38191   1.03331   1.38326   0.88148  
 32  0.1518   2093.549524  x:  0.02075   0.00606   0.04227   0.11068   0.16744   0.35131   0.04901   0.27261   0.10378   0.01679   0.07136   0.04704   0.00415   0.03227   0.23711   0.04398   0.30302   0.00332   0.19565   0.00209   0.04110   0.08885   0.01852   9.32414   1.34621   1.01044   1.34432   0.88079  
 33  0.0606   2092.797291  x:  0.01542   0.00535   0.04845   0.11436   0.17450   0.35193   0.05230   0.24966   0.10225   0.01782   0.07148   0.04508   0.00422   0.03589   0.22887   0.04400   0.30845   0.00232   0.19940   0.00621   0.03990   0.09088   0.01891   9.41081   1.28504   0.96392   1.27909   0.88595  
 34  0.0655   2090.692741  x:  0.02016   0.00337   0.04808   0.11296   0.17712   0.35176   0.05578   0.18250   0.08424   0.01127   0.06793   0.04335   0.00411   0.03330   0.23807   0.04038   0.31109   0.00078   0.19973   0.00679   0.03574   0.09062   0.01852   9.51438   1.33941   0.99256   1.34362   0.88997  
 35  0.0461   2089.914309  x:  0.01916   0.00619   0.04318   0.11116   0.16784   0.34014   0.05276   0.16294   0.07706   0.01884   0.06815   0.04387   0.00405   0.03058   0.24122   0.04117   0.29570   0.00699   0.19387   0.00609   0.03602   0.08869   0.01838   9.36171   1.34320   1.00150   1.34331   0.86599  
 36  0.1135   2089.744572  x:  0.01897   0.00696   0.04134   0.11166   0.16092   0.33294   0.05338   0.16624   0.08072   0.02020   0.06878   0.04373   0.00402   0.03088   0.23847   0.04191   0.28741   0.00344   0.19105   0.00530   0.03678   0.08777   0.01851   9.27557   1.34866   1.00488   1.34631   0.87760  
 37  0.0984   2089.722997  x:  0.01928   0.00675   0.04216   0.11331   0.15909   0.33132   0.05435   0.16476   0.07966   0.02056   0.06921   0.04345   0.00403   0.03222   0.23624   0.04235   0.28642   0.00385   0.19129   0.00478   0.03732   0.08782   0.01856   9.24005   1.34137   0.99847   1.34129   0.88349  
 38  0.0329   2089.718737  x:  0.01891   0.00639   0.04234   0.11315   0.15826   0.33192   0.05402   0.16448   0.07955   0.02054   0.06937   0.04351   0.00405   0.03207   0.23666   0.04263   0.28666   0.00371   0.19143   0.00458   0.03796   0.08778   0.01850   9.22464   1.34186   0.99992   1.34208   0.88075  
 39  0.0107   2089.717706  x:  0.01914   0.00626   0.04245   0.11306   0.15815   0.33177   0.05400   0.16482   0.07992   0.02044   0.06932   0.04350   0.00406   0.03205   0.23669   0.04262   0.28657   0.00386   0.19138   0.00468   0.03825   0.08778   0.01851   9.22338   1.34291   1.00030   1.34281   0.88061  
 40  0.0017   2089.717530  x:  0.01916   0.00625   0.04244   0.11306   0.15820   0.33157   0.05405   0.16473   0.07966   0.02043   0.06926   0.04350   0.00406   0.03202   0.23665   0.04258   0.28646   0.00378   0.19133   0.00472   0.03836   0.08779   0.01852   9.22533   1.34312   1.00019   1.34289   0.88103  
 41  0.0021   2089.717491  x:  0.01912   0.00627   0.04244   0.11308   0.15828   0.33147   0.05407   0.16461   0.07975   0.02042   0.06924   0.04350   0.00406   0.03202   0.23663   0.04255   0.28638   0.00379   0.19133   0.00471   0.03842   0.08778   0.01851   9.22696   1.34295   1.00011   1.34277   0.88121  
 42  0.0015   2089.717484  x:  0.01912   0.00628   0.04243   0.11309   0.15830   0.33147   0.05406   0.16470   0.07973   0.02042   0.06923   0.04350   0.00406   0.03202   0.23663   0.04254   0.28637   0.00380   0.19133   0.00471   0.03844   0.08778   0.01851   9.22738   1.34288   1.00010   1.34271   0.88114  
 43  0.0006   2089.717484  x:  0.01913   0.00628   0.04243   0.11309   0.15831   0.33149   0.05405   0.16469   0.07973   0.02042   0.06923   0.04350   0.00406   0.03202   0.23664   0.04254   0.28638   0.00379   0.19134   0.00471   0.03845   0.08778   0.01851   9.22750   1.34290   1.00012   1.34271   0.88110  
 44  0.0001   2089.717484  x:  0.01913   0.00628   0.04243   0.11308   0.15831   0.33150   0.05406   0.16469   0.07973   0.02042   0.06923   0.04350   0.00406   0.03202   0.23664   0.04253   0.28638   0.00380   0.19134   0.00471   0.03845   0.08778   0.01851   9.22750   1.34292   1.00012   1.34272   0.88110  
 45  0.0000   2089.717484  x:  0.01913   0.00628   0.04243   0.11308   0.15831   0.33150   0.05406   0.16469   0.07973   0.02042   0.06923   0.04350   0.00406   0.03202   0.23664   0.04253   0.28638   0.00379   0.19134   0.00471   0.03845   0.08778   0.01851   9.22750   1.34291   1.00012   1.34272   0.88110  
 46  0.0000   2089.717484  x:  0.01913   0.00628   0.04243   0.11308   0.15831   0.33150   0.05406   0.16469   0.07973   0.02042   0.06923   0.04350   0.00406   0.03202   0.23664   0.04253   0.28638   0.00379   0.19134   0.00471   0.03845   0.08778   0.01851   9.22750   1.34291   1.00012   1.34272   0.88110  
 47  0.0000   2089.717484  x:  0.01913   0.00628   0.04243   0.11308   0.15831   0.33150   0.05406   0.16469   0.07973   0.02042   0.06923   0.04350   0.00406   0.03202   0.23664   0.04253   0.28638   0.00379   0.19134   0.00471   0.03845   0.08778   0.01851   9.22750   1.34291   1.00012   1.34272   0.88110  
 48  0.0000   2089.717484  x:  0.01913   0.00628   0.04243   0.11308   0.15831   0.33150   0.05406   0.16469   0.07973   0.02042   0.06923   0.04350   0.00406   0.03202   0.23664   0.04253   0.28638   0.00379   0.19134   0.00471   0.03845   0.08778   0.01851   9.22750   1.34291   1.00012   1.34272   0.88110  
 49  0.0000   2089.717484  x:  0.01913   0.00628   0.04243   0.11308   0.15831   0.33150   0.05406   0.16469   0.07973   0.02042   0.06923   0.04350   0.00406   0.03202   0.23664   0.04253   0.28638   0.00379   0.19134   0.00471   0.03845   0.08778   0.01851   9.22750   1.34291   1.00012   1.34272   0.88110  
 50  0.0000   2089.717484  x:  0.01913   0.00628   0.04243   0.11308   0.15831   0.33150   0.05406   0.16469   0.07973   0.02042   0.06923   0.04350   0.00406   0.03202   0.23664   0.04253   0.28638   0.00379   0.19134   0.00471   0.03845   0.08778   0.01851   9.22750   1.34291   1.00012   1.34272   0.88110  