

TREE # 1

  0  0.0000  22086.207938  x:  0.09065   0.07610   0.02156   0.06326   0.08653   0.09606   0.07735   0.08004   0.06146   0.10719   0.06274   0.08338   0.08286   0.02416   0.02045   0.01482   0.06096   0.01864   0.07601   0.00000   0.10776   0.04167   0.06806   0.03080   0.05582   0.09637   0.07975   0.03805   0.06068   0.04535   0.01118   0.05575   0.01743   0.07973   0.10140   0.03698   0.05620   0.09588   0.19976   8.40433   0.76032   0.99511   0.88788   1.00000  
  1 99.0000  17424.680642  x:  0.08904   0.57571   1.80604   0.97400   0.32500   0.41804   0.37096   0.51980   0.46222   0.17250   0.09833   0.05256   0.21776   0.62889   0.34672   0.52991   0.10769   0.08658   0.03122   0.06466   0.45767   0.95603   0.85929   0.73409   0.66084   0.32703   0.48943   0.64805   0.32114   0.19644   0.48646   0.21707   0.89076   0.08080   0.11879   0.20905   0.06973   0.05276   0.95806   8.36248   0.74618   1.03534   0.86276   0.99431  
  2 13397.9302  17195.640021  x:  0.03277   0.60119   1.80259   0.99570   0.35884   0.47709   0.39736   0.55477   0.48137   0.18026   0.07058   0.00000   0.21330   0.56985   0.25861   0.43755   0.11199   0.00220   0.02254   0.00389   0.50658   0.96744   0.89000   0.71527   0.66988   0.34028   0.51417   0.63936   0.30023   0.15079   0.40292   0.16883   0.82757   0.04565   0.11362   0.14178   0.05533   0.01631   1.19629   8.29532   0.79058   1.03107   0.87793   0.97597  
  3 819.0990  17195.640021  x:  0.03277   0.60119   1.80259   0.99570   0.35884   0.47709   0.39736   0.55477   0.48137   0.18026   0.07058   0.00000   0.21330   0.56985   0.25861   0.43755   0.11199   0.00220   0.02254   0.00389   0.50658   0.96744   0.89000   0.71527   0.66988   0.34028   0.51417   0.63936   0.30023   0.15079   0.40292   0.16883   0.82757   0.04565   0.11362   0.14178   0.05533   0.01631   1.19629   8.29532   0.79058   1.03107   0.87793   0.97597  
  4 9000.9211  17165.718910  x:  0.03055   0.60183   1.80203   0.99618   0.35942   0.47844   0.39789   0.55560   0.48174   0.18059   0.07059   0.01082   0.21372   0.56795   0.25585   0.43436   0.11260   0.06785   0.02564   0.00161   0.50789   0.96756   0.89076   0.71436   0.66999   0.34057   0.51481   0.63892   0.29976   0.14980   0.40011   0.16784   0.82523   0.04641   0.11404   0.14033   0.05629   0.02292   1.20244   8.29300   0.79101   1.03147   0.87824   0.97549  
  5 4342.6819  17160.350147  x:  0.02900   0.60228   1.80163   0.99651   0.35981   0.47938   0.39826   0.55617   0.48201   0.18079   0.07052   0.01260   0.21383   0.56656   0.25392   0.43213   0.11279   0.06748   0.02622   0.00000   0.50880   0.96765   0.89129   0.71372   0.67007   0.34077   0.51525   0.63862   0.29944   0.14911   0.39816   0.16716   0.82360   0.04689   0.11431   0.13933   0.05683   0.02538   1.20672   8.29138   0.79132   1.03174   0.87846   0.97514  
  6 728.2165  17086.118433  x:  0.00000   0.61038   1.79435   1.00261   0.36656   0.49617   0.40473   0.56651   0.48696   0.18385   0.06880   0.01328   0.21425   0.54091   0.21906   0.39131   0.11458   0.06754   0.02895   0.00000   0.52534   0.96918   0.90093   0.70179   0.67144   0.34434   0.52321   0.63303   0.29380   0.13729   0.36246   0.15562   0.79363   0.05284   0.11807   0.12198   0.06145   0.01895   1.28379   8.26151   0.79660   1.03665   0.88256   0.96878  
  7 3098.1821  17057.930305  x:  0.00000   0.61439   1.79041   1.00568   0.36826   0.50310   0.40712   0.57100   0.48908   0.18456   0.06838   0.00000   0.21362   0.52807   0.20370   0.37066   0.11380   0.06910   0.02051   0.00000   0.53304   0.96983   0.90559   0.69492   0.67201   0.34578   0.52693   0.63016   0.29223   0.13423   0.34482   0.15360   0.77781   0.04853   0.11655   0.11871   0.05727   0.02752   1.31859   8.24541   0.79831   1.03920   0.88416   0.96604  
  8 3376.3367  17035.976582  x:  0.00000   0.61890   1.78544   1.00919   0.36732   0.50848   0.40841   0.57491   0.49081   0.18420   0.06919   0.00573   0.21282   0.51394   0.18997   0.34687   0.11113   0.06902   0.00390   0.00000   0.54081   0.97039   0.91060   0.68561   0.67247   0.34685   0.53072   0.62676   0.29247   0.13546   0.32515   0.15747   0.75842   0.03372   0.10997   0.12368   0.04292   0.02771   1.35176   8.22507   0.79877   1.04222   0.88512   0.96377  
  9 2270.0241  17010.924045  x:  0.00000   0.62509   1.77823   1.01404   0.36395   0.51409   0.40916   0.57945   0.49273   0.18278   0.07092   0.00823   0.21115   0.49463   0.17377   0.31390   0.10626   0.06862   0.00929   0.00000   0.55080   0.97103   0.91728   0.67168   0.67297   0.34789   0.53560   0.62197   0.29423   0.14044   0.29833   0.16715   0.73071   0.00836   0.09802   0.13660   0.01873   0.02829   1.39282   8.19557   0.79832   1.04643   0.88587   0.96120  
 10 3891.6183  16893.490555  x:  0.00000   0.66117   1.73006   1.04274   0.31072   0.51837   0.39728   0.59236   0.49644   0.16141   0.09083   0.01264   0.19502   0.38493   0.12536   0.11908   0.06083   0.06834   0.01375   0.00000   0.59832   0.97262   0.95296   0.57211   0.67367   0.34742   0.55870   0.59225   0.32587   0.21837   0.14577   0.28836   0.55381   0.04340   0.02030   0.30132   0.01666   0.02693   1.55939   7.99834   0.77914   1.07076   0.88096   0.95500  
 11 1383.4601  16848.816475  x:  0.00000   0.67795   1.70747   1.05576   0.28257   0.51769   0.39039   0.59665   0.49738   0.15224   0.09942   0.01362   0.18896   0.33679   0.11267   0.03941   0.05100   0.06832   0.01443   0.00000   0.61909   0.97314   0.96865   0.52420   0.67371   0.34635   0.56834   0.57832   0.34083   0.25480   0.07811   0.34540   0.47197   0.03377   0.04974   0.37911   0.03289   0.02558   1.62669   7.90530   0.77081   1.08013   0.87823   0.95316  
 12 3541.6173  16794.389002  x:  0.00000   0.70324   1.67602   1.07361   0.24272   0.51965   0.38250   0.60257   0.49918   0.14893   0.10445   0.01341   0.18920   0.27964   0.12084   0.07188   0.09203   0.06821   0.01477   0.00000   0.65002   0.97406   0.98983   0.45497   0.67371   0.34442   0.58061   0.55790   0.35459   0.28778   0.00000   0.40269   0.36301   0.04346   0.06580   0.46024   0.02542   0.02477   1.72060   7.77348   0.76889   1.08557   0.87723   0.94976  
 13 1071.3193  16727.502904  x:  0.00000   0.75962   1.61115   1.11024   0.15931   0.52999   0.36948   0.61551   0.50378   0.15354   0.10127   0.01323   0.19545   0.18195   0.13587   0.12474   0.13086   0.06816   0.01498   0.00000   0.71898   0.97651   1.03301   0.30702   0.67389   0.34032   0.60445   0.51409   0.37531   0.33830   0.05612   0.49396   0.16167   0.01652   0.06054   0.59680   0.07146   0.02095   1.92086   7.49655   0.77738   1.08787   0.88049   0.94151  
 14 1413.7516  16694.342731  x:  0.00000   0.79550   1.57408   1.13044   0.10226   0.53491   0.36146   0.62009   0.50564   0.16076   0.09373   0.01379   0.20084   0.16028   0.14725   0.13538   0.12567   0.06808   0.01606   0.00000   0.76022   0.97802   1.05571   0.21491   0.67399   0.33608   0.61564   0.48894   0.38236   0.35754   0.10272   0.53243   0.08913   0.04998   0.09543   0.66282   0.03024   0.02216   2.02233   7.33280   0.78700   1.08279   0.88520   0.93720  
 15 1559.3386  16609.665414  x:  0.00000   0.85575   1.51865   1.15973   0.00000   0.54112   0.34845   0.62284   0.50792   0.17360   0.08092   0.01386   0.20933   0.18200   0.16570   0.15629   0.10987   0.06806   0.01689   0.00000   0.82600   0.98066   1.08714   0.06371   0.67479   0.32691   0.62967   0.45224   0.38528   0.37191   0.10903   0.57445   0.10382   0.05264   0.10740   0.74422   0.03058   0.02150   2.15889   7.07832   0.80223   1.07057   0.89460   0.93043  
 16 1204.4941  16581.974752  x:  0.00000   0.88397   1.49945   1.16901   0.00000   0.54302   0.34220   0.61898   0.50977   0.17418   0.08197   0.01374   0.20916   0.18797   0.16842   0.15747   0.11445   0.06803   0.01700   0.00000   0.85365   0.98206   1.09589   0.00000   0.67767   0.32015   0.63258   0.44093   0.38326   0.37007   0.11160   0.57963   0.10212   0.05343   0.10904   0.76633   0.03050   0.02136   2.19306   6.97814   0.80122   1.06896   0.89561   0.92716  
 17 3647.1824  16195.952898  x:  0.00000   1.64821   0.99948   1.38201   0.00000   0.55022   0.08176   0.50506   0.54577   0.21149   0.00000   0.01823   0.23013   0.08313   0.19840   0.26813   0.04626   0.06754   0.02197   0.00000   1.58101   1.00984   1.29850   0.00000   0.86397   0.24194   0.69889   0.21871   0.32944   0.30661   0.14516   0.67481   0.10726   0.06926   0.16884   1.31273   0.03299   0.01975   3.02471   4.23086   0.83101   1.02556   0.87142   0.86196  
 18 9749.4854  16153.163683  x:  0.00000   1.80479   0.89065   1.42095   0.00000   0.54975   0.03438   0.49069   0.55180   0.23412   0.07528   0.01779   0.24048   0.05782   0.19792   0.29921   0.02293   0.06746   0.02316   0.00000   1.72792   1.01110   1.33734   0.00000   0.91883   0.24332   0.71253   0.19327   0.32439   0.29714   0.15597   0.69520   0.11566   0.07360   0.18496   1.42975   0.03257   0.01923   3.20826   3.61958   0.85221   1.01261   0.86636   0.84908  
 19 8119.7976  16044.326140  x:  0.00000   2.04813   0.68847   1.44692   0.00000   0.53295   0.05373   0.52295   0.54026   0.28605   0.09260   0.01384   0.28331   0.08177   0.14686   0.30349   0.11830   0.06714   0.02388   0.00000   1.93676   0.98335   1.37252   0.00000   1.11355   0.33973   0.72849   0.28968   0.35993   0.31918   0.19380   0.74581   0.13399   0.08678   0.20205   1.66665   0.02566   0.01730   3.52501   2.38852   0.94809   0.98287   0.85395   0.82878  
 20 2642.6739  16002.530273  x:  0.00000   2.10712   0.61764   1.43803   0.00000   0.53937   0.10451   0.55293   0.52906   0.28461   0.08668   0.01481   0.28443   0.14478   0.14050   0.33885   0.05881   0.06716   0.02488   0.00000   1.97814   0.95627   1.36517   0.00000   1.17703   0.35840   0.72241   0.33509   0.36921   0.31299   0.18175   0.73809   0.07959   0.08133   0.20959   1.72667   0.03605   0.01719   3.61779   1.95103   0.93573   0.99950   0.88502   0.79262  
 21 1334.2612  15977.712393  x:  0.00000   2.09441   0.56193   1.41192   0.00000   0.55386   0.13290   0.59152   0.50635   0.25233   0.08777   0.01654   0.26068   0.09864   0.16018   0.34540   0.06483   0.06707   0.02522   0.00000   1.94930   0.90655   1.33514   0.00000   1.17758   0.33120   0.70037   0.34966   0.37352   0.31069   0.19484   0.72770   0.11519   0.08629   0.21757   1.76415   0.03045   0.01754   3.68065   1.67251   0.87457   1.02760   0.94612   0.71296  
 22 429.7189  15960.449106  x:  0.00000   2.04550   0.51475   1.37333   0.00000   0.55364   0.05884   0.60660   0.47721   0.22483   0.08674   0.01716   0.24146   0.10914   0.17289   0.33825   0.07063   0.06704   0.02520   0.00000   1.87959   0.83836   1.28506   0.00000   1.14550   0.28645   0.66622   0.34329   0.36326   0.29421   0.19306   0.69485   0.10586   0.08534   0.21458   1.78288   0.03174   0.01776   3.72494   1.47514   0.90543   1.00379   0.91910   0.64087  
 23 249.4249  15952.657674  x:  0.00000   2.01225   0.49207   1.34971   0.00000   0.56376   0.08438   0.59496   0.48442   0.23677   0.08375   0.01677   0.25320   0.09438   0.16649   0.33635   0.06766   0.06703   0.02522   0.00000   1.82574   0.79017   1.24496   0.00000   1.11506   0.22477   0.64586   0.31801   0.35082   0.27828   0.18988   0.66413   0.10674   0.08479   0.21285   1.80312   0.03243   0.01769   3.73936   1.37783   0.91284   0.98038   0.87741   0.68456  
 24 143.8210  15948.713019  x:  0.00000   1.99727   0.48523   1.33776   0.00000   0.56695   0.05395   0.57011   0.49676   0.26024   0.08111   0.01599   0.26952   0.10156   0.14804   0.33725   0.07191   0.06700   0.02518   0.00000   1.79316   0.76222   1.21856   0.00000   1.10806   0.21038   0.64556   0.32003   0.35003   0.26976   0.19084   0.63889   0.10609   0.08476   0.21273   1.82232   0.03268   0.01749   3.75469   1.34300   0.87765   0.97635   0.88686   0.72387  
 25 93.4668  15937.805660  x:  0.00000   2.02859   0.49162   1.32846   0.00000   0.59808   0.06240   0.45330   0.58139   0.27449   0.07840   0.01685   0.25417   0.09862   0.16371   0.33401   0.07065   0.06693   0.02539   0.00000   1.74139   0.70634   1.13999   0.00000   1.14124   0.18360   0.68582   0.36084   0.36293   0.22739   0.18937   0.51375   0.11023   0.08402   0.21180   1.92359   0.03460   0.01749   3.79831   1.34179   0.85234   0.92050   0.88269   0.68258  
 26 45.2771  15927.219243  x:  0.00000   2.07479   0.50487   1.32413   0.00000   0.61619   0.05506   0.44118   0.61165   0.24800   0.08220   0.01711   0.24851   0.10772   0.15664   0.34143   0.07216   0.06682   0.02570   0.00000   1.70474   0.68011   1.07491   0.00000   1.17761   0.15956   0.69923   0.37645   0.36043   0.18741   0.19744   0.38654   0.12696   0.08568   0.21618   2.02789   0.03372   0.01759   3.83798   1.36267   0.83342   0.98323   0.82363   0.67214  
 27 112.3999  15910.817883  x:  0.00000   2.15162   0.52684   1.31565   0.00000   0.63077   0.04012   0.50041   0.60338   0.20550   0.08697   0.01744   0.24911   0.10544   0.13872   0.34059   0.07607   0.06669   0.02589   0.00000   1.66610   0.67499   0.99435   0.00000   1.22038   0.11318   0.68424   0.37072   0.33635   0.12534   0.19700   0.21249   0.12965   0.08471   0.21441   2.15767   0.03642   0.01784   3.85461   1.39683   0.85555   0.97316   0.86615   0.69380  
 28 174.7815  15887.908470  x:  0.00000   2.26243   0.55787   1.25100   0.00000   0.70370   0.03784   0.52568   0.53008   0.33173   0.08184   0.01731   0.23154   0.10468   0.13451   0.32101   0.08539   0.06649   0.02550   0.00000   1.62119   0.73107   0.88516   0.00000   1.24363   0.06845   0.61075   0.34805   0.27647   0.03951   0.19082   0.23741   0.11991   0.08231   0.20380   2.09760   0.03708   0.01996   3.83244   1.43194   0.83263   0.97220   0.85874   0.64819  
 29 53.7369  15823.812863  x:  0.00000   2.51043   0.62630   1.07988   0.00000   0.87977   0.02397   0.49877   0.41842   0.33480   0.08738   0.01797   0.20801   0.11450   0.13309   0.28977   0.09321   0.06596   0.02428   0.00000   1.53930   0.88411   0.65615   0.00000   1.21141   0.00000   0.49210   0.29223   0.26957   0.21020   0.18006   0.24177   0.10978   0.07738   0.18371   1.69729   0.03414   0.02816   3.79705   1.47310   0.78331   0.93164   0.83832   0.65386  
 30 192.1934  15776.585281  x:  0.00000   2.73088   0.67810   0.90654   0.00000   1.02821   0.03626   0.47541   0.35567   0.25677   0.09858   0.01822   0.20191   0.11934   0.19081   0.23439   0.10682   0.06540   0.02256   0.00000   1.43191   1.02295   0.44180   0.00000   1.05980   0.13724   0.42617   0.17726   0.24410   0.24908   0.16648   0.27968   0.09039   0.07119   0.15420   1.25647   0.03018   0.03733   3.73239   1.49489   0.72774   0.88974   0.81752   0.70017  
 31 684.2903  15670.453277  x:  0.00000   3.00452   0.75222   0.67303   0.00000   1.08963   0.02340   0.49946   0.40504   0.09915   0.10760   0.01831   0.25294   0.11094   0.18889   0.16832   0.10935   0.06451   0.01984   0.00000   1.28403   1.23976   0.29200   0.00000   0.71358   0.07839   0.51711   0.23318   0.30766   0.17548   0.14931   0.45406   0.06582   0.06218   0.11139   0.49284   0.02269   0.05249   3.57241   1.51110   0.72538   0.88946   0.83189   0.75269  
 32 501.2261  15633.304314  x:  0.00000   3.04334   0.78356   0.62144   0.00000   1.02955   0.03716   0.51962   0.45331   0.15097   0.10292   0.02066   0.19168   0.10787   0.16808   0.14189   0.11620   0.06413   0.01893   0.00000   1.24513   1.28026   0.35098   0.00000   0.57155   0.09142   0.54076   0.19232   0.30675   0.22981   0.13827   0.43439   0.05082   0.05730   0.09288   0.20909   0.02187   0.05862   3.47425   1.50297   0.73079   0.91212   0.84425   0.74038  
 33 356.7047  15622.983428  x:  0.00000   3.00943   0.80000   0.62955   0.00000   1.00771   0.05002   0.48695   0.44096   0.11062   0.10742   0.02074   0.20054   0.11222   0.13050   0.14455   0.11604   0.06401   0.01870   0.00000   1.26122   1.26967   0.42138   0.00000   0.57178   0.09265   0.50478   0.19059   0.25086   0.23393   0.14037   0.45102   0.05302   0.05699   0.09131   0.13819   0.02056   0.06034   3.44737   1.50555   0.70468   0.88791   0.83331   0.72960  
 34 121.5946  15620.616007  x:  0.00000   2.97796   0.80350   0.64151   0.00000   1.02216   0.04723   0.48196   0.42348   0.11228   0.10740   0.02045   0.20557   0.10931   0.16442   0.13409   0.11640   0.06399   0.01858   0.00000   1.29472   1.26217   0.44261   0.00000   0.56588   0.09078   0.48890   0.21616   0.24767   0.23125   0.13727   0.43899   0.05073   0.05618   0.08748   0.12001   0.02068   0.06073   3.44174   1.50594   0.69979   0.88724   0.82872   0.74250  
 35 59.4707  15614.880403  x:  0.00000   2.83811   0.80119   0.65828   0.00000   1.12019   0.03953   0.46911   0.40053   0.11197   0.10618   0.02151   0.18447   0.10953   0.13354   0.14022   0.11432   0.06386   0.01880   0.00000   1.44330   1.24993   0.43112   0.00000   0.54258   0.09796   0.48215   0.21899   0.30189   0.21537   0.13693   0.43039   0.05687   0.05632   0.08841   0.11493   0.02124   0.06164   3.38798   1.50391   0.71522   0.89322   0.83185   0.74836  
 36 50.3330  15609.615702  x:  0.00000   2.68555   0.78980   0.66225   0.00000   1.18900   0.02898   0.47929   0.42611   0.11951   0.10569   0.01993   0.24013   0.11015   0.13700   0.13209   0.11671   0.06378   0.01869   0.00000   1.58366   1.25574   0.39056   0.00000   0.56092   0.09458   0.50992   0.19271   0.29816   0.22502   0.13310   0.41930   0.05710   0.05572   0.08470   0.10243   0.02205   0.06206   3.33450   1.49984   0.72906   0.90803   0.84039   0.72762  
 37 119.3669  15604.120476  x:  0.00000   2.52814   0.76957   0.65399   0.00000   1.22135   0.01618   0.49962   0.46464   0.11561   0.10514   0.02156   0.19981   0.11328   0.14451   0.13083   0.11775   0.06364   0.01889   0.00000   1.70744   1.30492   0.32765   0.00000   0.58292   0.08861   0.55264   0.20419   0.23584   0.23578   0.13388   0.42021   0.06164   0.05604   0.08423   0.09416   0.02208   0.06317   3.31158   1.49691   0.72754   0.90464   0.83754   0.74455  
 38 106.1470  15587.912017  x:  0.00000   2.06385   0.70752   0.63796   0.00000   1.07554   0.04761   0.47355   0.45832   0.13158   0.10303   0.02220   0.21381   0.11265   0.12860   0.12938   0.11463   0.06326   0.01925   0.00000   1.98246   1.65000   0.14101   0.00000   0.55112   0.08929   0.54286   0.23604   0.24173   0.22469   0.13225   0.32789   0.06853   0.05551   0.08173   0.10611   0.02380   0.06521   3.34261   1.49337   0.65209   0.85310   0.78678   0.71019  
 39 72.8650  15580.367230  x:  0.00000   1.85031   0.71894   0.66259   0.00000   1.00852   0.05829   0.40822   0.46848   0.12401   0.10405   0.02314   0.19456   0.11440   0.14711   0.12072   0.11859   0.06308   0.01937   0.00000   2.05120   1.80003   0.06707   0.00000   0.59385   0.07741   0.50978   0.21530   0.26154   0.19692   0.13079   0.30794   0.07001   0.05531   0.07823   0.09508   0.02447   0.06638   3.36827   1.48025   0.68067   0.89382   0.81570   0.72118  
 40 149.4561  15574.390191  x:  0.00000   1.73672   0.78622   0.72882   0.00000   1.04410   0.05820   0.38484   0.49545   0.12874   0.10124   0.02331   0.20808   0.11110   0.13066   0.12318   0.11751   0.06293   0.01962   0.00000   2.02751   1.89229   0.05381   0.00000   0.55773   0.08595   0.48270   0.24660   0.22192   0.21146   0.13004   0.29150   0.07146   0.05551   0.07841   0.11054   0.02567   0.06701   3.37951   1.45826   0.70747   0.92089   0.83201   0.70699  
 41 46.4307  15562.760235  x:  0.00000   1.57143   0.88976   0.83736   0.00000   1.11858   0.03612   0.45062   0.53615   0.13184   0.09815   0.02459   0.19870   0.11266   0.13324   0.12159   0.11686   0.06258   0.02004   0.00000   1.92113   1.96046   0.11650   0.00000   0.62525   0.08625   0.50238   0.23374   0.26798   0.19822   0.12999   0.27445   0.07569   0.05612   0.07776   0.10137   0.02647   0.06866   3.41331   1.43468   0.66328   0.87465   0.79279   0.70041  
 42 57.2865  15520.178925  x:  0.00000   1.29845   0.80213   0.80303   0.00000   1.22459   0.06341   0.42933   0.33687   0.15644   0.09754   0.02700   0.21080   0.10800   0.10408   0.12181   0.11751   0.06140   0.02176   0.00000   1.63099   1.75535   0.39652   0.00000   0.75065   0.09314   0.72438   0.25276   0.23995   0.21885   0.12842   0.22055   0.08094   0.05804   0.07584   0.10613   0.03236   0.07353   3.57056   1.51645   0.71103   0.92688   0.82622   0.70392  
 43 47.0226  15454.129602  x:  0.00000   1.10367   0.65844   0.68173   0.00000   1.20876   0.07759   0.56186   0.51271   0.17730   0.09095   0.03227   0.22083   0.11680   0.07146   0.13073   0.11238   0.05954   0.02459   0.00000   1.38365   1.14812   0.69223   0.00000   0.86063   0.12894   0.49988   0.36060   0.27294   0.24510   0.12872   0.25249   0.10023   0.06275   0.07862   0.08584   0.04031   0.08167   3.86366   1.71970   0.77585   0.99746   0.89540   0.70635  
 44 135.1088  15421.002439  x:  0.00000   1.14673   0.92810   0.71508   0.00000   1.02742   0.12048   0.62009   0.44303   0.19595   0.09326   0.03405   0.22341   0.12800   0.07754   0.12892   0.10977   0.05869   0.02576   0.00000   1.34994   0.73203   0.68271   0.00000   0.84124   0.12830   0.54928   0.37612   0.26323   0.26440   0.12746   0.28438   0.12138   0.06455   0.07812   0.05222   0.04350   0.08516   3.96517   1.76326   0.78191   1.00381   0.92003   0.70112  
 45 97.7582  15405.078858  x:  0.00000   1.25885   1.06265   0.52526   0.00000   1.01569   0.12178   0.62182   0.46799   0.19790   0.09390   0.03445   0.23121   0.14209   0.11999   0.11689   0.11003   0.05828   0.02631   0.00000   1.29999   0.69537   0.85159   0.00000   0.81881   0.12181   0.55206   0.36203   0.26545   0.24622   0.12263   0.24806   0.14919   0.06501   0.07518   0.09462   0.04584   0.08613   3.92080   1.75452   0.79288   1.01314   0.93277   0.70737  
 46 45.5181  15388.147102  x:  0.00000   1.48878   0.82366   0.75459   0.00000   0.99902   0.13210   0.62420   0.47392   0.21246   0.09343   0.03472   0.24081   0.15677   0.13758   0.10115   0.10673   0.05787   0.02656   0.00000   1.15723   0.71413   0.92136   0.00000   0.80819   0.12181   0.55402   0.37226   0.26436   0.24028   0.11177   0.20142   0.18263   0.06357   0.06769   0.08154   0.04870   0.08742   3.75020   1.76830   0.80488   1.01985   0.94352   0.71020  
 47 37.2578  15359.460461  x:  0.00000   1.42458   0.86830   0.89311   0.00000   0.70742   0.16433   0.64759   0.48391   0.21122   0.09560   0.03510   0.22834   0.18414   0.13172   0.10109   0.10180   0.05679   0.02694   0.00000   1.53769   0.87500   0.76919   0.00000   0.80591   0.11116   0.55697   0.38670   0.25981   0.18566   0.10875   0.15322   0.19527   0.06240   0.07071   0.12615   0.05123   0.08564   3.79256   1.72003   0.81486   1.02080   0.96115   0.70048  
 48  1.5840  15339.541739  x:  0.00000   1.55730   0.98439   0.78449   0.00000   0.66432   0.17351   0.60710   0.51249   0.21541   0.08911   0.03599   0.22127   0.20365   0.08751   0.12217   0.09240   0.05496   0.02813   0.00000   1.34389   0.98014   0.83705   0.00000   0.83142   0.11550   0.59713   0.43411   0.25910   0.10474   0.12153   0.15149   0.20435   0.06483   0.08465   0.09853   0.05205   0.08188   4.09385   1.59420   0.83391   1.02382   0.95796   0.68191  
 49  0.8756  15328.672522  x:  0.00000   1.40264   0.87730   0.93824   0.00000   0.66959   0.18459   0.60278   0.51870   0.20069   0.08529   0.03609   0.20927   0.21142   0.08641   0.12998   0.08741   0.05365   0.02871   0.00000   1.30038   0.72571   0.92511   0.00000   0.84401   0.12460   0.62055   0.44189   0.25898   0.07404   0.12125   0.17232   0.19952   0.06503   0.09366   0.13472   0.05459   0.07580   4.31069   1.55816   0.83330   1.01320   0.94736   0.68584  
 50  1.3883  15315.643424  x:  0.00000   1.21607   0.81747   0.98072   0.00000   0.70417   0.20338   0.58523   0.54347   0.18747   0.07763   0.03565   0.20324   0.22282   0.11614   0.13022   0.08274   0.05107   0.02977   0.00000   1.22522   0.69511   0.94656   0.00000   0.79861   0.16159   0.63217   0.46458   0.26115   0.12223   0.11253   0.12564   0.21643   0.06486   0.10363   0.10777   0.05962   0.06479   4.67324   1.50542   0.84507   1.00783   0.93090   0.66607  
 51  0.6990  15304.339824  x:  0.00000   1.24677   0.80035   0.99652   0.00000   0.69186   0.22246   0.55108   0.55551   0.18674   0.07188   0.03240   0.21384   0.23672   0.13265   0.12336   0.09085   0.04789   0.03049   0.00000   1.25619   0.81590   0.91099   0.00000   0.75810   0.19102   0.61963   0.48553   0.25502   0.14022   0.10062   0.21289   0.23765   0.06414   0.11209   0.09058   0.06884   0.04664   5.09974   1.53095   0.85076   0.99884   0.92725   0.67744  
 52  0.5987  15292.476764  x:  0.00000   1.44361   0.83229   0.94832   0.00000   0.66846   0.23594   0.53333   0.55316   0.18735   0.06754   0.02794   0.21647   0.24610   0.10098   0.10330   0.11168   0.04350   0.03030   0.00000   1.32612   0.75764   0.91876   0.00000   0.73841   0.23033   0.57926   0.49485   0.25782   0.13120   0.08947   0.16758   0.24810   0.06175   0.11578   0.10296   0.07546   0.02670   5.68120   1.61037   0.83924   0.99685   0.93077   0.68620  
 53  0.7136  15287.885585  x:  0.00000   1.33696   0.80990   0.96810   0.00000   0.64169   0.24639   0.56974   0.52826   0.19241   0.06230   0.02829   0.22199   0.24762   0.10987   0.09930   0.11578   0.03996   0.03109   0.00000   1.32931   0.78203   0.91880   0.00000   0.68260   0.23477   0.58506   0.47938   0.25114   0.09025   0.09563   0.14477   0.26274   0.06421   0.12032   0.09936   0.07388   0.03027   5.98311   1.62826   0.83519   1.00489   0.93814   0.67919  
 54  0.3310  15284.030799  x:  0.00000   1.35017   0.79982   0.99369   0.00000   0.63641   0.25705   0.61301   0.49882   0.19657   0.05673   0.02887   0.21255   0.24426   0.10229   0.11202   0.11827   0.03577   0.03174   0.00000   1.33015   0.74580   0.93152   0.00000   0.68524   0.24344   0.60419   0.45452   0.26103   0.10759   0.10416   0.15628   0.26090   0.06694   0.13032   0.12022   0.07125   0.03718   6.42146   1.62172   0.83411   1.02085   0.95124   0.65006  
 55  0.4510  15280.958325  x:  0.00000   1.35122   0.80608   0.97066   0.00000   0.69900   0.26856   0.61729   0.49696   0.20742   0.04683   0.02714   0.21048   0.24985   0.10158   0.11221   0.11747   0.03056   0.03176   0.00000   1.33034   0.77415   0.93786   0.00000   0.68232   0.24353   0.60656   0.42677   0.26163   0.10846   0.09981   0.15879   0.26673   0.06642   0.13488   0.11394   0.06935   0.03757   7.03407   1.61732   0.83597   0.99867   0.94035   0.67949  
 56  0.3662  15278.991770  x:  0.00000   1.36422   0.79636   0.94774   0.00000   0.62770   0.27717   0.60726   0.50524   0.20985   0.04345   0.02545   0.21027   0.25095   0.10812   0.10839   0.11882   0.02788   0.03138   0.00000   1.31713   0.76330   0.94868   0.00000   0.69689   0.24104   0.59471   0.41479   0.26049   0.11418   0.09405   0.16185   0.26651   0.06438   0.13285   0.10214   0.06932   0.03787   7.55870   1.62616   0.83525   0.99014   0.93062   0.66801  
 57  0.3932  15277.336870  x:  0.00000   1.39940   0.80210   0.94733   0.00000   0.67339   0.27601   0.58571   0.52655   0.20197   0.04725   0.02296   0.21546   0.24836   0.10786   0.10753   0.11748   0.02802   0.03012   0.00000   1.36687   0.78088   0.92309   0.00000   0.73223   0.22209   0.60082   0.40621   0.26108   0.10778   0.09252   0.15689   0.25413   0.06120   0.12574   0.10658   0.06620   0.03946   8.04347   1.62024   0.83061   1.00395   0.93738   0.64804  
 58  0.2720  15276.025245  x:  0.00000   1.34899   0.80326   0.97965   0.00000   0.66101   0.27244   0.57747   0.52703   0.20035   0.05164   0.02158   0.21941   0.24644   0.10288   0.11144   0.11340   0.02983   0.02947   0.00000   1.33366   0.76051   0.92647   0.00000   0.72068   0.20247   0.61089   0.40179   0.25553   0.11352   0.09380   0.15933   0.24507   0.05939   0.11770   0.11182   0.06423   0.03978   8.52559   1.63958   0.82803   1.00555   0.93983   0.66869  
 59  0.2979  15274.786087  x:  0.00000   1.38156   0.80438   0.97368   0.00000   0.66911   0.26703   0.58614   0.51031   0.20292   0.05568   0.02161   0.21250   0.24861   0.10779   0.11425   0.10805   0.03198   0.02977   0.00000   1.30915   0.78399   0.91874   0.00000   0.69562   0.19823   0.59647   0.42189   0.25631   0.11140   0.09938   0.16062   0.24531   0.05981   0.11095   0.10422   0.06250   0.03640   9.22624   1.62385   0.84191   1.00164   0.94061   0.65737  
 60  0.2905  15273.952398  x:  0.00000   1.39935   0.78603   0.97944   0.00000   0.66410   0.25972   0.59278   0.50639   0.20571   0.05820   0.02374   0.21418   0.25027   0.10406   0.11036   0.11147   0.03249   0.03102   0.00000   1.36230   0.76402   0.93481   0.00000   0.70322   0.20839   0.59440   0.43499   0.25999   0.11255   0.10070   0.15345   0.25008   0.06163   0.10639   0.10938   0.06295   0.03847  10.08224   1.63355   0.83343   1.00350   0.94330   0.66017  
 61  0.3008  15273.516666  x:  0.00000   1.36481   0.80124   0.97852   0.00000   0.66940   0.25507   0.59272   0.51506   0.20179   0.05690   0.02505   0.21529   0.25115   0.10703   0.11168   0.11028   0.03274   0.03190   0.00000   1.34824   0.77265   0.95075   0.00000   0.70482   0.21183   0.60899   0.43315   0.25904   0.11172   0.09889   0.16368   0.25453   0.06221   0.10566   0.10686   0.06405   0.03811  10.91779   1.63329   0.83075   0.99872   0.93509   0.65627  
 62  0.3906  15273.230830  x:  0.00000   1.38575   0.81107   0.96175   0.00000   0.66748   0.24845   0.59403   0.51701   0.20085   0.05544   0.02599   0.21439   0.24887   0.10492   0.11516   0.10822   0.03356   0.03229   0.00000   1.34439   0.76972   0.93841   0.00000   0.71619   0.21102   0.59892   0.42584   0.25827   0.11138   0.09831   0.15613   0.25603   0.06231   0.10722   0.10640   0.06288   0.03885  11.95085   1.62970   0.83291   0.99983   0.93491   0.66011  
 63  0.3618  15273.088493  x:  0.00000   1.37496   0.79601   0.97344   0.00000   0.67030   0.24533   0.59317   0.51447   0.20058   0.05508   0.02605   0.21454   0.24721   0.10570   0.11238   0.10884   0.03436   0.03225   0.00000   1.35242   0.76913   0.92707   0.00000   0.71270   0.20965   0.60108   0.42017   0.25795   0.11148   0.09629   0.15953   0.25850   0.06190   0.10857   0.10901   0.06250   0.03737  12.75318   1.63041   0.83369   1.00166   0.93958   0.65733  
 64  0.4135  15273.016800  x:  0.00000   1.38809   0.80633   0.96944   0.00000   0.67324   0.24254   0.59018   0.51700   0.20152   0.05609   0.02633   0.21383   0.24518   0.10549   0.11173   0.10971   0.03532   0.03209   0.00000   1.34318   0.77743   0.92914   0.00000   0.71495   0.20588   0.60557   0.42114   0.25878   0.11218   0.09693   0.15942   0.25919   0.06164   0.11057   0.10730   0.06284   0.03804  13.53745   1.63310   0.83442   1.00331   0.93972   0.65841  
 65  0.2907  15272.963462  x:  0.00000   1.38408   0.79842   0.97546   0.00000   0.67344   0.24360   0.59107   0.51599   0.20175   0.05684   0.02610   0.21460   0.24531   0.10565   0.11169   0.10937   0.03575   0.03168   0.00000   1.35348   0.76863   0.93293   0.00000   0.71610   0.20305   0.60069   0.42512   0.25768   0.11140   0.09748   0.15864   0.25849   0.06112   0.11307   0.10764   0.06383   0.03806  14.23550   1.63070   0.83396   1.00025   0.93724   0.65771  
 66  0.2670  15272.944970  x:  0.00000   1.38068   0.80356   0.97290   0.00000   0.67299   0.24563   0.59210   0.51491   0.20141   0.05681   0.02579   0.21435   0.24588   0.10524   0.11136   0.10906   0.03551   0.03131   0.00000   1.35198   0.77308   0.93456   0.00000   0.71427   0.20241   0.60299   0.42573   0.25876   0.11186   0.09726   0.15869   0.25722   0.06084   0.11345   0.10750   0.06473   0.03812  14.61433   1.63102   0.83251   1.00127   0.93839   0.65711  
 67  0.1613  15272.928038  x:  0.00000   1.38259   0.80184   0.96856   0.00000   0.67306   0.24703   0.59241   0.51368   0.20155   0.05635   0.02556   0.21451   0.24690   0.10597   0.11087   0.10850   0.03502   0.03091   0.00000   1.34839   0.77183   0.93243   0.00000   0.71496   0.20448   0.60139   0.42574   0.25799   0.11182   0.09792   0.15938   0.25552   0.06123   0.11294   0.10765   0.06475   0.03827  15.17002   1.63287   0.83301   1.00082   0.93764   0.65814  
 68  0.1615  15272.917908  x:  0.00000   1.38036   0.80053   0.97142   0.00000   0.67028   0.24672   0.59128   0.51545   0.20146   0.05634   0.02573   0.21443   0.24718   0.10542   0.11078   0.10866   0.03499   0.03074   0.00000   1.34845   0.77235   0.93105   0.00000   0.71202   0.20648   0.60279   0.42494   0.25830   0.11154   0.09797   0.15837   0.25561   0.06169   0.11233   0.10793   0.06479   0.03811  15.85580   1.63076   0.83355   1.00115   0.93829   0.65753  
 69  0.2502  15272.913079  x:  0.00000   1.38142   0.80147   0.97271   0.00000   0.67176   0.24657   0.59125   0.51599   0.20183   0.05661   0.02584   0.21472   0.24677   0.10592   0.11130   0.10882   0.03509   0.03057   0.00000   1.34902   0.77203   0.93242   0.00000   0.71271   0.20625   0.60171   0.42465   0.25807   0.11177   0.09799   0.15920   0.25559   0.06190   0.11240   0.10747   0.06480   0.03830  16.52477   1.63062   0.83328   1.00140   0.93838   0.65784  
 70  0.2756  15272.910622  x:  0.00000   1.38123   0.80154   0.97290   0.00000   0.67155   0.24703   0.59180   0.51474   0.20182   0.05661   0.02585   0.21454   0.24666   0.10544   0.11128   0.10892   0.03506   0.03045   0.00000   1.34885   0.77164   0.93303   0.00000   0.71289   0.20620   0.60186   0.42426   0.25825   0.11172   0.09745   0.15886   0.25563   0.06195   0.11219   0.10758   0.06468   0.03817  17.08256   1.63139   0.83334   1.00070   0.93789   0.65744  
 71  0.2374  15272.909464  x:  0.00000   1.38144   0.80088   0.97256   0.00000   0.67103   0.24740   0.59188   0.51468   0.20158   0.05658   0.02588   0.21448   0.24654   0.10571   0.11149   0.10895   0.03505   0.03047   0.00000   1.34957   0.77188   0.93280   0.00000   0.71296   0.20607   0.60219   0.42478   0.25837   0.11159   0.09739   0.15892   0.25589   0.06201   0.11212   0.10760   0.06446   0.03807  17.44813   1.63126   0.83326   1.00132   0.93822   0.65777  
 72  0.1626  15272.908733  x:  0.00000   1.38101   0.80161   0.97158   0.00000   0.67153   0.24757   0.59163   0.51505   0.20151   0.05653   0.02590   0.21460   0.24648   0.10557   0.11138   0.10905   0.03505   0.03055   0.00000   1.34868   0.77181   0.93308   0.00000   0.71285   0.20582   0.60208   0.42542   0.25814   0.11170   0.09748   0.15901   0.25606   0.06196   0.11213   0.10765   0.06430   0.03816  17.72204   1.63117   0.83318   1.00089   0.93803   0.65766  
 73  0.1006  15272.908150  x:  0.00000   1.38084   0.80114   0.97177   0.00000   0.67098   0.24782   0.59150   0.51518   0.20156   0.05642   0.02587   0.21433   0.24659   0.10566   0.11141   0.10910   0.03500   0.03069   0.00000   1.34892   0.77203   0.93235   0.00000   0.71228   0.20597   0.60175   0.42536   0.25837   0.11169   0.09756   0.15884   0.25603   0.06178   0.11218   0.10777   0.06442   0.03817  18.02220   1.63107   0.83317   1.00096   0.93805   0.65762  
 74  0.0852  15272.907818  x:  0.00000   1.38117   0.80124   0.97214   0.00000   0.67132   0.24772   0.59149   0.51493   0.20172   0.05644   0.02584   0.21457   0.24665   0.10562   0.11140   0.10912   0.03502   0.03077   0.00000   1.34859   0.77188   0.93257   0.00000   0.71265   0.20606   0.60197   0.42504   0.25819   0.11168   0.09758   0.15896   0.25596   0.06169   0.11212   0.10765   0.06448   0.03817  18.32146   1.63106   0.83319   1.00104   0.93807   0.65767  
 75  0.1243  15272.907745  x:  0.00000   1.38100   0.80131   0.97218   0.00000   0.67119   0.24767   0.59170   0.51492   0.20163   0.05648   0.02583   0.21450   0.24667   0.10563   0.11139   0.10906   0.03504   0.03078   0.00000   1.34893   0.77189   0.93272   0.00000   0.71272   0.20608   0.60203   0.42508   0.25828   0.11167   0.09761   0.15891   0.25589   0.06170   0.11213   0.10764   0.06443   0.03815  18.48798   1.63111   0.83325   1.00100   0.93807   0.65766  
 76  0.0730  15272.907727  x:  0.00000   1.38106   0.80126   0.97208   0.00000   0.67122   0.24760   0.59166   0.51497   0.20162   0.05648   0.02582   0.21453   0.24666   0.10563   0.11136   0.10904   0.03504   0.03079   0.00000   1.34886   0.77184   0.93279   0.00000   0.71264   0.20610   0.60198   0.42503   0.25824   0.11169   0.09760   0.15893   0.25586   0.06172   0.11216   0.10763   0.06443   0.03816  18.55048   1.63110   0.83321   1.00103   0.93810   0.65767  
 77  0.0311  15272.907722  x:  0.00000   1.38111   0.80128   0.97210   0.00000   0.67123   0.24758   0.59163   0.51496   0.20163   0.05649   0.02581   0.21452   0.24665   0.10563   0.11136   0.10903   0.03503   0.03079   0.00000   1.34886   0.77190   0.93274   0.00000   0.71266   0.20609   0.60199   0.42504   0.25825   0.11167   0.09757   0.15893   0.25586   0.06173   0.11218   0.10765   0.06443   0.03816  18.57138   1.63109   0.83322   1.00101   0.93807   0.65767  
 78  0.0091  15272.907720  x:  0.00000   1.38107   0.80128   0.97209   0.00000   0.67124   0.24758   0.59164   0.51496   0.20163   0.05650   0.02581   0.21452   0.24665   0.10563   0.11137   0.10904   0.03502   0.03079   0.00000   1.34885   0.77187   0.93273   0.00000   0.71267   0.20607   0.60199   0.42507   0.25824   0.11168   0.09757   0.15893   0.25587   0.06174   0.11217   0.10764   0.06443   0.03816  18.57784   1.63109   0.83322   1.00102   0.93809   0.65767  
 79  0.0026  15272.907719  x:  0.00000   1.38108   0.80129   0.97209   0.00000   0.67125   0.24756   0.59164   0.51497   0.20163   0.05650   0.02580   0.21453   0.24665   0.10563   0.11137   0.10904   0.03502   0.03079   0.00000   1.34887   0.77188   0.93272   0.00000   0.71268   0.20606   0.60199   0.42506   0.25825   0.11168   0.09757   0.15893   0.25587   0.06174   0.11217   0.10764   0.06443   0.03816  18.57029   1.63109   0.83322   1.00102   0.93809   0.65767  
 80  0.0037  15272.907719  x:  0.00000   1.38109   0.80128   0.97209   0.00000   0.67125   0.24756   0.59164   0.51496   0.20163   0.05650   0.02580   0.21452   0.24665   0.10563   0.11137   0.10904   0.03502   0.03079   0.00000   1.34887   0.77188   0.93273   0.00000   0.71269   0.20606   0.60199   0.42506   0.25825   0.11168   0.09757   0.15893   0.25587   0.06174   0.11217   0.10764   0.06443   0.03816  18.56584   1.63109   0.83322   1.00102   0.93809   0.65767  
 81  0.0025  15272.907719  x:  0.00000   1.38109   0.80128   0.97209   0.00000   0.67125   0.24755   0.59164   0.51496   0.20163   0.05650   0.02580   0.21453   0.24665   0.10563   0.11137   0.10904   0.03502   0.03079   0.00000   1.34887   0.77188   0.93273   0.00000   0.71269   0.20605   0.60199   0.42506   0.25825   0.11168   0.09757   0.15893   0.25587   0.06174   0.11217   0.10764   0.06443   0.03816  18.56730   1.63109   0.83322   1.00102   0.93809   0.65767  
 82  0.0006  15272.907719  x:  0.00000   1.38109   0.80128   0.97209   0.00000   0.67125   0.24755   0.59164   0.51496   0.20163   0.05650   0.02580   0.21452   0.24665   0.10563   0.11137   0.10904   0.03502   0.03079   0.00000   1.34888   0.77188   0.93273   0.00000   0.71269   0.20605   0.60199   0.42506   0.25825   0.11168   0.09758   0.15893   0.25587   0.06174   0.11217   0.10764   0.06443   0.03816  18.56919   1.63109   0.83322   1.00102   0.93809   0.65767  
 83  0.0008  15272.907719  x:  0.00000   1.38109   0.80128   0.97209   0.00000   0.67125   0.24755   0.59164   0.51496   0.20163   0.05650   0.02580   0.21453   0.24665   0.10563   0.11137   0.10904   0.03502   0.03079   0.00000   1.34887   0.77188   0.93273   0.00000   0.71269   0.20605   0.60199   0.42506   0.25825   0.11168   0.09758   0.15893   0.25587   0.06174   0.11217   0.10764   0.06443   0.03816  18.56962   1.63109   0.83322   1.00102   0.93809   0.65767  
 84  0.0003  15272.907719  x:  0.00000   1.38109   0.80128   0.97209   0.00000   0.67125   0.24755   0.59164   0.51496   0.20163   0.05650   0.02580   0.21453   0.24665   0.10563   0.11137   0.10904   0.03502   0.03079   0.00000   1.34887   0.77188   0.93273   0.00000   0.71269   0.20605   0.60199   0.42506   0.25825   0.11168   0.09758   0.15893   0.25587   0.06174   0.11217   0.10764   0.06443   0.03816  18.56966   1.63109   0.83322   1.00102   0.93809   0.65767  
 85  0.0000  15272.907719  x:  0.00000   1.38109   0.80128   0.97209   0.00000   0.67125   0.24755   0.59164   0.51496   0.20163   0.05650   0.02580   0.21453   0.24665   0.10563   0.11137   0.10904   0.03502   0.03079   0.00000   1.34887   0.77188   0.93273   0.00000   0.71269   0.20605   0.60199   0.42506   0.25825   0.11168   0.09758   0.15893   0.25587   0.06174   0.11217   0.10764   0.06443   0.03816  18.56970   1.63109   0.83322   1.00102   0.93809   0.65767  
 86  0.0001  15272.907719  x:  0.00000   1.38109   0.80128   0.97209   0.00000   0.67125   0.24755   0.59164   0.51496   0.20163   0.05650   0.02580   0.21453   0.24665   0.10563   0.11137   0.10904   0.03502   0.03079   0.00000   1.34887   0.77188   0.93273   0.00000   0.71269   0.20605   0.60199   0.42506   0.25825   0.11168   0.09758   0.15893   0.25587   0.06174   0.11217   0.10764   0.06443   0.03816  18.56969   1.63109   0.83322   1.00102   0.93809   0.65767  

TREE # 2

  0  0.0000  16248.210671  x:  3.08489   0.00000   0.50812   0.30342   0.34637   0.14148   0.38169   0.09607   0.33308   0.13767   0.15694   0.04867   0.03264   0.11486   0.09024   0.04693   0.09122   0.08967   0.06793   0.07743   0.09974   0.51830   0.34583   0.40592   0.13517   0.34515   0.07641   0.29251   0.18365   0.12983   0.07894   0.02814   0.09258   0.13123   0.15804   0.00000   0.08627   0.03669   0.06871   1.63109   0.78695   0.99841   0.91956   0.65767  
  1 99.0000  16247.656505  x:  3.08489   0.00000   0.50812   0.30342   0.34637   0.14148   0.38169   0.09607   0.33308   0.13767   0.15694   0.04867   0.03264   0.11486   0.09024   0.04694   0.09122   0.08967   0.06793   0.07743   0.09974   0.51830   0.34583   0.40592   0.13517   0.34515   0.07641   0.29251   0.18365   0.12983   0.07894   0.02814   0.09259   0.13123   0.15804   0.00005   0.08627   0.03669   0.06871   1.63109   0.78695   0.99841   0.91956   0.65767  
  2 12301.6437  16220.806251  x:  3.08552   0.00000   0.51026   0.30684   0.34991   0.14142   0.38376   0.09995   0.33522   0.14232   0.15915   0.05224   0.03721   0.11620   0.09531   0.04807   0.09193   0.09089   0.06775   0.07590   0.09767   0.52040   0.34868   0.40881   0.13521   0.34760   0.08214   0.29552   0.18751   0.13113   0.07888   0.02834   0.09635   0.13405   0.15736   0.00000   0.08713   0.03647   0.06702   1.63061   0.78720   0.99814   0.91984   0.65898  
  3 1733.6126  16220.806251  x:  3.08552   0.00000   0.51026   0.30684   0.34991   0.14142   0.38376   0.09995   0.33522   0.14232   0.15915   0.05224   0.03721   0.11620   0.09531   0.04807   0.09193   0.09089   0.06775   0.07590   0.09767   0.52040   0.34868   0.40881   0.13521   0.34760   0.08214   0.29552   0.18751   0.13113   0.07888   0.02834   0.09635   0.13405   0.15736   0.00000   0.08713   0.03647   0.06702   1.63061   0.78720   0.99814   0.91984   0.65898  
  4 1597.2119  16089.426788  x:  3.08723   0.00000   0.51601   0.31596   0.35936   0.14123   0.38926   0.11009   0.34094   0.15441   0.16487   0.06093   0.04757   0.11966   0.10794   0.05086   0.09377   0.09388   0.06727   0.07181   0.09205   0.52604   0.35631   0.41658   0.13526   0.35407   0.09670   0.30353   0.19763   0.13456   0.07870   0.02907   0.10588   0.14723   0.16057   0.31106   0.08939   0.03592   0.06252   1.62933   0.78791   0.99731   0.92061   0.66245  
  5 12079.3949  15699.016342  x:  3.11243   0.00000   0.59825   0.44387   0.49323   0.13685   0.46581   0.24456   0.42135   0.31373   0.23980   0.15928   0.15093   0.16452   0.25961   0.08253   0.11792   0.12859   0.06089   0.01487   0.00873   0.60668   0.46455   0.52761   0.13359   0.44327   0.27884   0.41469   0.33442   0.18127   0.07641   0.03539   0.22222   0.21920   0.12273   0.30185   0.11809   0.03010   0.00000   1.61012   0.79916   0.98808   0.93055   0.71191  
  6 1432.5485  15665.348483  x:  3.11507   0.00000   0.60683   0.45718   0.50717   0.13637   0.47377   0.25851   0.42971   0.33025   0.24755   0.16942   0.16157   0.16915   0.27529   0.08577   0.12041   0.13215   0.06024   0.00921   0.00000   0.61509   0.47582   0.53918   0.13339   0.45255   0.29772   0.42625   0.34862   0.18611   0.07616   0.03601   0.23424   0.22666   0.11879   0.30091   0.12108   0.02969   0.00312   1.60812   0.80034   0.98713   0.93158   0.71704  
  7 47945.1658  15599.877506  x:  3.14307   0.00000   0.67824   0.54997   0.61078   0.11793   0.52721   0.32891   0.48629   0.41334   0.27665   0.18624   0.17064   0.17931   0.32650   0.07347   0.12182   0.12768   0.07184   0.25215   0.00000   0.68565   0.56053   0.63104   0.11537   0.51193   0.38492   0.49967   0.42873   0.20618   0.06657   0.01801   0.27135   0.26162   0.09038   0.29763   0.12311   0.05294   0.00788   1.59276   0.81147   0.98401   0.93747   0.73908  
  8 1603.4037  15530.584072  x:  3.18702   0.00000   0.75614   0.61917   0.69868   0.06147   0.56257   0.33945   0.52273   0.42961   0.25621   0.12210   0.08850   0.14906   0.28415   0.03103   0.10212   0.08076   0.04565   0.23953   0.00000   0.76382   0.63342   0.71799   0.05673   0.54650   0.38975   0.54031   0.45957   0.19797   0.05243   0.02728   0.23211   0.25988   0.09434   0.29892   0.10257   0.00978   0.00824   1.58053   0.82277   0.99314   0.93673   0.72192  
  9 483.5161  15505.788957  x:  3.21458   0.00000   0.80312   0.65856   0.74936   0.02379   0.58262   0.34230   0.54312   0.43604   0.24353   0.08425   0.04409   0.13278   0.25660   0.02365   0.09389   0.05990   0.03820   0.22414   0.00000   0.81102   0.67551   0.76864   0.01784   0.56572   0.38842   0.56229   0.47552   0.19292   0.04631   0.03084   0.20698   0.25724   0.09746   0.29974   0.09181   0.04181   0.00734   1.57344   0.82916   0.99869   0.93644   0.71080  
 10 2532.1490  15490.944746  x:  3.22601   0.00000   0.82093   0.67129   0.76646   0.00631   0.58903   0.33972   0.54933   0.43484   0.23878   0.07255   0.04155   0.12939   0.24416   0.03823   0.09388   0.06288   0.04490   0.22133   0.00000   0.82896   0.68977   0.78627   0.00000   0.57145   0.38327   0.56813   0.47888   0.19078   0.04630   0.03016   0.19621   0.25463   0.09871   0.29996   0.08989   0.04099   0.00728   1.57102   0.83122   1.00075   0.93654   0.70595  
 11 1148.6275  15486.965778  x:  3.22984   0.00000   0.82647   0.67463   0.77114   0.00000   0.59077   0.33803   0.55086   0.43367   0.23775   0.07103   0.04464   0.12936   0.24027   0.03676   0.09396   0.06532   0.04624   0.22051   0.00000   0.83455   0.69371   0.79125   0.00000   0.57290   0.38061   0.56927   0.47932   0.19020   0.04686   0.02984   0.19320   0.25355   0.09904   0.30001   0.09008   0.04144   0.00725   1.57035   0.83175   1.00133   0.93666   0.70450  
 12 1127.6476  15465.333394  x:  3.30361   0.00000   0.91900   0.71309   0.83021   0.00000   0.61650   0.29145   0.56625   0.40016   0.24291   0.13178   0.03802   0.14972   0.20213   0.04438   0.11575   0.07206   0.01983   0.21684   0.00000   0.92840   0.74386   0.85759   0.00000   0.58834   0.31201   0.57009   0.47391   0.18783   0.06351   0.03006   0.17965   0.23596   0.09746   0.30089   0.11561   0.04284   0.00696   1.56063   0.83686   1.00640   0.94310   0.69157  
 13 514.1240  15456.886589  x:  3.34485   0.00000   0.96699   0.73005   0.85735   0.00000   0.62987   0.26527   0.57280   0.38203   0.24750   0.16547   0.02713   0.15931   0.19379   0.03939   0.12219   0.06385   0.04596   0.21143   0.00000   0.97712   0.76695   0.88879   0.00000   0.59557   0.27454   0.56818   0.46995   0.18742   0.06641   0.03134   0.18255   0.22944   0.09608   0.30131   0.12476   0.04234   0.00679   1.55591   0.83886   1.00809   0.94707   0.68831  
 14 1084.9403  15448.310437  x:  3.39629   0.00000   1.01609   0.73957   0.87648   0.00000   0.64380   0.23290   0.57603   0.36069   0.24846   0.17494   0.04491   0.15688   0.21317   0.04519   0.10836   0.03786   0.04671   0.20920   0.00000   1.02711   0.78334   0.91314   0.00000   0.60147   0.23199   0.56135   0.46243   0.18631   0.04849   0.03003   0.20103   0.23017   0.09623   0.30124   0.11085   0.04386   0.00676   1.55220   0.83976   1.00850   0.95128   0.69149  
 15 392.6982  15440.762729  x:  3.45767   0.00000   1.06720   0.74372   0.88948   0.00000   0.65973   0.19843   0.57766   0.34211   0.24736   0.17352   0.03626   0.14970   0.24706   0.04509   0.08986   0.06241   0.04410   0.20745   0.00000   1.07926   0.79455   0.93205   0.00000   0.60829   0.19129   0.55215   0.45524   0.18924   0.03249   0.02940   0.22823   0.23691   0.09618   0.30115   0.09134   0.04412   0.00678   1.54929   0.83974   1.00769   0.95553   0.69947  
 16 501.8184  15435.346505  x:  3.53236   0.00000   1.11523   0.73612   0.88766   0.00000   0.67888   0.16906   0.57628   0.33431   0.24502   0.14373   0.03414   0.14225   0.28112   0.04270   0.09802   0.06289   0.04271   0.20759   0.00000   1.12845   0.79324   0.93663   0.00000   0.61897   0.17018   0.54229   0.45340   0.20304   0.07157   0.03155   0.24787   0.24910   0.09588   0.30091   0.09505   0.04317   0.00676   1.54899   0.83825   1.00630   0.95634   0.70825  
 17 237.0512  15428.343483  x:  3.66297   0.00000   1.17978   0.70840   0.86243   0.00000   0.71246   0.14777   0.57120   0.34816   0.25206   0.11196   0.03014   0.15350   0.29505   0.03793   0.12933   0.06203   0.04117   0.20630   0.00000   1.19498   0.77231   0.92054   0.00000   0.64359   0.17598   0.52973   0.45676   0.20012   0.04989   0.01232   0.24775   0.25686   0.09195   0.30084   0.11549   0.04142   0.00668   1.55391   0.83413   1.00476   0.95000   0.71032  
 18 180.0092  15423.831875  x:  3.78038   0.00000   1.23293   0.68276   0.83731   0.00000   0.74100   0.13842   0.56720   0.36482   0.25922   0.09726   0.03092   0.15927   0.29654   0.03763   0.13731   0.06246   0.04095   0.20950   0.00000   1.24991   0.75113   0.90257   0.00000   0.66580   0.18426   0.52092   0.46103   0.19770   0.03582   0.04280   0.24140   0.26199   0.09137   0.30066   0.12430   0.04135   0.00670   1.55928   0.83064   1.00329   0.94348   0.70869  
 19 541.2785  15412.530670  x:  4.05201   0.00000   1.34031   0.62677   0.77713   0.00000   0.79888   0.14673   0.56128   0.41243   0.27451   0.11134   0.03070   0.15048   0.28034   0.04136   0.09477   0.05961   0.04176   0.21014   0.00000   1.36136   0.69877   0.85395   0.00000   0.71466   0.20505   0.51079   0.47776   0.19800   0.05339   0.03407   0.21215   0.26412   0.09575   0.30037   0.09759   0.04044   0.00686   1.57391   0.82292   0.99864   0.92937   0.69746  
 20 422.4857  15408.949706  x:  4.18362   0.00000   1.35084   0.63190   0.76766   0.00000   0.79128   0.17461   0.56640   0.42008   0.24700   0.11910   0.03429   0.12150   0.26284   0.03993   0.11250   0.06006   0.04205   0.21036   0.00000   1.37381   0.68396   0.83184   0.00000   0.71497   0.19185   0.53168   0.48965   0.19943   0.05074   0.03453   0.23475   0.25323   0.09216   0.30066   0.09126   0.04038   0.00689   1.58160   0.82368   0.98966   0.93586   0.69880  
 21 98.1654  15404.459588  x:  4.38381   0.00000   1.34246   0.65753   0.76720   0.00000   0.76037   0.19757   0.57452   0.41689   0.21444   0.11266   0.03275   0.15112   0.25228   0.04122   0.09259   0.05832   0.04106   0.21056   0.00000   1.36875   0.67337   0.80578   0.00000   0.70017   0.18219   0.56964   0.50620   0.20159   0.05064   0.03282   0.25529   0.24390   0.09774   0.30079   0.10760   0.04015   0.00683   1.59190   0.82600   0.98569   0.94078   0.70034  
 22 175.3194  15394.962397  x:  4.84423   0.00000   1.28699   0.73117   0.78497   0.00000   0.67189   0.19445   0.58678   0.38751   0.23776   0.11736   0.03060   0.16637   0.26703   0.03899   0.11245   0.05793   0.04089   0.21125   0.00000   1.32264   0.67786   0.77208   0.00000   0.64509   0.20403   0.63788   0.52573   0.20096   0.05232   0.03684   0.22767   0.25183   0.09619   0.30050   0.07424   0.03956   0.00700   1.61062   0.82976   1.00620   0.93146   0.69193  
 23 227.0348  15390.692088  x:  5.06741   0.00000   1.25160   0.76184   0.79502   0.00000   0.63744   0.19526   0.59041   0.37614   0.25949   0.12093   0.03150   0.13608   0.27621   0.03986   0.09790   0.05925   0.04137   0.21156   0.00000   1.29269   0.69095   0.76920   0.00000   0.61872   0.21811   0.65179   0.52293   0.19832   0.04765   0.03511   0.21260   0.25711   0.09306   0.30031   0.10562   0.03985   0.00689   1.61716   0.83206   1.01059   0.93278   0.68813  
 24 383.9236  15383.213473  x:  5.47437   0.00000   1.15035   0.78163   0.81528   0.00000   0.63922   0.23706   0.58566   0.38340   0.28317   0.11511   0.03210   0.14442   0.25896   0.03963   0.09938   0.05955   0.04101   0.21126   0.00000   1.20490   0.76282   0.83069   0.00000   0.58764   0.24768   0.57693   0.45899   0.20028   0.05111   0.03377   0.22343   0.26373   0.10428   0.29978   0.09998   0.03994   0.00692   1.61417   0.84003   0.98279   0.96792   0.69153  
 25 150.2423  15381.167129  x:  5.58464   0.00000   1.11753   0.77627   0.82305   0.00000   0.64920   0.24200   0.58212   0.38543   0.26513   0.11989   0.03277   0.14649   0.26128   0.03997   0.09795   0.05958   0.04120   0.21089   0.00000   1.17306   0.78330   0.85612   0.00000   0.58836   0.25692   0.55208   0.44979   0.19881   0.05315   0.03416   0.22911   0.25492   0.08268   0.30032   0.09945   0.04027   0.00691   1.61003   0.83785   1.00397   0.94804   0.68617  
 26 139.2891  15380.402101  x:  5.62830   0.00000   1.10259   0.76815   0.82799   0.00000   0.65667   0.23820   0.58002   0.38608   0.25262   0.12618   0.03330   0.14433   0.26578   0.04002   0.10049   0.05967   0.04157   0.21175   0.00000   1.15583   0.78985   0.86957   0.00000   0.59455   0.25966   0.54529   0.45480   0.19815   0.05242   0.03397   0.22925   0.25216   0.09975   0.30000   0.10074   0.04044   0.00693   1.60696   0.83627   1.01293   0.93809   0.68454  
 27 91.7570  15379.425225  x:  5.68084   0.00000   1.08090   0.74156   0.83905   0.00000   0.67162   0.21822   0.57627   0.38571   0.24236   0.13212   0.03393   0.14463   0.26887   0.04044   0.10069   0.05949   0.04195   0.21047   0.00000   1.12199   0.78945   0.89184   0.00000   0.61655   0.25191   0.55052   0.48204   0.19986   0.05091   0.03466   0.21929   0.25059   0.09479   0.30012   0.10035   0.04076   0.00690   1.60040   0.83595   0.99937   0.94654   0.68822  
 28 42.6295  15378.928425  x:  5.70496   0.00000   1.07332   0.72379   0.84896   0.00000   0.67925   0.21642   0.57702   0.38892   0.25897   0.12783   0.03430   0.14584   0.26149   0.04072   0.10048   0.06023   0.04190   0.20951   0.00000   1.10143   0.78192   0.90262   0.00000   0.62943   0.23436   0.55893   0.49165   0.19825   0.05143   0.03409   0.22732   0.25514   0.09506   0.30005   0.10100   0.04097   0.00686   1.59632   0.83284   1.00334   0.94125   0.68431  
 29 29.1174  15378.256494  x:  5.72593   0.00000   1.08532   0.70668   0.87081   0.00000   0.68368   0.22418   0.58232   0.38848   0.26108   0.12938   0.03519   0.14810   0.26894   0.04100   0.10262   0.06116   0.04244   0.20794   0.00000   1.08244   0.75479   0.90753   0.00000   0.63286   0.22948   0.56905   0.46762   0.20180   0.05130   0.03414   0.21810   0.24743   0.09558   0.30019   0.10272   0.04140   0.00681   1.59289   0.84029   1.00188   0.93563   0.69512  
 30  9.4196  15377.292130  x:  5.75115   0.00000   1.10472   0.68700   0.89542   0.00000   0.68358   0.21950   0.58573   0.38044   0.25535   0.13420   0.03701   0.14896   0.26670   0.04200   0.10327   0.06250   0.04317   0.20643   0.00000   1.06578   0.72077   0.91190   0.00000   0.62780   0.24609   0.57409   0.44568   0.19833   0.05321   0.03342   0.22485   0.25129   0.09520   0.29990   0.10346   0.04216   0.00677   1.59317   0.82636   1.00327   0.94751   0.68283  
 31 28.4869  15375.860438  x:  5.78197   0.00000   1.12345   0.66718   0.90347   0.00000   0.66920   0.21436   0.58079   0.37079   0.25441   0.13862   0.04012   0.15005   0.25328   0.04383   0.10337   0.06458   0.04423   0.20346   0.00000   1.06540   0.69756   0.91392   0.00000   0.60559   0.26088   0.55479   0.45672   0.19641   0.05435   0.03194   0.23666   0.26086   0.09448   0.29942   0.10414   0.04330   0.00668   1.59744   0.85158   0.99428   0.93699   0.68175  
 32 20.4799  15372.783523  x:  5.84241   0.00000   1.14627   0.63704   0.89040   0.00000   0.63230   0.23413   0.56697   0.36833   0.26083   0.14184   0.04558   0.15779   0.25321   0.04637   0.10862   0.06885   0.04642   0.19678   0.00000   1.08639   0.68049   0.91297   0.00000   0.56494   0.25192   0.50777   0.49593   0.20260   0.05307   0.03149   0.22487   0.25154   0.09460   0.29921   0.10784   0.04537   0.00649   1.60589   0.83001   1.00464   0.94597   0.70050  
 33 41.3917  15369.855957  x:  5.89357   0.00000   1.13537   0.63496   0.83816   0.00000   0.61693   0.23312   0.55090   0.37995   0.26340   0.14631   0.04995   0.16575   0.27387   0.04835   0.11559   0.07347   0.04858   0.19107   0.00000   1.12081   0.70436   0.89414   0.00000   0.58114   0.23440   0.51398   0.48453   0.19374   0.05718   0.03137   0.22034   0.23474   0.09505   0.29909   0.11164   0.04735   0.00633   1.61425   0.83875   0.99352   0.94921   0.66132  
 34 29.8079  15365.992713  x:  5.95982   0.00000   1.10800   0.65619   0.75751   0.00000   0.62619   0.19949   0.53776   0.38061   0.26222   0.15653   0.05772   0.16905   0.25150   0.05255   0.11719   0.07834   0.05141   0.18088   0.00000   1.16771   0.74582   0.85381   0.00000   0.62210   0.23043   0.54505   0.44886   0.19552   0.05954   0.02844   0.22657   0.24742   0.09392   0.29827   0.11467   0.04989   0.00604   1.61230   0.82882   0.99898   0.94422   0.69401  
 35 65.6779  15363.613645  x:  5.99731   0.00000   1.09367   0.70998   0.73615   0.00000   0.70025   0.19256   0.57277   0.35596   0.26663   0.15859   0.06154   0.17132   0.25015   0.05410   0.11913   0.08134   0.05296   0.17470   0.00000   1.17787   0.74743   0.79852   0.00000   0.62936   0.21748   0.53060   0.45856   0.21485   0.05583   0.02717   0.21998   0.25126   0.09343   0.29784   0.11735   0.05095   0.00586   1.60282   0.82680   0.99695   0.94238   0.68221  
 36 28.4825  15362.342391  x:  6.01482   0.00000   1.09740   0.73378   0.74197   0.00000   0.72018   0.18390   0.57860   0.36468   0.26984   0.15755   0.06276   0.17153   0.25291   0.05447   0.11932   0.08295   0.05337   0.17232   0.00000   1.17966   0.74678   0.78036   0.00000   0.63286   0.21459   0.52191   0.46579   0.17870   0.06414   0.02775   0.22219   0.24100   0.09392   0.29785   0.11673   0.05124   0.00581   1.59713   0.82640   0.99545   0.94443   0.69065  
 37 24.3986  15353.982033  x:  6.13071   0.00000   1.17643   0.82223   0.82694   0.00000   0.71930   0.13405   0.52935   0.48376   0.26593   0.15279   0.07214   0.16844   0.24114   0.05587   0.11714   0.08620   0.05580   0.15727   0.00000   1.19437   0.76133   0.75018   0.00000   0.67376   0.20528   0.49215   0.48511   0.21635   0.05920   0.02449   0.22469   0.23404   0.09454   0.29628   0.11604   0.05112   0.00551   1.57843   0.82850   1.00390   0.94979   0.68075  
 38 21.3436  15338.186310  x:  6.35402   0.00000   1.32806   0.84887   0.90745   0.00000   0.71400   0.21872   0.52326   0.46455   0.24273   0.15346   0.08537   0.17657   0.26145   0.05601   0.12328   0.09550   0.06072   0.12686   0.00000   1.27340   0.83130   0.81951   0.00000   0.74564   0.21919   0.52356   0.52547   0.18888   0.06140   0.01867   0.19270   0.33900   0.08380   0.29040   0.12277   0.05058   0.00486   1.57181   0.82963   1.00760   0.94340   0.66934  
 39 60.1855  15327.095803  x:  6.50004   0.00000   1.41283   0.82630   0.93318   0.00000   0.72486   0.23429   0.57625   0.42578   0.28238   0.13215   0.09317   0.17467   0.25931   0.05646   0.11870   0.10366   0.06255   0.10785   0.00000   1.34513   0.88398   0.90527   0.00000   0.75189   0.28789   0.58381   0.56001   0.21254   0.06308   0.01691   0.22506   0.24907   0.09052   0.29013   0.11880   0.04983   0.00451   1.58994   0.82650   1.00355   0.93825   0.67380  
 40 114.0807  15325.138454  x:  6.52715   0.00000   1.40552   0.80901   0.92865   0.00000   0.74315   0.21630   0.62859   0.47083   0.27307   0.13467   0.09579   0.17539   0.26034   0.05631   0.11973   0.10388   0.06334   0.10410   0.00000   1.37435   0.88273   0.94334   0.00000   0.69877   0.27982   0.61045   0.55668   0.21141   0.06283   0.01625   0.21969   0.26228   0.08922   0.28941   0.11950   0.04980   0.00443   1.61668   0.82727   1.00527   0.93716   0.67309  
 41 36.2149  15324.604899  x:  6.54057   0.00000   1.36006   0.82287   0.94259   0.00000   0.75725   0.21989   0.60354   0.46978   0.27500   0.13390   0.09624   0.17515   0.26086   0.05632   0.11963   0.10436   0.06351   0.10264   0.00000   1.42070   0.83616   0.97534   0.00000   0.69573   0.28019   0.61592   0.55649   0.21110   0.06303   0.01624   0.21914   0.26163   0.08937   0.28926   0.11971   0.04982   0.00440   1.63522   0.83103   1.00990   0.94085   0.67444  
 42  8.8547  15324.322262  x:  6.55194   0.00000   1.33623   0.82822   0.94857   0.00000   0.74124   0.21747   0.62196   0.47107   0.27447   0.13353   0.09644   0.17489   0.26027   0.05645   0.11946   0.10439   0.06354   0.10141   0.00000   1.44549   0.81097   0.98826   0.00000   0.71117   0.28098   0.60440   0.55448   0.21145   0.06298   0.01621   0.21927   0.26220   0.08935   0.28913   0.11957   0.04978   0.00438   1.62472   0.82601   1.00236   0.93473   0.67348  
 43  8.5829  15323.194235  x:  6.61908   0.00000   1.32498   0.81365   0.94795   0.00000   0.73993   0.21757   0.62043   0.47125   0.27282   0.13167   0.09774   0.17371   0.25892   0.05689   0.11897   0.10517   0.06384   0.09484   0.00000   1.46865   0.80163   0.99105   0.00000   0.69511   0.28153   0.61153   0.55286   0.21084   0.06267   0.01673   0.21817   0.26088   0.09008   0.28854   0.11929   0.04969   0.00428   1.54885   0.84644   1.02407   0.95795   0.66662  
 44  3.0208  15316.004735  x:  7.02898   0.00000   1.34542   0.77850   0.98252   0.00000   0.75425   0.20930   0.58276   0.45054   0.26554   0.11934   0.10426   0.16680   0.24824   0.05997   0.11622   0.11025   0.06580   0.05292   0.00000   1.49384   0.82839   0.98150   0.00000   0.65212   0.26310   0.62397   0.53476   0.20309   0.06322   0.02033   0.20840   0.25454   0.09231   0.28484   0.11654   0.04950   0.00359   1.51610   0.79557   0.95431   0.89637   0.65256  
 45 17.0165  15312.115576  x:  7.24859   0.00000   1.36494   0.76458   0.98969   0.00000   0.74521   0.19884   0.60327   0.43623   0.26252   0.11272   0.10754   0.16320   0.24141   0.06200   0.11458   0.11280   0.06689   0.03033   0.00000   1.48898   0.83673   0.97734   0.00000   0.67968   0.25180   0.60508   0.52783   0.19929   0.06347   0.02224   0.20377   0.25181   0.09429   0.28285   0.11513   0.04943   0.00322   1.57343   0.82428   0.98922   0.92740   0.65438  
 46 71.8456  15311.876704  x:  7.26366   0.00000   1.38593   0.79380   0.95059   0.00000   0.74423   0.19709   0.60062   0.43757   0.26244   0.11224   0.10758   0.16292   0.24174   0.06208   0.11450   0.11284   0.06689   0.02969   0.00000   1.46566   0.81567   1.01115   0.00000   0.68048   0.24935   0.60443   0.52919   0.19884   0.06339   0.02250   0.20330   0.25108   0.09444   0.28271   0.11501   0.04934   0.00322   1.56937   0.82347   0.98825   0.92640   0.65315  
 47  4.4525  15307.331312  x:  7.56902   0.00000   1.37399   0.77989   0.92594   0.00000   0.70983   0.19570   0.60892   0.41684   0.25376   0.10478   0.10241   0.15463   0.24812   0.06230   0.11076   0.10950   0.06442   0.05035   0.00000   1.37238   0.80724   1.00447   0.00000   0.68537   0.23985   0.57667   0.51102   0.19460   0.05982   0.02966   0.20818   0.24846   0.09980   0.27872   0.11073   0.04449   0.00418   1.64951   0.84771   1.01728   0.95143   0.65701  
 48  0.5603  15300.285669  x:  8.91407   0.00000   1.27421   0.73168   0.95691   0.00000   0.67263   0.22655   0.57881   0.41467   0.24848   0.11400   0.10180   0.15489   0.28369   0.06654   0.11026   0.11089   0.06594   0.03482   0.00000   1.29290   0.79314   0.93860   0.00000   0.62791   0.24888   0.58920   0.49601   0.20282   0.04596   0.02948   0.23749   0.25670   0.10111   0.25454   0.10814   0.03181   0.00582   1.65065   0.82876   0.99277   0.93391   0.66475  
 49  0.4990  15290.359997  x: 10.97303   0.00000   1.32266   0.78058   0.90721   0.00000   0.71407   0.22718   0.62371   0.44022   0.27579   0.10998   0.10829   0.15438   0.25799   0.06549   0.10546   0.11228   0.06703   0.03628   0.00000   1.34633   0.76447   1.00144   0.00000   0.67890   0.28872   0.59306   0.54096   0.20406   0.05336   0.02397   0.21216   0.24019   0.09927   0.20763   0.09928   0.01739   0.00932   1.61128   0.83038   1.00555   0.93997   0.66465  
 50  0.6207  15278.861798  x: 13.90300   0.00000   1.37807   0.78855   0.90235   0.00000   0.74527   0.20190   0.61859   0.43998   0.26390   0.12371   0.11655   0.16660   0.23026   0.06377   0.11975   0.11338   0.06808   0.03879   0.00000   1.42683   0.81730   0.95624   0.00000   0.69827   0.27190   0.59179   0.53702   0.19545   0.06872   0.02619   0.19750   0.26309   0.09903   0.13232   0.11334   0.04248   0.01369   1.61960   0.84010   1.00956   0.93965   0.64860  
 51  1.0590  15275.254609  x: 15.32156   0.00000   1.35209   0.76816   0.92317   0.00000   0.71556   0.20450   0.59918   0.42607   0.25474   0.11040   0.11206   0.16025   0.25434   0.06301   0.11517   0.11024   0.06572   0.03833   0.00000   1.39417   0.80628   0.95325   0.00000   0.66997   0.25088   0.58896   0.51357   0.19982   0.06276   0.02650   0.21325   0.24589   0.10692   0.09977   0.11038   0.03982   0.01598   1.63757   0.83335   0.99957   0.93580   0.65307  
 52  1.2435  15274.855276  x: 15.00876   0.00000   1.34331   0.76764   0.93104   0.00000   0.70745   0.20714   0.59898   0.42368   0.25671   0.11021   0.10722   0.15730   0.25727   0.06231   0.11155   0.10815   0.06465   0.03974   0.00000   1.37439   0.79684   0.97024   0.00000   0.66722   0.24579   0.58965   0.51200   0.20169   0.05599   0.02581   0.21581   0.24536   0.10645   0.10841   0.10862   0.03675   0.01564   1.63324   0.83249   1.00000   0.93825   0.65891  
 53  0.2896  15274.697806  x: 15.27045   0.00000   1.34684   0.77092   0.93698   0.00000   0.71142   0.20704   0.60334   0.42492   0.25900   0.11243   0.10289   0.15802   0.25578   0.06128   0.11133   0.10667   0.06410   0.03940   0.00000   1.37418   0.79880   0.97861   0.00000   0.67162   0.24725   0.59215   0.51610   0.20192   0.05369   0.02570   0.21475   0.24751   0.10523   0.10296   0.10841   0.03451   0.01622   1.62795   0.83349   1.00147   0.93915   0.65916  
 54  0.1508  15274.552843  x: 15.23333   0.00000   1.35166   0.77185   0.93731   0.00000   0.71750   0.20455   0.60335   0.42512   0.25827   0.11183   0.09638   0.16010   0.25560   0.06049   0.11301   0.10591   0.06367   0.03828   0.00000   1.38408   0.80588   0.97287   0.00000   0.67273   0.24873   0.59221   0.51599   0.20094   0.05787   0.02602   0.21373   0.24436   0.10616   0.10593   0.10941   0.03401   0.01644   1.63048   0.83385   1.00110   0.93734   0.65565  
 55  0.0149  15274.435674  x: 15.38548   0.00000   1.34952   0.77515   0.92499   0.00000   0.71080   0.20489   0.59949   0.42485   0.25746   0.11277   0.09150   0.15926   0.25539   0.06126   0.11216   0.10622   0.06365   0.03876   0.00000   1.38407   0.79812   0.96811   0.00000   0.67146   0.24469   0.58986   0.51269   0.20151   0.05835   0.02517   0.21508   0.24862   0.10617   0.10516   0.11021   0.03553   0.01706   1.63500   0.83256   1.00063   0.93879   0.65820  
 56  0.0548  15274.195978  x: 15.70198   0.00000   1.34628   0.76997   0.92768   0.00000   0.70865   0.21045   0.60491   0.42601   0.26130   0.11000   0.09006   0.15742   0.25721   0.06358   0.11084   0.11053   0.06521   0.03854   0.00000   1.38775   0.80418   0.96633   0.00000   0.66837   0.25235   0.59540   0.51875   0.20363   0.05411   0.02649   0.21485   0.24244   0.10563   0.10645   0.10870   0.03874   0.01845   1.63124   0.83333   1.00168   0.93867   0.66097  
 57  0.0628  15273.813846  x: 16.37000   0.00000   1.34534   0.77400   0.93982   0.00000   0.71759   0.20818   0.60161   0.42443   0.25626   0.10836   0.08967   0.15877   0.25502   0.06495   0.11246   0.11431   0.06736   0.03758   0.00000   1.37137   0.80398   0.97955   0.00000   0.67242   0.25129   0.59278   0.51580   0.19816   0.05450   0.02588   0.21328   0.25540   0.10493   0.10853   0.10654   0.03806   0.02130   1.62966   0.83386   1.00011   0.93555   0.65208  
 58  0.1681  15273.295991  x: 17.44880   0.00000   1.34559   0.77164   0.94484   0.00000   0.71269   0.20379   0.60255   0.42474   0.25780   0.11237   0.09293   0.16089   0.25420   0.06456   0.11304   0.11498   0.06891   0.03909   0.00000   1.36615   0.79752   0.98241   0.00000   0.67065   0.24425   0.58936   0.51006   0.20270   0.05743   0.02517   0.21270   0.24070   0.10781   0.10903   0.10823   0.03420   0.02571   1.63213   0.83279   1.00154   0.93960   0.65813  
 59  0.3392  15273.044578  x: 18.11081   0.00000   1.35294   0.76934   0.93569   0.00000   0.71130   0.20542   0.60144   0.42319   0.26010   0.10978   0.09626   0.15884   0.25624   0.06327   0.11179   0.11332   0.06822   0.03819   0.00000   1.38822   0.80337   0.97016   0.00000   0.67168   0.24636   0.59259   0.51732   0.20212   0.05759   0.02601   0.21648   0.24960   0.10410   0.11140   0.11045   0.03375   0.02870   1.62764   0.83366   1.00102   0.93799   0.65948  
 60  0.2862  15272.930433  x: 18.57627   0.00000   1.35319   0.77267   0.92550   0.00000   0.71437   0.20451   0.60155   0.42474   0.25794   0.11140   0.09692   0.15797   0.25551   0.06140   0.11126   0.10903   0.06588   0.03823   0.00000   1.38887   0.80136   0.97058   0.00000   0.67157   0.24601   0.59160   0.51488   0.20119   0.05595   0.02553   0.21345   0.24585   0.10577   0.11114   0.10949   0.03437   0.03058   1.63168   0.83288   1.00059   0.93745   0.65634  
 61  0.2261  15272.910238  x: 18.63664   0.00000   1.34848   0.77351   0.93127   0.00000   0.71299   0.20586   0.60211   0.42541   0.25798   0.11178   0.09752   0.15917   0.25632   0.06121   0.11246   0.10777   0.06492   0.03821   0.00000   1.38256   0.80164   0.97073   0.00000   0.67231   0.24721   0.59152   0.51482   0.20167   0.05626   0.02600   0.21475   0.24657   0.10573   0.11131   0.10896   0.03497   0.03084   1.63188   0.83317   1.00108   0.93831   0.65780  
 62  0.0411  15272.908120  x: 18.62535   0.00000   1.34857   0.77178   0.93291   0.00000   0.71280   0.20600   0.60196   0.42493   0.25834   0.11158   0.09761   0.15892   0.25578   0.06146   0.11215   0.10762   0.06463   0.03812   0.00000   1.38069   0.80154   0.97180   0.00000   0.67117   0.24751   0.59168   0.51491   0.20164   0.05651   0.02576   0.21457   0.24671   0.10563   0.11136   0.10887   0.03509   0.03079   1.63089   0.83324   1.00104   0.93807   0.65776  
 63  0.0086  15272.907775  x: 18.62149   0.00000   1.34883   0.77177   0.93282   0.00000   0.71257   0.20610   0.60203   0.42507   0.25824   0.11174   0.09756   0.15892   0.25589   0.06167   0.11216   0.10761   0.06449   0.03816   0.00000   1.38078   0.80101   0.97246   0.00000   0.67114   0.24765   0.59164   0.51501   0.20164   0.05653   0.02581   0.21451   0.24663   0.10561   0.11139   0.10908   0.03504   0.03078   1.63105   0.83321   1.00100   0.93807   0.65761  
 64  0.0022  15272.907725  x: 18.62568   0.00000   1.34890   0.77179   0.93282   0.00000   0.71264   0.20610   0.60197   0.42507   0.25824   0.11167   0.09758   0.15892   0.25587   0.06174   0.11216   0.10762   0.06445   0.03816   0.00000   1.38106   0.80129   0.97208   0.00000   0.67125   0.24758   0.59162   0.51496   0.20162   0.05650   0.02580   0.21452   0.24664   0.10564   0.11136   0.10906   0.03502   0.03079   1.63113   0.83322   1.00102   0.93809   0.65767  
 65  0.0028  15272.907721  x: 18.62601   0.00000   1.34888   0.77188   0.93272   0.00000   0.71269   0.20606   0.60199   0.42507   0.25825   0.11168   0.09758   0.15893   0.25587   0.06175   0.11217   0.10763   0.06444   0.03816   0.00000   1.38109   0.80128   0.97210   0.00000   0.67124   0.24756   0.59165   0.51496   0.20163   0.05650   0.02580   0.21453   0.24665   0.10563   0.11137   0.10904   0.03502   0.03079   1.63108   0.83322   1.00102   0.93809   0.65767  
 66  0.0003  15272.907721  x: 18.62589   0.00000   1.34887   0.77188   0.93273   0.00000   0.71269   0.20605   0.60199   0.42506   0.25825   0.11168   0.09757   0.15893   0.25587   0.06174   0.11217   0.10764   0.06444   0.03816   0.00000   1.38109   0.80129   0.97209   0.00000   0.67126   0.24755   0.59164   0.51496   0.20163   0.05650   0.02580   0.21452   0.24665   0.10563   0.11137   0.10903   0.03502   0.03079   1.63109   0.83322   1.00102   0.93809   0.65766  
 67  0.0001  15272.907721  x: 18.62583   0.00000   1.34888   0.77188   0.93273   0.00000   0.71269   0.20605   0.60199   0.42506   0.25825   0.11168   0.09758   0.15893   0.25587   0.06174   0.11217   0.10764   0.06443   0.03816   0.00000   1.38109   0.80128   0.97209   0.00000   0.67125   0.24755   0.59164   0.51497   0.20163   0.05650   0.02580   0.21453   0.24665   0.10563   0.11137   0.10904   0.03502   0.03079   1.63109   0.83322   1.00102   0.93809   0.65767  
 68  0.0000  15272.907721  x: 18.62585   0.00000   1.34888   0.77188   0.93273   0.00000   0.71269   0.20605   0.60199   0.42506   0.25825   0.11168   0.09758   0.15893   0.25587   0.06174   0.11217   0.10764   0.06443   0.03816   0.00000   1.38109   0.80128   0.97209   0.00000   0.67125   0.24755   0.59164   0.51496   0.20163   0.05650   0.02580   0.21453   0.24665   0.10563   0.11137   0.10904   0.03502   0.03079   1.63109   0.83322   1.00102   0.93809   0.65767  
 69  0.0000  15272.907721  x: 18.62585   0.00000   1.34888   0.77188   0.93273   0.00000   0.71269   0.20605   0.60199   0.42506   0.25825   0.11168   0.09758   0.15893   0.25587   0.06174   0.11217   0.10764   0.06443   0.03816   0.00000   1.38109   0.80128   0.97209   0.00000   0.67125   0.24755   0.59164   0.51496   0.20163   0.05650   0.02580   0.21453   0.24665   0.10563   0.11137   0.10904   0.03502   0.03079   1.63109   0.83322   1.00102   0.93809   0.65767  
 70  0.0000  15272.907721  x: 18.62581   0.00000   1.34887   0.77188   0.93273   0.00000   0.71269   0.20605   0.60199   0.42506   0.25825   0.11168   0.09758   0.15893   0.25587   0.06174   0.11217   0.10764   0.06443   0.03816   0.00000   1.38109   0.80128   0.97209   0.00000   0.67125   0.24755   0.59164   0.51497   0.20163   0.05650   0.02580   0.21453   0.24665   0.10563   0.11137   0.10904   0.03502   0.03079   1.63109   0.83322   1.00102   0.93809   0.65767  
 71  0.0000  15272.907720  x: 18.62529   0.00000   1.34886   0.77188   0.93273   0.00000   0.71269   0.20606   0.60199   0.42506   0.25825   0.11168   0.09758   0.15893   0.25587   0.06174   0.11217   0.10764   0.06443   0.03816   0.00000   1.38108   0.80128   0.97209   0.00000   0.67125   0.24755   0.59164   0.51497   0.20163   0.05650   0.02580   0.21452   0.24665   0.10563   0.11137   0.10904   0.03502   0.03079   1.63109   0.83322   1.00102   0.93809   0.65767  
 72  0.0001  15272.907720  x: 18.62222   0.00000   1.34886   0.77188   0.93273   0.00000   0.71269   0.20606   0.60199   0.42506   0.25825   0.11168   0.09758   0.15893   0.25587   0.06174   0.11217   0.10764   0.06443   0.03816   0.00000   1.38108   0.80128   0.97209   0.00000   0.67125   0.24755   0.59164   0.51497   0.20163   0.05650   0.02580   0.21452   0.24665   0.10563   0.11137   0.10904   0.03502   0.03079   1.63109   0.83322   1.00102   0.93809   0.65767  
 73  0.0004  15272.907719  x: 18.57282   0.00000   1.34887   0.77188   0.93273   0.00000   0.71269   0.20605   0.60199   0.42506   0.25825   0.11168   0.09758   0.15893   0.25587   0.06174   0.11217   0.10764   0.06443   0.03816   0.00000   1.38109   0.80129   0.97210   0.00000   0.67125   0.24755   0.59164   0.51496   0.20163   0.05650   0.02580   0.21452   0.24665   0.10563   0.11137   0.10904   0.03502   0.03079   1.63108   0.83322   1.00102   0.93809   0.65767  
 74  0.0472  15272.907719  x: 18.56917   0.00000   1.34887   0.77188   0.93273   0.00000   0.71269   0.20605   0.60199   0.42506   0.25825   0.11168   0.09758   0.15893   0.25587   0.06174   0.11217   0.10764   0.06443   0.03816   0.00000   1.38109   0.80128   0.97209   0.00000   0.67125   0.24755   0.59164   0.51496   0.20163   0.05650   0.02580   0.21453   0.24665   0.10563   0.11137   0.10904   0.03502   0.03079   1.63109   0.83322   1.00102   0.93809   0.65767  
 75  0.0023  15272.907719  x: 18.56999   0.00000   1.34887   0.77188   0.93273   0.00000   0.71269   0.20605   0.60199   0.42506   0.25825   0.11168   0.09758   0.15893   0.25587   0.06174   0.11217   0.10764   0.06443   0.03816   0.00000   1.38109   0.80128   0.97209   0.00000   0.67125   0.24755   0.59164   0.51497   0.20163   0.05650   0.02580   0.21453   0.24665   0.10563   0.11137   0.10904   0.03502   0.03079   1.63109   0.83322   1.00102   0.93809   0.65767  
 76  0.0005  15272.907719  x: 18.56998   0.00000   1.34887   0.77188   0.93273   0.00000   0.71269   0.20605   0.60199   0.42506   0.25825   0.11168   0.09758   0.15893   0.25587   0.06174   0.11217   0.10764   0.06443   0.03816   0.00000   1.38109   0.80128   0.97209   0.00000   0.67125   0.24755   0.59164   0.51497   0.20163   0.05650   0.02580   0.21453   0.24665   0.10563   0.11137   0.10904   0.03502   0.03079   1.63109   0.83322   1.00102   0.93809   0.65767  