-6.336983308577062157e-01
-7.266712434296308532e-01
-5.491192545413692283e-01
5.388960417110914003e-01
-4.086334224222808453e-01
-3.331389733184633162e-01
1.353605061719738156e+00
2.327775421506332876e+00
-2.573863268018712347e-01
-1.756636157701106371e-01
-3.734206734175718467e-01
-5.335008703668541186e-01
-1.439647629655838923e+00
-5.407682681604125685e-01
-1.062137350249145795e+00
-8.757591187488481532e-01
-3.542047446106683317e+00
-1.713568152855186932e+00
-2.437327122468583962e+00
-3.993244848865248997e+00
-1.894484125350810455e+00
-1.589210462279180280e+00
-2.734206772735654045e+00
-2.291827896669924147e+00
-2.948705906053113335e+00
-3.530423139709876423e+00
