-6.670006408242906693e-01
-8.153417281451528220e-01
-5.202782176495929223e-01
5.833063267873057622e-01
-1.260202431040755355e+00
-5.371584361601161768e-03
-1.228327887092983062e+01
1.942452878412227024e+00
9.392808295024498988e-02
-2.814840106054917079e+00
-2.208644699374727960e+00
-1.267447989635165584e+00
-6.455930733038951486e-01
-1.521791854820770507e+00
-1.415546444748265520e+00
-1.104979470504756200e+01
-8.695876766725765261e-01
-3.674533480315576028e-01
-3.013615626233298261e+00
-2.284647315954828173e+00
-3.277741529670223364e-01
-1.145699810636470417e+00
-7.242112943594853913e-01
-9.022740274247337267e-01
-1.860435947547292024e+00
-3.432145160885437529e-01
-8.943261745575735722e-01
-5.034480584298531847e-01
-3.143431007721580794e+00
-2.836171394457360773e+00
-2.774576443571077800e+00
-3.412401351491336055e+00
-2.148641252924623934e+00
-1.786770316652613211e+00
-1.554402921805276394e+00
-8.164474345932987154e-01
