

TREE # 1

  0  0.0000   2431.123569  x:  0.24682   0.09056   0.11721   0.02264   0.03759   0.07047   0.02634   0.02010   0.02271   0.00536   0.02089   0.02012   0.03792   0.01628   0.03493   0.03922   0.12176   0.06397   0.05897   0.03069   0.00595   0.02548   0.02579   0.09630   0.13192   0.11312   0.00000   0.03446   0.05280   0.02972   0.03612   0.05931   0.03383   0.00943   0.02230   0.03807   0.02105   0.02016   0.06086   0.11152   0.04001   0.04594   0.01469   0.03827   0.05536   0.01290   0.08701   8.40433   1.03598   1.10816   1.21822   1.00000  
  1 99.0000   2431.121293  x:  0.24682   0.09056   0.11721   0.02264   0.03759   0.07047   0.02634   0.02010   0.02271   0.00536   0.02089   0.02012   0.03792   0.01628   0.03493   0.03922   0.12176   0.06397   0.05897   0.03069   0.00595   0.02548   0.02578   0.09630   0.13192   0.11312   0.00000   0.03446   0.05280   0.02972   0.03612   0.05931   0.03383   0.00943   0.02230   0.03807   0.02105   0.02016   0.06086   0.11152   0.04001   0.04594   0.01469   0.03827   0.05536   0.01290   0.08701   8.40433   1.03598   1.10816   1.21822   1.00000  
  2 662.9510   2421.091336  x:  0.24830   0.09094   0.11748   0.02332   0.03692   0.06997   0.02196   0.01918   0.02166   0.00000   0.01555   0.01956   0.03608   0.01738   0.03001   0.03901   0.12262   0.06355   0.05887   0.02804   0.00059   0.02572   0.02656   0.09683   0.13254   0.11406   0.00000   0.03471   0.05278   0.02719   0.03456   0.05684   0.02849   0.00405   0.01693   0.03803   0.02030   0.01493   0.06085   0.11204   0.03957   0.04519   0.01656   0.03294   0.05446   0.00754   0.08662   8.40397   1.03600   1.10765   1.21853   0.99960  
  3 1896.2208   2420.171310  x:  0.24841   0.09094   0.11749   0.02339   0.03693   0.06997   0.02152   0.01920   0.02178   0.00000   0.01497   0.01960   0.03615   0.01745   0.02948   0.03903   0.12264   0.06353   0.05888   0.02786   0.00000   0.02577   0.02657   0.09683   0.13258   0.11408   0.00000   0.03474   0.05279   0.02703   0.03450   0.05665   0.02791   0.00346   0.01634   0.03803   0.02032   0.01436   0.06086   0.11206   0.03957   0.04517   0.01661   0.03236   0.05443   0.00696   0.08660   8.40393   1.03599   1.10759   1.21857   0.99956  
  4 6665.6717   2415.437874  x:  0.24896   0.09093   0.11755   0.02361   0.03696   0.07004   0.01907   0.01941   0.02165   0.00000   0.01157   0.01974   0.03634   0.01754   0.02637   0.03911   0.12270   0.06345   0.05894   0.02716   0.00000   0.02591   0.02651   0.09678   0.13271   0.11414   0.00000   0.03479   0.05285   0.02641   0.03430   0.05579   0.02450   0.00000   0.01289   0.03804   0.02044   0.01102   0.06088   0.11209   0.03955   0.04515   0.01655   0.02895   0.05435   0.00353   0.08654   8.40370   1.03594   1.10728   1.21879   0.99927  
  5 36823.6220   2411.140980  x:  0.24951   0.09092   0.11761   0.02381   0.03699   0.07011   0.01658   0.01960   0.02159   0.00000   0.00809   0.01986   0.03648   0.01763   0.02319   0.03918   0.12277   0.06338   0.05899   0.02647   0.00000   0.02603   0.02647   0.09674   0.13285   0.11419   0.00000   0.03484   0.05289   0.02580   0.03411   0.05494   0.02101   0.00000   0.00935   0.03805   0.02054   0.00759   0.06090   0.11213   0.03953   0.04513   0.01650   0.02545   0.05428   0.00000   0.08648   8.40346   1.03588   1.10696   1.21901   0.99898  
  6 2613220.9703   2403.331993  x:  0.25023   0.09107   0.11768   0.02472   0.03649   0.07035   0.01250   0.01939   0.02056   0.00000   0.00037   0.01948   0.03900   0.01865   0.01620   0.03900   0.12327   0.06320   0.05896   0.02632   0.00000   0.02631   0.02691   0.09708   0.13312   0.11476   0.00000   0.03512   0.05283   0.02546   0.03337   0.05436   0.01333   0.00000   0.00234   0.03762   0.01987   0.00000   0.06092   0.11240   0.03924   0.04464   0.01785   0.01758   0.05372   0.00000   0.08630   8.40297   1.03575   1.10646   1.21937   0.99838  
  7 5955.6491   2403.035863  x:  0.25026   0.09108   0.11769   0.02477   0.03648   0.07035   0.01238   0.01940   0.02056   0.00000   0.00000   0.01951   0.03901   0.01869   0.01588   0.03902   0.12331   0.06319   0.05896   0.02629   0.00000   0.02636   0.02686   0.09709   0.13314   0.11479   0.00000   0.03514   0.05284   0.02542   0.03332   0.05433   0.01297   0.00000   0.00207   0.03763   0.01988   0.00000   0.06092   0.11241   0.03923   0.04462   0.01782   0.01721   0.05369   0.00000   0.08629   8.40294   1.03575   1.10645   1.21938   0.99835  
  8 2937.9331   2401.102965  x:  0.25063   0.09110   0.11775   0.02484   0.03655   0.07036   0.01136   0.01957   0.02050   0.00000   0.00000   0.01967   0.03912   0.01866   0.01320   0.03910   0.12339   0.06310   0.05902   0.02581   0.00000   0.02640   0.02710   0.09704   0.13328   0.11486   0.00000   0.03512   0.05289   0.02495   0.03313   0.05388   0.01007   0.00000   0.00000   0.03761   0.02005   0.00000   0.06092   0.11248   0.03921   0.04461   0.01775   0.01418   0.05357   0.00000   0.08622   8.40276   1.03576   1.10635   1.21941   0.99818  
  9 8037.0674   2395.508895  x:  0.25199   0.09076   0.11786   0.02531   0.03672   0.07039   0.00748   0.01982   0.02038   0.00000   0.00000   0.01939   0.03948   0.01879   0.00389   0.03899   0.12307   0.06307   0.05925   0.02392   0.00000   0.02621   0.02581   0.09670   0.13351   0.11447   0.00000   0.03522   0.05290   0.02355   0.03341   0.05162   0.00000   0.00000   0.00000   0.03768   0.01998   0.00000   0.06089   0.11235   0.03935   0.04493   0.01851   0.00376   0.05393   0.00000   0.08623   8.40213   1.03584   1.10597   1.21953   0.99765  
 10 8683.7244   2394.008609  x:  0.25250   0.09048   0.11777   0.02587   0.03643   0.07053   0.00544   0.01966   0.02036   0.00000   0.00000   0.01920   0.03949   0.01916   0.00037   0.03890   0.12287   0.06326   0.05924   0.02374   0.00000   0.02658   0.02626   0.09680   0.13336   0.11431   0.00000   0.03541   0.05285   0.02359   0.03371   0.05042   0.00000   0.00000   0.00000   0.03775   0.01954   0.00000   0.06090   0.11222   0.03934   0.04487   0.01787   0.00000   0.05420   0.00000   0.08637   8.40189   1.03592   1.10572   1.21962   0.99753  
 11 1437.6544   2393.920449  x:  0.25254   0.09048   0.11776   0.02586   0.03642   0.07056   0.00521   0.01968   0.02036   0.00000   0.00000   0.01923   0.03948   0.01915   0.00000   0.03891   0.12289   0.06326   0.05924   0.02376   0.00000   0.02657   0.02625   0.09681   0.13335   0.11433   0.00000   0.03540   0.05285   0.02361   0.03368   0.05037   0.00000   0.00000   0.00000   0.03774   0.01956   0.00000   0.06090   0.11222   0.03933   0.04485   0.01789   0.00000   0.05418   0.00000   0.08637   8.40187   1.03593   1.10568   1.21964   0.99752  
 12 671.3031   2393.213105  x:  0.25268   0.09074   0.11782   0.02672   0.03701   0.07127   0.00000   0.02055   0.02037   0.00000   0.00000   0.01854   0.03955   0.01897   0.00000   0.03863   0.12318   0.06289   0.05961   0.02346   0.00000   0.02611   0.02648   0.09629   0.13362   0.11450   0.00000   0.03579   0.05282   0.02308   0.03319   0.05158   0.00000   0.00000   0.00000   0.03894   0.01951   0.00000   0.06086   0.11246   0.03938   0.04516   0.01792   0.00000   0.05375   0.00000   0.08607   8.40115   1.03592   1.10482   1.22008   0.99708  
 13 254.6299   2389.860378  x:  0.28053   0.08656   0.11550   0.03537   0.03265   0.09413   0.00000   0.03866   0.02007   0.00000   0.00000   0.01502   0.04016   0.01621   0.00000   0.03710   0.12741   0.06341   0.06325   0.02456   0.00000   0.02295   0.02625   0.09717   0.13364   0.11999   0.00000   0.03386   0.05233   0.02247   0.02710   0.01859   0.00000   0.00000   0.00000   0.03538   0.01464   0.00000   0.06235   0.11303   0.03659   0.03988   0.01814   0.00000   0.04965   0.00000   0.08580   8.37730   1.03001   1.07080   1.24384   0.97156  
 14 35.0745   2386.590352  x:  0.32051   0.08349   0.11447   0.02968   0.02799   0.10403   0.00000   0.03860   0.01966   0.00000   0.00000   0.01816   0.04233   0.02262   0.00000   0.03687   0.12815   0.06489   0.05990   0.00658   0.00000   0.03003   0.02654   0.10173   0.13392   0.12143   0.00000   0.03582   0.05267   0.00934   0.02733   0.03078   0.00000   0.00000   0.00000   0.03384   0.01460   0.00000   0.06092   0.11338   0.03607   0.03754   0.01665   0.00000   0.05081   0.00000   0.08622   8.33493   1.02412   1.01532   1.27910   0.93206  
 15 106.7740   2384.859783  x:  0.34481   0.08547   0.11749   0.02357   0.03255   0.08867   0.00000   0.02301   0.01893   0.00000   0.00000   0.02229   0.04457   0.02579   0.00000   0.03968   0.12725   0.06357   0.05601   0.01392   0.00000   0.03361   0.02660   0.10290   0.13726   0.11978   0.00000   0.03727   0.05409   0.00371   0.02663   0.02365   0.00000   0.00000   0.00000   0.04162   0.02107   0.00000   0.05981   0.11412   0.03771   0.03988   0.01720   0.00000   0.05205   0.00000   0.08534   8.30800   1.02120   0.98431   1.29806   0.90731  
 16 155.1147   2384.111576  x:  0.35778   0.08720   0.11966   0.02152   0.03560   0.07802   0.00000   0.01439   0.01861   0.00000   0.00000   0.02460   0.04571   0.02675   0.00000   0.04135   0.12725   0.06210   0.05455   0.01186   0.00000   0.03487   0.02661   0.10276   0.13982   0.11918   0.00000   0.03795   0.05511   0.01003   0.02515   0.01938   0.00000   0.00000   0.00000   0.04528   0.02486   0.00000   0.05937   0.11491   0.03855   0.04126   0.01762   0.00000   0.05182   0.00000   0.08434   8.29331   1.01982   0.96838   1.30760   0.89406  
 17 442.0284   2383.373611  x:  0.36322   0.09002   0.12331   0.03144   0.03850   0.06023   0.00000   0.01436   0.01884   0.00000   0.00000   0.02415   0.04549   0.02458   0.00000   0.04208   0.12722   0.05878   0.05740   0.01155   0.00000   0.03253   0.02630   0.09869   0.14341   0.11752   0.00000   0.03650   0.05514   0.00912   0.02359   0.02011   0.00000   0.00000   0.00000   0.03553   0.02409   0.00000   0.06070   0.11556   0.03893   0.04313   0.01591   0.00000   0.04965   0.00000   0.08240   8.27399   1.01916   0.95547   1.31370   0.87975  
 18 77.3093   2382.836379  x:  0.35284   0.09116   0.12782   0.02766   0.03281   0.04987   0.00000   0.02107   0.01915   0.00000   0.00000   0.02682   0.04620   0.02556   0.00000   0.04277   0.12757   0.05647   0.05834   0.00880   0.00000   0.03496   0.02674   0.09810   0.14752   0.11724   0.00000   0.03609   0.05447   0.00855   0.02575   0.01637   0.00000   0.00000   0.00000   0.04036   0.01999   0.00000   0.06156   0.11533   0.03718   0.03993   0.01722   0.00000   0.04788   0.00000   0.08135   8.24604   1.02001   0.95565   1.30868   0.86465  
 19 29.8131   2381.634251  x:  0.33444   0.09186   0.13661   0.02642   0.03567   0.05688   0.00000   0.01265   0.02002   0.00000   0.00000   0.02726   0.04632   0.02612   0.00000   0.04234   0.12815   0.05172   0.05991   0.00399   0.00000   0.03576   0.02722   0.09566   0.15883   0.11704   0.00000   0.03877   0.05591   0.00648   0.01921   0.01226   0.00000   0.00000   0.00000   0.03817   0.02008   0.00000   0.06090   0.11585   0.03765   0.04157   0.01721   0.00000   0.04750   0.00000   0.07864   8.17516   1.02335   0.96205   1.29160   0.83002  
 20 70.1061   2378.390341  x:  0.36016   0.08407   0.15713   0.02034   0.02915   0.06087   0.00000   0.01490   0.02477   0.00000   0.00000   0.01643   0.04397   0.02775   0.00000   0.03419   0.13341   0.04428   0.05932   0.00911   0.00000   0.03614   0.02897   0.10125   0.20225   0.12210   0.00000   0.03963   0.06191   0.00788   0.02157   0.01745   0.00000   0.00000   0.00000   0.03417   0.02027   0.00000   0.05625   0.12240   0.03627   0.04149   0.01869   0.00000   0.05095   0.00000   0.07056   7.93850   1.03808   0.99205   1.23020   0.72566  
 21 121.0042   2376.110852  x:  0.37499   0.08277   0.14943   0.02746   0.03162   0.05724   0.00000   0.00665   0.02723   0.00000   0.00000   0.02064   0.04336   0.02314   0.00000   0.04367   0.13531   0.06090   0.05337   0.00777   0.00000   0.02807   0.03025   0.10910   0.20309   0.12652   0.00000   0.02929   0.05317   0.00712   0.02255   0.01949   0.00000   0.00000   0.00000   0.03934   0.01658   0.00000   0.06223   0.12157   0.03458   0.03392   0.02234   0.00000   0.04539   0.00000   0.08141   7.77594   1.04518   1.01359   1.19159   0.67099  
 22 217.3974   2374.337928  x:  0.38391   0.08960   0.13309   0.01998   0.03649   0.04940   0.00000   0.01050   0.02934   0.00000   0.00000   0.01508   0.04228   0.02509   0.00000   0.04170   0.13603   0.06479   0.04726   0.00747   0.00000   0.02592   0.03106   0.11360   0.18620   0.12844   0.00000   0.04001   0.04811   0.00719   0.01101   0.01898   0.00000   0.00000   0.00000   0.03632   0.01346   0.00000   0.06108   0.12100   0.03614   0.03740   0.02240   0.00000   0.04206   0.00000   0.08638   7.64596   1.04820   1.02423   1.16939   0.64502  
 23 213.8272   2372.439238  x:  0.39081   0.10325   0.11411   0.01636   0.03613   0.04510   0.00000   0.00544   0.03173   0.00000   0.00000   0.01140   0.04116   0.02439   0.00000   0.03498   0.14383   0.05679   0.05004   0.00631   0.00000   0.02489   0.03197   0.11485   0.16017   0.13651   0.00000   0.04644   0.05090   0.00620   0.02161   0.01690   0.00000   0.00000   0.00000   0.03329   0.01715   0.00000   0.05756   0.12507   0.03492   0.03745   0.02339   0.00000   0.03322   0.00000   0.08252   7.49030   1.04979   1.03175   1.15012   0.62873  
 24 336.3437   2370.634889  x:  0.39536   0.11294   0.11105   0.01714   0.03058   0.04338   0.00000   0.00196   0.03374   0.00000   0.00000   0.01434   0.04047   0.02256   0.00000   0.03137   0.14664   0.04799   0.05196   0.00647   0.00000   0.02511   0.03279   0.11508   0.14095   0.13787   0.00000   0.03694   0.05614   0.00590   0.01517   0.01757   0.00000   0.00000   0.00000   0.03575   0.01276   0.00000   0.05546   0.12866   0.03405   0.03713   0.02592   0.00000   0.04495   0.00000   0.07443   7.35422   1.04927   1.03173   1.14202   0.63062  
 25 269.8575   2368.950758  x:  0.39573   0.12766   0.11818   0.01659   0.03661   0.04367   0.00000   0.00424   0.03573   0.00000   0.00000   0.00667   0.03953   0.02671   0.00000   0.03238   0.15024   0.04484   0.04328   0.00526   0.00000   0.02499   0.03362   0.12404   0.12961   0.14046   0.00000   0.02375   0.05867   0.00568   0.01575   0.01749   0.00000   0.00000   0.00000   0.03598   0.01021   0.00000   0.05363   0.13527   0.03466   0.03681   0.02596   0.00000   0.05039   0.00000   0.06743   7.21174   1.04814   1.02704   1.13883   0.64051  
 26 450.9569   2364.951043  x:  0.39594   0.14781   0.14777   0.01369   0.03702   0.04584   0.00000   0.00327   0.04017   0.00000   0.00000   0.01128   0.03691   0.02571   0.00000   0.02897   0.15305   0.05126   0.03701   0.00527   0.00000   0.01131   0.03585   0.14043   0.12744   0.14158   0.00000   0.03293   0.05159   0.00541   0.01901   0.01783   0.00000   0.00000   0.00000   0.03322   0.00268   0.00000   0.05546   0.14532   0.03405   0.03496   0.02803   0.00000   0.04706   0.00000   0.06318   6.89911   1.04359   1.00946   1.14316   0.68058  
 27 465.5704   2363.062879  x:  0.39393   0.15720   0.16512   0.01352   0.03097   0.04533   0.00000   0.00200   0.04293   0.00000   0.00000   0.00629   0.03547   0.02357   0.00000   0.02522   0.15341   0.05725   0.03487   0.00498   0.00000   0.00650   0.03719   0.15153   0.12707   0.14151   0.00000   0.03679   0.04446   0.00531   0.01816   0.01778   0.00000   0.00000   0.00000   0.03177   0.01004   0.00000   0.05742   0.14963   0.03233   0.03173   0.02967   0.00000   0.04573   0.00000   0.06393   6.70148   1.04040   0.99862   1.14657   0.70752  
 28 2540.4383   2362.007473  x:  0.39324   0.16045   0.17149   0.01264   0.03093   0.04536   0.00000   0.00117   0.04425   0.00000   0.00000   0.00288   0.03482   0.01807   0.00000   0.02388   0.15358   0.05982   0.03627   0.00506   0.00000   0.01219   0.03775   0.15566   0.12932   0.14189   0.00000   0.03721   0.04142   0.00525   0.01762   0.01810   0.00000   0.00000   0.00000   0.03119   0.00978   0.00000   0.05790   0.15104   0.03197   0.03189   0.03215   0.00000   0.04262   0.00000   0.06629   6.60806   1.03883   0.99311   1.14901   0.72088  
 29 1349.8928   2361.125338  x:  0.39075   0.16096   0.16989   0.01422   0.03188   0.04407   0.00000   0.00123   0.04518   0.00000   0.00000   0.00509   0.03437   0.01545   0.00000   0.01508   0.15349   0.05877   0.03540   0.00478   0.00000   0.01364   0.03824   0.16497   0.13645   0.14398   0.00000   0.03378   0.04016   0.00519   0.01706   0.01782   0.00000   0.00000   0.00000   0.03153   0.01010   0.00000   0.05315   0.15107   0.03189   0.03529   0.03353   0.00000   0.04027   0.00000   0.07259   6.52869   1.03780   0.98910   1.15192   0.73266  
 30 405.8668   2359.408926  x:  0.38456   0.15637   0.15709   0.01531   0.03033   0.04113   0.00000   0.00078   0.04695   0.00000   0.00000   0.00340   0.03357   0.01460   0.00000   0.02057   0.15316   0.04970   0.03935   0.00427   0.00000   0.00952   0.03913   0.18426   0.15716   0.14964   0.00000   0.03021   0.04484   0.00493   0.01595   0.01790   0.00000   0.00000   0.00000   0.03197   0.00854   0.00000   0.04153   0.14855   0.03108   0.04264   0.03466   0.00000   0.03759   0.00000   0.08598   6.36734   1.03580   0.98096   1.16004   0.75762  
 31 549.1576   2358.246547  x:  0.37921   0.15244   0.13786   0.01495   0.03679   0.03844   0.00000   0.00094   0.04788   0.00000   0.00000   0.00264   0.03313   0.01156   0.00000   0.01944   0.15580   0.04303   0.03974   0.00367   0.00000   0.00877   0.03980   0.19877   0.17723   0.15548   0.00000   0.03273   0.04554   0.00475   0.01702   0.01794   0.00000   0.00000   0.00000   0.03160   0.00822   0.00000   0.05666   0.14820   0.02925   0.03908   0.03588   0.00000   0.04630   0.00000   0.08369   6.24586   1.03579   0.97686   1.16757   0.77389  
 32 223.8614   2357.208605  x:  0.37625   0.14701   0.12157   0.01405   0.03843   0.03729   0.00000   0.00069   0.04834   0.00000   0.00000   0.00326   0.03287   0.01151   0.00000   0.01992   0.15712   0.04879   0.03871   0.00356   0.00000   0.00897   0.04013   0.19876   0.19080   0.15383   0.00000   0.03032   0.03644   0.00472   0.01638   0.01794   0.00000   0.00000   0.00000   0.03115   0.00815   0.00000   0.05119   0.14903   0.02989   0.03589   0.03589   0.00000   0.04504   0.00000   0.06357   6.13834   1.03801   0.97748   1.17545   0.78326  
 33 127.9516   2357.031776  x:  0.37577   0.14652   0.11909   0.01385   0.03850   0.03703   0.00419   0.00067   0.04841   0.00000   0.00000   0.00327   0.03283   0.01136   0.00000   0.01979   0.15756   0.05055   0.03855   0.00354   0.00000   0.00897   0.04020   0.19845   0.19290   0.15341   0.00000   0.03000   0.03653   0.00469   0.01615   0.01793   0.00000   0.00000   0.00000   0.03107   0.00813   0.00000   0.05041   0.14953   0.02988   0.03519   0.03588   0.00000   0.04475   0.00000   0.06088   6.11404   1.03875   0.97802   1.17716   0.78479  
 34 331.5397   2355.209702  x:  0.37405   0.14309   0.10928   0.01022   0.03572   0.03532   0.00463   0.00032   0.04868   0.00000   0.00000   0.00207   0.03267   0.01275   0.00000   0.01505   0.16198   0.06498   0.03351   0.00357   0.00000   0.00734   0.04073   0.18635   0.20157   0.14870   0.00000   0.02574   0.05686   0.00439   0.01258   0.01820   0.00000   0.00000   0.00000   0.03075   0.00742   0.00000   0.05342   0.15443   0.02857   0.03051   0.03467   0.00000   0.03597   0.00000   0.05587   5.89447   1.04724   0.98669   1.19290   0.79352  
 35 278.7742   2350.693552  x:  0.37505   0.14881   0.10580   0.00987   0.02717   0.03528   0.00243   0.00069   0.04892   0.00000   0.00000   0.00296   0.03239   0.00198   0.00000   0.01871   0.17471   0.06817   0.02501   0.00327   0.00000   0.00893   0.04183   0.17853   0.20630   0.15070   0.00000   0.02698   0.05932   0.00417   0.01201   0.01836   0.00000   0.00000   0.00000   0.02988   0.00795   0.00000   0.05189   0.16915   0.02588   0.03218   0.03558   0.00000   0.03705   0.00000   0.05957   5.50869   1.06497   1.00660   1.21742   0.80268  
 36 660.5654   2345.292941  x:  0.37865   0.15568   0.10390   0.00198   0.02206   0.03589   0.00159   0.00095   0.04922   0.00000   0.00000   0.00356   0.03210   0.00327   0.00000   0.01972   0.19141   0.06982   0.03220   0.00342   0.00000   0.00830   0.04296   0.16416   0.21187   0.15600   0.00000   0.02021   0.05221   0.00411   0.00980   0.01929   0.00000   0.00000   0.00000   0.02882   0.00750   0.00000   0.05537   0.18656   0.02270   0.03468   0.03306   0.00000   0.03653   0.00000   0.06916   5.01766   1.08754   1.03185   1.24896   0.81437  
 37 4226.6103   2343.946416  x:  0.38139   0.15116   0.11004   0.00124   0.02604   0.03474   0.00172   0.00094   0.04916   0.00000   0.00000   0.00376   0.03214   0.00141   0.00000   0.01910   0.18629   0.06413   0.03699   0.00338   0.00000   0.00809   0.04329   0.17024   0.20678   0.16047   0.00000   0.02008   0.05322   0.00411   0.00817   0.02002   0.00000   0.00000   0.00000   0.02912   0.00749   0.00000   0.05440   0.17830   0.02943   0.02455   0.03302   0.00000   0.03183   0.00000   0.06682   4.86995   1.09398   1.04265   1.25746   0.81767  
 38 355.8354   2342.770210  x:  0.38619   0.14440   0.11544   0.00105   0.02296   0.03503   0.00518   0.00046   0.04921   0.00000   0.00000   0.00432   0.03229   0.00163   0.00000   0.01987   0.18166   0.05582   0.03149   0.00344   0.00000   0.00780   0.04357   0.17055   0.20295   0.16854   0.00000   0.01668   0.05124   0.00411   0.00689   0.02075   0.00000   0.00000   0.00000   0.02997   0.00741   0.00000   0.06290   0.16612   0.02943   0.03181   0.03263   0.00000   0.02157   0.00000   0.06108   4.72509   1.10012   1.05736   1.26587   0.82405  
 39 284.3992   2342.453302  x:  0.38731   0.14338   0.11658   0.00102   0.02280   0.03480   0.00555   0.00041   0.04920   0.00000   0.00000   0.00439   0.03234   0.00165   0.00581   0.01996   0.18136   0.05523   0.03090   0.00341   0.00000   0.00780   0.04362   0.17044   0.20236   0.17109   0.00000   0.01638   0.05120   0.00410   0.00674   0.02082   0.00000   0.00000   0.00000   0.03005   0.00742   0.00000   0.06374   0.16355   0.02867   0.03288   0.03251   0.00000   0.02056   0.00000   0.06008   4.68919   1.10166   1.06144   1.26792   0.82587  
 40 650.7593   2338.942709  x:  0.39966   0.13635   0.12819   0.00063   0.02965   0.02858   0.00571   0.00042   0.04902   0.00000   0.00000   0.00428   0.03298   0.00210   0.00588   0.01952   0.18770   0.06113   0.02737   0.00270   0.00000   0.00839   0.04407   0.16011   0.20000   0.21028   0.00000   0.01906   0.05383   0.00379   0.00723   0.02071   0.00000   0.00000   0.00000   0.02900   0.00782   0.00000   0.05769   0.13457   0.00886   0.03298   0.03056   0.00000   0.02678   0.00000   0.05562   4.26329   1.11907   1.11346   1.29281   0.84984  
 41 477.4223   2335.005098  x:  0.41725   0.14188   0.13574   0.00145   0.02270   0.02234   0.00412   0.00074   0.04899   0.00000   0.00000   0.00425   0.03399   0.00305   0.00286   0.01994   0.20069   0.07267   0.02806   0.00189   0.00000   0.00937   0.04465   0.15022   0.20423   0.25528   0.00000   0.02027   0.05787   0.00335   0.00724   0.01971   0.00000   0.00000   0.00000   0.02816   0.00827   0.00000   0.05637   0.11372   0.03372   0.03299   0.02785   0.00000   0.03323   0.00000   0.05302   3.63439   1.14631   1.19063   1.32942   0.88445  
 42 1222.5224   2329.886256  x:  0.42936   0.15106   0.13491   0.00235   0.02254   0.02329   0.00304   0.00098   0.04904   0.00000   0.00000   0.00467   0.03454   0.00344   0.00000   0.02071   0.19403   0.06650   0.03087   0.00194   0.00000   0.00994   0.04506   0.15185   0.20770   0.25151   0.00000   0.02001   0.05766   0.00334   0.00492   0.02007   0.00000   0.00000   0.00000   0.02823   0.00825   0.00000   0.05539   0.12131   0.02603   0.02250   0.02637   0.00000   0.02806   0.00000   0.05479   3.19273   1.16733   1.23845   1.35535   0.90269  
 43 795.0442   2328.403970  x:  0.42031   0.13580   0.13951   0.00295   0.02334   0.02025   0.00142   0.00121   0.04902   0.00000   0.00000   0.00472   0.03473   0.00230   0.00000   0.02087   0.20939   0.07324   0.04075   0.00168   0.00000   0.00991   0.04501   0.16845   0.19784   0.25005   0.00000   0.02020   0.06028   0.00324   0.00391   0.01963   0.00000   0.00000   0.00000   0.02884   0.00850   0.00000   0.05732   0.12912   0.02195   0.03331   0.02574   0.00000   0.02703   0.00000   0.04857   2.96563   1.17828   1.23727   1.37231   0.89202  
 44 189.7796   2325.227790  x:  0.39338   0.09830   0.14456   0.00270   0.02799   0.01733   0.00509   0.00072   0.04913   0.00000   0.00000   0.00378   0.03443   0.00297   0.00000   0.01882   0.24951   0.06335   0.03109   0.00242   0.00000   0.00826   0.04466   0.16356   0.18451   0.24789   0.00000   0.01963   0.05181   0.00330   0.00405   0.01955   0.00000   0.00000   0.00000   0.02771   0.00755   0.00000   0.05406   0.13477   0.02640   0.02688   0.02309   0.00000   0.02722   0.00000   0.05542   2.53974   1.19727   1.20808   1.41035   0.85790  
 45 423.2057   2323.241599  x:  0.37355   0.11829   0.14209   0.00279   0.02131   0.02245   0.00390   0.00092   0.04940   0.00000   0.00000   0.00275   0.03398   0.00202   0.00000   0.01719   0.25512   0.06482   0.03211   0.00358   0.00000   0.00706   0.04446   0.16256   0.18734   0.25282   0.00000   0.01725   0.04836   0.00361   0.00392   0.02016   0.00000   0.00000   0.00000   0.02762   0.00675   0.00000   0.05361   0.11036   0.02307   0.02884   0.02162   0.00000   0.02815   0.00000   0.05472   2.26211   1.20661   1.17225   1.43456   0.82207  
 46 244.2015   2322.541025  x:  0.36415   0.11743   0.14015   0.00271   0.01882   0.02217   0.00361   0.00096   0.04926   0.00000   0.00000   0.00239   0.03394   0.00186   0.00000   0.01666   0.22655   0.06849   0.03131   0.00371   0.00000   0.00678   0.04411   0.15617   0.18692   0.27906   0.00000   0.01698   0.04798   0.00360   0.00429   0.01984   0.00000   0.00000   0.00000   0.02745   0.00654   0.00000   0.05330   0.12760   0.02304   0.03047   0.02062   0.00000   0.02993   0.00000   0.05403   2.16362   1.19859   1.15439   1.43621   0.80859  
 47 54.0059   2320.353844  x:  0.37785   0.11672   0.13985   0.00232   0.01920   0.02395   0.00457   0.00083   0.04607   0.00000   0.00000   0.00313   0.03568   0.00209   0.00000   0.01764   0.23872   0.06750   0.03154   0.00295   0.00000   0.00755   0.04145   0.15960   0.19288   0.26446   0.00000   0.01826   0.05085   0.00359   0.00605   0.01984   0.00000   0.00000   0.00000   0.02904   0.00696   0.00000   0.05508   0.12991   0.02362   0.03071   0.01487   0.00000   0.02868   0.00000   0.05262   1.91135   1.04268   1.10263   1.31004   0.82232  
 48 10.7513   2319.317575  x:  0.38069   0.11282   0.13806   0.00234   0.01944   0.02509   0.00406   0.00092   0.04407   0.00000   0.00000   0.00382   0.03695   0.00241   0.00000   0.01882   0.23619   0.06877   0.03291   0.00276   0.00000   0.00849   0.03991   0.15877   0.19211   0.26521   0.00000   0.01922   0.05386   0.00365   0.00661   0.01961   0.00000   0.00000   0.00000   0.02961   0.00734   0.00000   0.05566   0.12920   0.02353   0.02925   0.01161   0.00000   0.02763   0.00000   0.05183   1.85712   1.10052   1.05296   1.23636   0.84693  
 49  8.0738   2315.022289  x:  0.35970   0.11080   0.14083   0.00289   0.02236   0.02966   0.00426   0.00083   0.03817   0.00000   0.00000   0.00489   0.03882   0.00304   0.00000   0.01999   0.22719   0.06434   0.03753   0.00294   0.00000   0.00940   0.03397   0.16588   0.18287   0.26105   0.00000   0.02187   0.05636   0.00426   0.00935   0.02049   0.00000   0.00000   0.00000   0.03196   0.00768   0.00000   0.05725   0.13187   0.02190   0.02633   0.00196   0.00000   0.02573   0.00000   0.05155   1.92101   1.12544   1.07489   1.31822   0.80218  
 50  2.9104   2309.440873  x:  0.35747   0.09184   0.14112   0.00407   0.01922   0.03614   0.00000   0.00153   0.03282   0.00000   0.00000   0.00435   0.04335   0.00331   0.00000   0.01939   0.20755   0.05066   0.04595   0.00233   0.00000   0.00929   0.01802   0.16273   0.16497   0.23584   0.00000   0.02569   0.05136   0.00523   0.01390   0.02200   0.00000   0.00000   0.00000   0.03788   0.00669   0.00000   0.05499   0.13228   0.01657   0.02206   0.00809   0.00000   0.02208   0.00000   0.05532   2.05895   1.12988   1.08096   1.35677   0.76726  
 51  1.7027   2306.944405  x:  0.36433   0.09250   0.13772   0.00488   0.01961   0.03786   0.00190   0.00143   0.02645   0.00000   0.00000   0.00468   0.04808   0.00290   0.00000   0.02004   0.19224   0.04884   0.05020   0.00540   0.00000   0.00912   0.01172   0.14115   0.16385   0.22504   0.00000   0.02380   0.04710   0.00542   0.01145   0.02003   0.00000   0.00000   0.00000   0.03874   0.00595   0.00000   0.05850   0.13595   0.01426   0.02430   0.00675   0.00000   0.02774   0.00000   0.06188   2.19303   1.02299   0.99781   1.21730   0.77355  
 52  1.2845   2305.320387  x:  0.35940   0.11077   0.13487   0.00464   0.02362   0.04015   0.00528   0.00100   0.02300   0.00000   0.00000   0.00636   0.05166   0.00381   0.00000   0.02283   0.17503   0.04602   0.05141   0.00698   0.00000   0.01079   0.01355   0.14574   0.16176   0.19557   0.00000   0.02598   0.04987   0.00573   0.01219   0.01885   0.00000   0.00000   0.00000   0.03929   0.00654   0.00000   0.06364   0.14229   0.01780   0.02788   0.00880   0.00000   0.03186   0.00000   0.06462   2.11693   1.09095   1.06332   1.31081   0.74390  
 53  1.3256   2304.352132  x:  0.34501   0.11136   0.13147   0.00451   0.01853   0.04135   0.00093   0.00175   0.02372   0.00000   0.00000   0.00633   0.05317   0.00464   0.00000   0.02453   0.17116   0.04360   0.05135   0.00737   0.00000   0.01224   0.02116   0.14206   0.15905   0.18242   0.00000   0.02759   0.04904   0.00603   0.01070   0.01939   0.00000   0.00000   0.00000   0.03967   0.00661   0.00000   0.06081   0.14219   0.01933   0.02618   0.00835   0.00000   0.03255   0.00000   0.06822   2.16374   1.03259   0.99413   1.26974   0.72840  
 54  0.7937   2304.103081  x:  0.35364   0.10991   0.13055   0.00465   0.01848   0.04190   0.00000   0.00195   0.02368   0.00000   0.00000   0.00576   0.05296   0.00451   0.00000   0.02415   0.17055   0.04222   0.05146   0.00695   0.00000   0.01184   0.02144   0.13631   0.15837   0.17320   0.00000   0.02682   0.04601   0.00607   0.01107   0.01942   0.00000   0.00000   0.00000   0.03989   0.00628   0.00000   0.05950   0.14233   0.01927   0.02693   0.00773   0.00000   0.03257   0.00000   0.07041   2.14831   1.04329   1.00822   1.27092   0.73127  
 55  0.3595   2304.103081  x:  0.35364   0.10991   0.13055   0.00465   0.01848   0.04190   0.00000   0.00195   0.02368   0.00000   0.00000   0.00576   0.05296   0.00451   0.00000   0.02415   0.17055   0.04222   0.05146   0.00695   0.00000   0.01184   0.02144   0.13631   0.15837   0.17320   0.00000   0.02682   0.04601   0.00607   0.01107   0.01942   0.00000   0.00000   0.00000   0.03989   0.00628   0.00000   0.05950   0.14233   0.01927   0.02693   0.00773   0.00000   0.03257   0.00000   0.07041   2.14831   1.04329   1.00822   1.27092   0.73127  
 56  0.1286   2302.920152  x:  0.35361   0.10987   0.13054   0.00969   0.01860   0.04258   0.00042   0.00869   0.02394   0.00000   0.00000   0.00607   0.05288   0.00573   0.00000   0.02435   0.17058   0.04246   0.05142   0.00670   0.00000   0.01207   0.02113   0.13622   0.15837   0.17320   0.00000   0.02673   0.04598   0.00620   0.01154   0.01938   0.00000   0.00000   0.00000   0.03980   0.00633   0.00000   0.05944   0.14226   0.01953   0.02679   0.00721   0.00000   0.03254   0.00000   0.07047   2.14829   1.04331   1.00820   1.27092   0.73126  
 57 454.3464   2302.849738  x:  0.35360   0.10986   0.13053   0.00999   0.01862   0.04274   0.00000   0.00862   0.02399   0.00000   0.00000   0.00611   0.05286   0.00583   0.00000   0.02439   0.17059   0.04251   0.05141   0.00666   0.00000   0.01211   0.02106   0.13619   0.15837   0.17320   0.00000   0.02670   0.04597   0.00622   0.01163   0.01937   0.00000   0.00000   0.00000   0.03978   0.00634   0.00000   0.05943   0.14224   0.01959   0.02676   0.00712   0.00000   0.03253   0.00000   0.07049   2.14829   1.04331   1.00820   1.27093   0.73125  
 58 132.9537   2302.741657  x:  0.35332   0.10955   0.13044   0.00988   0.01910   0.04697   0.00000   0.00909   0.02521   0.00000   0.00000   0.00579   0.05236   0.00452   0.00000   0.02524   0.17080   0.04403   0.05118   0.00672   0.00000   0.01261   0.01959   0.13547   0.15837   0.17320   0.00000   0.02619   0.04578   0.00609   0.01245   0.01919   0.00000   0.00000   0.00000   0.03925   0.00630   0.00000   0.05903   0.14169   0.02089   0.02601   0.00686   0.00000   0.03231   0.00000   0.07092   2.14812   1.04348   1.00810   1.27096   0.73112  
 59 44.8932   2302.701923  x:  0.35315   0.10934   0.13037   0.00920   0.01921   0.04902   0.00000   0.00928   0.02563   0.00000   0.00000   0.00588   0.05209   0.00563   0.00000   0.02553   0.17093   0.04485   0.05105   0.00679   0.00000   0.01258   0.01913   0.13501   0.15836   0.17318   0.00000   0.02598   0.04568   0.00610   0.01235   0.01914   0.00000   0.00000   0.00000   0.03900   0.00630   0.00000   0.05881   0.14135   0.02141   0.02571   0.00711   0.00000   0.03222   0.00000   0.07117   2.14802   1.04360   1.00803   1.27098   0.73102  
 60 61.9208   2302.681423  x:  0.35288   0.10903   0.13024   0.00933   0.01893   0.05020   0.00000   0.00881   0.02534   0.00000   0.00000   0.00627   0.05186   0.00543   0.00000   0.02535   0.17112   0.04560   0.05089   0.00671   0.00000   0.01203   0.01970   0.13437   0.15831   0.17312   0.00000   0.02603   0.04560   0.00628   0.01136   0.01923   0.00000   0.00000   0.00000   0.03886   0.00636   0.00000   0.05860   0.14086   0.02137   0.02574   0.00746   0.00000   0.03220   0.00000   0.07144   2.14784   1.04379   1.00792   1.27101   0.73087  
 61 18.5969   2302.669147  x:  0.35257   0.10869   0.13008   0.00920   0.01872   0.05063   0.00000   0.00834   0.02493   0.00000   0.00000   0.00566   0.05171   0.00547   0.00000   0.02506   0.17133   0.04614   0.05075   0.00677   0.00000   0.01200   0.02024   0.13370   0.15824   0.17305   0.00000   0.02616   0.04557   0.00606   0.01144   0.01931   0.00000   0.00000   0.00000   0.03883   0.00629   0.00000   0.05844   0.14036   0.02110   0.02590   0.00719   0.00000   0.03223   0.00000   0.07166   2.14763   1.04401   1.00780   1.27105   0.73068  
 62 16.4247   2302.661464  x:  0.35226   0.10839   0.12991   0.00891   0.01870   0.05060   0.00000   0.00800   0.02470   0.00000   0.00000   0.00607   0.05163   0.00542   0.00000   0.02490   0.17153   0.04646   0.05066   0.00679   0.00000   0.01226   0.02040   0.13310   0.15819   0.17298   0.00000   0.02626   0.04556   0.00613   0.01191   0.01932   0.00000   0.00000   0.00000   0.03885   0.00631   0.00000   0.05834   0.13990   0.02086   0.02603   0.00710   0.00000   0.03226   0.00000   0.07182   2.14740   1.04424   1.00767   1.27109   0.73048  
 63 16.3666   2302.656541  x:  0.35188   0.10808   0.12972   0.00886   0.01892   0.05018   0.00000   0.00766   0.02486   0.00000   0.00000   0.00591   0.05165   0.00538   0.00000   0.02501   0.17173   0.04654   0.05061   0.00672   0.00000   0.01235   0.01997   0.13248   0.15813   0.17291   0.00000   0.02624   0.04557   0.00624   0.01187   0.01925   0.00000   0.00000   0.00000   0.03892   0.00635   0.00000   0.05832   0.13943   0.02082   0.02604   0.00750   0.00000   0.03228   0.00000   0.07191   2.14710   1.04454   1.00750   1.27114   0.73022  
 64  9.4084   2302.654264  x:  0.35161   0.10789   0.12959   0.00880   0.01899   0.04992   0.00000   0.00755   0.02503   0.00000   0.00000   0.00598   0.05168   0.00537   0.00000   0.02512   0.17187   0.04652   0.05061   0.00679   0.00000   0.01223   0.01973   0.13210   0.15810   0.17287   0.00000   0.02619   0.04559   0.00607   0.01168   0.01922   0.00000   0.00000   0.00000   0.03895   0.00629   0.00000   0.05834   0.13914   0.02090   0.02598   0.00727   0.00000   0.03228   0.00000   0.07193   2.14686   1.04478   1.00737   1.27119   0.73002  
 65  9.9746   2302.652887  x:  0.35128   0.10774   0.12947   0.00876   0.01890   0.04981   0.00000   0.00758   0.02513   0.00000   0.00000   0.00593   0.05172   0.00538   0.00000   0.02520   0.17200   0.04644   0.05064   0.00677   0.00000   0.01213   0.01980   0.13177   0.15807   0.17283   0.00000   0.02614   0.04560   0.00629   0.01170   0.01924   0.00000   0.00000   0.00000   0.03895   0.00636   0.00000   0.05837   0.13888   0.02106   0.02590   0.00713   0.00000   0.03225   0.00000   0.07191   2.14655   1.04507   1.00721   1.27125   0.72976  
 66  5.8236   2302.650056  x:  0.35046   0.10741   0.12920   0.00883   0.01869   0.04973   0.00000   0.00768   0.02523   0.00000   0.00000   0.00597   0.05181   0.00538   0.00000   0.02527   0.17231   0.04624   0.05072   0.00674   0.00000   0.01214   0.02008   0.13106   0.15802   0.17273   0.00000   0.02604   0.04561   0.00612   0.01183   0.01931   0.00000   0.00000   0.00000   0.03891   0.00631   0.00000   0.05845   0.13831   0.02138   0.02574   0.00731   0.00000   0.03221   0.00000   0.07184   2.14574   1.04583   1.00679   1.27140   0.72910  
 67 11.5474   2302.647368  x:  0.34953   0.10717   0.12899   0.00892   0.01890   0.04986   0.00000   0.00784   0.02500   0.00000   0.00000   0.00596   0.05183   0.00540   0.00000   0.02511   0.17258   0.04611   0.05080   0.00687   0.00000   0.01244   0.02001   0.13052   0.15798   0.17262   0.00000   0.02613   0.04560   0.00619   0.01165   0.01926   0.00000   0.00000   0.00000   0.03888   0.00628   0.00000   0.05850   0.13787   0.02125   0.02585   0.00725   0.00000   0.03221   0.00000   0.07177   2.14469   1.04677   1.00628   1.27161   0.72826  
 68  8.5492   2302.645741  x:  0.34895   0.10712   0.12892   0.00893   0.01901   0.04996   0.00000   0.00794   0.02489   0.00000   0.00000   0.00597   0.05181   0.00541   0.00000   0.02502   0.17270   0.04610   0.05082   0.00665   0.00000   0.01225   0.01987   0.13036   0.15797   0.17255   0.00000   0.02620   0.04559   0.00613   0.01173   0.01923   0.00000   0.00000   0.00000   0.03888   0.00638   0.00000   0.05850   0.13773   0.02104   0.02597   0.00722   0.00000   0.03224   0.00000   0.07173   2.14392   1.04742   1.00594   1.27177   0.72768  
 69 11.1072   2302.644122  x:  0.34837   0.10719   0.12893   0.00898   0.01896   0.04999   0.00000   0.00796   0.02491   0.00000   0.00000   0.00597   0.05177   0.00541   0.00000   0.02504   0.17275   0.04616   0.05081   0.00683   0.00000   0.01201   0.01976   0.13043   0.15798   0.17251   0.00000   0.02624   0.04558   0.00619   0.01186   0.01922   0.00000   0.00000   0.00000   0.03891   0.00623   0.00000   0.05847   0.13775   0.02083   0.02605   0.00727   0.00000   0.03227   0.00000   0.07171   2.14300   1.04816   1.00556   1.27196   0.72701  
 70 10.1078   2302.638810  x:  0.34652   0.10766   0.12914   0.00898   0.01857   0.04993   0.00000   0.00791   0.02524   0.00000   0.00000   0.00597   0.05160   0.00541   0.00000   0.02528   0.17275   0.04647   0.05071   0.00689   0.00000   0.01224   0.01978   0.13112   0.15807   0.17244   0.00000   0.02620   0.04556   0.00611   0.01176   0.01928   0.00000   0.00000   0.00000   0.03903   0.00651   0.00000   0.05832   0.13821   0.02053   0.02607   0.00726   0.00000   0.03234   0.00000   0.07170   2.13960   1.05074   1.00427   1.27266   0.72462  
 71 16.1693   2302.636273  x:  0.34573   0.10789   0.12926   0.00893   0.01863   0.04987   0.00000   0.00788   0.02527   0.00000   0.00000   0.00597   0.05156   0.00541   0.00000   0.02530   0.17270   0.04655   0.05066   0.00666   0.00000   0.01233   0.01987   0.13149   0.15811   0.17243   0.00000   0.02616   0.04555   0.00618   0.01171   0.01928   0.00000   0.00000   0.00000   0.03904   0.00621   0.00000   0.05827   0.13847   0.02063   0.02601   0.00722   0.00000   0.03233   0.00000   0.07171   2.13791   1.05197   1.00368   1.27301   0.72347  
 72 29.3469   2302.633585  x:  0.34506   0.10813   0.12940   0.00892   0.01903   0.04982   0.00000   0.00778   0.02506   0.00000   0.00000   0.00597   0.05160   0.00540   0.00000   0.02514   0.17257   0.04651   0.05063   0.00677   0.00000   0.01221   0.01999   0.13191   0.15817   0.17246   0.00000   0.02611   0.04556   0.00615   0.01176   0.01924   0.00000   0.00000   0.00000   0.03897   0.00633   0.00000   0.05828   0.13879   0.02108   0.02587   0.00724   0.00000   0.03225   0.00000   0.07174   2.13593   1.05327   1.00309   1.27343   0.72223  
 73 18.6551   2302.631721  x:  0.34528   0.10809   0.12944   0.00890   0.01869   0.04994   0.00000   0.00770   0.02482   0.00000   0.00000   0.00597   0.05182   0.00540   0.00000   0.02498   0.17232   0.04612   0.05068   0.00676   0.00000   0.01223   0.01970   0.13200   0.15813   0.17256   0.00000   0.02619   0.04559   0.00616   0.01175   0.01923   0.00000   0.00000   0.00000   0.03878   0.00632   0.00000   0.05843   0.13893   0.02127   0.02589   0.00724   0.00000   0.03216   0.00000   0.07181   2.13410   1.05405   1.00291   1.27381   0.72140  
 74  4.7744   2302.626577  x:  0.34685   0.10769   0.12950   0.00888   0.01895   0.05033   0.00000   0.00759   0.02518   0.00000   0.00000   0.00597   0.05219   0.00540   0.00000   0.02522   0.17152   0.04526   0.05087   0.00676   0.00000   0.01222   0.01999   0.13183   0.15795   0.17286   0.00000   0.02623   0.04561   0.00615   0.01175   0.01928   0.00000   0.00000   0.00000   0.03859   0.00632   0.00000   0.05877   0.13907   0.02088   0.02602   0.00724   0.00000   0.03218   0.00000   0.07196   2.12832   1.05592   1.00279   1.27502   0.71922  
 75  9.2201   2302.617161  x:  0.35032   0.10707   0.12957   0.00897   0.01885   0.05006   0.00000   0.00771   0.02495   0.00000   0.00000   0.00597   0.05158   0.00541   0.00000   0.02507   0.17057   0.04602   0.05082   0.00675   0.00000   0.01223   0.01987   0.13118   0.15769   0.17325   0.00000   0.02585   0.04550   0.00616   0.01177   0.01909   0.00000   0.00000   0.00000   0.03931   0.00632   0.00000   0.05845   0.13885   0.02095   0.02566   0.00722   0.00000   0.03244   0.00000   0.07192   2.11692   1.05885   1.00318   1.27737   0.71558  
 76 14.4498   2302.613950  x:  0.35129   0.10711   0.12950   0.00900   0.01890   0.04984   0.00000   0.00777   0.02507   0.00000   0.00000   0.00597   0.05151   0.00542   0.00000   0.02515   0.17074   0.04650   0.05064   0.00675   0.00000   0.01224   0.01985   0.13109   0.15770   0.17319   0.00000   0.02634   0.04553   0.00616   0.01178   0.01946   0.00000   0.00000   0.00000   0.03895   0.00632   0.00000   0.05826   0.13868   0.02120   0.02603   0.00721   0.00000   0.03216   0.00000   0.07180   2.11277   1.05956   1.00360   1.27819   0.71463  
 77 12.7084   2302.609783  x:  0.35194   0.10756   0.12926   0.00901   0.01885   0.04974   0.00000   0.00777   0.02511   0.00000   0.00000   0.00598   0.05179   0.00542   0.00000   0.02518   0.17171   0.04672   0.05038   0.00675   0.00000   0.01224   0.01993   0.13128   0.15781   0.17276   0.00000   0.02621   0.04561   0.00616   0.01178   0.01881   0.00000   0.00000   0.00000   0.03832   0.00632   0.00000   0.05820   0.13841   0.02108   0.02598   0.00721   0.00000   0.03201   0.00000   0.07160   2.10703   1.05992   1.00464   1.27923   0.71396  
 78  9.7446   2302.603487  x:  0.35234   0.10827   0.12888   0.00902   0.01892   0.04990   0.00000   0.00770   0.02497   0.00000   0.00000   0.00598   0.05210   0.00542   0.00000   0.02509   0.17336   0.04650   0.05030   0.00674   0.00000   0.01224   0.01981   0.13170   0.15799   0.17202   0.00000   0.02582   0.04565   0.00616   0.01179   0.01950   0.00000   0.00000   0.00000   0.03846   0.00632   0.00000   0.05833   0.13810   0.02090   0.02565   0.00720   0.00000   0.03229   0.00000   0.07147   2.09801   1.06008   1.00656   1.28080   0.71339  
 79 19.7179   2302.598276  x:  0.35205   0.10852   0.12876   0.00902   0.01887   0.05013   0.00000   0.00764   0.02507   0.00000   0.00000   0.00598   0.05182   0.00543   0.00000   0.02515   0.17424   0.04606   0.05061   0.00674   0.00000   0.01224   0.01988   0.13195   0.15807   0.17162   0.00000   0.02630   0.04553   0.00616   0.01179   0.01917   0.00000   0.00000   0.00000   0.03933   0.00632   0.00000   0.05848   0.13809   0.02125   0.02600   0.00719   0.00000   0.03238   0.00000   0.07165   2.09037   1.05991   1.00837   1.28204   0.71333  
 80 18.1577   2302.588536  x:  0.34992   0.10773   0.12929   0.00907   0.01889   0.04997   0.00000   0.00764   0.02504   0.00000   0.00000   0.00598   0.05084   0.00544   0.00000   0.02514   0.17367   0.04585   0.05124   0.00674   0.00000   0.01225   0.01984   0.13178   0.15785   0.17179   0.00000   0.02600   0.04540   0.00616   0.01181   0.01927   0.00000   0.00000   0.00000   0.03883   0.00632   0.00000   0.05839   0.13871   0.02101   0.02584   0.00718   0.00000   0.03165   0.00000   0.07230   2.07585   1.05896   1.01205   1.28407   0.71431  
 81 12.7134   2302.582690  x:  0.34836   0.10724   0.12966   0.00911   0.01889   0.04995   0.00000   0.00766   0.02507   0.00000   0.00000   0.00599   0.05150   0.00545   0.00000   0.02514   0.17266   0.04615   0.05080   0.00673   0.00000   0.01225   0.01984   0.13150   0.15773   0.17220   0.00000   0.02619   0.04557   0.00617   0.01182   0.01924   0.00000   0.00000   0.00000   0.03864   0.00632   0.00000   0.05831   0.13902   0.02115   0.02586   0.00717   0.00000   0.03258   0.00000   0.07216   2.06704   1.05831   1.01417   1.28515   0.71522  
 82 19.4113   2302.581291  x:  0.34800   0.10735   0.12962   0.00911   0.01889   0.05002   0.00000   0.00765   0.02506   0.00000   0.00000   0.00599   0.05188   0.00545   0.00000   0.02515   0.17223   0.04625   0.05050   0.00673   0.00000   0.01226   0.01985   0.13142   0.15775   0.17242   0.00000   0.02610   0.04559   0.00617   0.01182   0.01925   0.00000   0.00000   0.00000   0.03897   0.00632   0.00000   0.05836   0.13892   0.02108   0.02591   0.00717   0.00000   0.03215   0.00000   0.07182   2.06500   1.05819   1.01448   1.28528   0.71562  
 83  6.0484   2302.580000  x:  0.34787   0.10800   0.12924   0.00911   0.01889   0.05005   0.00000   0.00761   0.02509   0.00000   0.00000   0.00599   0.05158   0.00545   0.00000   0.02511   0.17168   0.04615   0.05060   0.00673   0.00000   0.01226   0.01985   0.13141   0.15790   0.17276   0.00000   0.02623   0.04547   0.00617   0.01182   0.01924   0.00000   0.00000   0.00000   0.03887   0.00632   0.00000   0.05846   0.13841   0.02103   0.02577   0.00717   0.00000   0.03223   0.00000   0.07141   2.06330   1.05820   1.01412   1.28498   0.71644  
 84  1.9497   2302.579060  x:  0.34788   0.10830   0.12905   0.00912   0.01889   0.05004   0.00000   0.00762   0.02502   0.00000   0.00000   0.00599   0.05159   0.00545   0.00000   0.02522   0.17151   0.04616   0.05071   0.00673   0.00000   0.01226   0.01985   0.13144   0.15798   0.17292   0.00000   0.02595   0.04557   0.00617   0.01182   0.01925   0.00000   0.00000   0.00000   0.03883   0.00633   0.00000   0.05839   0.13817   0.02110   0.02610   0.00716   0.00000   0.03230   0.00000   0.07164   2.06219   1.05825   1.01353   1.28454   0.71721  
 85  2.6019   2302.576775  x:  0.34808   0.10845   0.12888   0.00916   0.01890   0.05000   0.00000   0.00765   0.02513   0.00000   0.00000   0.00600   0.05188   0.00546   0.00000   0.02508   0.17153   0.04626   0.05078   0.00673   0.00000   0.01226   0.01984   0.13152   0.15804   0.17306   0.00000   0.02618   0.04577   0.00617   0.01183   0.01924   0.00000   0.00000   0.00000   0.03892   0.00633   0.00000   0.05817   0.13797   0.02101   0.02581   0.00715   0.00000   0.03219   0.00000   0.07247   2.05968   1.05841   1.01171   1.28322   0.71921  
 86  4.6500   2302.572891  x:  0.34853   0.10775   0.12920   0.00919   0.01891   0.05002   0.00000   0.00761   0.02492   0.00000   0.00000   0.00600   0.05171   0.00547   0.00000   0.02540   0.17215   0.04622   0.05037   0.00672   0.00000   0.01227   0.01983   0.13159   0.15789   0.17284   0.00000   0.02619   0.04524   0.00617   0.01184   0.01924   0.00000   0.00000   0.00000   0.03887   0.00633   0.00000   0.05846   0.13845   0.02104   0.02581   0.00714   0.00000   0.03223   0.00000   0.07214   2.05576   1.05851   1.00837   1.28065   0.72243  
 87  5.5570   2302.571853  x:  0.34864   0.10756   0.12934   0.00920   0.01890   0.05006   0.00000   0.00759   0.02518   0.00000   0.00000   0.00600   0.05165   0.00547   0.00000   0.02503   0.17231   0.04622   0.05047   0.00672   0.00000   0.01227   0.01983   0.13157   0.15784   0.17271   0.00000   0.02608   0.04542   0.00617   0.01184   0.01925   0.00000   0.00000   0.00000   0.03886   0.00633   0.00000   0.05847   0.13863   0.02108   0.02593   0.00714   0.00000   0.03224   0.00000   0.07183   2.05483   1.05843   1.00753   1.27992   0.72310  
 88  5.8313   2302.570929  x:  0.34869   0.10753   0.12948   0.00920   0.01890   0.05011   0.00000   0.00756   0.02505   0.00000   0.00000   0.00600   0.05168   0.00547   0.00000   0.02522   0.17235   0.04624   0.05082   0.00672   0.00000   0.01227   0.01983   0.13148   0.15779   0.17252   0.00000   0.02615   0.04586   0.00617   0.01185   0.01924   0.00000   0.00000   0.00000   0.03889   0.00633   0.00000   0.05831   0.13875   0.02107   0.02585   0.00713   0.00000   0.03222   0.00000   0.07150   2.05423   1.05806   1.00694   1.27921   0.72324  
 89  2.2026   2302.561731  x:  0.34869   0.10854   0.13019   0.00935   0.01891   0.05016   0.00000   0.00746   0.02514   0.00000   0.00000   0.00602   0.05216   0.00551   0.00000   0.02517   0.17168   0.04617   0.05132   0.00670   0.00000   0.01230   0.01980   0.13051   0.15751   0.17083   0.00000   0.02610   0.04483   0.00619   0.01190   0.01925   0.00000   0.00000   0.00000   0.03885   0.00633   0.00000   0.05754   0.13901   0.02118   0.02588   0.00708   0.00000   0.03222   0.00000   0.07151   2.05043   1.05214   1.00260   1.27173   0.72073  
 90  2.2365   2302.551799  x:  0.34858   0.10886   0.13016   0.00953   0.01893   0.05024   0.00000   0.00739   0.02516   0.00000   0.00000   0.00604   0.05145   0.00555   0.00000   0.02522   0.17132   0.04616   0.05018   0.00667   0.00000   0.01233   0.01977   0.13035   0.15737   0.17024   0.00000   0.02611   0.04581   0.00620   0.01195   0.01924   0.00000   0.00000   0.00000   0.03887   0.00634   0.00000   0.05861   0.13888   0.02124   0.02584   0.00702   0.00000   0.03223   0.00000   0.07208   2.04667   1.04559   0.99818   1.26384   0.71761  
 91 14.2939   2302.543703  x:  0.34839   0.10754   0.12905   0.00967   0.01894   0.05029   0.00000   0.00729   0.02519   0.00000   0.00000   0.00606   0.05176   0.00559   0.00000   0.02524   0.17196   0.04662   0.05079   0.00665   0.00000   0.01235   0.01975   0.13182   0.15758   0.17224   0.00000   0.02610   0.04551   0.00621   0.01200   0.01924   0.00000   0.00000   0.00000   0.03885   0.00634   0.00000   0.05865   0.13836   0.02119   0.02583   0.00697   0.00000   0.03222   0.00000   0.07186   2.04417   1.04051   0.99500   1.25815   0.71500  
 92  7.4922   2302.542109  x:  0.34838   0.10755   0.12908   0.00969   0.01894   0.05036   0.00000   0.00726   0.02520   0.00000   0.00000   0.00607   0.05158   0.00559   0.00000   0.02524   0.17227   0.04617   0.05039   0.00664   0.00000   0.01235   0.01974   0.13168   0.15783   0.17291   0.00000   0.02609   0.04559   0.00621   0.01201   0.01924   0.00000   0.00000   0.00000   0.03886   0.00634   0.00000   0.05791   0.13849   0.02117   0.02583   0.00696   0.00000   0.03222   0.00000   0.07179   2.04414   1.04002   0.99469   1.25781   0.71476  
 93  1.4767   2302.535225  x:  0.34841   0.10847   0.13020   0.00983   0.01895   0.05039   0.00000   0.00718   0.02523   0.00000   0.00000   0.00608   0.05170   0.00563   0.00000   0.02526   0.17335   0.04642   0.05071   0.00662   0.00000   0.01237   0.01971   0.13021   0.15905   0.17495   0.00000   0.02608   0.04553   0.00622   0.01205   0.01923   0.00000   0.00000   0.00000   0.03885   0.00634   0.00000   0.05857   0.13934   0.02105   0.02581   0.00691   0.00000   0.03222   0.00000   0.07192   2.04550   1.03968   0.99444   1.25893   0.71473  
 94  1.2125   2302.450270  x:  0.34807   0.10696   0.13030   0.01149   0.01909   0.05125   0.00000   0.00612   0.02559   0.00000   0.00000   0.00629   0.05152   0.00605   0.00000   0.02551   0.17181   0.04665   0.05048   0.00636   0.00000   0.01264   0.01937   0.13167   0.15996   0.17202   0.00000   0.02594   0.04549   0.00632   0.01259   0.01917   0.00000   0.00000   0.00000   0.03870   0.00638   0.00000   0.05823   0.13743   0.02155   0.02563   0.00630   0.00000   0.03215   0.00000   0.07196   2.06901   1.04469   0.99767   1.28237   0.71965  
 95  2.3050   2302.440811  x:  0.34808   0.10780   0.12824   0.01167   0.01910   0.05135   0.00000   0.00600   0.02563   0.00000   0.00000   0.00632   0.05151   0.00609   0.00000   0.02554   0.17213   0.04695   0.05048   0.00633   0.00000   0.01267   0.01934   0.13098   0.15689   0.17255   0.00000   0.02593   0.04549   0.00634   0.01265   0.01916   0.00000   0.00000   0.00000   0.03869   0.00639   0.00000   0.05824   0.13912   0.02166   0.02561   0.00624   0.00000   0.03214   0.00000   0.07198   2.07178   1.04731   1.00033   1.28242   0.72027  
 96  3.2449   2302.431302  x:  0.34827   0.10790   0.13004   0.01186   0.01913   0.05146   0.00000   0.00589   0.02568   0.00000   0.00000   0.00634   0.05152   0.00614   0.00000   0.02558   0.17241   0.04687   0.05047   0.00631   0.00000   0.01270   0.01930   0.13150   0.15632   0.17302   0.00000   0.02593   0.04550   0.00635   0.01272   0.01916   0.00000   0.00000   0.00000   0.03869   0.00639   0.00000   0.05825   0.13779   0.02172   0.02560   0.00618   0.00000   0.03215   0.00000   0.07201   2.07475   1.05296   1.00635   1.27858   0.72092  
 97  2.7589   2302.429251  x:  0.34834   0.10756   0.12927   0.01190   0.01913   0.05148   0.00000   0.00587   0.02569   0.00000   0.00000   0.00635   0.05152   0.00615   0.00000   0.02558   0.17217   0.04695   0.05050   0.00630   0.00000   0.01271   0.01930   0.13131   0.15788   0.17259   0.00000   0.02593   0.04550   0.00635   0.01273   0.01916   0.00000   0.00000   0.00000   0.03869   0.00640   0.00000   0.05825   0.13837   0.02171   0.02560   0.00616   0.00000   0.03215   0.00000   0.07202   2.07540   1.05442   1.00791   1.27744   0.72106  
 98  2.2566   2302.421036  x:  0.34840   0.10764   0.12926   0.01242   0.01920   0.05177   0.00000   0.00652   0.02582   0.00000   0.00000   0.00638   0.05151   0.00632   0.00000   0.02567   0.17216   0.04695   0.05055   0.00634   0.00000   0.01277   0.01913   0.13134   0.15780   0.17258   0.00000   0.02588   0.04549   0.00635   0.01286   0.01914   0.00000   0.00000   0.00000   0.03867   0.00640   0.00000   0.05823   0.13845   0.02182   0.02555   0.00636   0.00000   0.03213   0.00000   0.07196   2.07502   1.05473   1.00825   1.27724   0.72114  
 99  0.0014   2302.420266  x:  0.34838   0.10767   0.12934   0.01264   0.01919   0.05180   0.00000   0.00639   0.02580   0.00000   0.00000   0.00636   0.05151   0.00637   0.00000   0.02565   0.17220   0.04694   0.05056   0.00638   0.00000   0.01276   0.01918   0.13127   0.15789   0.17261   0.00000   0.02589   0.04548   0.00633   0.01285   0.01914   0.00000   0.00000   0.00000   0.03867   0.00639   0.00000   0.05823   0.13845   0.02180   0.02556   0.00642   0.00000   0.03214   0.00000   0.07196   2.07252   1.05361   1.00707   1.27644   0.72071  
100  0.0027   2302.420237  x:  0.34837   0.10766   0.12934   0.01267   0.01919   0.05176   0.00000   0.00639   0.02579   0.00000   0.00000   0.00636   0.05151   0.00637   0.00000   0.02564   0.17219   0.04693   0.05055   0.00637   0.00000   0.01275   0.01918   0.13128   0.15789   0.17261   0.00000   0.02589   0.04548   0.00633   0.01283   0.01914   0.00000   0.00000   0.00000   0.03867   0.00639   0.00000   0.05823   0.13845   0.02179   0.02556   0.00638   0.00000   0.03214   0.00000   0.07196   2.07272   1.05362   1.00709   1.27646   0.72074  
101  0.0002   2302.420236  x:  0.34837   0.10766   0.12933   0.01267   0.01919   0.05175   0.00000   0.00639   0.02579   0.00000   0.00000   0.00636   0.05151   0.00637   0.00000   0.02564   0.17219   0.04693   0.05055   0.00637   0.00000   0.01275   0.01918   0.13128   0.15789   0.17261   0.00000   0.02589   0.04548   0.00633   0.01283   0.01914   0.00000   0.00000   0.00000   0.03867   0.00639   0.00000   0.05823   0.13845   0.02179   0.02556   0.00638   0.00000   0.03214   0.00000   0.07196   2.07283   1.05366   1.00713   1.27649   0.72076  
102  0.0001   2302.420236  x:  0.34837   0.10766   0.12933   0.01267   0.01919   0.05176   0.00000   0.00639   0.02579   0.00000   0.00000   0.00636   0.05151   0.00637   0.00000   0.02564   0.17219   0.04693   0.05055   0.00637   0.00000   0.01275   0.01918   0.13128   0.15789   0.17261   0.00000   0.02589   0.04548   0.00633   0.01283   0.01914   0.00000   0.00000   0.00000   0.03867   0.00639   0.00000   0.05823   0.13845   0.02179   0.02556   0.00638   0.00000   0.03214   0.00000   0.07196   2.07281   1.05365   1.00713   1.27649   0.72075  
103  0.0000   2302.420236  x:  0.34837   0.10766   0.12933   0.01267   0.01919   0.05176   0.00000   0.00639   0.02579   0.00000   0.00000   0.00636   0.05151   0.00637   0.00000   0.02564   0.17219   0.04693   0.05055   0.00637   0.00000   0.01275   0.01918   0.13128   0.15789   0.17261   0.00000   0.02589   0.04548   0.00633   0.01283   0.01914   0.00000   0.00000   0.00000   0.03867   0.00639   0.00000   0.05823   0.13845   0.02179   0.02556   0.00638   0.00000   0.03214   0.00000   0.07196   2.07281   1.05365   1.00713   1.27648   0.72075  
104  0.0000   2302.420236  x:  0.34837   0.10766   0.12933   0.01267   0.01919   0.05176   0.00000   0.00639   0.02579   0.00000   0.00000   0.00636   0.05151   0.00637   0.00000   0.02564   0.17219   0.04693   0.05055   0.00637   0.00000   0.01275   0.01918   0.13128   0.15789   0.17261   0.00000   0.02589   0.04548   0.00633   0.01283   0.01914   0.00000   0.00000   0.00000   0.03867   0.00639   0.00000   0.05823   0.13845   0.02179   0.02556   0.00638   0.00000   0.03214   0.00000   0.07196   2.07281   1.05365   1.00713   1.27648   0.72075  

TREE # 2

  0  0.0000   2337.088804  x:  0.13444   0.14421   0.00000   0.03596   0.03300   0.01998   0.03185   0.03198   0.01551   0.01793   0.00974   0.03278   0.02009   0.01112   0.04867   0.11996   0.04416   0.02539   0.01360   0.00799   0.03673   0.00682   0.06019   0.10746   0.11514   0.01713   0.01511   0.05262   0.00693   0.01321   0.02195   0.01998   0.01249   0.03133   0.04995   0.00860   0.02335   0.02508   0.14363   0.05745   0.05148   0.02663   0.01025   0.01454   0.02649   0.10910   0.29438   2.07281   1.01150   0.99372   1.21656   0.72075  
  1 99.0000   2337.086843  x:  0.13444   0.14421   0.00000   0.03596   0.03300   0.01998   0.03185   0.03198   0.01551   0.01792   0.00974   0.03278   0.02009   0.01112   0.04867   0.11996   0.04416   0.02539   0.01360   0.00799   0.03673   0.00682   0.06019   0.10746   0.11514   0.01713   0.01511   0.05262   0.00693   0.01321   0.02195   0.01998   0.01249   0.03133   0.04995   0.00860   0.02335   0.02508   0.14363   0.05745   0.05148   0.02663   0.01025   0.01454   0.02649   0.10910   0.29438   2.07281   1.01150   0.99372   1.21656   0.72075  
  2 618.0856   2324.761414  x:  0.13515   0.14509   0.00000   0.03521   0.03249   0.01760   0.02937   0.03082   0.00873   0.01114   0.00296   0.03270   0.01772   0.00451   0.04906   0.12067   0.04243   0.02539   0.01379   0.00122   0.03651   0.00000   0.06072   0.10754   0.11566   0.01773   0.01242   0.05276   0.00377   0.01371   0.02119   0.01320   0.00573   0.02699   0.05005   0.01153   0.01715   0.02519   0.14459   0.05690   0.05146   0.02288   0.00349   0.01527   0.02618   0.10999   0.29533   2.07286   1.01156   0.99366   1.21675   0.72077  
  3 2810.2583   2322.916829  x:  0.13525   0.14522   0.00000   0.03520   0.03232   0.01746   0.02913   0.03077   0.00752   0.00993   0.00174   0.03262   0.01758   0.00333   0.04905   0.12075   0.04223   0.02539   0.01400   0.00000   0.03653   0.00000   0.06074   0.10754   0.11572   0.01794   0.01271   0.05281   0.00341   0.01409   0.02111   0.01199   0.00452   0.02640   0.05005   0.01160   0.01606   0.02521   0.14471   0.05684   0.05147   0.02244   0.00228   0.01533   0.02624   0.11008   0.29548   2.07287   1.01157   0.99365   1.21680   0.72076  
  4 5630.9514   2320.664739  x:  0.13536   0.14535   0.00000   0.03524   0.03231   0.01747   0.02901   0.03081   0.00580   0.00818   0.00000   0.03259   0.01761   0.00165   0.04902   0.12081   0.04206   0.02539   0.01413   0.00000   0.03656   0.00000   0.06071   0.10753   0.11579   0.01806   0.01254   0.05289   0.00297   0.01448   0.02120   0.01026   0.00279   0.02581   0.05005   0.01126   0.01450   0.02523   0.14482   0.05679   0.05151   0.02208   0.00056   0.01525   0.02631   0.11015   0.29566   2.07289   1.01158   0.99361   1.21687   0.72074  
  5 10921.7354   2320.039025  x:  0.13539   0.14539   0.00000   0.03525   0.03233   0.01750   0.02901   0.03083   0.00524   0.00762   0.00000   0.03260   0.01763   0.00110   0.04902   0.12082   0.04203   0.02539   0.01412   0.00000   0.03656   0.00000   0.06071   0.10753   0.11580   0.01807   0.01255   0.05291   0.00284   0.01453   0.02120   0.00970   0.00223   0.02569   0.05005   0.01128   0.01400   0.02524   0.14484   0.05678   0.05153   0.02204   0.00000   0.01525   0.02631   0.11015   0.29571   2.07290   1.01159   0.99360   1.21690   0.72074  
  6 20968.0772   2318.956618  x:  0.13543   0.14544   0.00000   0.03526   0.03234   0.01752   0.02900   0.03084   0.00411   0.00647   0.00000   0.03261   0.01765   0.00000   0.04903   0.12084   0.04198   0.02539   0.01410   0.00000   0.03657   0.00000   0.06070   0.10751   0.11582   0.01810   0.01255   0.05294   0.00261   0.01461   0.02120   0.00857   0.00110   0.02549   0.05005   0.01128   0.01299   0.02525   0.14488   0.05676   0.05156   0.02196   0.00000   0.01525   0.02631   0.11016   0.29581   2.07291   1.01160   0.99356   1.21696   0.72072  
  7 359902.6129   2318.067022  x:  0.13547   0.14550   0.00000   0.03527   0.03234   0.01754   0.02899   0.03086   0.00301   0.00536   0.00000   0.03261   0.01768   0.00000   0.04904   0.12085   0.04194   0.02539   0.01408   0.00000   0.03657   0.00000   0.06069   0.10750   0.11584   0.01814   0.01255   0.05297   0.00238   0.01468   0.02119   0.00748   0.00000   0.02530   0.05005   0.01128   0.01200   0.02527   0.14492   0.05675   0.05159   0.02188   0.00000   0.01526   0.02631   0.11017   0.29590   2.07292   1.01161   0.99353   1.21701   0.72070  
  8 8460767.9130   2316.074562  x:  0.13564   0.14572   0.00000   0.03518   0.03234   0.01744   0.02917   0.03078   0.00000   0.00222   0.00000   0.03255   0.01756   0.00000   0.04800   0.12137   0.04190   0.02539   0.01412   0.00000   0.03649   0.00000   0.06072   0.10745   0.11590   0.01845   0.01258   0.05314   0.00141   0.01489   0.02156   0.00443   0.00000   0.02492   0.05005   0.01144   0.00921   0.02531   0.14503   0.05674   0.05171   0.02192   0.00000   0.01496   0.02613   0.11012   0.29629   2.07298   1.01154   0.99360   1.21708   0.72068  
  9 3656.1125   2315.013730  x:  0.13573   0.14586   0.00000   0.03513   0.03261   0.01733   0.02920   0.03071   0.00000   0.00000   0.00000   0.03260   0.01744   0.00000   0.04772   0.12185   0.04189   0.02539   0.01414   0.00000   0.03648   0.00000   0.06076   0.10741   0.11593   0.01843   0.01257   0.05326   0.00089   0.01524   0.02127   0.00231   0.00000   0.02482   0.05005   0.01132   0.00721   0.02534   0.14508   0.05673   0.05177   0.02194   0.00000   0.01520   0.02618   0.11008   0.29657   2.07303   1.01145   0.99374   1.21707   0.72069  
 10 2541.3910   2314.245748  x:  0.13582   0.14597   0.00000   0.03514   0.03260   0.01731   0.02914   0.03071   0.00000   0.00000   0.00000   0.03264   0.01742   0.00000   0.04795   0.12223   0.04185   0.02540   0.01410   0.00000   0.03651   0.00000   0.06076   0.10736   0.11595   0.01843   0.01258   0.05335   0.00040   0.01553   0.02136   0.00000   0.00000   0.02471   0.05005   0.01136   0.00503   0.02537   0.14513   0.05671   0.05183   0.02188   0.00000   0.01512   0.02626   0.11005   0.29687   2.07310   1.01134   0.99392   1.21704   0.72070  
 11 2871.4307   2313.592060  x:  0.13588   0.14604   0.00000   0.03523   0.03283   0.01745   0.02889   0.03081   0.00000   0.00000   0.00000   0.03255   0.01757   0.00000   0.04799   0.12215   0.04167   0.02540   0.01412   0.00000   0.03653   0.00000   0.06072   0.10726   0.11594   0.01889   0.01258   0.05337   0.00000   0.01552   0.02137   0.00000   0.00000   0.02437   0.05005   0.01136   0.00139   0.02543   0.14516   0.05667   0.05190   0.02150   0.00000   0.01517   0.02615   0.11007   0.29717   2.07320   1.01118   0.99419   1.21697   0.72071  
 12 1382.1135   2313.356796  x:  0.13588   0.14604   0.00000   0.03524   0.03279   0.01747   0.02884   0.03083   0.00000   0.00000   0.00000   0.03259   0.01760   0.00000   0.04790   0.12200   0.04160   0.02540   0.01411   0.00000   0.03652   0.00000   0.06071   0.10722   0.11594   0.01885   0.01258   0.05337   0.00000   0.01555   0.02135   0.00000   0.00000   0.02420   0.05005   0.01137   0.00000   0.02544   0.14517   0.05665   0.05193   0.02136   0.00000   0.01515   0.02616   0.11009   0.29723   2.07324   1.01114   0.99428   1.21694   0.72072  
 13 2874.4716   2312.013377  x:  0.13909   0.15053   0.00000   0.03320   0.03192   0.01556   0.03710   0.02885   0.00000   0.00000   0.00000   0.03295   0.01536   0.00000   0.04807   0.12203   0.04044   0.02532   0.00791   0.00000   0.03598   0.00000   0.06151   0.10660   0.11772   0.02113   0.01256   0.05567   0.00000   0.01575   0.02588   0.00000   0.00000   0.00842   0.05007   0.01141   0.00000   0.02705   0.14797   0.05635   0.05592   0.02332   0.00000   0.02058   0.02692   0.10971   0.30010   2.07441   1.01157   0.99408   1.21774   0.72111  
 14 76.3138   2311.296045  x:  0.14514   0.15873   0.00000   0.03230   0.03207   0.01547   0.04521   0.02797   0.00000   0.00000   0.00000   0.03294   0.01533   0.00000   0.05023   0.13045   0.03852   0.02532   0.01171   0.00000   0.03527   0.00000   0.06207   0.10775   0.12140   0.01869   0.01256   0.05813   0.00000   0.00976   0.02260   0.00000   0.00000   0.00511   0.05015   0.01171   0.00000   0.02566   0.15372   0.05543   0.05766   0.02333   0.00000   0.01632   0.02245   0.11047   0.30548   2.07468   1.01409   0.99033   1.22071   0.72149  
 15 62.3999   2310.813393  x:  0.15108   0.16670   0.00000   0.03207   0.03034   0.01572   0.05034   0.02782   0.00000   0.00000   0.00000   0.03307   0.01567   0.00000   0.05005   0.13739   0.03534   0.02533   0.00775   0.00000   0.03469   0.00000   0.06224   0.10896   0.12504   0.01792   0.01250   0.05978   0.00000   0.00800   0.02179   0.00000   0.00000   0.00957   0.05022   0.01179   0.00000   0.02544   0.15957   0.05413   0.05862   0.01954   0.00000   0.01576   0.01945   0.11204   0.31156   2.07482   1.01671   0.98643   1.22389   0.72189  
 16 119.7706   2310.642851  x:  0.15381   0.17032   0.00000   0.03215   0.03030   0.01545   0.05057   0.02771   0.00000   0.00000   0.00000   0.03472   0.01543   0.00000   0.04958   0.13650   0.03520   0.02538   0.00962   0.00000   0.03363   0.00000   0.06239   0.10876   0.12580   0.01708   0.01252   0.05596   0.00000   0.00617   0.02370   0.00000   0.00000   0.01017   0.05036   0.01183   0.00000   0.02661   0.16136   0.05359   0.05642   0.01982   0.00000   0.01766   0.02201   0.11222   0.31777   2.07546   1.01898   0.98347   1.22706   0.72243  
 17 24.0037   2310.348816  x:  0.15777   0.17558   0.00000   0.03153   0.03197   0.01403   0.05035   0.02668   0.00000   0.00000   0.00000   0.03525   0.01402   0.00000   0.05004   0.13220   0.03638   0.02534   0.00868   0.00000   0.03217   0.00000   0.06304   0.10808   0.12632   0.01730   0.01258   0.04873   0.00000   0.00864   0.02317   0.00000   0.00000   0.00996   0.05060   0.01235   0.00000   0.02656   0.16326   0.05314   0.05212   0.02314   0.00000   0.01574   0.02057   0.11196   0.32910   2.07681   1.02419   0.97676   1.23398   0.72353  
 18 60.3055   2309.932607  x:  0.15917   0.17764   0.00000   0.03096   0.03362   0.01193   0.04538   0.02599   0.00000   0.00000   0.00000   0.03137   0.01188   0.00000   0.04922   0.12850   0.03789   0.02515   0.00723   0.00000   0.03769   0.00000   0.06368   0.10622   0.12493   0.01582   0.01264   0.05408   0.00000   0.00741   0.02307   0.00000   0.00000   0.00995   0.05023   0.01306   0.00000   0.02337   0.16205   0.05417   0.05253   0.02624   0.00000   0.01400   0.02415   0.11094   0.34402   2.07933   1.03350   0.96548   1.24633   0.72551  
 19 35.5029   2309.517240  x:  0.15762   0.17586   0.00000   0.02950   0.03510   0.01127   0.03982   0.02438   0.00000   0.00000   0.00000   0.03497   0.01134   0.00000   0.04957   0.12803   0.03823   0.02524   0.00922   0.00000   0.03727   0.00000   0.06463   0.10447   0.12293   0.01377   0.01268   0.06091   0.00000   0.00869   0.02597   0.00000   0.00000   0.01057   0.05005   0.01372   0.00000   0.02624   0.15914   0.05537   0.05610   0.02780   0.00000   0.01554   0.01932   0.11010   0.35479   2.08208   1.04364   0.95394   1.25939   0.72753  
 20 66.0397   2309.090496  x:  0.15326   0.17028   0.00000   0.02901   0.03589   0.01151   0.03540   0.02364   0.00000   0.00000   0.00000   0.03958   0.01144   0.00000   0.04903   0.13449   0.03756   0.02537   0.00696   0.00000   0.03078   0.00000   0.06547   0.10357   0.12105   0.01569   0.01271   0.06178   0.00000   0.00773   0.02433   0.00000   0.00000   0.00990   0.05034   0.01437   0.00000   0.02730   0.15550   0.05576   0.05867   0.02765   0.00000   0.01244   0.02266   0.10971   0.35901   2.08507   1.05405   0.94352   1.27248   0.72953  
 21 56.5062   2308.500444  x:  0.14610   0.16079   0.00000   0.02981   0.03619   0.01085   0.03324   0.02475   0.00000   0.00000   0.00000   0.03651   0.01072   0.00000   0.04778   0.14637   0.03542   0.02509   0.00598   0.00000   0.02974   0.00000   0.06568   0.10377   0.11991   0.01135   0.01279   0.05444   0.00000   0.00736   0.02727   0.00000   0.00000   0.00900   0.05082   0.01515   0.00000   0.02232   0.15204   0.05463   0.05821   0.02365   0.00000   0.01445   0.02045   0.11036   0.35679   2.08972   1.06751   0.93285   1.28954   0.73201  
 22 58.5185   2308.023737  x:  0.14248   0.15586   0.00000   0.02824   0.03822   0.00932   0.03644   0.02291   0.00000   0.00000   0.00000   0.03767   0.00936   0.00000   0.04712   0.15147   0.03359   0.02540   0.00547   0.00000   0.03811   0.00000   0.06558   0.10526   0.12136   0.01143   0.01291   0.05043   0.00000   0.00708   0.02714   0.00000   0.00000   0.00868   0.05057   0.01598   0.00000   0.02828   0.15303   0.05290   0.05614   0.01750   0.00000   0.01259   0.02093   0.11221   0.34866   2.09429   1.07781   0.92836   1.30247   0.73400  
 23 53.8246   2307.371199  x:  0.14402   0.15763   0.00000   0.02556   0.04191   0.00817   0.03862   0.01936   0.00000   0.00000   0.00000   0.04052   0.00797   0.00000   0.04737   0.14962   0.03210   0.02529   0.00678   0.00000   0.03622   0.00000   0.06703   0.10835   0.12603   0.01298   0.01311   0.05442   0.00000   0.00853   0.02957   0.00000   0.00000   0.00928   0.05010   0.01710   0.00000   0.02239   0.15997   0.05074   0.05298   0.01059   0.00000   0.01253   0.02277   0.11589   0.33144   2.10065   1.08867   0.93010   1.31585   0.73612  
 24 45.5287   2306.772069  x:  0.14872   0.16346   0.00000   0.02757   0.04406   0.00551   0.03001   0.02241   0.00000   0.00000   0.00000   0.03627   0.00700   0.00000   0.04642   0.15064   0.02982   0.02524   0.00636   0.00000   0.03230   0.00000   0.06920   0.11139   0.13066   0.01102   0.01329   0.05774   0.00000   0.00895   0.03087   0.00000   0.00000   0.00898   0.05036   0.01799   0.00000   0.02662   0.16794   0.04907   0.05085   0.01320   0.00000   0.01193   0.02352   0.11966   0.31248   2.10637   1.09744   0.93637   1.32626   0.73771  
 25 69.4494   2306.616863  x:  0.15059   0.16580   0.00000   0.02666   0.04422   0.00853   0.02565   0.02065   0.00000   0.00000   0.00000   0.03589   0.00588   0.00000   0.04587   0.15186   0.02963   0.02528   0.00609   0.00000   0.03284   0.00000   0.07021   0.11181   0.13140   0.01071   0.01333   0.05734   0.00000   0.00891   0.03126   0.00000   0.00000   0.00881   0.05060   0.01818   0.00000   0.02687   0.16967   0.04901   0.05106   0.01453   0.00000   0.01196   0.02357   0.12015   0.30737   2.10786   1.09958   0.93927   1.32854   0.73808  
 26 76.2210   2306.486632  x:  0.15242   0.16810   0.00000   0.02559   0.04418   0.00793   0.02168   0.01876   0.00000   0.00000   0.00000   0.03671   0.00836   0.00000   0.04530   0.15322   0.02989   0.02534   0.00581   0.00000   0.03427   0.00000   0.07095   0.11167   0.13135   0.01087   0.01336   0.05619   0.00000   0.00878   0.03158   0.00000   0.00000   0.00864   0.05083   0.01830   0.00000   0.02611   0.17037   0.04936   0.05209   0.01556   0.00000   0.01205   0.02347   0.11993   0.30378   2.10900   1.10097   0.94274   1.32977   0.73832  
 27 72.3687   2306.279817  x:  0.15548   0.17191   0.00000   0.02649   0.04434   0.00681   0.01841   0.02124   0.00000   0.00000   0.00000   0.04002   0.00647   0.00000   0.04487   0.15446   0.03072   0.02538   0.00564   0.00000   0.03652   0.00000   0.07058   0.10992   0.12927   0.01200   0.01341   0.05398   0.00000   0.00843   0.03193   0.00000   0.00000   0.00854   0.05101   0.01849   0.00000   0.02426   0.16900   0.05082   0.05576   0.01522   0.00000   0.01187   0.02269   0.11795   0.30107   2.11060   1.10179   0.95134   1.32975   0.73851  
 28 39.6456   2305.890387  x:  0.15980   0.17682   0.00000   0.02556   0.04575   0.00608   0.01821   0.01792   0.00000   0.00000   0.00000   0.03581   0.00583   0.00000   0.04493   0.15494   0.02996   0.02501   0.00580   0.00000   0.03378   0.00000   0.07082   0.10458   0.12237   0.01067   0.01355   0.05208   0.00000   0.00817   0.03240   0.00000   0.00000   0.00873   0.05117   0.01901   0.00000   0.02639   0.16234   0.05283   0.05936   0.01042   0.00000   0.01103   0.02279   0.11370   0.30238   2.11330   1.10118   0.97247   1.32661   0.73845  
 29 40.7115   2305.545566  x:  0.15964   0.17530   0.00000   0.02175   0.04588   0.00570   0.01723   0.01877   0.00000   0.00000   0.00000   0.03674   0.00547   0.00000   0.04476   0.15684   0.02382   0.02606   0.00547   0.00000   0.03411   0.00000   0.07447   0.10229   0.11880   0.01139   0.01363   0.05420   0.00000   0.00757   0.03303   0.00000   0.00000   0.00853   0.05124   0.01925   0.00000   0.02576   0.15740   0.05020   0.05217   0.01213   0.00000   0.01088   0.02164   0.11593   0.30926   2.11520   1.09936   0.99382   1.32158   0.73787  
 30 38.1400   2305.381376  x:  0.15800   0.17255   0.00000   0.02591   0.04578   0.00531   0.01628   0.01611   0.00000   0.00000   0.00000   0.03743   0.00500   0.00000   0.04452   0.15780   0.02594   0.02525   0.00514   0.00000   0.03430   0.00000   0.07676   0.10335   0.11997   0.01180   0.01367   0.05517   0.00000   0.00714   0.03334   0.00000   0.00000   0.00831   0.05141   0.01932   0.00000   0.02565   0.15718   0.04929   0.04965   0.01231   0.00000   0.01087   0.02076   0.11902   0.31463   2.11590   1.09821   1.00417   1.31853   0.73734  
 31 41.6956   2305.203173  x:  0.15488   0.16818   0.00000   0.02279   0.04599   0.00526   0.01482   0.01749   0.00000   0.00000   0.00000   0.03617   0.00494   0.00000   0.04447   0.15794   0.03121   0.02466   0.00513   0.00000   0.03357   0.00000   0.07957   0.10638   0.12425   0.01187   0.01372   0.05456   0.00000   0.00690   0.03361   0.00000   0.00000   0.00831   0.05178   0.01944   0.00000   0.02621   0.15989   0.04976   0.05125   0.01117   0.00000   0.01075   0.02051   0.12315   0.32211   2.11639   1.09694   1.01420   1.31487   0.73650  
 32 39.5200   2305.125713  x:  0.15282   0.16599   0.00000   0.02317   0.04628   0.00502   0.01448   0.01657   0.00000   0.00000   0.00000   0.03530   0.00470   0.00000   0.04453   0.15683   0.02800   0.02633   0.00555   0.00000   0.03340   0.00000   0.07922   0.10769   0.12665   0.01227   0.01376   0.05335   0.00000   0.00703   0.03370   0.00000   0.00000   0.00850   0.05181   0.01948   0.00000   0.02603   0.16293   0.05059   0.05467   0.01205   0.00000   0.01067   0.02074   0.12364   0.32570   2.11637   1.09654   1.01659   1.31325   0.73588  
 33 17.9496   2305.054449  x:  0.15129   0.16541   0.00000   0.02325   0.04609   0.00510   0.01339   0.01670   0.00000   0.00000   0.00000   0.03478   0.00475   0.00000   0.04426   0.15677   0.02622   0.02278   0.00566   0.00000   0.03332   0.00000   0.07848   0.10768   0.12683   0.01282   0.01377   0.05342   0.00000   0.00706   0.03372   0.00000   0.00000   0.00840   0.05177   0.01942   0.00000   0.02630   0.16583   0.05078   0.05427   0.01168   0.00000   0.01079   0.02059   0.12084   0.32764   2.11571   1.09689   1.01433   1.31220   0.73493  
 34  8.3415   2304.952830  x:  0.14988   0.16559   0.00000   0.02386   0.04556   0.00534   0.01158   0.01719   0.00000   0.00000   0.00000   0.03373   0.00493   0.00000   0.04373   0.15736   0.02648   0.02564   0.00561   0.00000   0.03300   0.00000   0.07785   0.10701   0.12576   0.01358   0.01377   0.05416   0.00000   0.00704   0.03379   0.00000   0.00000   0.00807   0.05185   0.01930   0.00000   0.02684   0.16887   0.05042   0.05206   0.01000   0.00000   0.01114   0.02010   0.11724   0.32969   2.11441   1.09760   1.00883   1.31102   0.73331  
 35 19.8596   2304.855494  x:  0.15198   0.16750   0.00000   0.02466   0.04529   0.00564   0.01105   0.01772   0.00000   0.00000   0.00000   0.03235   0.00522   0.00000   0.04337   0.15739   0.02536   0.02522   0.00599   0.00000   0.03305   0.00000   0.07858   0.10544   0.12283   0.01463   0.01379   0.05364   0.00000   0.00728   0.03378   0.00000   0.00000   0.00796   0.05261   0.01916   0.00000   0.02718   0.16598   0.04885   0.05370   0.00917   0.00000   0.01143   0.02010   0.12520   0.33074   2.11259   1.09726   1.00070   1.31088   0.73126  
 36 10.5711   2304.841062  x:  0.15308   0.16744   0.00000   0.02443   0.04521   0.00558   0.01070   0.01755   0.00000   0.00000   0.00000   0.03226   0.00515   0.00000   0.04334   0.15761   0.02520   0.02522   0.00594   0.00000   0.03290   0.00000   0.07657   0.10607   0.12397   0.01469   0.01379   0.05372   0.00000   0.00725   0.03380   0.00000   0.00000   0.00790   0.05141   0.01913   0.00000   0.02724   0.16430   0.05028   0.05301   0.00914   0.00000   0.01150   0.02001   0.12617   0.33082   2.11199   1.09588   0.99944   1.31130   0.73077  
 37  5.7812   2304.818642  x:  0.15502   0.16683   0.00000   0.02455   0.04524   0.00560   0.01062   0.01762   0.00000   0.00000   0.00000   0.03224   0.00517   0.00000   0.04340   0.15734   0.02468   0.02522   0.00594   0.00000   0.03297   0.00000   0.07704   0.10719   0.12668   0.01472   0.01380   0.05382   0.00000   0.00727   0.03380   0.00000   0.00000   0.00787   0.05380   0.01907   0.00000   0.02727   0.16177   0.04989   0.05296   0.00886   0.00000   0.01151   0.02002   0.12495   0.33084   2.11021   1.09033   0.99759   1.31301   0.72956  
 38  3.8568   2304.773026  x:  0.15628   0.16610   0.00000   0.02473   0.04529   0.00565   0.01052   0.01775   0.00000   0.00000   0.00000   0.03228   0.00523   0.00000   0.04360   0.15691   0.02453   0.02519   0.00594   0.00000   0.03294   0.00000   0.07873   0.10713   0.12791   0.01467   0.01384   0.05349   0.00000   0.00725   0.03376   0.00000   0.00000   0.00787   0.05039   0.01894   0.00000   0.02724   0.16121   0.04709   0.05387   0.00867   0.00000   0.01148   0.02003   0.12376   0.33091   2.10608   1.07765   0.99451   1.31647   0.72706  
 39  9.1940   2304.675405  x:  0.15447   0.16606   0.00000   0.02439   0.04535   0.00552   0.01064   0.01751   0.00000   0.00000   0.00000   0.03274   0.00511   0.00000   0.04417   0.15673   0.02469   0.02520   0.00574   0.00000   0.03285   0.00000   0.07712   0.10473   0.12440   0.01443   0.01392   0.05359   0.00000   0.00708   0.03370   0.00000   0.00000   0.00779   0.05226   0.01862   0.00000   0.02713   0.16598   0.04933   0.05312   0.00862   0.00000   0.01148   0.01988   0.12593   0.33115   2.09655   1.05097   0.98883   1.32241   0.72193  
 40 17.2374   2304.512863  x:  0.14550   0.17519   0.00000   0.02487   0.04555   0.00567   0.01101   0.01787   0.00000   0.00000   0.00000   0.03347   0.00529   0.00000   0.04517   0.15534   0.02287   0.02529   0.00545   0.00000   0.03301   0.00000   0.07957   0.11403   0.12280   0.01406   0.01409   0.05328   0.00000   0.00698   0.03359   0.00000   0.00000   0.00761   0.05135   0.01798   0.00000   0.02708   0.16335   0.05152   0.05293   0.00748   0.00000   0.01156   0.01990   0.12620   0.33234   2.07898   1.04022   0.98241   1.30817   0.71928  
 41  3.6059   2304.196494  x:  0.14247   0.17830   0.00000   0.02385   0.04589   0.00537   0.01054   0.01714   0.00000   0.00000   0.00000   0.03473   0.00502   0.00000   0.04717   0.15299   0.02325   0.02531   0.00497   0.00000   0.03258   0.00000   0.06991   0.11406   0.12517   0.01330   0.01440   0.05354   0.00000   0.00671   0.03326   0.00000   0.00000   0.00736   0.05336   0.01670   0.00000   0.02680   0.16380   0.04199   0.05437   0.00726   0.00000   0.01165   0.01981   0.12779   0.33456   2.04643   1.02905   0.97239   1.27619   0.71627  
 42 23.5471   2303.677551  x:  0.15032   0.17226   0.00000   0.02510   0.04624   0.00586   0.01168   0.01819   0.00000   0.00000   0.00000   0.03694   0.00561   0.00000   0.05028   0.14938   0.02064   0.02554   0.00424   0.00000   0.03277   0.00000   0.07285   0.10413   0.13091   0.01229   0.01493   0.05322   0.00000   0.00640   0.03264   0.00000   0.00000   0.00689   0.05186   0.01458   0.00000   0.02653   0.16860   0.04654   0.05364   0.00472   0.00000   0.01187   0.01974   0.13015   0.33719   1.99344   1.01593   0.95608   1.22317   0.71252  
 43 62.7591   2303.627355  x:  0.15515   0.16870   0.00000   0.02507   0.04620   0.00586   0.01177   0.01818   0.00000   0.00000   0.00000   0.03713   0.00562   0.00000   0.05062   0.14891   0.02044   0.02557   0.00415   0.00000   0.03272   0.00000   0.07224   0.10954   0.12628   0.01222   0.01498   0.05324   0.00000   0.00635   0.03257   0.00000   0.00000   0.00681   0.05192   0.01431   0.00000   0.02652   0.17040   0.04624   0.05393   0.00457   0.00000   0.01195   0.01970   0.12985   0.33787   1.99019   1.01670   0.95681   1.22203   0.71315  
 44  7.3724   2303.146795  x:  0.15279   0.16943   0.00000   0.02576   0.04405   0.00632   0.01288   0.01882   0.00000   0.00000   0.00000   0.03767   0.00619   0.00000   0.05424   0.14318   0.01930   0.02571   0.00413   0.00000   0.03233   0.00000   0.06888   0.10855   0.12938   0.01260   0.01546   0.05271   0.00000   0.00584   0.03064   0.00000   0.00000   0.00631   0.05164   0.01048   0.00000   0.02651   0.17158   0.04498   0.05352   0.00334   0.00000   0.01290   0.01893   0.13155   0.34068   2.00450   1.06235   1.01077   1.30057   0.73675  
 45  3.7912   2302.980787  x:  0.15321   0.16933   0.00000   0.02577   0.04328   0.00632   0.01308   0.01884   0.00000   0.00000   0.00000   0.03824   0.00624   0.00000   0.05569   0.14214   0.01942   0.02569   0.00429   0.00000   0.03239   0.00000   0.06878   0.10843   0.12943   0.01224   0.01561   0.05251   0.00000   0.00586   0.02985   0.00000   0.00000   0.00622   0.05153   0.00904   0.00000   0.02636   0.17189   0.04504   0.05314   0.00354   0.00000   0.01311   0.01907   0.13161   0.34173   2.03673   1.07423   1.01667   1.30800   0.69570  
 46  2.9824   2302.683202  x:  0.15431   0.16925   0.00000   0.02543   0.04135   0.00610   0.01252   0.01853   0.00000   0.00000   0.00000   0.03872   0.00611   0.00000   0.05841   0.13838   0.01956   0.02568   0.00491   0.00000   0.03228   0.00000   0.07079   0.10822   0.12906   0.01197   0.01601   0.05180   0.00000   0.00550   0.02801   0.00000   0.00000   0.00615   0.05168   0.00584   0.00000   0.02614   0.17185   0.04555   0.05241   0.00455   0.00000   0.01339   0.01878   0.13208   0.34196   2.11147   1.05876   0.99999   1.28658   0.72205  
 47  2.6701   2302.550773  x:  0.15535   0.16904   0.00000   0.02632   0.04265   0.00659   0.01245   0.01930   0.00000   0.00000   0.00000   0.03919   0.00668   0.00000   0.05896   0.13832   0.01991   0.02573   0.00579   0.00000   0.03236   0.00000   0.07016   0.10827   0.12929   0.01164   0.01660   0.05189   0.00000   0.00574   0.02744   0.00000   0.00000   0.00632   0.05149   0.00567   0.00000   0.02585   0.17194   0.04619   0.05144   0.00594   0.00000   0.01289   0.01896   0.13231   0.34433   2.03596   1.06539   1.01462   1.29446   0.71894  
 48  0.5386   2302.493012  x:  0.15631   0.16985   0.00000   0.02687   0.04476   0.00692   0.01292   0.01983   0.00000   0.00000   0.00000   0.03924   0.00703   0.00000   0.05877   0.13869   0.02047   0.02576   0.00614   0.00000   0.03225   0.00000   0.06910   0.10836   0.12972   0.01191   0.01731   0.05204   0.00000   0.00589   0.02738   0.00000   0.00000   0.00641   0.05134   0.00658   0.00000   0.02575   0.17218   0.04643   0.05107   0.00609   0.00000   0.01264   0.01889   0.13232   0.34714   2.08063   1.05748   1.01647   1.28508   0.72374  
 49  0.2834   2302.435602  x:  0.15765   0.17189   0.00000   0.02602   0.04447   0.00644   0.01325   0.01926   0.00000   0.00000   0.00000   0.03877   0.00654   0.00000   0.05871   0.13857   0.02227   0.02558   0.00659   0.00000   0.03216   0.00000   0.07127   0.10790   0.12938   0.01274   0.01821   0.05175   0.00000   0.00644   0.02590   0.00000   0.00000   0.00636   0.05138   0.00674   0.00000   0.02581   0.17179   0.04675   0.05029   0.00600   0.00000   0.01330   0.01919   0.13128   0.34850   2.06721   1.05394   1.00810   1.27763   0.72180  
 50  0.0623   2302.421780  x:  0.15814   0.17307   0.00000   0.02596   0.04559   0.00638   0.01282   0.01923   0.00000   0.00000   0.00000   0.03873   0.00646   0.00000   0.05851   0.13803   0.02187   0.02554   0.00631   0.00000   0.03201   0.00000   0.07220   0.10761   0.12934   0.01276   0.01884   0.05177   0.00000   0.00646   0.02568   0.00000   0.00000   0.00635   0.05155   0.00634   0.00000   0.02560   0.17228   0.04699   0.05068   0.00625   0.00000   0.01278   0.01918   0.13124   0.34868   2.07336   1.05369   1.00763   1.27641   0.72084  
 51  0.0085   2302.420510  x:  0.15798   0.17273   0.00000   0.02587   0.04556   0.00632   0.01282   0.01915   0.00000   0.00000   0.00000   0.03868   0.00638   0.00000   0.05831   0.13843   0.02170   0.02556   0.00639   0.00000   0.03216   0.00000   0.07205   0.10762   0.12931   0.01269   0.01906   0.05171   0.00000   0.00635   0.02567   0.00000   0.00000   0.00636   0.05152   0.00640   0.00000   0.02561   0.17225   0.04695   0.05050   0.00632   0.00000   0.01271   0.01914   0.13127   0.34837   2.07254   1.05361   1.00678   1.27624   0.72066  
 52  0.0017   2302.420318  x:  0.15794   0.17267   0.00000   0.02588   0.04553   0.00632   0.01285   0.01914   0.00000   0.00000   0.00000   0.03868   0.00638   0.00000   0.05821   0.13860   0.02171   0.02557   0.00638   0.00000   0.03218   0.00000   0.07195   0.10764   0.12935   0.01267   0.01912   0.05175   0.00000   0.00640   0.02574   0.00000   0.00000   0.00635   0.05151   0.00636   0.00000   0.02564   0.17225   0.04693   0.05052   0.00635   0.00000   0.01276   0.01920   0.13128   0.34848   2.07290   1.05353   1.00705   1.27634   0.72077  
 53  0.0013   2302.420246  x:  0.15789   0.17259   0.00000   0.02588   0.04551   0.00633   0.01283   0.01913   0.00000   0.00000   0.00000   0.03867   0.00639   0.00000   0.05823   0.13847   0.02179   0.02556   0.00637   0.00000   0.03214   0.00000   0.07195   0.10766   0.12934   0.01267   0.01917   0.05176   0.00000   0.00639   0.02578   0.00000   0.00000   0.00636   0.05151   0.00637   0.00000   0.02565   0.17220   0.04693   0.05056   0.00638   0.00000   0.01276   0.01918   0.13129   0.34837   2.07279   1.05370   1.00716   1.27655   0.72077  
 54  0.0006   2302.420239  x:  0.15788   0.17259   0.00000   0.02589   0.04550   0.00633   0.01283   0.01914   0.00000   0.00000   0.00000   0.03867   0.00639   0.00000   0.05823   0.13847   0.02180   0.02556   0.00638   0.00000   0.03214   0.00000   0.07195   0.10766   0.12933   0.01267   0.01918   0.05176   0.00000   0.00639   0.02579   0.00000   0.00000   0.00636   0.05151   0.00636   0.00000   0.02564   0.17219   0.04693   0.05055   0.00637   0.00000   0.01275   0.01918   0.13129   0.34837   2.07281   1.05364   1.00713   1.27648   0.72075  
 55  0.0002   2302.420236  x:  0.15789   0.17261   0.00000   0.02589   0.04549   0.00633   0.01283   0.01914   0.00000   0.00000   0.00000   0.03867   0.00639   0.00000   0.05823   0.13845   0.02179   0.02556   0.00638   0.00000   0.03214   0.00000   0.07196   0.10766   0.12933   0.01267   0.01919   0.05176   0.00000   0.00639   0.02579   0.00000   0.00000   0.00636   0.05151   0.00637   0.00000   0.02564   0.17219   0.04693   0.05055   0.00637   0.00000   0.01275   0.01918   0.13128   0.34838   2.07282   1.05365   1.00712   1.27648   0.72075  
 56  0.0001   2302.420236  x:  0.15789   0.17261   0.00000   0.02589   0.04548   0.00633   0.01283   0.01914   0.00000   0.00000   0.00000   0.03867   0.00639   0.00000   0.05823   0.13845   0.02179   0.02556   0.00638   0.00000   0.03214   0.00000   0.07196   0.10766   0.12933   0.01267   0.01919   0.05176   0.00000   0.00639   0.02579   0.00000   0.00000   0.00636   0.05151   0.00637   0.00000   0.02564   0.17219   0.04693   0.05055   0.00637   0.00000   0.01275   0.01918   0.13128   0.34838   2.07282   1.05365   1.00713   1.27648   0.72075  
 57  0.0000   2302.420236  x:  0.15789   0.17261   0.00000   0.02589   0.04548   0.00633   0.01283   0.01914   0.00000   0.00000   0.00000   0.03867   0.00639   0.00000   0.05823   0.13845   0.02179   0.02556   0.00638   0.00000   0.03214   0.00000   0.07196   0.10766   0.12933   0.01267   0.01919   0.05176   0.00000   0.00639   0.02579   0.00000   0.00000   0.00636   0.05151   0.00637   0.00000   0.02564   0.17219   0.04693   0.05055   0.00637   0.00000   0.01275   0.01918   0.13128   0.34838   2.07281   1.05365   1.00713   1.27648   0.72075  
 58  0.0000   2302.420236  x:  0.15789   0.17261   0.00000   0.02589   0.04548   0.00633   0.01283   0.01914   0.00000   0.00000   0.00000   0.03867   0.00639   0.00000   0.05823   0.13845   0.02179   0.02556   0.00638   0.00000   0.03214   0.00000   0.07196   0.10766   0.12933   0.01267   0.01919   0.05176   0.00000   0.00639   0.02579   0.00000   0.00000   0.00636   0.05151   0.00637   0.00000   0.02564   0.17219   0.04693   0.05055   0.00637   0.00000   0.01275   0.01918   0.13128   0.34837   2.07281   1.05365   1.00713   1.27649   0.72075  
 59  0.0000   2302.420236  x:  0.15789   0.17261   0.00000   0.02589   0.04548   0.00633   0.01283   0.01914   0.00000   0.00000   0.00000   0.03867   0.00639   0.00000   0.05823   0.13845   0.02179   0.02556   0.00638   0.00000   0.03214   0.00000   0.07196   0.10766   0.12933   0.01267   0.01919   0.05176   0.00000   0.00639   0.02579   0.00000   0.00000   0.00636   0.05151   0.00637   0.00000   0.02564   0.17219   0.04693   0.05055   0.00637   0.00000   0.01275   0.01918   0.13128   0.34837   2.07281   1.05365   1.00713   1.27648   0.72075  
 60  0.0000   2302.420236  x:  0.15789   0.17261   0.00000   0.02589   0.04548   0.00633   0.01283   0.01914   0.00000   0.00000   0.00000   0.03867   0.00639   0.00000   0.05823   0.13845   0.02179   0.02556   0.00638   0.00000   0.03214   0.00000   0.07196   0.10766   0.12933   0.01267   0.01919   0.05176   0.00000   0.00639   0.02579   0.00000   0.00000   0.00636   0.05151   0.00637   0.00000   0.02564   0.17219   0.04693   0.05055   0.00637   0.00000   0.01275   0.01918   0.13128   0.34837   2.07281   1.05365   1.00713   1.27648   0.72075  