

TREE # 1

  0  0.0000   2553.168998  x:  0.21555   0.00757   0.07375   0.02866   0.02813   0.06234   0.04273   0.01516   0.03676   0.02416   0.02777   0.01622   0.04942   0.02653   0.02110   0.08613   0.03412   0.07516   0.03234   0.08276   0.01312   0.02954   0.04948   0.07200   0.00000   0.07473   0.07070   0.05121   0.08059   0.05271   0.04814   0.06039   0.07815   0.01821   0.03471   0.05058   0.01953   0.02918   0.06067   0.03926   0.08460   0.02256   0.04834   0.03600   0.02982   0.01886   0.05497   8.40433   1.24031   1.06018   1.24563   1.00000  
  1 99.0000   2553.166145  x:  0.21555   0.00757   0.07375   0.02866   0.02813   0.06234   0.04273   0.01515   0.03676   0.02416   0.02777   0.01622   0.04942   0.02653   0.02110   0.08613   0.03413   0.07516   0.03234   0.08276   0.01312   0.02954   0.04948   0.07200   0.00000   0.07473   0.07069   0.05121   0.08059   0.05271   0.04814   0.06039   0.07815   0.01821   0.03471   0.05058   0.01953   0.02918   0.06067   0.03926   0.08460   0.02256   0.04833   0.03599   0.02983   0.01886   0.05497   8.40433   1.24031   1.06018   1.24563   1.00000  
  2 697.5246   2538.347435  x:  0.22098   0.00000   0.07714   0.02271   0.02341   0.05877   0.03971   0.01406   0.03540   0.02029   0.02210   0.00831   0.04998   0.02591   0.02019   0.08757   0.03182   0.07291   0.03212   0.08055   0.00711   0.02636   0.05128   0.07365   0.00000   0.07874   0.06567   0.05074   0.07726   0.04488   0.04030   0.05269   0.07378   0.01037   0.03275   0.05108   0.01669   0.02827   0.06202   0.03920   0.08138   0.02090   0.04544   0.02891   0.02988   0.01623   0.05642   8.40385   1.24071   1.05911   1.24639   1.00087  
  3 1517.6977   2527.448809  x:  0.22408   0.00000   0.07632   0.01787   0.02446   0.05620   0.03806   0.01584   0.03536   0.02224   0.01725   0.00000   0.04976   0.02649   0.01945   0.08818   0.02933   0.07045   0.03294   0.07897   0.00177   0.02338   0.05164   0.07319   0.00000   0.07833   0.06097   0.05098   0.07474   0.03668   0.03210   0.04464   0.07001   0.00220   0.03242   0.05089   0.01659   0.02810   0.06002   0.03779   0.07805   0.01976   0.04394   0.02192   0.02963   0.01631   0.05660   8.40335   1.24122   1.05777   1.24712   1.00169  
  4 1902.5583   2525.306035  x:  0.22438   0.00000   0.07609   0.01711   0.02438   0.05583   0.03789   0.01606   0.03554   0.02195   0.01644   0.00000   0.04968   0.02657   0.01970   0.08821   0.03017   0.07009   0.03329   0.07875   0.00063   0.02285   0.05176   0.07283   0.00000   0.07804   0.05995   0.05111   0.07434   0.03446   0.02988   0.04249   0.06928   0.00000   0.03256   0.05082   0.01687   0.02815   0.05978   0.03777   0.07741   0.02015   0.04393   0.02020   0.02963   0.01659   0.05647   8.40322   1.24136   1.05738   1.24731   1.00191  
  5 2334.9028   2524.215180  x:  0.22430   0.00000   0.07614   0.01714   0.02441   0.05578   0.03789   0.01593   0.03568   0.02192   0.01628   0.00000   0.04968   0.02653   0.01975   0.08816   0.03001   0.07018   0.03353   0.07874   0.00000   0.02267   0.05193   0.07257   0.00000   0.07805   0.05945   0.05118   0.07424   0.03279   0.02821   0.04087   0.06897   0.00000   0.03268   0.05081   0.01701   0.02817   0.06002   0.03797   0.07722   0.02023   0.04416   0.01905   0.02968   0.01668   0.05630   8.40312   1.24146   1.05709   1.24744   1.00207  
  6 1830.7283   2507.927185  x:  0.22291   0.00000   0.07684   0.01902   0.02331   0.05568   0.03836   0.01528   0.03586   0.02311   0.01520   0.00000   0.04985   0.02667   0.01875   0.08771   0.03082   0.07317   0.03579   0.07892   0.00000   0.01973   0.05369   0.07032   0.00000   0.07920   0.05289   0.05176   0.07355   0.00460   0.00000   0.01374   0.06534   0.00000   0.03332   0.05091   0.01706   0.02787   0.06074   0.03742   0.07613   0.01889   0.04775   0.00065   0.02958   0.01639   0.05455   8.40151   1.24309   1.05229   1.24949   1.00466  
  7 8476.1866   2507.499511  x:  0.22288   0.00000   0.07685   0.01909   0.02334   0.05568   0.03837   0.01529   0.03585   0.02308   0.01516   0.00000   0.04985   0.02669   0.01876   0.08770   0.03080   0.07325   0.03584   0.07891   0.00000   0.01963   0.05373   0.07030   0.00000   0.07923   0.05270   0.05177   0.07353   0.00356   0.00000   0.01275   0.06524   0.00000   0.03332   0.05092   0.01705   0.02786   0.06073   0.03740   0.07614   0.01893   0.04786   0.00000   0.02958   0.01637   0.05451   8.40145   1.24315   1.05212   1.24957   1.00476  
  8 17462.3246   2506.339087  x:  0.22278   0.00000   0.07688   0.01933   0.02337   0.05568   0.03840   0.01529   0.03583   0.02303   0.01498   0.00000   0.04985   0.02674   0.01881   0.08768   0.03074   0.07346   0.03597   0.07884   0.00000   0.01933   0.05387   0.07027   0.00000   0.07930   0.05210   0.05180   0.07349   0.00000   0.00000   0.00935   0.06493   0.00000   0.03331   0.05092   0.01701   0.02783   0.06074   0.03739   0.07621   0.01903   0.04825   0.00000   0.02959   0.01633   0.05436   8.40125   1.24333   1.05155   1.24982   1.00507  
  9 158288.7701   2504.705880  x:  0.22249   0.00000   0.07686   0.02010   0.02366   0.05574   0.03849   0.01517   0.03594   0.02269   0.01450   0.00000   0.04986   0.02683   0.01853   0.08760   0.03070   0.07400   0.03640   0.07860   0.00000   0.01876   0.05424   0.07006   0.00000   0.07931   0.05090   0.05190   0.07343   0.00000   0.00000   0.00000   0.06436   0.00000   0.03342   0.05092   0.01711   0.02781   0.06097   0.03744   0.07596   0.01899   0.04826   0.00000   0.02956   0.01643   0.05486   8.40071   1.24382   1.05003   1.25048   1.00591  
 10 5078.7925   2501.188683  x:  0.21418   0.00000   0.08217   0.04101   0.01516   0.05722   0.04144   0.01524   0.03603   0.03007   0.00000   0.00000   0.05048   0.03072   0.03581   0.08454   0.02450   0.08592   0.04791   0.07222   0.00000   0.00325   0.06179   0.06300   0.00000   0.08559   0.02423   0.05425   0.07186   0.00000   0.00000   0.00000   0.05134   0.00000   0.03622   0.05133   0.01716   0.02663   0.06134   0.03308   0.05708   0.03075   0.03295   0.00000   0.02973   0.01569   0.06591   8.38549   1.25808   1.00782   1.26807   1.02873  
 11 201.8357   2498.980824  x:  0.21617   0.00000   0.08221   0.03968   0.01594   0.05550   0.04013   0.01590   0.03602   0.02953   0.00000   0.00000   0.05030   0.03080   0.03715   0.08510   0.02473   0.08348   0.04877   0.06971   0.00000   0.00000   0.06270   0.06376   0.00000   0.08614   0.02274   0.05434   0.07010   0.00000   0.00000   0.00000   0.04914   0.00000   0.03587   0.05119   0.01693   0.02654   0.06080   0.03444   0.05311   0.02920   0.03052   0.00000   0.03017   0.01548   0.06336   8.38322   1.26012   1.00215   1.27040   1.03190  
 12 111.7960   2490.069014  x:  0.24132   0.00000   0.08645   0.00000   0.01373   0.03522   0.02344   0.01467   0.04116   0.03611   0.00000   0.00000   0.04977   0.03013   0.02587   0.08980   0.02474   0.04466   0.05273   0.04754   0.00000   0.00000   0.08039   0.06448   0.00000   0.08839   0.02811   0.05478   0.05167   0.00000   0.00000   0.00000   0.03439   0.00000   0.03366   0.05048   0.02060   0.02682   0.06601   0.02243   0.03680   0.03991   0.04040   0.00000   0.02497   0.02128   0.07070   8.36707   1.27435   0.96678   1.28444   1.05303  
 13 322.8159   2490.069014  x:  0.24132   0.00000   0.08645   0.00000   0.01373   0.03522   0.02344   0.01467   0.04116   0.03611   0.00000   0.00000   0.04977   0.03013   0.02587   0.08980   0.02474   0.04466   0.05273   0.04754   0.00000   0.00000   0.08039   0.06448   0.00000   0.08839   0.02811   0.05478   0.05167   0.00000   0.00000   0.00000   0.03439   0.00000   0.03366   0.05048   0.02060   0.02682   0.06601   0.02243   0.03680   0.03991   0.04040   0.00000   0.02497   0.02128   0.07070   8.36707   1.27435   0.96678   1.28444   1.05303  
 14 882.9495   2486.940960  x:  0.24140   0.00000   0.08657   0.00574   0.01396   0.03520   0.02340   0.01465   0.04113   0.03613   0.00254   0.00000   0.04979   0.03011   0.02588   0.08983   0.02486   0.04466   0.05270   0.04753   0.00000   0.00000   0.08041   0.06454   0.00000   0.08851   0.02807   0.05476   0.05165   0.00000   0.00000   0.00000   0.03436   0.00000   0.03362   0.05050   0.02053   0.02680   0.06608   0.02255   0.03682   0.03987   0.04036   0.00000   0.02500   0.02121   0.07070   8.36706   1.27435   0.96677   1.28444   1.05305  
 15 9368.9272   2477.638857  x:  0.24527   0.00000   0.09230   0.00687   0.02524   0.03395   0.02150   0.01331   0.03984   0.03723   0.00000   0.00000   0.05075   0.02919   0.02569   0.09134   0.03131   0.04496   0.05107   0.04728   0.00000   0.00000   0.08116   0.06788   0.00000   0.09415   0.02608   0.05385   0.05036   0.00000   0.00000   0.00000   0.03322   0.00000   0.03137   0.05137   0.01688   0.02577   0.06995   0.02866   0.03751   0.03798   0.03845   0.00000   0.02656   0.01752   0.07090   8.36673   1.27447   0.96661   1.28481   1.05359  
 16 578.2836   2466.863988  x:  0.26195   0.00000   0.11330   0.00868   0.01145   0.02912   0.01774   0.00726   0.03346   0.03664   0.00000   0.00000   0.05411   0.02817   0.02418   0.09661   0.04030   0.04394   0.04413   0.04634   0.00000   0.00000   0.08416   0.07977   0.00000   0.11581   0.01819   0.05034   0.04530   0.00000   0.00000   0.00000   0.02911   0.00000   0.02291   0.05443   0.00323   0.02213   0.08268   0.03489   0.03850   0.02914   0.03106   0.00000   0.02992   0.00347   0.07245   8.36516   1.27501   0.96596   1.28635   1.05613  
 17 484.9922   2462.260977  x:  0.28304   0.00000   0.13538   0.00931   0.00751   0.02518   0.01674   0.01120   0.02728   0.03579   0.00000   0.00000   0.05716   0.02836   0.02235   0.10230   0.03865   0.04037   0.03605   0.04546   0.00000   0.00000   0.08749   0.09139   0.00000   0.13915   0.01121   0.04681   0.04007   0.00000   0.00000   0.00000   0.02566   0.00000   0.01593   0.05725   0.01564   0.01960   0.09418   0.03121   0.03704   0.01926   0.02415   0.00000   0.03083   0.01289   0.07479   8.36295   1.27583   0.96501   1.28844   1.05967  
 18 414.6091   2459.308411  x:  0.30013   0.00000   0.14872   0.00909   0.01255   0.02483   0.01864   0.01266   0.02591   0.03414   0.00000   0.00000   0.05828   0.03003   0.02157   0.10570   0.02632   0.03497   0.03132   0.04513   0.00000   0.00000   0.08957   0.09721   0.00000   0.15403   0.01278   0.04526   0.03774   0.00000   0.00000   0.00000   0.02531   0.00000   0.01726   0.05832   0.01361   0.02029   0.09879   0.01916   0.03298   0.01554   0.02287   0.00000   0.02874   0.01077   0.07707   8.36086   1.27664   0.96416   1.29032   1.06297  
 19 349.6918   2457.263383  x:  0.32391   0.00000   0.16113   0.00753   0.01118   0.02842   0.02223   0.01370   0.03006   0.03409   0.00000   0.00000   0.05772   0.03164   0.02208   0.10877   0.02049   0.02485   0.03025   0.04535   0.00000   0.00000   0.09120   0.09988   0.00000   0.16831   0.02109   0.04569   0.03848   0.00000   0.00000   0.00000   0.02814   0.00000   0.02521   0.05787   0.01331   0.02439   0.09932   0.02614   0.02363   0.02230   0.02832   0.00000   0.02510   0.01289   0.08007   8.35730   1.27812   0.96270   1.29342   1.06846  
 20 194.6516   2456.283830  x:  0.34049   0.00000   0.16535   0.00627   0.01069   0.03057   0.02325   0.01318   0.03299   0.03486   0.00000   0.00000   0.05623   0.03227   0.02302   0.10959   0.02821   0.01806   0.03285   0.04579   0.00000   0.00000   0.09136   0.09805   0.00000   0.17369   0.02168   0.04709   0.04069   0.00000   0.00000   0.00000   0.02998   0.00000   0.02730   0.05655   0.01341   0.02537   0.09555   0.02084   0.01641   0.02421   0.03147   0.00000   0.02471   0.01364   0.08160   8.35420   1.27937   0.96154   1.29604   1.07312  
 21 163.7493   2455.594453  x:  0.35399   0.00000   0.16681   0.00556   0.01071   0.03143   0.02302   0.01253   0.03435   0.03532   0.00000   0.00000   0.05483   0.03232   0.02332   0.10946   0.02983   0.01415   0.03549   0.04615   0.01077   0.00000   0.09102   0.09513   0.00000   0.17599   0.01989   0.04840   0.04259   0.00000   0.00000   0.00000   0.03071   0.00000   0.02679   0.05529   0.01353   0.02511   0.09117   0.01982   0.01260   0.02390   0.03270   0.00000   0.02560   0.01358   0.08245   8.35125   1.28052   0.96050   1.29850   1.07744  
 22 209.0102   2454.170605  x:  0.37330   0.00000   0.16612   0.00522   0.01115   0.03148   0.02167   0.01199   0.03489   0.03564   0.00000   0.00000   0.05285   0.03190   0.02327   0.10822   0.02884   0.00000   0.03908   0.04256   0.01532   0.00000   0.08991   0.09118   0.00000   0.17635   0.01544   0.05026   0.04507   0.00000   0.00000   0.00000   0.03074   0.00000   0.02387   0.05348   0.01361   0.02370   0.08356   0.02133   0.01212   0.02156   0.03277   0.00000   0.02734   0.01278   0.08308   8.34634   1.28229   0.95887   1.30271   1.08450  
 23 199.1880   2453.801434  x:  0.38381   0.00000   0.16428   0.00572   0.01135   0.03059   0.02062   0.01252   0.03398   0.03561   0.00000   0.00000   0.05247   0.03127   0.02303   0.10689   0.02895   0.00000   0.03997   0.03765   0.01873   0.00000   0.08900   0.09078   0.00000   0.17487   0.01477   0.05073   0.04546   0.00000   0.00000   0.00000   0.03001   0.00000   0.02215   0.05309   0.01346   0.02292   0.08017   0.02226   0.00782   0.02008   0.03153   0.00000   0.02746   0.01230   0.08294   8.34286   1.28338   0.95776   1.30583   1.08930  
 24 201.7601   2453.481346  x:  0.39468   0.00000   0.16139   0.00643   0.01126   0.02951   0.02003   0.01322   0.03272   0.03553   0.00000   0.00000   0.05297   0.03058   0.02288   0.10515   0.03107   0.00000   0.03940   0.03196   0.02316   0.00000   0.08797   0.09235   0.00000   0.17205   0.01737   0.05052   0.04478   0.00000   0.00000   0.00000   0.02915   0.00000   0.02230   0.05348   0.01325   0.02297   0.07873   0.02154   0.01095   0.02077   0.03002   0.00000   0.02642   0.01245   0.08240   8.33824   1.28473   0.95637   1.31002   1.09548  
 25 110.2256   2453.003914  x:  0.41215   0.00000   0.15309   0.00636   0.01154   0.02887   0.02051   0.00937   0.03185   0.03549   0.00000   0.00000   0.05539   0.03038   0.02295   0.10163   0.03109   0.00000   0.03628   0.03571   0.02313   0.00000   0.08651   0.09727   0.00000   0.16240   0.01534   0.04845   0.04171   0.00000   0.00000   0.00000   0.02876   0.00000   0.02432   0.05564   0.01353   0.02337   0.08433   0.02143   0.01048   0.02268   0.02891   0.00000   0.02803   0.01316   0.08013   8.32599   1.28807   0.95319   1.32090   1.11105  
 26 52.7229   2452.785306  x:  0.41923   0.00000   0.14973   0.00616   0.01127   0.02925   0.02144   0.01465   0.03162   0.03546   0.00000   0.00000   0.05586   0.03057   0.02308   0.10065   0.03142   0.00000   0.03590   0.03817   0.02161   0.00000   0.08636   0.09900   0.00000   0.15789   0.01610   0.04781   0.04121   0.00000   0.00000   0.00000   0.02909   0.00000   0.02339   0.05610   0.01274   0.02329   0.08744   0.02206   0.01044   0.02136   0.02941   0.00000   0.02758   0.01205   0.07920   8.31801   1.29018   0.95145   1.32772   1.12077  
 27 86.5410   2452.403303  x:  0.42357   0.00000   0.14858   0.00649   0.01118   0.02977   0.01911   0.01222   0.03295   0.03541   0.00000   0.00000   0.05472   0.03079   0.02300   0.10172   0.03035   0.00000   0.03762   0.03610   0.01668   0.00000   0.08767   0.10008   0.00000   0.15405   0.02114   0.04813   0.04289   0.00000   0.00000   0.00000   0.02945   0.00000   0.02001   0.05519   0.01340   0.02297   0.09065   0.02243   0.01007   0.01860   0.03061   0.00000   0.02425   0.01239   0.07885   8.30064   1.29458   0.94867   1.34179   1.14063  
 28 58.8841   2451.911472  x:  0.42344   0.00000   0.14996   0.00724   0.01104   0.02913   0.01912   0.01361   0.03266   0.03525   0.00000   0.00000   0.05346   0.03050   0.02276   0.10393   0.02891   0.00000   0.03827   0.02951   0.01136   0.00000   0.08931   0.10049   0.00000   0.15243   0.01969   0.04881   0.04405   0.00000   0.00000   0.00000   0.02871   0.00000   0.02297   0.05407   0.01311   0.02287   0.09096   0.02209   0.00945   0.02262   0.02985   0.00000   0.02760   0.01251   0.07925   8.27464   1.30109   0.94546   1.36200   1.16920  
 29 108.8484   2450.865485  x:  0.41381   0.00000   0.15361   0.00738   0.01131   0.02927   0.02463   0.01255   0.03165   0.03513   0.00000   0.00000   0.05430   0.03091   0.02349   0.10633   0.03027   0.00000   0.03376   0.02977   0.01093   0.00000   0.08966   0.10104   0.00000   0.15447   0.01406   0.04910   0.04132   0.00000   0.00000   0.00000   0.02913   0.00000   0.02692   0.05450   0.01252   0.02576   0.08167   0.02379   0.00986   0.01911   0.02908   0.00000   0.01966   0.01267   0.08111   8.20675   1.31803   0.93998   1.41193   1.24043  
 30 111.0351   2449.497404  x:  0.39877   0.00000   0.15853   0.00661   0.01127   0.02999   0.02505   0.01165   0.03117   0.03571   0.00000   0.00000   0.05570   0.03095   0.02309   0.10776   0.03078   0.00000   0.03182   0.03537   0.01412   0.00000   0.08879   0.10173   0.00000   0.16023   0.02012   0.04857   0.03889   0.00000   0.00000   0.00000   0.03006   0.00000   0.02274   0.05555   0.01320   0.02542   0.07282   0.02351   0.01015   0.01776   0.03012   0.00000   0.03020   0.01252   0.08288   8.10313   1.34408   0.93392   1.48560   1.34669  
 31 423.4679   2448.734645  x:  0.39077   0.00000   0.16020   0.00573   0.01141   0.02952   0.01889   0.01346   0.03219   0.03623   0.00000   0.00000   0.05501   0.03010   0.02233   0.10629   0.02985   0.00000   0.03765   0.03705   0.01805   0.00000   0.08742   0.09975   0.00000   0.16483   0.01689   0.04799   0.04169   0.00000   0.00000   0.00000   0.02912   0.00000   0.01977   0.05520   0.01307   0.02123   0.07910   0.02199   0.01029   0.02489   0.03048   0.00000   0.02661   0.01208   0.08225   8.04446   1.35917   0.93425   1.52308   1.40310  
 32 274.8681   2448.430862  x:  0.38829   0.00000   0.15971   0.00583   0.01119   0.02926   0.01775   0.01358   0.03371   0.03602   0.00000   0.00000   0.05322   0.03009   0.02293   0.10429   0.03025   0.00000   0.04007   0.03563   0.01991   0.00000   0.08675   0.09579   0.00000   0.16730   0.01616   0.04847   0.04432   0.00000   0.00000   0.00000   0.02865   0.00000   0.02462   0.05385   0.01304   0.02315   0.08619   0.02211   0.01067   0.02020   0.03012   0.00000   0.02817   0.01242   0.08085   8.01778   1.36650   0.93923   1.53464   1.42394  
 33 107.5025   2448.003939  x:  0.38725   0.00000   0.15801   0.00651   0.01167   0.02952   0.02568   0.01211   0.03300   0.03574   0.00000   0.00000   0.05145   0.03074   0.02269   0.10109   0.03090   0.00000   0.03669   0.03372   0.02030   0.00000   0.08691   0.08773   0.00000   0.17132   0.01657   0.04993   0.04432   0.00000   0.00000   0.00000   0.02943   0.00000   0.02006   0.05221   0.01317   0.02441   0.09215   0.02228   0.01050   0.02196   0.02918   0.00000   0.02851   0.01233   0.07825   7.97083   1.38047   0.95973   1.54108   1.44823  
 34 61.9130   2446.280297  x:  0.38562   0.00000   0.15351   0.00605   0.01174   0.02952   0.01697   0.01299   0.02549   0.03628   0.00000   0.00000   0.05470   0.02908   0.02100   0.09597   0.03185   0.00000   0.03103   0.03627   0.01764   0.00000   0.08893   0.08082   0.00000   0.18071   0.02019   0.05062   0.03865   0.00000   0.00000   0.00000   0.02859   0.00000   0.02537   0.05428   0.01339   0.01716   0.08901   0.02306   0.00972   0.02207   0.03124   0.00000   0.02669   0.01240   0.07462   7.77570   1.43941   1.05644   1.55064   1.53192  
 35 155.6320   2444.442676  x:  0.38216   0.00000   0.15160   0.00622   0.01204   0.02777   0.01398   0.01480   0.03609   0.03559   0.00000   0.00000   0.05880   0.02887   0.02323   0.09652   0.03122   0.00000   0.03807   0.03587   0.01749   0.00000   0.08969   0.09559   0.00000   0.18378   0.01716   0.04735   0.03836   0.00000   0.00000   0.00000   0.02673   0.00000   0.02110   0.05814   0.01282   0.02937   0.08408   0.02321   0.00999   0.02317   0.02957   0.00000   0.02776   0.01261   0.07573   7.54011   1.50973   1.17109   1.55928   1.62630  
 36 545.3223   2443.753060  x:  0.38092   0.00000   0.15484   0.00608   0.01237   0.02948   0.02108   0.01324   0.03576   0.03616   0.00000   0.00000   0.05666   0.03005   0.02178   0.10180   0.03139   0.00000   0.04172   0.03474   0.01916   0.00000   0.08838   0.10572   0.00000   0.17799   0.01656   0.04652   0.04417   0.00000   0.00000   0.00000   0.02921   0.00000   0.02274   0.05689   0.01337   0.02123   0.08476   0.02381   0.01051   0.02138   0.02977   0.00000   0.02859   0.01237   0.07976   7.45303   1.53434   1.20819   1.56217   1.65576  
 37 277.2445   2443.301536  x:  0.38157   0.00000   0.16303   0.00602   0.01248   0.03006   0.01816   0.01336   0.03046   0.03599   0.00000   0.00000   0.05123   0.03066   0.02328   0.10924   0.03164   0.00000   0.03790   0.03608   0.02055   0.00000   0.08646   0.10640   0.00000   0.16729   0.01605   0.04947   0.04606   0.00000   0.00000   0.00000   0.02921   0.00000   0.02179   0.05244   0.01289   0.02490   0.08684   0.02364   0.01051   0.02243   0.03019   0.00000   0.02883   0.01272   0.08431   7.39108   1.54904   1.22373   1.56442   1.66690  
 38 104.8469   2442.664184  x:  0.38326   0.00000   0.17600   0.00600   0.01227   0.02646   0.01811   0.01406   0.03875   0.03700   0.00000   0.00000   0.05453   0.02811   0.01969   0.11602   0.03196   0.00000   0.03648   0.03614   0.02128   0.00000   0.08596   0.09855   0.00000   0.15439   0.01702   0.04962   0.04070   0.00000   0.00000   0.00000   0.02636   0.00000   0.02248   0.05432   0.01371   0.02248   0.08891   0.02352   0.01041   0.02212   0.02851   0.00000   0.02869   0.01156   0.08618   7.29268   1.56783   1.23228   1.56857   1.66993  
 39 100.1273   2441.020340  x:  0.38537   0.00000   0.19281   0.00706   0.01279   0.03446   0.01797   0.01367   0.03499   0.03535   0.00000   0.00000   0.06590   0.03238   0.03259   0.11673   0.03168   0.00000   0.04327   0.03225   0.02181   0.00000   0.08883   0.09032   0.00000   0.14351   0.01580   0.04222   0.03695   0.00000   0.00000   0.00000   0.03328   0.00000   0.02110   0.06433   0.00996   0.02108   0.09083   0.02423   0.01067   0.02134   0.02874   0.00000   0.02977   0.01590   0.08003   7.01123   1.61437   1.23627   1.58185   1.65944  
 40 201.0324   2433.044879  x:  0.39123   0.00000   0.21583   0.00620   0.01460   0.03195   0.02156   0.01114   0.01880   0.03915   0.00000   0.00000   0.07446   0.03144   0.02073   0.10263   0.03363   0.00000   0.05158   0.03428   0.01985   0.00000   0.09556   0.09169   0.00000   0.13967   0.01762   0.03844   0.05120   0.00000   0.00000   0.00000   0.03112   0.00000   0.02264   0.07306   0.02260   0.03201   0.08853   0.02666   0.01061   0.02268   0.03026   0.00000   0.02878   0.00237   0.05994   5.94604   1.78101   1.23439   1.63388   1.60320  
 41 820.5864   2426.805994  x:  0.39690   0.00000   0.23167   0.00540   0.01643   0.02597   0.02384   0.01066   0.01211   0.04146   0.00000   0.00000   0.07618   0.02829   0.00706   0.08841   0.03545   0.00000   0.05329   0.03790   0.01762   0.00000   0.10003   0.09646   0.00000   0.14095   0.01864   0.04006   0.06266   0.00000   0.00000   0.00000   0.02622   0.00000   0.02160   0.07550   0.01106   0.03564   0.08630   0.02881   0.01058   0.02204   0.03048   0.00000   0.02868   0.01494   0.04618   4.85499   1.94946   1.23137   1.68761   1.54405  
 42 8021.7079   2416.756611  x:  0.40462   0.00000   0.24289   0.00530   0.01845   0.01647   0.02293   0.01151   0.02107   0.04302   0.00000   0.00000   0.06998   0.02209   0.02432   0.06983   0.03740   0.00000   0.04058   0.04128   0.01504   0.00000   0.10304   0.10725   0.00000   0.15051   0.02014   0.04750   0.07217   0.00000   0.00000   0.00000   0.01819   0.00000   0.02092   0.07089   0.00891   0.02627   0.08541   0.03260   0.01079   0.02258   0.02803   0.00000   0.02872   0.01722   0.04114   3.23015   2.19661   1.22616   1.76858   1.45414  
 43 9324.9501   2412.823748  x:  0.40732   0.00000   0.23734   0.00602   0.01940   0.02838   0.01737   0.01237   0.02625   0.04001   0.00000   0.00000   0.06787   0.02567   0.01559   0.07101   0.03954   0.00000   0.03601   0.03732   0.01501   0.00000   0.10137   0.10911   0.00000   0.15812   0.01707   0.04640   0.06463   0.00000   0.00000   0.00000   0.02591   0.00000   0.01993   0.06852   0.01071   0.02573   0.08928   0.03445   0.01129   0.02212   0.02613   0.00000   0.02966   0.01479   0.05337   2.59654   2.28941   1.22459   1.80130   1.41808  
 44 3728.3061   2411.905907  x:  0.40891   0.00000   0.23047   0.00517   0.01991   0.02161   0.02007   0.01142   0.02163   0.03858   0.00000   0.00000   0.06672   0.02673   0.01675   0.08325   0.03996   0.00000   0.04321   0.03668   0.01484   0.00000   0.09829   0.10729   0.00000   0.16262   0.01767   0.04276   0.05621   0.00000   0.00000   0.00000   0.02393   0.00000   0.02000   0.06690   0.01084   0.02663   0.09109   0.03520   0.01130   0.02184   0.03058   0.00000   0.02967   0.01482   0.05552   2.44750   2.30695   1.22564   1.81061   1.40891  
 45 505.1480   2411.785808  x:  0.40943   0.00000   0.22977   0.00524   0.01980   0.02443   0.02033   0.01139   0.02167   0.04005   0.00000   0.00000   0.06578   0.02475   0.01701   0.08688   0.03973   0.00000   0.04422   0.03713   0.01482   0.00000   0.09693   0.10765   0.00000   0.16336   0.01795   0.04351   0.05477   0.00000   0.00000   0.00000   0.02307   0.00000   0.02024   0.06615   0.01083   0.02662   0.09085   0.03512   0.01129   0.02189   0.02859   0.00000   0.02954   0.01479   0.05141   2.42890   2.30512   1.22742   1.81337   1.40715  
 46 59.8762   2411.761264  x:  0.40954   0.00000   0.22981   0.00527   0.01979   0.02439   0.02026   0.01141   0.02174   0.04027   0.00136   0.00000   0.06570   0.02487   0.01699   0.08717   0.03971   0.00000   0.04425   0.03719   0.01481   0.00000   0.09671   0.10769   0.00000   0.16338   0.01796   0.04365   0.05471   0.00000   0.00000   0.00000   0.02334   0.00000   0.02027   0.06612   0.01084   0.02661   0.09079   0.03512   0.01130   0.02192   0.02837   0.00000   0.02953   0.01478   0.05089   2.42603   2.30402   1.22804   1.81413   1.40674  
 47 51.6125   2411.478767  x:  0.41034   0.00000   0.23142   0.00202   0.01971   0.02171   0.01948   0.01151   0.02219   0.04164   0.00352   0.00000   0.06591   0.02436   0.01717   0.08766   0.03937   0.00000   0.04294   0.03482   0.01480   0.00000   0.09411   0.10806   0.00000   0.16224   0.01790   0.04502   0.05520   0.00000   0.00000   0.00000   0.03001   0.00000   0.02001   0.06710   0.01073   0.02720   0.09062   0.03529   0.01126   0.02169   0.02587   0.00000   0.02959   0.01466   0.04662   2.38801   2.28228   1.23927   1.82679   1.40009  
 48 62.8483   2411.123569  x:  0.41090   0.00000   0.23275   0.00000   0.01975   0.02243   0.01988   0.01132   0.02169   0.04140   0.00597   0.00000   0.06667   0.02202   0.01753   0.08642   0.03922   0.00000   0.04249   0.03326   0.01476   0.00000   0.09331   0.10792   0.00000   0.16118   0.01782   0.04486   0.05598   0.00000   0.00000   0.00000   0.02981   0.00000   0.01961   0.06815   0.01062   0.02774   0.09076   0.03537   0.01126   0.02138   0.02604   0.00000   0.02971   0.01472   0.04682   2.36460   2.26689   1.24699   1.83533   1.39568  
 49 214.3986   2410.825674  x:  0.41375   0.00000   0.23541   0.00000   0.02014   0.02163   0.02011   0.01131   0.02117   0.03615   0.00432   0.00000   0.06590   0.02199   0.01722   0.08468   0.04000   0.00000   0.04493   0.03690   0.01463   0.00000   0.09995   0.10696   0.00000   0.15959   0.01879   0.04310   0.05726   0.00000   0.00000   0.00000   0.02926   0.00000   0.02056   0.06657   0.01091   0.02749   0.08946   0.03588   0.01130   0.02229   0.02255   0.00000   0.02946   0.01469   0.04742   2.32532   2.23814   1.26037   1.85006   1.38849  
 50 74.2213   2410.731715  x:  0.41482   0.00000   0.23640   0.00360   0.02025   0.02135   0.02013   0.01134   0.02112   0.03505   0.00350   0.00000   0.06567   0.02185   0.01703   0.08410   0.04021   0.00000   0.04557   0.03800   0.01471   0.00000   0.10292   0.10683   0.00000   0.15894   0.01880   0.04262   0.05754   0.00000   0.00000   0.00000   0.02919   0.00000   0.02080   0.06595   0.01101   0.02740   0.08910   0.03598   0.01137   0.02251   0.02252   0.00000   0.02946   0.01466   0.04738   2.31012   2.22676   1.26553   1.85569   1.38573  
 51 260.9194   2410.385232  x:  0.41706   0.00000   0.23859   0.00779   0.02032   0.02134   0.01981   0.01153   0.02173   0.03737   0.00000   0.00000   0.06575   0.02524   0.01631   0.08306   0.04044   0.00000   0.04581   0.03940   0.01521   0.00000   0.10843   0.10719   0.00000   0.15755   0.01774   0.04284   0.05781   0.00000   0.00000   0.00000   0.02698   0.00000   0.02096   0.06528   0.01119   0.02699   0.08868   0.03598   0.01167   0.02267   0.02680   0.00000   0.02975   0.01452   0.04629   2.27587   2.20073   1.27710   1.86828   1.37950  
 52 241.0367   2410.342826  x:  0.41765   0.00000   0.23881   0.00915   0.02028   0.02121   0.01994   0.01154   0.02125   0.03947   0.00000   0.00000   0.06650   0.02630   0.01650   0.08288   0.04037   0.00000   0.04652   0.04032   0.01500   0.00000   0.10809   0.10667   0.00000   0.15766   0.01812   0.04363   0.05858   0.00000   0.00000   0.00000   0.02627   0.00000   0.02116   0.06616   0.01109   0.02716   0.08866   0.03601   0.01164   0.02284   0.02564   0.00000   0.02963   0.01463   0.04773   2.26987   2.19525   1.27902   1.87014   1.37844  
 53 34.2405   2410.260285  x:  0.41837   0.00000   0.23903   0.00895   0.02026   0.02044   0.01999   0.01162   0.02076   0.04057   0.00000   0.00000   0.06786   0.02282   0.01658   0.08336   0.04018   0.00000   0.04658   0.04129   0.01477   0.00000   0.10607   0.10622   0.00000   0.15826   0.01795   0.04457   0.06024   0.00000   0.00000   0.00000   0.02816   0.00000   0.02116   0.06800   0.01104   0.02760   0.08892   0.03583   0.01166   0.02288   0.02681   0.00000   0.02962   0.01474   0.04917   2.26536   2.18728   1.28002   1.87016   1.37785  
 54 13.9063   2409.870137  x:  0.42004   0.00000   0.24042   0.01190   0.02079   0.02030   0.01910   0.01193   0.02189   0.03355   0.00000   0.00000   0.07017   0.02407   0.01572   0.08570   0.04104   0.00000   0.04384   0.04302   0.01390   0.00000   0.09392   0.10492   0.00000   0.16030   0.01790   0.04365   0.06625   0.00000   0.00000   0.00000   0.02640   0.00000   0.02117   0.07227   0.01141   0.02708   0.08835   0.03635   0.01170   0.02339   0.02920   0.00000   0.02966   0.01465   0.04768   2.26009   2.15587   1.27883   1.86222   1.37819  
 55 24.6751   2406.165794  x:  0.42619   0.00000   0.24842   0.01105   0.02211   0.02016   0.01817   0.01190   0.02241   0.04314   0.00000   0.00000   0.06467   0.02248   0.01517   0.07926   0.04262   0.00000   0.04352   0.04336   0.01133   0.00000   0.07642   0.10419   0.00000   0.16605   0.01887   0.02083   0.06098   0.00000   0.00000   0.00000   0.02740   0.00000   0.02155   0.06161   0.01139   0.02718   0.08851   0.03900   0.01175   0.02372   0.02782   0.00000   0.02953   0.01439   0.04925   2.30986   1.94438   1.23655   1.75720   1.39964  
 56 60.8982   2398.076881  x:  0.43934   0.00000   0.26019   0.00631   0.02674   0.02266   0.01955   0.01037   0.01907   0.04082   0.00000   0.00000   0.06811   0.02438   0.01448   0.07129   0.04753   0.00000   0.05469   0.04019   0.00850   0.00000   0.06154   0.11161   0.00000   0.17786   0.01898   0.03920   0.03704   0.00000   0.00000   0.00000   0.02711   0.00000   0.02173   0.05402   0.01348   0.02579   0.09692   0.04613   0.01251   0.02336   0.02690   0.00000   0.03088   0.01225   0.05285   2.44258   1.45201   1.13069   1.50326   1.45358  
 57 1103.8234   2395.642608  x:  0.44438   0.00000   0.25198   0.00275   0.02786   0.02309   0.01714   0.01067   0.02073   0.04388   0.00000   0.00000   0.06981   0.02544   0.01485   0.08767   0.04935   0.00000   0.04489   0.03743   0.00952   0.00000   0.07720   0.10827   0.00000   0.18257   0.01818   0.03669   0.04872   0.00000   0.00000   0.00000   0.02500   0.00000   0.02064   0.06657   0.01247   0.02601   0.09972   0.04837   0.01258   0.02346   0.02328   0.00000   0.03173   0.01259   0.05387   2.49280   1.30231   1.09475   1.42184   1.47143  
 58 464.6142   2395.415613  x:  0.44499   0.00000   0.25100   0.00232   0.02800   0.02314   0.01685   0.01070   0.02093   0.04425   0.00377   0.00000   0.06998   0.02557   0.01490   0.08963   0.04956   0.00000   0.04372   0.03710   0.00964   0.00000   0.07908   0.10787   0.00000   0.18314   0.01809   0.03639   0.05010   0.00000   0.00000   0.00000   0.02475   0.00000   0.02051   0.06809   0.01234   0.02604   0.10005   0.04864   0.01258   0.02347   0.02285   0.00000   0.03183   0.01263   0.05400   2.49890   1.28444   1.09049   1.41219   1.47347  
 59 916.0163   2392.203388  x:  0.46206   0.00000   0.23674   0.00044   0.02940   0.02454   0.01409   0.01134   0.02494   0.04475   0.00557   0.00000   0.07185   0.02619   0.01473   0.10449   0.05122   0.00000   0.03954   0.03436   0.00905   0.00000   0.08060   0.11018   0.00000   0.19593   0.01569   0.03769   0.04542   0.00000   0.00000   0.00000   0.02474   0.00000   0.01938   0.05801   0.01113   0.02359   0.10196   0.05167   0.01336   0.02289   0.02191   0.00000   0.03265   0.01242   0.06108   2.73134   1.39884   1.17800   1.66835   1.23667  
 60  7.5084   2392.100952  x:  0.46256   0.00000   0.23700   0.00050   0.02946   0.02453   0.01418   0.01132   0.02509   0.04470   0.00552   0.00000   0.06482   0.02614   0.01455   0.10372   0.05130   0.00000   0.04024   0.03437   0.00896   0.00000   0.08048   0.11039   0.00000   0.19615   0.01568   0.03767   0.04329   0.00000   0.00000   0.00000   0.02474   0.00000   0.01947   0.06396   0.01121   0.02336   0.10184   0.05178   0.01339   0.02286   0.02207   0.00000   0.03262   0.01231   0.06135   2.73799   1.40214   1.18075   1.67621   1.22928  
 61 33.6907   2388.214582  x:  0.45970   0.00000   0.21992   0.00322   0.03175   0.02497   0.01451   0.01084   0.02410   0.03829   0.00369   0.00000   0.05709   0.02320   0.01737   0.10834   0.05504   0.00000   0.02749   0.02662   0.01394   0.00000   0.09381   0.11941   0.00000   0.21311   0.01004   0.03994   0.03168   0.00000   0.00000   0.00000   0.02886   0.00000   0.01725   0.05519   0.00593   0.01767   0.10901   0.05419   0.01371   0.01918   0.02557   0.00000   0.03378   0.01033   0.06874   2.62256   1.37834   1.05948   1.51059   1.15249  
 62  0.3882   2387.352530  x:  0.45650   0.00000   0.21760   0.00000   0.03314   0.02555   0.01577   0.00974   0.02511   0.03903   0.00717   0.00000   0.05857   0.02283   0.01839   0.11040   0.05610   0.00000   0.02669   0.02733   0.01315   0.00000   0.09043   0.12013   0.00000   0.21793   0.01240   0.04195   0.03637   0.00000   0.00000   0.00000   0.02703   0.00000   0.01745   0.05830   0.00626   0.01803   0.11111   0.05495   0.01346   0.01852   0.02355   0.00000   0.03335   0.00981   0.07110   2.57115   1.38417   1.03119   1.47310   1.12708  
 63  0.2608   2386.706372  x:  0.45205   0.00000   0.21897   0.00000   0.03545   0.02646   0.01838   0.00784   0.02660   0.03744   0.00555   0.00000   0.05945   0.02052   0.01960   0.11123   0.05788   0.00000   0.03524   0.03175   0.01274   0.00000   0.09129   0.12294   0.00000   0.22647   0.01398   0.04456   0.03665   0.00000   0.00000   0.00000   0.02881   0.00000   0.01869   0.05778   0.00766   0.02023   0.11436   0.05540   0.01329   0.01812   0.02575   0.00000   0.03261   0.00802   0.07485   2.55689   1.33987   0.99081   1.41224   1.10889  
 64  0.1565   2386.436516  x:  0.44726   0.00000   0.21937   0.00000   0.03800   0.02660   0.01832   0.00831   0.02802   0.03866   0.00864   0.00000   0.05855   0.01854   0.02058   0.11395   0.05889   0.00000   0.03435   0.03285   0.01283   0.00000   0.08814   0.12516   0.00000   0.23145   0.01332   0.04673   0.03988   0.00000   0.00000   0.00000   0.02667   0.00000   0.01934   0.05947   0.00626   0.02057   0.11538   0.05547   0.01286   0.01893   0.02491   0.00000   0.03208   0.00676   0.07819   2.54175   1.34100   0.99333   1.40545   1.11956  
 65  0.0353   2386.206324  x:  0.44415   0.00000   0.22100   0.00000   0.04074   0.02623   0.01716   0.00869   0.02850   0.03904   0.00565   0.00000   0.05722   0.01970   0.02157   0.11493   0.05998   0.00000   0.03125   0.03317   0.01269   0.00000   0.08791   0.12697   0.00000   0.23323   0.01360   0.04782   0.04218   0.00000   0.00000   0.00000   0.02555   0.00000   0.01962   0.05947   0.00640   0.02016   0.11518   0.05496   0.01259   0.01995   0.02574   0.00000   0.03192   0.00560   0.08025   2.55473   1.35432   1.01244   1.42638   1.13295  
 66  0.0437   2385.982119  x:  0.44498   0.00000   0.22325   0.00000   0.04598   0.02618   0.01739   0.00774   0.02801   0.03888   0.00681   0.00000   0.05987   0.02146   0.02335   0.11535   0.06126   0.00000   0.03203   0.03043   0.01242   0.00000   0.09265   0.12641   0.00000   0.23294   0.01483   0.04739   0.03775   0.00000   0.00000   0.00000   0.02475   0.00000   0.01923   0.05837   0.00660   0.02107   0.11506   0.05410   0.01229   0.01989   0.02520   0.00000   0.03198   0.00590   0.08176   2.58018   1.36676   1.02382   1.44861   1.12527  
 67  0.0264   2385.799128  x:  0.44917   0.00000   0.22585   0.00000   0.05111   0.02584   0.01787   0.00843   0.02774   0.03831   0.00553   0.00000   0.05999   0.02067   0.02359   0.11393   0.06124   0.00000   0.03225   0.03151   0.01273   0.00000   0.09265   0.12531   0.00000   0.23041   0.01360   0.04608   0.03836   0.00000   0.00000   0.00000   0.02622   0.00000   0.01899   0.05856   0.00495   0.02036   0.11418   0.05180   0.01225   0.01886   0.02522   0.00000   0.03207   0.00675   0.08111   2.57113   1.35099   1.01013   1.43580   1.12421  
 68  0.0189   2385.701936  x:  0.45002   0.00000   0.22589   0.00000   0.05462   0.02563   0.01775   0.00820   0.02761   0.03812   0.00581   0.00000   0.05921   0.01949   0.02311   0.11330   0.06126   0.00000   0.03185   0.03169   0.01317   0.00000   0.09199   0.12487   0.00000   0.22846   0.01273   0.04535   0.03874   0.00000   0.00000   0.00000   0.02685   0.00000   0.01914   0.05891   0.00694   0.01969   0.11375   0.05059   0.01232   0.01876   0.02521   0.00000   0.03213   0.00643   0.08030   2.56095   1.34647   1.00270   1.42559   1.12911  
 69  0.0344   2385.646780  x:  0.44978   0.00000   0.22283   0.00000   0.05703   0.02581   0.01808   0.00774   0.02777   0.03807   0.00645   0.00000   0.05791   0.01911   0.02172   0.11354   0.06037   0.00000   0.03252   0.03232   0.01269   0.00000   0.09104   0.12440   0.00000   0.22765   0.01358   0.04525   0.03836   0.00000   0.00000   0.00000   0.02573   0.00000   0.01893   0.05857   0.00650   0.02028   0.11345   0.04943   0.01258   0.01913   0.02541   0.00000   0.03207   0.00629   0.07920   2.56098   1.36135   1.01291   1.43000   1.13448  
 70  0.0157   2385.634832  x:  0.44900   0.00000   0.22125   0.00000   0.05787   0.02608   0.01788   0.00787   0.02731   0.03800   0.00633   0.00000   0.05866   0.01945   0.02144   0.11328   0.05994   0.00000   0.03250   0.03206   0.01267   0.00000   0.09045   0.12434   0.00000   0.22787   0.01348   0.04536   0.03882   0.00000   0.00000   0.00000   0.02553   0.00000   0.01935   0.05836   0.00641   0.02023   0.11329   0.04966   0.01277   0.01943   0.02567   0.00000   0.03217   0.00639   0.07848   2.56579   1.35725   1.01224   1.43145   1.12424  
 71  0.0114   2385.630500  x:  0.44830   0.00000   0.22067   0.00000   0.05824   0.02615   0.01790   0.00787   0.02715   0.03804   0.00617   0.00000   0.05868   0.01973   0.02133   0.11312   0.05940   0.00000   0.03240   0.03205   0.01271   0.00000   0.09106   0.12441   0.00000   0.22824   0.01358   0.04561   0.03876   0.00000   0.00000   0.00000   0.02579   0.00000   0.01927   0.05832   0.00637   0.02012   0.11345   0.05005   0.01284   0.01932   0.02563   0.00000   0.03223   0.00642   0.07812   2.56870   1.35591   1.01048   1.42782   1.13144  
 72  0.0068   2385.627924  x:  0.44861   0.00000   0.22101   0.00000   0.05844   0.02610   0.01808   0.00781   0.02722   0.03814   0.00623   0.00000   0.05834   0.01955   0.02133   0.11305   0.05877   0.00000   0.03230   0.03216   0.01282   0.00000   0.09113   0.12444   0.00000   0.22861   0.01355   0.04589   0.03878   0.00000   0.00000   0.00000   0.02583   0.00000   0.01914   0.05844   0.00640   0.02014   0.11351   0.05064   0.01281   0.01920   0.02551   0.00000   0.03219   0.00639   0.07806   2.56747   1.35559   1.01080   1.42972   1.12796  
 73  0.0027   2385.627074  x:  0.44883   0.00000   0.22137   0.00000   0.05848   0.02610   0.01795   0.00786   0.02724   0.03805   0.00626   0.00000   0.05856   0.01952   0.02142   0.11314   0.05845   0.00000   0.03240   0.03208   0.01278   0.00000   0.09102   0.12442   0.00000   0.22851   0.01351   0.04590   0.03877   0.00000   0.00000   0.00000   0.02575   0.00000   0.01926   0.05847   0.00641   0.02019   0.11345   0.05091   0.01276   0.01928   0.02555   0.00000   0.03215   0.00642   0.07817   2.56625   1.35720   1.01130   1.42962   1.12900  
 74  0.0019   2385.626937  x:  0.44884   0.00000   0.22138   0.00000   0.05851   0.02608   0.01797   0.00784   0.02726   0.03801   0.00624   0.00000   0.05855   0.01952   0.02145   0.11317   0.05838   0.00000   0.03236   0.03209   0.01274   0.00000   0.09098   0.12442   0.00000   0.22835   0.01355   0.04578   0.03871   0.00000   0.00000   0.00000   0.02573   0.00000   0.01924   0.05838   0.00641   0.02016   0.11343   0.05095   0.01275   0.01929   0.02560   0.00000   0.03214   0.00640   0.07825   2.56643   1.35638   1.01108   1.42928   1.12900  
 75  0.0008   2385.626907  x:  0.44878   0.00000   0.22130   0.00000   0.05851   0.02608   0.01798   0.00785   0.02726   0.03801   0.00623   0.00000   0.05853   0.01953   0.02145   0.11318   0.05835   0.00000   0.03238   0.03210   0.01277   0.00000   0.09098   0.12440   0.00000   0.22827   0.01354   0.04571   0.03873   0.00000   0.00000   0.00000   0.02575   0.00000   0.01924   0.05841   0.00641   0.02018   0.11343   0.05095   0.01275   0.01929   0.02560   0.00000   0.03215   0.00640   0.07828   2.56681   1.35667   1.01121   1.42956   1.12903  
 76  0.0005   2385.626904  x:  0.44877   0.00000   0.22128   0.00000   0.05850   0.02608   0.01797   0.00785   0.02726   0.03802   0.00624   0.00000   0.05853   0.01953   0.02145   0.11318   0.05834   0.00000   0.03238   0.03210   0.01276   0.00000   0.09100   0.12441   0.00000   0.22827   0.01354   0.04570   0.03874   0.00000   0.00000   0.00000   0.02575   0.00000   0.01924   0.05841   0.00641   0.02017   0.11343   0.05096   0.01275   0.01928   0.02559   0.00000   0.03215   0.00640   0.07829   2.56665   1.35664   1.01114   1.42948   1.12897  
 77  0.0002   2385.626904  x:  0.44877   0.00000   0.22128   0.00000   0.05850   0.02608   0.01797   0.00785   0.02727   0.03802   0.00624   0.00000   0.05854   0.01953   0.02145   0.11317   0.05834   0.00000   0.03238   0.03210   0.01276   0.00000   0.09099   0.12441   0.00000   0.22827   0.01354   0.04570   0.03874   0.00000   0.00000   0.00000   0.02575   0.00000   0.01924   0.05841   0.00641   0.02017   0.11343   0.05096   0.01275   0.01929   0.02559   0.00000   0.03215   0.00640   0.07830   2.56660   1.35662   1.01113   1.42947   1.12898  
 78  0.0001   2385.626904  x:  0.44877   0.00000   0.22127   0.00000   0.05850   0.02608   0.01797   0.00785   0.02727   0.03802   0.00624   0.00000   0.05854   0.01953   0.02145   0.11317   0.05834   0.00000   0.03238   0.03210   0.01276   0.00000   0.09100   0.12441   0.00000   0.22827   0.01354   0.04570   0.03874   0.00000   0.00000   0.00000   0.02575   0.00000   0.01924   0.05841   0.00641   0.02017   0.11343   0.05095   0.01275   0.01929   0.02559   0.00000   0.03215   0.00640   0.07830   2.56660   1.35663   1.01114   1.42948   1.12898  
 79  0.0000   2385.626904  x:  0.44877   0.00000   0.22127   0.00000   0.05850   0.02608   0.01797   0.00785   0.02727   0.03802   0.00624   0.00000   0.05854   0.01953   0.02145   0.11317   0.05834   0.00000   0.03238   0.03210   0.01276   0.00000   0.09099   0.12441   0.00000   0.22827   0.01354   0.04570   0.03874   0.00000   0.00000   0.00000   0.02575   0.00000   0.01924   0.05841   0.00641   0.02017   0.11343   0.05095   0.01275   0.01928   0.02559   0.00000   0.03215   0.00640   0.07830   2.56660   1.35663   1.01114   1.42947   1.12898  
 80  0.0000   2385.626904  x:  0.44877   0.00000   0.22127   0.00000   0.05850   0.02608   0.01797   0.00785   0.02727   0.03802   0.00624   0.00000   0.05854   0.01953   0.02145   0.11317   0.05834   0.00000   0.03238   0.03210   0.01276   0.00000   0.09099   0.12441   0.00000   0.22827   0.01354   0.04570   0.03874   0.00000   0.00000   0.00000   0.02575   0.00000   0.01924   0.05841   0.00641   0.02017   0.11343   0.05095   0.01275   0.01928   0.02559   0.00000   0.03215   0.00640   0.07830   2.56661   1.35662   1.01114   1.42948   1.12898  
 81  0.0000   2385.626904  x:  0.44877   0.00000   0.22127   0.00000   0.05850   0.02608   0.01797   0.00785   0.02727   0.03802   0.00624   0.00000   0.05854   0.01953   0.02145   0.11317   0.05834   0.00000   0.03238   0.03210   0.01276   0.00000   0.09099   0.12441   0.00000   0.22827   0.01354   0.04570   0.03874   0.00000   0.00000   0.00000   0.02575   0.00000   0.01924   0.05841   0.00641   0.02017   0.11343   0.05095   0.01275   0.01928   0.02559   0.00000   0.03215   0.00640   0.07830   2.56661   1.35662   1.01114   1.42948   1.12898  

TREE # 2

  0  0.0000   2542.976579  x:  0.03309   0.06931   0.01636   0.06623   0.07146   0.02838   0.04778   0.07181   0.04282   0.02910   0.04989   0.08327   0.01032   0.03016   0.04507   0.08533   0.09023   0.03214   0.04267   0.01257   0.04134   0.03589   0.08341   0.00000   0.05604   0.06188   0.02248   0.05407   0.06363   0.06885   0.06109   0.08476   0.05232   0.07477   0.06332   0.04700   0.07016   0.08240   0.04001   0.07171   0.07883   0.08237   0.03021   0.06845   0.04477   0.04461   0.21760   2.56661   1.29217   0.98908   1.41110   1.12898  
  1 99.0000   2542.973252  x:  0.03309   0.06931   0.01636   0.06623   0.07146   0.02838   0.04778   0.07181   0.04282   0.02910   0.04989   0.08327   0.01032   0.03016   0.04507   0.08533   0.09023   0.03214   0.04267   0.01257   0.04134   0.03589   0.08341   0.00000   0.05604   0.06188   0.02248   0.05407   0.06363   0.06885   0.06109   0.08476   0.05232   0.07477   0.06332   0.04700   0.07016   0.08240   0.04001   0.07171   0.07883   0.08237   0.03021   0.06845   0.04477   0.04461   0.21760   2.56661   1.29217   0.98908   1.41110   1.12898  
  2 780.5704   2509.016110  x:  0.01877   0.07907   0.01463   0.06249   0.06558   0.01253   0.03195   0.05629   0.03881   0.01341   0.04195   0.07956   0.01279   0.02731   0.04111   0.08010   0.08398   0.02901   0.03847   0.00000   0.03945   0.02440   0.08231   0.00000   0.05980   0.04853   0.01491   0.04757   0.05278   0.05637   0.05454   0.07754   0.03793   0.05910   0.06256   0.04077   0.06203   0.08561   0.04123   0.06602   0.07132   0.07622   0.01716   0.05911   0.04810   0.04135   0.22832   2.56662   1.29230   0.98928   1.41101   1.12885  
  3 1444.7403   2487.839353  x:  0.00737   0.08002   0.01470   0.06083   0.06236   0.00000   0.01944   0.04405   0.03735   0.00104   0.03774   0.07758   0.01380   0.02687   0.03796   0.07695   0.07924   0.02736   0.03810   0.00000   0.03917   0.01762   0.08189   0.00000   0.05691   0.03880   0.02271   0.04437   0.04543   0.04761   0.05118   0.07347   0.02671   0.04669   0.06242   0.03823   0.05644   0.08678   0.03940   0.06138   0.06666   0.07280   0.00746   0.05224   0.04902   0.03749   0.23379   2.56664   1.29254   0.98914   1.41105   1.12869  
  4 3202.6273   2486.526438  x:  0.00641   0.07963   0.01484   0.06083   0.06227   0.00000   0.01839   0.04303   0.03741   0.00000   0.03766   0.07753   0.01371   0.02700   0.03826   0.07683   0.07893   0.02733   0.03830   0.00000   0.03925   0.01746   0.08193   0.00000   0.05664   0.03807   0.02258   0.04432   0.04503   0.04702   0.05108   0.07324   0.02584   0.04564   0.06245   0.03826   0.05615   0.08674   0.03923   0.06115   0.06644   0.07271   0.00672   0.05175   0.04900   0.03768   0.23394   2.56664   1.29258   0.98910   1.41107   1.12868  
  5 2059.2971   2480.213267  x:  0.00000   0.07832   0.01428   0.06118   0.06239   0.00000   0.01128   0.03613   0.03809   0.00000   0.03823   0.07762   0.01309   0.02739   0.03715   0.07674   0.07789   0.02765   0.03935   0.00000   0.03961   0.01850   0.08229   0.00000   0.05863   0.03444   0.02250   0.04484   0.04369   0.04428   0.05130   0.07250   0.02052   0.03853   0.06269   0.03926   0.05530   0.08634   0.03964   0.06171   0.06584   0.07327   0.00247   0.04933   0.04930   0.03751   0.23381   2.56665   1.29293   0.98863   1.41124   1.12857  
  6 2174.9327   2477.090241  x:  0.00000   0.07904   0.01459   0.06136   0.06261   0.00000   0.00665   0.03164   0.03826   0.00000   0.03864   0.07776   0.01339   0.02727   0.03758   0.07690   0.07763   0.02747   0.03942   0.00000   0.03958   0.01911   0.08252   0.00000   0.05860   0.03295   0.02248   0.04519   0.04344   0.04319   0.05156   0.07237   0.01736   0.03388   0.06278   0.03980   0.05511   0.08629   0.03976   0.06260   0.06575   0.07400   0.00000   0.04822   0.04975   0.03673   0.23351   2.56665   1.29318   0.98827   1.41138   1.12850  
  7 3062.1459   2473.325267  x:  0.00000   0.07988   0.01427   0.06145   0.06287   0.00000   0.00000   0.02520   0.03816   0.00000   0.03892   0.07791   0.01363   0.02703   0.03701   0.07713   0.07757   0.02723   0.03913   0.00000   0.03943   0.01926   0.08273   0.00000   0.05790   0.03190   0.02248   0.04544   0.04347   0.04229   0.05179   0.07236   0.01318   0.02716   0.06282   0.04027   0.05502   0.08641   0.03951   0.06371   0.06577   0.07511   0.00000   0.04697   0.05025   0.03753   0.23313   2.56665   1.29358   0.98772   1.41159   1.12841  
  8 5219.5696   2464.475700  x:  0.00000   0.07943   0.01361   0.06127   0.06319   0.00000   0.00000   0.00294   0.03719   0.00000   0.03864   0.07809   0.01301   0.02681   0.03717   0.07759   0.07835   0.02754   0.03785   0.00000   0.03905   0.01779   0.08286   0.00000   0.05806   0.03232   0.02205   0.04529   0.04428   0.04104   0.05182   0.07258   0.00000   0.00377   0.06273   0.04111   0.05523   0.08712   0.03882   0.06536   0.06576   0.07796   0.00000   0.04378   0.05092   0.03669   0.23244   2.56664   1.29493   0.98579   1.41237   1.12811  
  9 4202.4512   2463.553910  x:  0.00000   0.07939   0.01361   0.06124   0.06322   0.00000   0.00000   0.00000   0.03709   0.00000   0.03860   0.07811   0.01297   0.02679   0.03716   0.07763   0.07845   0.02757   0.03772   0.00000   0.03901   0.01764   0.08287   0.00000   0.05808   0.03243   0.02200   0.04527   0.04437   0.04088   0.05182   0.07261   0.00000   0.00068   0.06272   0.04125   0.05525   0.08721   0.03878   0.06554   0.06574   0.07829   0.00000   0.04338   0.05101   0.03661   0.23237   2.56664   1.29511   0.98554   1.41248   1.12807  
 10 141118.9179   2463.452364  x:  0.00000   0.07939   0.01357   0.06124   0.06323   0.00000   0.00000   0.00000   0.03708   0.00000   0.03860   0.07811   0.01298   0.02679   0.03717   0.07764   0.07847   0.02757   0.03771   0.00000   0.03901   0.01765   0.08287   0.00000   0.05807   0.03243   0.02199   0.04526   0.04439   0.04087   0.05182   0.07262   0.00000   0.00000   0.06272   0.04121   0.05526   0.08721   0.03878   0.06556   0.06574   0.07833   0.00000   0.04332   0.05103   0.03659   0.23236   2.56664   1.29515   0.98549   1.41250   1.12807  
 11 5461.7661   2457.204008  x:  0.00000   0.07717   0.00430   0.06005   0.05764   0.00000   0.00000   0.00000   0.04433   0.00000   0.03412   0.07475   0.03044   0.03045   0.04393   0.07144   0.06602   0.02485   0.05027   0.00000   0.04379   0.02169   0.08177   0.00000   0.05331   0.04443   0.02821   0.04215   0.02425   0.01575   0.04703   0.06394   0.00000   0.00000   0.06461   0.06894   0.04146   0.08587   0.05638   0.05565   0.05459   0.07015   0.00000   0.02508   0.05439   0.04516   0.24228   2.56669   1.29233   0.98773   1.41252   1.12832  
 12 40.5832   2453.377740  x:  0.00000   0.07427   0.00890   0.05839   0.05618   0.00000   0.00000   0.00000   0.04550   0.00000   0.03149   0.07360   0.03423   0.03096   0.04348   0.07054   0.06654   0.02554   0.05224   0.00000   0.04444   0.02464   0.08091   0.00000   0.05453   0.04134   0.02924   0.03992   0.02486   0.00630   0.04364   0.06150   0.00000   0.00000   0.06402   0.06099   0.03859   0.08585   0.05751   0.05635   0.04878   0.07824   0.00000   0.00000   0.06161   0.04664   0.24518   2.56667   1.30139   0.97461   1.41851   1.12627  
 13 232.0857   2448.528362  x:  0.00000   0.07298   0.01383   0.05552   0.05059   0.00000   0.00000   0.00000   0.05005   0.00000   0.02752   0.06956   0.03686   0.03303   0.04382   0.06367   0.05547   0.02560   0.06299   0.00000   0.04633   0.02656   0.08056   0.00000   0.05945   0.01995   0.03086   0.03667   0.02046   0.02212   0.03170   0.04654   0.00000   0.00000   0.06447   0.06185   0.02222   0.08373   0.04906   0.05753   0.03283   0.09140   0.00000   0.00000   0.09504   0.04824   0.25824   2.56663   1.33150   0.93144   1.43807   1.11913  
 14 209.7593   2444.005402  x:  0.00000   0.08338   0.01323   0.05584   0.04854   0.00000   0.00000   0.00000   0.05061   0.00000   0.03082   0.06776   0.02755   0.03190   0.04371   0.05900   0.04672   0.02380   0.06848   0.00000   0.04512   0.02183   0.08098   0.00000   0.06257   0.00293   0.03052   0.03803   0.01859   0.01791   0.03678   0.04116   0.00000   0.00000   0.06491   0.06562   0.02820   0.08280   0.03979   0.05079   0.03984   0.08427   0.00000   0.00000   0.09745   0.04722   0.26839   2.56661   1.35421   0.90080   1.45260   1.11345  
 15 145.3960   2442.665549  x:  0.00000   0.08996   0.01232   0.05858   0.04954   0.00000   0.00000   0.00000   0.05145   0.00000   0.03589   0.06824   0.01724   0.02999   0.04359   0.05797   0.03548   0.02061   0.07167   0.00000   0.04383   0.02349   0.08485   0.00000   0.06361   0.00718   0.03009   0.04243   0.01392   0.01445   0.03932   0.03690   0.00000   0.00000   0.06577   0.06060   0.02395   0.08089   0.03181   0.05031   0.03999   0.07718   0.00000   0.00000   0.09827   0.04624   0.27186   2.56668   1.36323   0.89019   1.45744   1.11078  
 16 155.1862   2441.742407  x:  0.00000   0.09255   0.01324   0.06156   0.05187   0.00000   0.00000   0.00000   0.04968   0.00000   0.03794   0.06981   0.00868   0.02786   0.04299   0.05924   0.03010   0.01959   0.07100   0.00000   0.04213   0.02248   0.09023   0.00000   0.06122   0.00612   0.03002   0.04580   0.01708   0.01493   0.03915   0.03795   0.00000   0.00000   0.06646   0.05682   0.01804   0.08131   0.03878   0.04971   0.03614   0.06937   0.00000   0.00000   0.09489   0.04608   0.27190   2.56681   1.36961   0.88500   1.45985   1.10838  
 17 86.1708   2440.148588  x:  0.00000   0.09437   0.01612   0.06858   0.05678   0.00000   0.00000   0.00000   0.04518   0.00000   0.04088   0.07383   0.01565   0.02578   0.04383   0.06277   0.03005   0.02083   0.06783   0.00000   0.03983   0.02063   0.10397   0.00000   0.06542   0.00513   0.03081   0.05258   0.01179   0.01936   0.03595   0.04059   0.00000   0.00000   0.06806   0.04812   0.02021   0.08165   0.03829   0.04708   0.02759   0.04913   0.00000   0.00000   0.08578   0.04923   0.26844   2.56728   1.38098   0.88167   1.46138   1.10277  
 18 64.1137   2438.783126  x:  0.00000   0.09883   0.01861   0.06978   0.05313   0.00000   0.00000   0.00000   0.04744   0.00000   0.03771   0.07277   0.01723   0.02999   0.04435   0.05951   0.03205   0.01561   0.06874   0.00000   0.04356   0.02463   0.10993   0.00000   0.06895   0.00632   0.03195   0.05154   0.02071   0.02120   0.03450   0.03653   0.00000   0.00000   0.06820   0.04199   0.01917   0.07977   0.03678   0.03868   0.03622   0.03623   0.00000   0.00000   0.08383   0.05182   0.26910   2.56790   1.38907   0.88781   1.45917   1.09705  
 19 50.8352   2437.350020  x:  0.00000   0.10598   0.02172   0.06756   0.04778   0.00000   0.00000   0.00000   0.05179   0.00000   0.03438   0.06975   0.01032   0.03039   0.04443   0.05528   0.03158   0.02254   0.07095   0.00000   0.04585   0.03006   0.10941   0.00000   0.06715   0.00782   0.03212   0.04705   0.01313   0.02747   0.03640   0.03860   0.00000   0.00000   0.06687   0.03367   0.02551   0.07793   0.04143   0.02944   0.04286   0.03667   0.00000   0.00000   0.08051   0.05341   0.27261   2.56865   1.39582   0.90026   1.45489   1.09099  
 20 76.3569   2435.927007  x:  0.00000   0.10580   0.02368   0.06203   0.04569   0.00000   0.00000   0.00000   0.05538   0.00000   0.03442   0.06605   0.01057   0.02580   0.04561   0.05356   0.02519   0.01350   0.07559   0.00000   0.04345   0.03120   0.09771   0.00000   0.07081   0.00759   0.03168   0.04076   0.01211   0.03388   0.04328   0.04653   0.00000   0.00000   0.06452   0.02888   0.02661   0.07792   0.04041   0.02954   0.03973   0.04012   0.00000   0.00000   0.06829   0.05506   0.28265   2.56953   1.39863   0.92233   1.44799   1.08541  
 21 67.1500   2434.740689  x:  0.00000   0.10844   0.02372   0.05791   0.04739   0.00000   0.00000   0.00000   0.05698   0.00000   0.03753   0.06438   0.01153   0.02367   0.04728   0.05456   0.02473   0.02389   0.08039   0.00000   0.03994   0.03083   0.08422   0.00000   0.07230   0.00750   0.03097   0.03872   0.01758   0.03473   0.04743   0.04843   0.00000   0.00000   0.06321   0.02734   0.02129   0.07868   0.03468   0.03064   0.03512   0.03719   0.00000   0.00000   0.06206   0.05632   0.29515   2.57045   1.39863   0.94911   1.43973   1.08055  
 22 108.5609   2432.443935  x:  0.00000   0.10634   0.02410   0.05740   0.05495   0.00000   0.00000   0.00000   0.05249   0.00000   0.04288   0.06748   0.00409   0.02939   0.04865   0.06096   0.03586   0.01998   0.08372   0.00000   0.03658   0.02427   0.06848   0.00000   0.07213   0.00704   0.02967   0.04407   0.01358   0.03308   0.04418   0.04423   0.00000   0.00000   0.06350   0.02383   0.02230   0.08159   0.03466   0.03365   0.03337   0.03246   0.00000   0.00000   0.06936   0.05682   0.31389   2.57207   1.39604   0.99903   1.42464   1.07304  
 23 108.3745   2430.279302  x:  0.00000   0.10007   0.02550   0.06153   0.05840   0.00000   0.00000   0.00000   0.04388   0.00000   0.04675   0.07139   0.00884   0.03059   0.05115   0.06353   0.02586   0.02260   0.08208   0.00000   0.03700   0.01103   0.06876   0.00000   0.07554   0.00702   0.02927   0.05153   0.01281   0.03282   0.04136   0.03773   0.00000   0.00000   0.06482   0.01751   0.02226   0.08259   0.03962   0.03451   0.04478   0.03597   0.00000   0.00000   0.07589   0.05882   0.33009   2.57372   1.39167   1.05127   1.40870   1.06625  
 24 175.2076   2429.497320  x:  0.00000   0.09804   0.02526   0.06367   0.05723   0.00000   0.00000   0.00000   0.03965   0.00000   0.04535   0.07242   0.00834   0.02844   0.05262   0.06296   0.02299   0.02309   0.07849   0.00000   0.03844   0.00962   0.07505   0.00000   0.07730   0.00662   0.02894   0.05289   0.01350   0.03180   0.03837   0.03663   0.01115   0.00000   0.06521   0.01770   0.02261   0.08248   0.03861   0.03263   0.04573   0.03801   0.00000   0.00000   0.07771   0.05952   0.33644   2.57454   1.38911   1.07667   1.40102   1.06324  
 25 216.6594   2426.890368  x:  0.00000   0.09472   0.02340   0.06856   0.04998   0.00000   0.00000   0.00000   0.03087   0.00000   0.03651   0.07316   0.00356   0.02151   0.05636   0.05821   0.02097   0.02313   0.06427   0.00000   0.04312   0.01348   0.09830   0.00000   0.08171   0.00483   0.02784   0.05198   0.01451   0.02863   0.03127   0.03726   0.00432   0.00000   0.06612   0.02220   0.02035   0.08240   0.03141   0.02619   0.04289   0.04289   0.00000   0.00000   0.07862   0.06071   0.34659   2.57644   1.38263   1.13435   1.38379   1.05700  
 26 228.7031   2425.885517  x:  0.00000   0.09449   0.02255   0.06819   0.04610   0.00000   0.00000   0.00000   0.03792   0.00000   0.03259   0.07040   0.00296   0.03118   0.05749   0.05403   0.02235   0.02364   0.05386   0.00000   0.04100   0.00771   0.10851   0.00000   0.08382   0.00423   0.02705   0.04749   0.01221   0.02824   0.04015   0.03621   0.00461   0.00000   0.06584   0.02114   0.01562   0.08218   0.03064   0.02822   0.03990   0.04264   0.00000   0.00000   0.07874   0.06109   0.34196   2.57711   1.38149   1.14889   1.37983   1.05572  
 27 70.0491   2425.374838  x:  0.00000   0.09187   0.02238   0.06421   0.04671   0.00000   0.00000   0.00000   0.03814   0.00000   0.03230   0.06709   0.00232   0.03210   0.05831   0.05256   0.01728   0.02419   0.04664   0.00000   0.03639   0.00916   0.10749   0.00000   0.08403   0.00430   0.02715   0.04294   0.01295   0.02759   0.04067   0.03135   0.00415   0.00000   0.06539   0.02212   0.01952   0.08477   0.03145   0.02818   0.03804   0.03888   0.00000   0.00000   0.08091   0.06161   0.33643   2.57735   1.38190   1.14808   1.38044   1.05648  
 28 37.3103   2424.556790  x:  0.00000   0.08958   0.02223   0.05826   0.04897   0.00000   0.00000   0.00000   0.03485   0.00000   0.03628   0.06286   0.00291   0.02713   0.05970   0.05135   0.01742   0.02345   0.03927   0.00000   0.03272   0.00860   0.10231   0.00000   0.08651   0.00396   0.02672   0.03938   0.01000   0.02699   0.04021   0.02995   0.00458   0.00000   0.06502   0.02298   0.01401   0.08739   0.03203   0.02075   0.04147   0.03739   0.00000   0.00000   0.08193   0.06271   0.32607   2.57758   1.38436   1.13738   1.38441   1.05895  
 29 55.9552   2423.791718  x:  0.00000   0.09003   0.02162   0.05442   0.04904   0.00000   0.00000   0.00000   0.03247   0.00000   0.03768   0.06024   0.00239   0.02427   0.06095   0.04985   0.01615   0.02325   0.03801   0.00000   0.03480   0.00390   0.09718   0.00000   0.08881   0.00411   0.02601   0.03782   0.00983   0.02578   0.03674   0.03141   0.00419   0.00000   0.06528   0.02333   0.01313   0.08833   0.03224   0.01720   0.04157   0.03617   0.00792   0.00000   0.08220   0.06346   0.31820   2.57777   1.38741   1.12239   1.38981   1.06210  
 30 101.3818   2422.690631  x:  0.00000   0.09288   0.02071   0.05532   0.04723   0.00000   0.00000   0.00000   0.02322   0.00000   0.03168   0.06329   0.00203   0.03191   0.06216   0.05105   0.01140   0.02341   0.03723   0.00000   0.03737   0.00219   0.08956   0.00000   0.09182   0.00451   0.02502   0.04064   0.01097   0.02539   0.03607   0.03659   0.00354   0.00000   0.06580   0.02413   0.01364   0.09268   0.03143   0.01181   0.03931   0.03746   0.00497   0.00000   0.08031   0.06443   0.31872   2.57788   1.39140   1.09770   1.39860   1.06722  
 31 89.2011   2422.266425  x:  0.00000   0.09266   0.02053   0.05595   0.04670   0.00000   0.00000   0.00000   0.01860   0.00000   0.02816   0.06494   0.00219   0.03505   0.06281   0.05163   0.01034   0.02360   0.03426   0.00000   0.03670   0.00381   0.08616   0.00000   0.09288   0.00450   0.02466   0.04159   0.01004   0.02588   0.03660   0.03737   0.00367   0.00000   0.06592   0.02461   0.01204   0.09622   0.03133   0.01042   0.04056   0.03788   0.00858   0.00000   0.07798   0.06491   0.32134   2.57792   1.39328   1.08553   1.40290   1.06979  
 32 214.9966   2421.066230  x:  0.00000   0.09052   0.02003   0.06225   0.04709   0.00000   0.00000   0.00000   0.02396   0.00000   0.02094   0.07241   0.00203   0.03241   0.06458   0.05536   0.01188   0.02328   0.02692   0.00000   0.03044   0.00303   0.08367   0.00000   0.09491   0.00528   0.02420   0.04592   0.01083   0.02738   0.03785   0.03319   0.00286   0.00000   0.06582   0.02619   0.01269   0.10561   0.03202   0.00485   0.04196   0.04198   0.01196   0.00000   0.07213   0.06626   0.33977   2.57792   1.39743   1.05172   1.41466   1.07705  
 33 129.7709   2420.175735  x:  0.00000   0.08529   0.02017   0.06131   0.04717   0.00000   0.00000   0.00000   0.02124   0.00000   0.02966   0.07245   0.00160   0.03201   0.06571   0.05570   0.01581   0.02427   0.02399   0.00000   0.03223   0.00291   0.09278   0.00000   0.09419   0.00625   0.02386   0.03642   0.01089   0.02771   0.04090   0.03795   0.00191   0.00000   0.06246   0.02677   0.01426   0.11095   0.03378   0.01077   0.04540   0.03961   0.00939   0.00000   0.07341   0.06682   0.36552   2.57775   1.39827   1.02582   1.42348   1.08323  
 34 65.2928   2419.927853  x:  0.00000   0.08450   0.02024   0.05800   0.04994   0.00000   0.00000   0.00000   0.02024   0.00000   0.02520   0.06894   0.00122   0.03084   0.06592   0.05530   0.01772   0.02484   0.02775   0.00000   0.03003   0.00281   0.09666   0.00000   0.09377   0.00639   0.02377   0.03664   0.01016   0.02790   0.03983   0.03811   0.00190   0.00000   0.06230   0.02661   0.01429   0.10967   0.03432   0.01628   0.04832   0.03854   0.00644   0.00000   0.07181   0.06668   0.37028   2.57764   1.39693   1.02059   1.42466   1.08519  
 35 31.3641   2419.463636  x:  0.00000   0.08492   0.02012   0.05156   0.05285   0.00000   0.00000   0.00000   0.01972   0.00000   0.02523   0.05995   0.00131   0.03227   0.06636   0.05193   0.01887   0.02484   0.02192   0.00000   0.03169   0.00300   0.09788   0.00000   0.09402   0.00665   0.02420   0.04538   0.01084   0.02798   0.03864   0.03792   0.00161   0.00000   0.06369   0.02699   0.01538   0.10321   0.03547   0.01797   0.04725   0.03974   0.00500   0.00000   0.06990   0.06696   0.37691   2.57728   1.39147   1.01536   1.42283   1.08967  
 36 18.8407   2415.850853  x:  0.00000   0.09643   0.01899   0.05101   0.04244   0.00000   0.00000   0.00000   0.01235   0.00000   0.02860   0.05606   0.00221   0.03333   0.06846   0.05433   0.02129   0.02380   0.02510   0.00000   0.01467   0.00244   0.10149   0.00000   0.10129   0.00781   0.02676   0.04025   0.01424   0.02549   0.03707   0.03526   0.00066   0.00000   0.06460   0.02793   0.01721   0.09687   0.03947   0.01505   0.04253   0.04466   0.00713   0.00000   0.07360   0.06903   0.37704   2.57444   1.34335   0.99697   1.39583   1.12342  
 37 20.4408   2406.182099  x:  0.00000   0.12209   0.01717   0.04903   0.03531   0.00000   0.00000   0.00000   0.01599   0.00000   0.01927   0.05891   0.00256   0.02675   0.07290   0.06978   0.02067   0.02454   0.01657   0.00000   0.02435   0.00312   0.09793   0.00000   0.11749   0.00841   0.03223   0.02036   0.01490   0.02045   0.02862   0.03197   0.00082   0.00000   0.06369   0.02798   0.01672   0.10506   0.04526   0.02481   0.04054   0.04535   0.00000   0.00000   0.07894   0.07278   0.37323   2.56770   1.23055   0.95639   1.33181   1.20175  
 38 429.0803   2403.730624  x:  0.00000   0.12809   0.01652   0.04362   0.04245   0.00000   0.00000   0.00000   0.01831   0.00000   0.01473   0.06120   0.00346   0.02202   0.07478   0.04822   0.02035   0.02446   0.02111   0.00000   0.02409   0.00365   0.10104   0.00000   0.12357   0.00901   0.03328   0.02780   0.01724   0.01730   0.03402   0.04131   0.00080   0.00000   0.05449   0.02680   0.01794   0.13432   0.04592   0.02245   0.03783   0.04412   0.00000   0.00000   0.09213   0.07438   0.37049   2.56558   1.19756   0.94503   1.30912   1.22561  
 39 140.9485   2403.495381  x:  0.00000   0.13026   0.01632   0.04479   0.04289   0.00000   0.00000   0.00000   0.01885   0.00000   0.01782   0.05976   0.00334   0.02433   0.07487   0.04343   0.02119   0.02441   0.02263   0.00000   0.02440   0.00389   0.10175   0.00000   0.12407   0.00900   0.03354   0.02736   0.01750   0.01765   0.02966   0.03908   0.00097   0.00000   0.05584   0.02628   0.01804   0.14094   0.04609   0.02388   0.03755   0.04654   0.00000   0.00000   0.08813   0.07434   0.36996   2.56545   1.19826   0.94457   1.30640   1.22618  
 40 37.3085   2403.262962  x:  0.00000   0.13089   0.01634   0.04628   0.04093   0.00000   0.00000   0.00000   0.01738   0.00000   0.01763   0.05351   0.00343   0.02277   0.07495   0.04594   0.02233   0.02431   0.02463   0.00000   0.02666   0.00386   0.10272   0.00000   0.12446   0.00923   0.03372   0.02795   0.01779   0.01776   0.03296   0.03673   0.00090   0.00000   0.05983   0.02621   0.01857   0.14649   0.04674   0.02421   0.03623   0.04700   0.00000   0.00000   0.08853   0.07441   0.37013   2.56574   1.21576   0.94694   1.30230   1.21880  
 41 16.9731   2402.688976  x:  0.00000   0.13245   0.01590   0.04525   0.03917   0.00000   0.00000   0.00000   0.02130   0.00000   0.01693   0.04963   0.00364   0.02433   0.07518   0.04983   0.02086   0.02455   0.02346   0.00000   0.02344   0.00418   0.10378   0.00000   0.12604   0.00929   0.03401   0.02770   0.01793   0.01576   0.02821   0.04366   0.00064   0.00000   0.06287   0.02800   0.01826   0.15095   0.04666   0.02552   0.03843   0.04631   0.00000   0.00000   0.09129   0.07439   0.37204   2.56674   1.26972   0.95487   1.29228   1.19493  
 42 66.1141   2401.967638  x:  0.00000   0.13558   0.01533   0.04102   0.04345   0.00000   0.00000   0.00000   0.01891   0.00000   0.01544   0.05834   0.00386   0.02350   0.07573   0.04476   0.02230   0.02434   0.02320   0.00000   0.02509   0.00401   0.10484   0.00000   0.12750   0.00975   0.03486   0.02393   0.01824   0.01489   0.02938   0.03942   0.00007   0.00000   0.05776   0.03006   0.01892   0.14621   0.04884   0.02773   0.03654   0.04763   0.00000   0.00000   0.09029   0.07448   0.37366   2.56813   1.33949   0.96569   1.28256   1.16246  
 43 122.9813   2401.874487  x:  0.00000   0.13532   0.01527   0.04374   0.04041   0.00000   0.00000   0.00000   0.01869   0.00000   0.01539   0.05735   0.00383   0.02246   0.07587   0.04367   0.02289   0.02454   0.02272   0.00000   0.02521   0.00397   0.10345   0.00000   0.12740   0.00975   0.03496   0.02527   0.01804   0.01470   0.02886   0.03897   0.00010   0.00000   0.05275   0.03023   0.01890   0.14559   0.04925   0.02986   0.03674   0.04694   0.00000   0.00000   0.09021   0.07445   0.37315   2.56837   1.34600   0.96842   1.28731   1.15677  
 44 18.9836   2401.283017  x:  0.00000   0.13724   0.01490   0.04478   0.04182   0.00000   0.00000   0.00000   0.01874   0.00000   0.01528   0.05683   0.00378   0.02234   0.07620   0.04360   0.02244   0.02442   0.02238   0.00000   0.02507   0.00404   0.10308   0.00000   0.12868   0.00979   0.03532   0.02462   0.01833   0.01435   0.02889   0.03923   0.00000   0.00000   0.05299   0.03025   0.01882   0.14578   0.04937   0.02859   0.03623   0.04788   0.00000   0.00000   0.09119   0.07483   0.37209   2.56955   1.36192   0.98366   1.32556   1.13071  
 45 22.3617   2401.107942  x:  0.00000   0.13777   0.01484   0.03925   0.03695   0.00000   0.00000   0.00000   0.01904   0.00000   0.01633   0.06014   0.00369   0.02178   0.07635   0.04492   0.02264   0.02444   0.02266   0.00000   0.02525   0.00410   0.10374   0.00000   0.12911   0.00980   0.03552   0.02716   0.01825   0.01437   0.02882   0.03834   0.00000   0.00000   0.05404   0.03006   0.01877   0.14758   0.04965   0.02919   0.03604   0.04786   0.00000   0.00000   0.09087   0.07498   0.37125   2.57005   1.36966   0.99126   1.34470   1.11834  
 46 86.7211   2400.868676  x:  0.00000   0.13771   0.01469   0.04231   0.03452   0.00000   0.00000   0.00000   0.01908   0.00000   0.01612   0.06286   0.00347   0.01907   0.07697   0.03986   0.02313   0.02470   0.02144   0.00000   0.02478   0.00424   0.10007   0.00000   0.12968   0.00985   0.03581   0.02736   0.01833   0.01361   0.02980   0.03976   0.00000   0.00000   0.06128   0.02940   0.01882   0.14421   0.05021   0.03102   0.03606   0.04687   0.00000   0.00000   0.09283   0.07531   0.37141   2.56736   1.37711   0.99310   1.34906   1.13262  
 47  2.3217   2398.324686  x:  0.00000   0.15331   0.01257   0.04536   0.03799   0.00000   0.00000   0.00000   0.02182   0.00000   0.02215   0.06554   0.00202   0.01796   0.08148   0.04659   0.01714   0.02291   0.02255   0.00000   0.02575   0.00555   0.09036   0.00000   0.14199   0.00963   0.03964   0.03220   0.02016   0.00962   0.03160   0.03911   0.00000   0.00000   0.05480   0.02841   0.01711   0.12936   0.05230   0.01515   0.03035   0.05464   0.00000   0.00000   0.09894   0.07983   0.37227   2.53900   1.45587   1.01281   1.39059   1.28499  
 48 50.4164   2398.184117  x:  0.00000   0.15488   0.01235   0.04567   0.03834   0.00000   0.00000   0.00000   0.02210   0.00000   0.02276   0.06581   0.00188   0.01785   0.08193   0.04726   0.01654   0.02274   0.02266   0.00000   0.02585   0.00568   0.08938   0.00000   0.14323   0.00961   0.04003   0.03268   0.02034   0.00922   0.03178   0.03904   0.00000   0.00000   0.05415   0.02832   0.01694   0.12787   0.05251   0.01356   0.02977   0.05542   0.00491   0.00000   0.09955   0.08029   0.37237   2.53619   1.46361   1.01467   1.39463   1.30000  
 49 244.3735   2396.036924  x:  0.00000   0.16569   0.01087   0.04961   0.03894   0.00000   0.00000   0.00000   0.02402   0.00000   0.02516   0.06712   0.00180   0.01684   0.08748   0.04973   0.01214   0.02186   0.02486   0.00000   0.02676   0.00597   0.07462   0.00000   0.15423   0.00977   0.04309   0.03518   0.02053   0.00606   0.03218   0.03966   0.00000   0.00000   0.05677   0.03173   0.01646   0.11664   0.05608   0.00508   0.02822   0.05783   0.00908   0.00000   0.10095   0.08459   0.38875   2.55866   1.35485   0.91027   1.29114   1.11238  
 50  4.0149   2392.907901  x:  0.00000   0.17911   0.01042   0.05076   0.04106   0.00000   0.00000   0.00000   0.02704   0.00000   0.02213   0.06716   0.00513   0.01927   0.09588   0.05158   0.00764   0.02113   0.03380   0.00000   0.03104   0.00446   0.06293   0.00000   0.16795   0.00896   0.04584   0.03491   0.01620   0.00616   0.02862   0.03734   0.00000   0.00000   0.05999   0.04368   0.01720   0.10577   0.05995   0.00532   0.03139   0.05187   0.01216   0.00000   0.09527   0.08962   0.43848   2.53742   1.39498   0.95577   1.42375   1.19289  
 51  1.1287   2389.919389  x:  0.00000   0.18989   0.00971   0.04887   0.03854   0.00000   0.00000   0.00000   0.02699   0.00000   0.01946   0.06313   0.00575   0.02040   0.10241   0.05185   0.01047   0.01898   0.03412   0.00000   0.03268   0.00497   0.06861   0.00000   0.17987   0.00753   0.04817   0.03078   0.01659   0.00543   0.02396   0.03808   0.00000   0.00000   0.05898   0.03092   0.01823   0.10527   0.05898   0.00000   0.02777   0.04945   0.01620   0.00000   0.09475   0.09620   0.44267   2.61169   1.38737   0.96727   1.44694   1.16749  
 52  0.2805   2389.651510  x:  0.00000   0.19268   0.00952   0.04839   0.03789   0.00000   0.00000   0.00000   0.02698   0.00000   0.01877   0.06209   0.00591   0.02069   0.10410   0.05192   0.01120   0.01842   0.03421   0.00000   0.03310   0.00511   0.07009   0.00000   0.18295   0.00716   0.04877   0.02971   0.01669   0.00525   0.02275   0.03828   0.00637   0.00000   0.05872   0.02763   0.01849   0.10515   0.05873   0.00000   0.02683   0.04882   0.01725   0.00000   0.09462   0.09791   0.44375   2.63083   1.38539   0.97026   1.45292   1.16090  
 53 377.1013   2387.866968  x:  0.00000   0.21284   0.01541   0.04993   0.04255   0.00000   0.00000   0.00000   0.02713   0.00000   0.02125   0.06147   0.00610   0.01929   0.10967   0.05581   0.01311   0.01742   0.02918   0.00000   0.03301   0.00506   0.07448   0.00000   0.19802   0.00524   0.05496   0.03019   0.01520   0.01301   0.02854   0.03897   0.00813   0.00000   0.06006   0.02553   0.01957   0.11359   0.05875   0.00000   0.03333   0.04763   0.01738   0.00000   0.09286   0.10669   0.44120   2.49468   1.34728   1.01025   1.44173   1.07724  
 54  1.0607   2386.601960  x:  0.00000   0.22381   0.01479   0.04708   0.04209   0.00000   0.00000   0.00000   0.02732   0.00000   0.02119   0.05837   0.00686   0.01928   0.11497   0.05471   0.01178   0.01831   0.02518   0.00000   0.03243   0.00513   0.07957   0.00000   0.20990   0.00099   0.05800   0.02648   0.01599   0.00887   0.03028   0.03762   0.01014   0.00000   0.05862   0.01422   0.01939   0.11828   0.05591   0.00000   0.03517   0.03845   0.01674   0.00000   0.09327   0.11320   0.44101   2.65948   1.35441   1.02524   1.44584   1.11417  
 55  0.2973   2386.197114  x:  0.00000   0.22518   0.01442   0.04607   0.04111   0.00000   0.00000   0.00000   0.02711   0.00000   0.02074   0.05746   0.00702   0.01982   0.11600   0.05377   0.01277   0.01856   0.02474   0.00000   0.03243   0.00522   0.07985   0.00000   0.21164   0.00000   0.05828   0.02531   0.01632   0.00743   0.02999   0.03766   0.00978   0.00000   0.05837   0.01506   0.01971   0.11832   0.05570   0.00000   0.03472   0.03561   0.01550   0.00000   0.09329   0.11411   0.44200   2.58483   1.35247   1.02970   1.44426   1.11526  
 56  0.6239   2385.974798  x:  0.00000   0.22694   0.01486   0.04555   0.04017   0.00000   0.00000   0.00000   0.02688   0.00000   0.02041   0.05747   0.00702   0.02017   0.11677   0.05273   0.01347   0.01896   0.02448   0.00000   0.03236   0.00542   0.07851   0.00000   0.21328   0.00000   0.05847   0.02516   0.01680   0.00813   0.02996   0.03808   0.00785   0.00000   0.05833   0.01957   0.02040   0.11732   0.05641   0.00000   0.03432   0.03355   0.01412   0.00000   0.09244   0.11511   0.44361   2.68988   1.35598   1.03267   1.44351   1.13760  
 57  0.5115   2385.754586  x:  0.00000   0.22846   0.01458   0.04503   0.03804   0.00000   0.00000   0.00000   0.02670   0.00000   0.01879   0.05767   0.00707   0.02038   0.11816   0.05118   0.01242   0.01916   0.02505   0.00000   0.03242   0.00584   0.07709   0.00000   0.21615   0.00000   0.05834   0.02507   0.01791   0.00915   0.02749   0.03802   0.00581   0.00000   0.05807   0.01935   0.02102   0.11411   0.05696   0.00000   0.03195   0.03197   0.01451   0.00000   0.09038   0.11717   0.44540   2.59611   1.36050   1.01568   1.43981   1.13497  
 58  0.3186   2385.708300  x:  0.00000   0.22808   0.01432   0.04527   0.03867   0.00000   0.00000   0.00000   0.02644   0.00000   0.01858   0.05837   0.00709   0.02004   0.11805   0.05132   0.01313   0.01952   0.02511   0.00000   0.03240   0.00597   0.07820   0.00000   0.21622   0.00000   0.05863   0.02586   0.01815   0.00867   0.02693   0.03779   0.00593   0.00000   0.05864   0.01913   0.02128   0.11307   0.05709   0.00000   0.03243   0.03226   0.01226   0.00000   0.09023   0.11766   0.44579   2.57731   1.35912   1.01252   1.43552   1.13388  
 59  0.0610   2385.676875  x:  0.00000   0.23006   0.01387   0.04583   0.03887   0.00000   0.00000   0.00000   0.02604   0.00000   0.01903   0.05896   0.00707   0.02027   0.11827   0.05118   0.01267   0.01930   0.02504   0.00000   0.03243   0.00610   0.07883   0.00000   0.21834   0.00000   0.05922   0.02671   0.01821   0.00748   0.02674   0.03791   0.00615   0.00000   0.05886   0.01966   0.02138   0.11312   0.05754   0.00000   0.03240   0.03182   0.01289   0.00000   0.09079   0.11915   0.44740   2.56040   1.35808   1.01261   1.43060   1.12865  
 60  0.0369   2385.660762  x:  0.00000   0.23010   0.01365   0.04559   0.03827   0.00000   0.00000   0.00000   0.02591   0.00000   0.01941   0.05835   0.00697   0.02019   0.11797   0.05062   0.01285   0.01933   0.02570   0.00000   0.03229   0.00636   0.07790   0.00000   0.21929   0.00000   0.05937   0.02579   0.01831   0.00752   0.02753   0.03828   0.00642   0.00000   0.05825   0.01958   0.02161   0.11235   0.05797   0.00000   0.03239   0.03237   0.01271   0.00000   0.09148   0.12059   0.44847   2.55610   1.35573   1.00990   1.42775   1.12725  
 61  0.0088   2385.641056  x:  0.00000   0.23008   0.01338   0.04593   0.03892   0.00000   0.00000   0.00000   0.02531   0.00000   0.01943   0.05827   0.00672   0.01988   0.11615   0.05074   0.01282   0.01921   0.02569   0.00000   0.03191   0.00656   0.07739   0.00000   0.22051   0.00000   0.05924   0.02612   0.01795   0.00793   0.02711   0.03774   0.00612   0.00000   0.05864   0.01966   0.02163   0.11414   0.05868   0.00000   0.03209   0.03255   0.01272   0.00000   0.09101   0.12297   0.44926   2.56907   1.35460   1.00928   1.42505   1.12932  
 62  0.0079   2385.631943  x:  0.00000   0.22917   0.01336   0.04594   0.03873   0.00000   0.00000   0.00000   0.02535   0.00000   0.01920   0.05854   0.00658   0.02054   0.11465   0.05092   0.01283   0.01928   0.02567   0.00000   0.03185   0.00660   0.07852   0.00000   0.22066   0.00000   0.05895   0.02622   0.01784   0.00804   0.02741   0.03798   0.00625   0.00000   0.05868   0.01943   0.02136   0.11292   0.05873   0.00000   0.03242   0.03209   0.01280   0.00000   0.09099   0.12411   0.44904   2.57283   1.35655   1.01039   1.42829   1.13009  
 63  0.0046   2385.628634  x:  0.00000   0.22844   0.01339   0.04564   0.03882   0.00000   0.00000   0.00000   0.02553   0.00000   0.01927   0.05840   0.00651   0.02000   0.11376   0.05109   0.01273   0.01929   0.02563   0.00000   0.03187   0.00655   0.07860   0.00000   0.22049   0.00000   0.05865   0.02605   0.01793   0.00787   0.02727   0.03808   0.00621   0.00000   0.05847   0.01947   0.02130   0.11298   0.05853   0.00000   0.03256   0.03202   0.01280   0.00000   0.09111   0.12436   0.44866   2.56734   1.35697   1.01141   1.43027   1.12900  
 64  0.0063   2385.627504  x:  0.00000   0.22828   0.01347   0.04562   0.03870   0.00000   0.00000   0.00000   0.02567   0.00000   0.01921   0.05834   0.00646   0.02021   0.11341   0.05096   0.01271   0.01927   0.02553   0.00000   0.03201   0.00649   0.07825   0.00000   0.22053   0.00000   0.05852   0.02610   0.01795   0.00785   0.02726   0.03800   0.00627   0.00000   0.05852   0.01950   0.02139   0.11329   0.05838   0.00000   0.03233   0.03209   0.01274   0.00000   0.09107   0.12445   0.44848   2.56470   1.35682   1.01200   1.43009   1.12848  
 65  0.0028   2385.627081  x:  0.00000   0.22832   0.01355   0.04571   0.03874   0.00000   0.00000   0.00000   0.02577   0.00000   0.01926   0.05842   0.00646   0.02019   0.11336   0.05094   0.01276   0.01928   0.02559   0.00000   0.03217   0.00644   0.07821   0.00000   0.22076   0.00000   0.05849   0.02609   0.01797   0.00784   0.02727   0.03800   0.00623   0.00000   0.05856   0.01956   0.02147   0.11318   0.05831   0.00000   0.03240   0.03207   0.01278   0.00000   0.09099   0.12453   0.44867   2.56636   1.35675   1.01101   1.42972   1.12913  
 66  0.0017   2385.627000  x:  0.00000   0.22843   0.01355   0.04571   0.03873   0.00000   0.00000   0.00000   0.02578   0.00000   0.01924   0.05842   0.00645   0.02016   0.11339   0.05094   0.01274   0.01928   0.02559   0.00000   0.03218   0.00642   0.07834   0.00000   0.22097   0.00000   0.05850   0.02607   0.01798   0.00785   0.02726   0.03801   0.00624   0.00000   0.05854   0.01955   0.02146   0.11315   0.05833   0.00000   0.03236   0.03211   0.01276   0.00000   0.09096   0.12456   0.44885   2.56689   1.35651   1.01113   1.42935   1.12905  
 67  0.0006   2385.626943  x:  0.00000   0.22842   0.01354   0.04570   0.03874   0.00000   0.00000   0.00000   0.02575   0.00000   0.01924   0.05841   0.00643   0.02017   0.11341   0.05095   0.01276   0.01929   0.02557   0.00000   0.03217   0.00639   0.07827   0.00000   0.22116   0.00000   0.05850   0.02609   0.01797   0.00785   0.02725   0.03805   0.00624   0.00000   0.05853   0.01951   0.02145   0.11316   0.05835   0.00000   0.03239   0.03210   0.01276   0.00000   0.09101   0.12453   0.44880   2.56676   1.35654   1.01119   1.42931   1.12885  
 68  0.0002   2385.626919  x:  0.00000   0.22836   0.01353   0.04570   0.03874   0.00000   0.00000   0.00000   0.02575   0.00000   0.01924   0.05841   0.00642   0.02018   0.11341   0.05096   0.01276   0.01929   0.02559   0.00000   0.03215   0.00638   0.07831   0.00000   0.22122   0.00000   0.05848   0.02608   0.01797   0.00785   0.02728   0.03803   0.00623   0.00000   0.05853   0.01952   0.02145   0.11319   0.05835   0.00000   0.03238   0.03212   0.01276   0.00000   0.09101   0.12446   0.44876   2.56640   1.35663   1.01109   1.42947   1.12890  
 69  0.0004   2385.626910  x:  0.00000   0.22832   0.01353   0.04570   0.03874   0.00000   0.00000   0.00000   0.02575   0.00000   0.01924   0.05841   0.00642   0.02017   0.11343   0.05096   0.01276   0.01928   0.02560   0.00000   0.03214   0.00639   0.07829   0.00000   0.22125   0.00000   0.05848   0.02608   0.01797   0.00785   0.02726   0.03801   0.00624   0.00000   0.05854   0.01953   0.02145   0.11317   0.05835   0.00000   0.03237   0.03209   0.01277   0.00000   0.09100   0.12443   0.44874   2.56655   1.35664   1.01113   1.42951   1.12902  
 70  0.0002   2385.626906  x:  0.00000   0.22830   0.01353   0.04570   0.03874   0.00000   0.00000   0.00000   0.02575   0.00000   0.01924   0.05841   0.00641   0.02017   0.11343   0.05095   0.01275   0.01928   0.02559   0.00000   0.03214   0.00639   0.07829   0.00000   0.22126   0.00000   0.05848   0.02608   0.01798   0.00785   0.02726   0.03802   0.00624   0.00000   0.05854   0.01954   0.02146   0.11316   0.05834   0.00000   0.03238   0.03210   0.01276   0.00000   0.09100   0.12441   0.44875   2.56669   1.35660   1.01116   1.42948   1.12900  
 71  0.0001   2385.626904  x:  0.00000   0.22828   0.01354   0.04570   0.03874   0.00000   0.00000   0.00000   0.02575   0.00000   0.01924   0.05841   0.00641   0.02017   0.11343   0.05095   0.01275   0.01929   0.02559   0.00000   0.03214   0.00640   0.07830   0.00000   0.22127   0.00000   0.05849   0.02608   0.01797   0.00785   0.02727   0.03802   0.00624   0.00000   0.05854   0.01953   0.02146   0.11317   0.05834   0.00000   0.03238   0.03209   0.01276   0.00000   0.09099   0.12441   0.44878   2.56661   1.35662   1.01113   1.42947   1.12897  
 72  0.0001   2385.626904  x:  0.00000   0.22828   0.01354   0.04570   0.03874   0.00000   0.00000   0.00000   0.02575   0.00000   0.01924   0.05841   0.00641   0.02017   0.11343   0.05095   0.01275   0.01929   0.02559   0.00000   0.03215   0.00640   0.07830   0.00000   0.22127   0.00000   0.05850   0.02608   0.01797   0.00785   0.02727   0.03802   0.00624   0.00000   0.05854   0.01953   0.02145   0.11317   0.05834   0.00000   0.03238   0.03210   0.01276   0.00000   0.09099   0.12441   0.44878   2.56659   1.35662   1.01114   1.42947   1.12897  
 73  0.0000   2385.626904  x:  0.00000   0.22827   0.01354   0.04570   0.03874   0.00000   0.00000   0.00000   0.02575   0.00000   0.01924   0.05841   0.00641   0.02017   0.11343   0.05095   0.01275   0.01928   0.02559   0.00000   0.03215   0.00640   0.07830   0.00000   0.22127   0.00000   0.05850   0.02608   0.01797   0.00785   0.02727   0.03802   0.00624   0.00000   0.05854   0.01953   0.02145   0.11317   0.05834   0.00000   0.03238   0.03210   0.01276   0.00000   0.09099   0.12441   0.44877   2.56661   1.35662   1.01114   1.42947   1.12898  
 74  0.0000   2385.626904  x:  0.00000   0.22827   0.01354   0.04570   0.03874   0.00000   0.00000   0.00000   0.02575   0.00000   0.01924   0.05841   0.00641   0.02017   0.11343   0.05095   0.01275   0.01928   0.02559   0.00000   0.03215   0.00640   0.07830   0.00000   0.22127   0.00000   0.05850   0.02608   0.01797   0.00785   0.02727   0.03802   0.00624   0.00000   0.05854   0.01953   0.02145   0.11317   0.05834   0.00000   0.03238   0.03210   0.01276   0.00000   0.09099   0.12441   0.44877   2.56661   1.35662   1.01114   1.42948   1.12898  
 75  0.0000   2385.626904  x:  0.00000   0.22827   0.01354   0.04570   0.03874   0.00000   0.00000   0.00000   0.02575   0.00000   0.01924   0.05841   0.00641   0.02017   0.11343   0.05095   0.01275   0.01928   0.02559   0.00000   0.03215   0.00640   0.07830   0.00000   0.22127   0.00000   0.05850   0.02608   0.01797   0.00785   0.02727   0.03802   0.00624   0.00000   0.05854   0.01953   0.02145   0.11317   0.05834   0.00000   0.03238   0.03210   0.01276   0.00000   0.09099   0.12441   0.44877   2.56660   1.35662   1.01114   1.42947   1.12898  
 76  0.0000   2385.626904  x:  0.00000   0.22827   0.01354   0.04570   0.03874   0.00000   0.00000   0.00000   0.02575   0.00000   0.01924   0.05841   0.00641   0.02017   0.11343   0.05095   0.01275   0.01928   0.02559   0.00000   0.03215   0.00640   0.07830   0.00000   0.22127   0.00000   0.05850   0.02608   0.01797   0.00785   0.02727   0.03802   0.00624   0.00000   0.05854   0.01953   0.02145   0.11317   0.05834   0.00000   0.03238   0.03210   0.01276   0.00000   0.09099   0.12441   0.44877   2.56661   1.35662   1.01114   1.42948   1.12898  
 77  0.0000   2385.626904  x:  0.00000   0.22827   0.01354   0.04570   0.03874   0.00000   0.00000   0.00000   0.02575   0.00000   0.01924   0.05841   0.00641   0.02017   0.11343   0.05095   0.01275   0.01928   0.02559   0.00000   0.03215   0.00640   0.07830   0.00000   0.22127   0.00000   0.05850   0.02608   0.01797   0.00785   0.02727   0.03802   0.00624   0.00000   0.05854   0.01953   0.02145   0.11317   0.05834   0.00000   0.03238   0.03210   0.01276   0.00000   0.09099   0.12441   0.44877   2.56661   1.35662   1.01114   1.42948   1.12898  
 78  0.0000   2385.626904  x:  0.00000   0.22827   0.01354   0.04570   0.03874   0.00000   0.00000   0.00000   0.02575   0.00000   0.01924   0.05841   0.00641   0.02017   0.11343   0.05095   0.01275   0.01928   0.02559   0.00000   0.03215   0.00640   0.07830   0.00000   0.22127   0.00000   0.05850   0.02608   0.01797   0.00785   0.02727   0.03802   0.00624   0.00000   0.05854   0.01953   0.02145   0.11317   0.05834   0.00000   0.03238   0.03210   0.01276   0.00000   0.09099   0.12441   0.44877   2.56661   1.35662   1.01114   1.42948   1.12898  