-6.923723022088846824e-01
-8.590288622043585898e-01
-5.087016274140375716e-01
6.506228252853075711e-01
-1.185269063261330080e+00
7.464813173894077059e-01
-1.219368784695414121e+01
1.903685303603001922e+00
-1.173367295083943951e+01
1.326671923420982002e-01
-1.582985157672428533e+00
-2.930687511205865015e+00
-3.111124226328174092e-01
-8.401581285258793441e-01
-1.318666579367815395e+00
-3.457316120843094254e+00
-8.485997649257368547e-01
-7.865518391814970700e-01
-2.569271245658141467e+00
-3.775428045044489700e+00
-3.396551840878658246e-01
-2.396705920302381720e+00
-3.916339566273900896e-01
-6.772499965388788512e-01
-1.188986397855350763e+00
-2.487423561295343255e-01
-2.410697940936994133e-01
-7.513894777145275761e-01
-3.044289498257824800e+00
-3.818022362464731145e+00
-2.995952735280526191e+00
-2.454817584105304373e+00
-9.391066103404439591e-01
-1.953495418223167635e+00
-4.388437374098598798e-01
-1.599184884133820539e+00
