-7.100847451699915380e-01
-8.696221430250703488e-01
-5.129397125647872091e-01
6.619576137167260121e-01
-1.161484752672089282e+00
4.748974861861747776e-01
-1.161354001919683299e+01
1.835113304819908864e+00
4.483682843855679168e-01
-3.961826224060777779e+00
-1.487900892502781458e+00
-2.139033154349696098e+00
-4.307133806946401577e-01
-1.268359682728255944e+00
-1.719314229480434220e+00
-1.711247801697932669e+00
-1.279377069173713632e+00
-6.044866925279177572e-01
-2.555811590454772020e+00
-3.121489404687486591e+00
-5.751631807809456376e-01
-1.355248307538015728e+00
-5.360296597604857771e-01
-8.506681870991180672e-01
-1.388133686979266868e+00
-4.092422242711413194e-02
-1.446070053106790931e+00
-4.045500353120056181e-01
-2.603832056699081576e+00
-4.068420675067481618e+00
-2.097869153131170616e+00
-2.281330171039068322e+00
-2.139760529476181006e+00
-1.364294947182798534e+00
-2.099075804454599847e+00
-1.113112343778705160e+00
