

TREE # 1

  0  0.0000  19047.723167  x:  0.01069   0.23298   0.17847   0.16268   0.12224   0.19543   0.03998   0.17085   0.08536   0.12868   0.06020   0.04322   0.08085   0.10759   0.04657   0.04036   0.06567   0.05155   0.08403   0.00000   0.26761   0.17709   0.23052   0.08451   0.16772   0.10545   0.18582   0.08113   0.06018   0.05266   0.08364   0.10663   0.13338   0.11925   0.00150   0.06783   0.07767   0.10045   1.34857   8.40433   0.68142   0.95670   0.87828   1.00000  
  1 99.0000  19047.432852  x:  0.01069   0.23299   0.17847   0.16269   0.12224   0.19544   0.03999   0.17085   0.08537   0.12868   0.06020   0.04322   0.08086   0.10759   0.04657   0.04036   0.06568   0.05155   0.08403   0.00000   0.26761   0.17710   0.23053   0.08452   0.16772   0.10545   0.18583   0.08114   0.06018   0.05266   0.08364   0.10663   0.13338   0.11925   0.00153   0.06783   0.07767   0.10045   1.34857   8.40433   0.68142   0.95670   0.87828   1.00000  
  2 7998.0936  18044.408336  x:  0.00000   0.31053   0.28774   0.27596   0.17509   0.25951   0.16094   0.24134   0.21404   0.14500   0.05182   0.06409   0.15803   0.15795   0.17406   0.13157   0.12030   0.04999   0.05656   0.00000   0.32652   0.27951   0.31621   0.14585   0.26602   0.16261   0.24541   0.21370   0.11047   0.04834   0.07348   0.12526   0.18252   0.12761   0.00006   0.12778   0.07094   0.08398   1.38715   8.38518   0.67325   0.98829   0.86062   1.00069  
  3 4975.2034  17949.593129  x:  0.00000   0.32993   0.30821   0.29456   0.18879   0.27391   0.14316   0.25419   0.21046   0.14751   0.04548   0.05835   0.15713   0.16392   0.14499   0.10741   0.11887   0.04983   0.04255   0.00000   0.34422   0.30149   0.34082   0.15756   0.28334   0.17109   0.25820   0.21087   0.10654   0.04019   0.06594   0.12882   0.19308   0.13248   0.00000   0.12767   0.06819   0.07638   1.40940   8.37355   0.66819   1.00190   0.85429   1.00047  
  4 1349.5986  17949.593129  x:  0.00000   0.32993   0.30821   0.29456   0.18879   0.27391   0.14316   0.25419   0.21046   0.14751   0.04548   0.05835   0.15713   0.16392   0.14499   0.10741   0.11887   0.04983   0.04255   0.00000   0.34422   0.30149   0.34082   0.15756   0.28334   0.17109   0.25820   0.21087   0.10654   0.04019   0.06594   0.12882   0.19308   0.13248   0.00000   0.12767   0.06819   0.07638   1.40940   8.37355   0.66819   1.00190   0.85429   1.00047  
  5 473.7596  17876.447222  x:  0.00000   0.33524   0.31480   0.30109   0.19238   0.27816   0.14615   0.25852   0.21533   0.14847   0.04450   0.05867   0.16021   0.16660   0.14739   0.10889   0.12100   0.04983   0.03991   0.00000   0.34865   0.30795   0.34700   0.16115   0.28918   0.17417   0.26206   0.21594   0.10829   0.03922   0.06474   0.12993   0.19751   0.13486   0.18829   0.13017   0.06769   0.07492   1.41396   8.37115   0.66710   1.00492   0.85275   1.00035  
  6 13341.6838  17479.405744  x:  0.00000   0.41690   0.41582   0.40087   0.24729   0.34335   0.19127   0.32486   0.28939   0.16317   0.02942   0.06298   0.20675   0.20723   0.18376   0.13095   0.15313   0.05000   0.00000   0.00000   0.41694   0.40691   0.44202   0.21580   0.37852   0.22096   0.32126   0.29306   0.13461   0.02420   0.04506   0.14609   0.23857   0.13591   0.18662   0.16775   0.06015   0.05264   1.48563   8.33345   0.65050   1.05031   0.83025   0.99903  
  7 1532.2418  17142.831073  x:  0.00000   0.54950   0.57955   0.56248   0.33602   0.44898   0.26346   0.43218   0.40869   0.18677   0.00616   0.06881   0.28112   0.27237   0.24181   0.16566   0.20502   0.05370   0.06625   0.00000   0.52805   0.56734   0.59644   0.30379   0.52316   0.29604   0.41705   0.41737   0.17646   0.00000   0.01368   0.17180   0.30489   0.13747   0.18399   0.22769   0.04855   0.01802   1.60441   8.27069   0.62332   1.12413   0.79423   0.99657  
  8 26300.5792  17079.968772  x:  0.00000   0.61253   0.65419   0.63439   0.36809   0.49243   0.27637   0.47416   0.44913   0.19142   0.08639   0.05061   0.29251   0.28340   0.24644   0.15637   0.20489   0.04424   0.08430   0.00000   0.58389   0.64069   0.67306   0.33060   0.58498   0.31327   0.45403   0.46239   0.18208   0.11005   0.09575   0.17162   0.32634   0.13379   0.18318   0.23317   0.07593   0.17952   1.70773   8.20889   0.62866   1.14432   0.80146   0.98874  
  9 1365.0702  16979.082739  x:  0.00000   0.67489   0.71754   0.69055   0.36309   0.51408   0.23039   0.48475   0.44061   0.15022   0.06512   0.00000   0.23991   0.24356   0.19211   0.09072   0.14365   0.04812   0.08579   0.00000   0.64697   0.70334   0.75443   0.30759   0.62593   0.27633   0.46189   0.46125   0.10338   0.09440   0.07929   0.13106   0.30935   0.12195   0.18349   0.16163   0.05198   0.21460   1.94584   8.04736   0.71776   1.10293   0.89244   0.96065  
 10 506.5538  16948.526395  x:  0.00000   0.70866   0.75081   0.71974   0.35790   0.52483   0.20332   0.48904   0.43406   0.12935   0.05502   0.03316   0.21182   0.22237   0.16278   0.05935   0.11297   0.05006   0.08676   0.00000   0.68150   0.73626   0.79805   0.29226   0.64700   0.25407   0.46491   0.45877   0.06271   0.08639   0.07106   0.11040   0.29917   0.11631   0.18366   0.12355   0.04231   0.23420   2.08037   7.95476   0.76508   1.08089   0.94272   0.94528  
 11 5235.2970  16817.724185  x:  0.00000   0.83019   0.83369   0.78322   0.25429   0.53404   0.04834   0.46234   0.35941   0.11325   0.02084   0.05204   0.11609   0.15216   0.12757   0.24635   0.11282   0.04470   0.08730   0.00000   0.81648   0.81908   0.93484   0.14202   0.68801   0.10980   0.43903   0.39722   0.15701   0.05666   0.04364   0.12757   0.24026   0.13082   0.18407   0.10210   0.15620   0.25712   2.72176   7.46668   0.89057   1.03607   1.13616   0.89003  
 12 940.9438  16682.956939  x:  0.00000   0.90059   0.85457   0.79222   0.13690   0.53829   0.00853   0.43572   0.31716   0.15055   0.05854   0.05290   0.17454   0.16209   0.14367   0.25810   0.13534   0.04970   0.08629   0.00000   0.89785   0.83989   0.98890   0.00000   0.69989   0.02418   0.41449   0.34920   0.15547   0.02507   0.05628   0.14232   0.22130   0.13735   0.18417   0.14178   0.15036   0.24819   3.11156   7.13983   0.93010   1.05552   1.21810   0.87512  
 13 1552.2071  16682.956939  x:  0.00000   0.90059   0.85457   0.79222   0.13690   0.53829   0.00853   0.43572   0.31716   0.15055   0.05854   0.05290   0.17454   0.16209   0.14367   0.25810   0.13534   0.04970   0.08629   0.00000   0.89785   0.83989   0.98890   0.00000   0.69989   0.02418   0.41449   0.34920   0.15547   0.02507   0.05628   0.14232   0.22130   0.13735   0.18417   0.14178   0.15036   0.24819   3.11156   7.13983   0.93010   1.05552   1.21810   0.87512  
 14 2085.2053  16498.829810  x:  0.00000   0.94539   0.87422   0.81151   0.08774   0.58026   0.16162   0.46358   0.37208   0.17111   0.01514   0.06815   0.23737   0.22722   0.19283   0.22053   0.16629   0.04384   0.00000   0.00000   0.93840   0.85845   1.00446   0.05298   0.74037   0.12068   0.44277   0.39397   0.15585   0.00835   0.03039   0.15568   0.26839   0.13659   0.12164   0.18422   0.08907   0.16484   3.14804   7.07928   0.87211   1.13415   1.15870   0.89839  
 15 965.9338  16456.798356  x:  0.00000   0.96338   0.88216   0.81932   0.06810   0.59667   0.21905   0.47460   0.39374   0.17918   0.00000   0.07345   0.26164   0.25238   0.21182   0.20539   0.17853   0.04368   0.01581   0.00000   0.95467   0.86595   1.01075   0.07166   0.75635   0.15749   0.45401   0.41174   0.15616   0.00305   0.02114   0.16085   0.28691   0.13630   0.09668   0.20070   0.06485   0.13108   3.16288   7.05462   0.84891   1.16525   1.13474   0.90752  
 16 6383.4255  16415.466463  x:  0.00000   0.99710   0.89753   0.83465   0.03387   0.62208   0.28641   0.49331   0.43016   0.19358   0.09070   0.07510   0.29532   0.28708   0.23764   0.17702   0.19521   0.04971   0.02909   0.00000   0.98499   0.88047   1.02310   0.08090   0.78286   0.20504   0.47332   0.44231   0.15944   0.02412   0.02604   0.16806   0.31644   0.13619   0.05486   0.22413   0.03067   0.06637   3.19312   7.00406   0.80822   1.21607   1.08894   0.92199  
 17 2196.7726  16376.610971  x:  0.00000   1.04356   0.91958   0.85713   0.00000   0.64186   0.28722   0.51052   0.46230   0.18857   0.09523   0.04789   0.30448   0.29908   0.24450   0.14314   0.19437   0.05808   0.02943   0.00000   1.02659   0.90131   1.04133   0.03161   0.80911   0.21274   0.49222   0.47248   0.15958   0.01866   0.05299   0.16800   0.33839   0.13938   0.05202   0.23033   0.11233   0.01182   3.24199   6.92148   0.77070   1.25274   1.02941   0.93145  
 18 600.3248  16376.610971  x:  0.00000   1.04356   0.91958   0.85713   0.00000   0.64186   0.28722   0.51052   0.46230   0.18857   0.09523   0.04789   0.30448   0.29908   0.24450   0.14314   0.19437   0.05808   0.02943   0.00000   1.02659   0.90131   1.04133   0.03161   0.80911   0.21274   0.49222   0.47248   0.15958   0.01866   0.05299   0.16800   0.33839   0.13938   0.05202   0.23033   0.11233   0.01182   3.24199   6.92148   0.77070   1.25274   1.02941   0.93145  
 19 1415.6976  16355.744454  x:  0.00000   1.05306   0.92378   0.86152   0.00063   0.64397   0.27759   0.51182   0.46515   0.18485   0.07539   0.04613   0.30176   0.29710   0.24250   0.14182   0.19227   0.05379   0.01250   0.00000   1.03526   0.90533   1.04498   0.01556   0.81314   0.20603   0.49373   0.47571   0.15836   0.01368   0.04417   0.16623   0.33869   0.13968   0.05953   0.22856   0.09842   0.10358   3.25299   6.90245   0.76957   1.25050   1.02202   0.93123  
 20 891.3979  16340.442743  x:  0.00000   1.06308   0.92816   0.86609   0.00018   0.64628   0.26720   0.51313   0.46801   0.18185   0.05636   0.04511   0.29916   0.29519   0.24064   0.14069   0.19060   0.05330   0.01383   0.00000   1.04444   0.90952   1.04879   0.00000   0.81747   0.19918   0.49523   0.47909   0.15783   0.01333   0.03763   0.16480   0.33891   0.13969   0.06327   0.22592   0.08330   0.10276   3.26461   6.88226   0.76821   1.24789   1.01476   0.93099  
 21 433.4112  16339.863795  x:  0.00000   1.06365   0.92840   0.86633   0.00000   0.64643   0.26656   0.51319   0.46815   0.18187   0.05582   0.04523   0.29907   0.29511   0.24057   0.14068   0.19056   0.05327   0.01343   0.00000   1.04497   0.90975   1.04901   0.00000   0.81774   0.19883   0.49530   0.47926   0.15784   0.01349   0.03790   0.16479   0.33892   0.13967   0.06313   0.22585   0.08311   0.10268   3.26527   6.88108   0.76806   1.24772   1.01445   0.93098  
 22 967.0130  16275.556113  x:  0.00000   1.15664   0.96621   0.90564   0.00000   0.67227   0.16271   0.52261   0.48901   0.19359   0.00000   0.06457   0.28739   0.28321   0.23259   0.14023   0.18726   0.05856   0.03775   0.00000   1.13152   0.94641   1.08271   0.00000   0.86195   0.14339   0.50481   0.50482   0.15766   0.02353   0.08369   0.16632   0.34021   0.13654   0.03696   0.21876   0.08274   0.10827   3.37365   6.68784   0.74189   1.21891   0.96968   0.92855  
 23 2724.1357  16184.058442  x:  0.00000   1.30522   1.02684   0.96840   0.00000   0.71323   0.00000   0.53802   0.52373   0.20758   0.02254   0.08297   0.26755   0.26364   0.21919   0.13762   0.18015   0.05658   0.04968   0.00000   1.26966   1.00503   1.13664   0.00000   0.93220   0.05194   0.52023   0.54494   0.15428   0.02147   0.11125   0.16386   0.34240   0.13504   0.04056   0.20396   0.05199   0.10952   3.54805   6.37601   0.70615   1.17160   0.89627   0.92387  
 24 3475.9925  16133.116295  x:  0.00000   1.38378   1.05739   0.99935   0.00000   0.73868   0.00230   0.54803   0.54137   0.21325   0.02003   0.08191   0.26247   0.25730   0.21727   0.13847   0.17829   0.05213   0.04642   0.00000   1.34318   1.03460   1.16397   0.00000   0.97194   0.00000   0.52570   0.56091   0.15167   0.00819   0.10691   0.16247   0.34273   0.13660   0.05849   0.20146   0.07277   0.10585   3.64270   6.20154   0.69169   1.14052   0.87209   0.91890  
 25 1489.2597  15936.867464  x:  0.00000   1.82509   1.22097   1.16384   0.00000   0.89206   0.04472   0.59214   0.62037   0.22774   0.03288   0.03801   0.25612   0.24201   0.22437   0.14694   0.17749   0.05188   0.04365   0.00000   1.75814   1.19368   1.31207   0.00000   1.20058   0.08417   0.56230   0.64392   0.15423   0.06149   0.00000   0.15591   0.33797   0.13768   0.04047   0.20999   0.12857   0.10065   4.19114   5.16302   0.64290   0.94599   0.79626   0.87492  
 26 2346.7483  15879.531919  x:  0.00000   2.04992   1.30189   1.24442   0.00000   0.96876   0.09542   0.61138   0.65530   0.21493   0.04385   0.00000   0.25709   0.24047   0.22996   0.14802   0.17691   0.04949   0.05559   0.00000   1.96958   1.27227   1.38560   0.00000   1.31509   0.15088   0.57799   0.67918   0.15183   0.06365   0.05283   0.15206   0.33666   0.14165   0.07743   0.21504   0.10016   0.10030   4.47813   4.60920   0.63221   0.84874   0.77594   0.84453  
 27 5818.1239  15841.809066  x:  0.00000   2.25448   1.37267   1.31429   0.00000   1.03577   0.15083   0.62453   0.68061   0.19621   0.05352   0.08068   0.26581   0.24772   0.23673   0.14837   0.18078   0.04866   0.06571   0.00000   2.16210   1.34103   1.45027   0.00000   1.41669   0.21797   0.58773   0.70404   0.14693   0.04638   0.08958   0.14907   0.33486   0.14495   0.11363   0.22075   0.05892   0.09957   4.74567   4.08345   0.62472   0.77202   0.77755   0.80925  
 28 6873.6183  15793.535437  x:  0.00000   2.32500   1.38920   1.32937   0.00000   1.04739   0.15114   0.61591   0.67189   0.17958   0.05258   0.07815   0.27560   0.26044   0.24087   0.14479   0.18323   0.05181   0.05834   0.00000   2.22861   1.35722   1.46623   0.00000   1.44205   0.23388   0.57781   0.69442   0.14172   0.00000   0.09002   0.15186   0.33309   0.14074   0.10111   0.22294   0.04839   0.09574   4.85336   3.85018   0.60755   0.80715   0.82218   0.77557  
 29 1190.2951  15682.211646  x:  0.00000   2.58514   1.41764   1.34706   0.00000   1.04069   0.15053   0.54024   0.57833   0.08074   0.06117   0.07486   0.32099   0.32905   0.25277   0.11798   0.18927   0.03803   0.07939   0.00000   2.47342   1.38513   1.49790   0.00000   1.49163   0.18874   0.49033   0.59056   0.19006   0.12291   0.08411   0.15857   0.32939   0.13512   0.14966   0.23264   0.03084   0.09981   5.31710   2.76811   0.68266   1.03612   1.01516   0.57965  
 30 1588.4637  15614.706959  x:  0.00000   2.69901   1.39421   1.31304   0.00000   0.99221   0.11902   0.47408   0.49349   0.17219   0.04182   0.06706   0.32581   0.34781   0.25002   0.12026   0.18320   0.08634   0.06359   0.00000   2.58004   1.36299   1.47996   0.00000   1.46830   0.19862   0.42972   0.49233   0.16265   0.09903   0.07425   0.14596   0.32784   0.13701   0.18225   0.21846   0.05011   0.09343   5.59058   2.06888   0.89282   1.11191   1.03926   0.51026  
 31 1103.0436  15591.749555  x:  0.00000   2.71098   1.36519   1.27869   0.00000   0.96155   0.11982   0.46181   0.46928   0.16951   0.04108   0.06686   0.31744   0.33425   0.24703   0.13647   0.18084   0.02570   0.06863   0.00000   2.59122   1.33567   1.45385   0.00000   1.43720   0.20012   0.42384   0.46196   0.15457   0.09271   0.07413   0.15024   0.32846   0.13754   0.16785   0.21958   0.04988   0.09136   5.66688   1.85898   0.90701   1.11590   1.02437   0.55501  
 32 505.8225  15569.481580  x:  0.00000   2.71290   1.30622   1.21033   0.00000   0.90703   0.13590   0.45671   0.44409   0.13425   0.05028   0.06661   0.29845   0.29924   0.23845   0.15629   0.17852   0.06970   0.06707   0.00000   2.59264   1.27985   1.39946   0.00000   1.37422   0.18538   0.42969   0.42681   0.15373   0.09935   0.07443   0.15747   0.32962   0.13863   0.14519   0.22415   0.03733   0.09297   5.77514   1.56720   0.87180   1.09672   0.99513   0.62506  
 33 699.8041  15547.096681  x:  0.00000   2.70048   1.22232   1.11421   0.00000   0.84230   0.12475   0.47216   0.44679   0.13316   0.04525   0.06693   0.28094   0.26429   0.22289   0.12269   0.17436   0.05905   0.06537   0.00000   2.57916   1.19867   1.31890   0.00000   1.28461   0.18988   0.45844   0.42595   0.16166   0.09646   0.07241   0.13939   0.32685   0.13640   0.15620   0.21681   0.05191   0.09039   5.90018   1.31382   0.79073   1.00877   0.98302   0.54775  
 34 343.9727  15543.052753  x:  0.00000   2.70252   1.19904   1.08660   0.00000   0.83389   0.13382   0.48107   0.45756   0.15454   0.04762   0.06518   0.29235   0.28082   0.23592   0.14160   0.18105   0.05658   0.06712   0.00000   2.58038   1.17521   1.29435   0.00000   1.26223   0.18147   0.46099   0.43713   0.16411   0.09969   0.07235   0.15432   0.32630   0.13359   0.14547   0.22152   0.03508   0.09149   5.95046   1.28096   0.77581   1.00452   0.96665   0.52577  
 35 145.0259  15537.457946  x:  0.00000   2.71553   1.15743   1.03536   0.00000   0.82748   0.12535   0.49663   0.48296   0.13265   0.04466   0.06478   0.31916   0.32521   0.25468   0.15351   0.18533   0.05811   0.06484   0.00000   2.59034   1.13146   1.24640   0.00000   1.22100   0.19217   0.46172   0.46872   0.16074   0.09324   0.07215   0.16428   0.32666   0.13545   0.15804   0.22471   0.05237   0.08942   6.07425   1.26110   0.77493   1.01713   0.92942   0.51989  
 36 149.9244  15524.860897  x:  0.00000   2.76215   1.06482   0.91684   0.00000   0.82743   0.12843   0.51378   0.52235   0.14944   0.04748   0.06134   0.35261   0.37810   0.25274   0.09897   0.17856   0.05928   0.06593   0.00000   2.62854   1.03038   1.13145   0.00000   1.13323   0.17832   0.44356   0.51595   0.16063   0.09856   0.07272   0.13376   0.32799   0.13603   0.14121   0.22779   0.04388   0.08977   6.42155   1.27448   0.78754   1.01458   0.95541   0.57118  
 37 198.7425  15509.994546  x:  0.00000   2.82579   0.95915   0.77555   0.00000   0.82793   0.12091   0.50367   0.52849   0.13334   0.04751   0.06043   0.32293   0.35320   0.23048   0.16069   0.16879   0.05993   0.06476   0.00000   2.68014   0.90814   0.98866   0.00000   1.03405   0.16996   0.42395   0.52500   0.15149   0.09991   0.07050   0.14669   0.32914   0.13704   0.13484   0.21595   0.04745   0.08861   6.91217   1.33517   0.81201   0.98765   1.01512   0.58421  
 38 343.4404  15499.976266  x:  0.00000   2.85482   0.90708   0.69832   0.00000   0.81976   0.14203   0.48539   0.50305   0.14826   0.05148   0.06733   0.28733   0.29010   0.22146   0.13923   0.18389   0.05910   0.06684   0.00000   2.70134   0.83960   0.90493   0.00000   0.98327   0.18530   0.43077   0.49582   0.15383   0.10126   0.07573   0.16218   0.32579   0.13577   0.13470   0.21953   0.04929   0.08801   7.26499   1.38866   0.79572   1.03328   0.97435   0.57676  
 39 306.2611  15493.311196  x:  0.00000   2.81749   0.91418   0.68673   0.00000   0.76899   0.14515   0.47582   0.45066   0.13766   0.05453   0.06592   0.31387   0.28966   0.27780   0.13811   0.17874   0.05872   0.06640   0.00000   2.66084   0.82739   0.88023   0.00000   0.96116   0.17610   0.46306   0.43447   0.16897   0.09573   0.07655   0.12833   0.32455   0.13627   0.11517   0.22882   0.04721   0.08746   7.54544   1.42751   0.78596   1.00971   0.95319   0.57149  
 40 117.6539  15486.231134  x:  0.00000   2.73000   0.94220   0.69416   0.00000   0.69870   0.14077   0.48274   0.41117   0.15224   0.05177   0.06338   0.33700   0.31824   0.27986   0.12018   0.17826   0.06058   0.06498   0.00000   2.57188   0.83536   0.87393   0.00000   0.94143   0.17609   0.49495   0.38723   0.16949   0.09952   0.07290   0.18366   0.32916   0.14140   0.12332   0.22650   0.05394   0.08611   7.87795   1.45940   0.76159   0.98324   0.95957   0.58928  
 41 217.3878  15469.383926  x:  0.00000   2.44945   1.01826   0.72767   0.00000   0.57489   0.16682   0.52792   0.40748   0.17138   0.06268   0.06459   0.32728   0.35375   0.19452   0.15651   0.19604   0.06163   0.06940   0.00000   2.29367   0.88130   0.89151   0.00000   0.91031   0.17295   0.52381   0.38445   0.15018   0.11260   0.08036   0.14227   0.32533   0.11876   0.09176   0.21198   0.06285   0.08610   8.63136   1.50133   0.73296   0.99762   0.95002   0.59645  
 42 286.0376  15451.709145  x:  0.00000   2.10364   1.08122   0.75367   0.00000   0.54242   0.18031   0.55319   0.44224   0.16663   0.07275   0.06693   0.29434   0.31250   0.22279   0.14840   0.17860   0.06078   0.07171   0.00000   1.95625   0.93155   0.91790   0.00000   0.88520   0.15614   0.51311   0.43785   0.16892   0.10603   0.08339   0.16000   0.32320   0.17526   0.03963   0.23209   0.06536   0.08518   9.40960   1.52296   0.74889   1.00267   0.95478   0.59534  
 43 482.0951  15438.861239  x:  0.00000   1.80582   1.11655   0.76647   0.00000   0.57164   0.16472   0.55185   0.46316   0.20201   0.06350   0.06815   0.28982   0.26927   0.27869   0.16584   0.18215   0.06412   0.06926   0.00000   1.67003   0.96664   0.93786   0.00000   0.87494   0.15969   0.49330   0.47089   0.18035   0.11288   0.08098   0.15035   0.32612   0.14937   0.07024   0.25517   0.07746   0.08220  10.03259   1.53317   0.71863   1.01075   0.97570   0.62574  
 44 762.1066  15432.164237  x:  0.00000   1.64842   1.11625   0.76701   0.00000   0.62907   0.16248   0.53397   0.46198   0.18511   0.06484   0.06560   0.30517   0.26506   0.27378   0.15255   0.19540   0.06339   0.06885   0.00000   1.52400   0.97636   0.94637   0.00000   0.88471   0.14680   0.48340   0.46403   0.16526   0.11217   0.07924   0.16350   0.32646   0.10554   0.05816   0.24496   0.07430   0.08200  10.33259   1.53762   0.72231   0.99010   0.96185   0.62163  
 45 365.9300  15427.501598  x:  0.00000   1.52207   1.10184   0.76555   0.00000   0.68627   0.15608   0.51196   0.45202   0.18391   0.06160   0.06306   0.32062   0.28099   0.24905   0.15567   0.20340   0.06324   0.06750   0.00000   1.41190   0.97756   0.95236   0.00000   0.90510   0.14190   0.48079   0.44395   0.15306   0.11397   0.07727   0.15520   0.32415   0.14337   0.05969   0.23094   0.07112   0.08147  10.56042   1.54126   0.70632   0.97761   0.94600   0.61963  
 46 311.1674  15425.728098  x:  0.00000   1.47222   1.07834   0.77133   0.00000   0.68601   0.15380   0.51368   0.45008   0.18273   0.05973   0.06350   0.30553   0.29627   0.23515   0.15622   0.17465   0.06303   0.06692   0.00000   1.37620   0.97098   0.95772   0.00000   0.92636   0.14316   0.49433   0.44034   0.18061   0.10564   0.07620   0.15677   0.32327   0.13819   0.06448   0.23628   0.06910   0.08091  10.64197   1.54433   0.71049   0.97761   0.93751   0.61907  
 47 66.4679  15423.786403  x:  0.00000   1.41693   1.03433   0.79319   0.00000   0.64845   0.14829   0.53180   0.45615   0.17280   0.05611   0.06204   0.28579   0.29568   0.24349   0.14811   0.19587   0.06219   0.06553   0.00000   1.34673   0.95772   0.97064   0.00000   0.95251   0.14191   0.51364   0.44652   0.16917   0.10347   0.07348   0.15844   0.32465   0.13956   0.07273   0.23515   0.06421   0.08049  10.72716   1.55046   0.72654   0.97659   0.93981   0.61904  
 48 49.8293  15423.179113  x:  0.00000   1.40248   1.01875   0.81035   0.00000   0.63320   0.14969   0.53484   0.45991   0.17119   0.05581   0.06240   0.29868   0.28334   0.24396   0.14723   0.18012   0.06215   0.06593   0.00000   1.34222   0.95358   0.97883   0.00000   0.94757   0.14351   0.50950   0.45072   0.15731   0.10531   0.07343   0.16019   0.32505   0.13959   0.07505   0.22350   0.06261   0.08062  10.74956   1.55337   0.72697   0.97894   0.93685   0.61724  
 49 31.2318  15422.601235  x:  0.00000   1.39373   1.00368   0.84223   0.00000   0.62459   0.14921   0.52815   0.46155   0.16818   0.05452   0.06157   0.30825   0.27703   0.23593   0.14715   0.18839   0.06173   0.06509   0.00000   1.34412   0.95015   0.99244   0.00000   0.91674   0.14572   0.49423   0.45420   0.17177   0.09990   0.07248   0.16134   0.32435   0.14058   0.07756   0.22343   0.06137   0.08012  10.76285   1.55691   0.72779   0.97356   0.93128   0.61673  
 50 19.6370  15422.064633  x:  0.00000   1.38930   0.99026   0.87406   0.00000   0.62823   0.15013   0.52028   0.46150   0.16681   0.05439   0.06173   0.29160   0.28770   0.23913   0.14429   0.18343   0.06173   0.06504   0.00000   1.34826   0.94634   1.00530   0.00000   0.88194   0.14617   0.48883   0.45258   0.16176   0.10089   0.07220   0.16056   0.32461   0.13975   0.07849   0.22905   0.06052   0.07974  10.76715   1.55954   0.72396   0.97058   0.92739   0.61502  
 51 22.7841  15421.308725  x:  0.00000   1.39006   0.97117   0.90143   0.00000   0.64589   0.14971   0.52485   0.46384   0.16956   0.05437   0.06182   0.28798   0.28774   0.24372   0.14566   0.18558   0.06170   0.06499   0.00000   1.35522   0.93632   1.01432   0.00000   0.86372   0.14432   0.51781   0.45168   0.16817   0.10019   0.07255   0.16019   0.32616   0.13992   0.07696   0.20689   0.06136   0.07928  10.75379   1.55954   0.72780   0.97707   0.93212   0.61845  
 52 10.2747  15419.373757  x:  0.00000   1.39895   0.92446   0.94800   0.00000   0.67624   0.13932   0.53995   0.46556   0.17147   0.05172   0.06031   0.30764   0.27316   0.22947   0.15039   0.18376   0.06130   0.06322   0.00000   1.37495   0.90919   1.02790   0.00000   0.86218   0.13582   0.56119   0.44861   0.15925   0.09838   0.07041   0.15997   0.32440   0.14162   0.07653   0.24139   0.06131   0.07620  10.70552   1.56152   0.73738   0.98344   0.93981   0.62016  
 53 26.5900  15406.385106  x:  0.00000   1.48495   0.67919   1.11225   0.00000   0.73718   0.08948   0.55885   0.44684   0.18119   0.03881   0.05429   0.29596   0.28240   0.24012   0.15121   0.18617   0.06031   0.05103   0.00000   1.50641   0.76490   1.07496   0.00000   1.04114   0.10759   0.47740   0.45134   0.16542   0.08079   0.06275   0.15472   0.31810   0.13832   0.06789   0.22836   0.06474   0.05869  10.35571   1.58709   0.70608   0.96064   0.92256   0.63766  
 54 40.2806  15393.608839  x:  0.00000   1.60361   0.70132   1.04793   0.00000   0.74170   0.04957   0.42057   0.52926   0.17751   0.02342   0.04740   0.29747   0.28206   0.23005   0.14764   0.18622   0.05816   0.04018   0.00000   1.60811   0.76064   1.05939   0.00000   1.09309   0.08273   0.51110   0.47110   0.15951   0.06020   0.05244   0.15231   0.37573   0.13717   0.07070   0.22676   0.06000   0.04249  10.00225   1.61338   0.70219   0.94729   0.90724   0.64730  
 55 43.9172  15382.951751  x:  0.00000   1.70500   0.77617   0.94689   0.00000   0.78651   0.00783   0.47493   0.51611   0.17107   0.00847   0.04164   0.29031   0.27533   0.22468   0.14201   0.18247   0.05590   0.03023   0.00000   1.68683   0.79493   1.03148   0.00000   1.07966   0.06570   0.50186   0.47123   0.15636   0.04094   0.04368   0.15530   0.30506   0.13729   0.08143   0.21695   0.05375   0.02936   9.71120   1.63503   0.70808   0.93822   0.89366   0.65415  
 56 110.5496  15382.201246  x:  0.00000   1.71213   0.78224   0.93701   0.00000   0.79467   0.00463   0.49600   0.50384   0.17034   0.00743   0.04130   0.28925   0.27374   0.22275   0.14170   0.18188   0.05556   0.02941   0.00000   1.69376   0.80262   1.02736   0.00000   1.07522   0.06511   0.49585   0.47140   0.15693   0.03861   0.04267   0.15375   0.33978   0.13837   0.08127   0.21733   0.05310   0.02837   9.68853   1.63678   0.70877   0.93814   0.89113   0.65254  
 57 36.8731  15381.536994  x:  0.00000   1.69810   0.75034   0.93251   0.00000   0.79418   0.00526   0.48922   0.48654   0.17141   0.00758   0.04107   0.28990   0.27387   0.22202   0.14190   0.18189   0.05548   0.02882   0.00000   1.71699   0.87919   0.99085   0.00000   1.07151   0.06236   0.50099   0.48806   0.15551   0.03787   0.04244   0.15379   0.33741   0.13803   0.08054   0.21727   0.05312   0.03002   9.67540   1.63827   0.70825   0.93934   0.89125   0.65329  
 58  3.0775  15380.685924  x:  0.00000   1.68620   0.74284   0.94244   0.00000   0.79651   0.00240   0.50167   0.52025   0.17158   0.00701   0.04107   0.28812   0.27207   0.22339   0.14169   0.18149   0.05523   0.02793   0.00000   1.73412   0.92922   0.93591   0.00000   1.06965   0.06219   0.49316   0.45671   0.15791   0.03628   0.04209   0.15355   0.33838   0.13815   0.07966   0.21707   0.05348   0.03247   9.65949   1.63889   0.70908   0.94239   0.89156   0.65351  
 59 13.6862  15378.512039  x:  0.00000   1.68129   0.80692   0.98136   0.00000   0.80171   0.00176   0.50081   0.50367   0.17233   0.00668   0.04050   0.28507   0.27055   0.22134   0.14108   0.18032   0.05472   0.02565   0.00000   1.73871   0.91600   0.82479   0.00000   1.07267   0.05574   0.49145   0.48272   0.15532   0.03264   0.04092   0.15386   0.33667   0.13795   0.07861   0.21506   0.05270   0.03960   9.62029   1.63678   0.71109   0.94805   0.89216   0.65594  
 60 10.9206  15371.438122  x:  0.00000   1.75006   0.90310   0.80284   0.00000   0.80170   0.00000   0.52353   0.50268   0.17953   0.00641   0.03924   0.27808   0.26183   0.22054   0.14026   0.17762   0.05326   0.01760   0.00000   1.71883   0.84419   1.02419   0.00000   1.02449   0.03759   0.48468   0.48920   0.15399   0.02058   0.03786   0.15404   0.33207   0.13659   0.07057   0.21098   0.05324   0.06538   9.50804   1.65630   0.70999   0.96826   0.89262   0.66521  
 61  9.8651  15370.788021  x:  0.00000   1.83421   0.88266   0.81475   0.00000   0.79688   0.00321   0.52596   0.50188   0.18028   0.00753   0.03951   0.27732   0.26164   0.22064   0.14003   0.17732   0.05310   0.01712   0.00000   1.62065   0.87666   1.00547   0.00000   1.01936   0.03603   0.48468   0.49035   0.15371   0.02015   0.03799   0.15432   0.33167   0.13640   0.06943   0.21046   0.05357   0.06474   9.51334   1.65694   0.71041   0.97235   0.89417   0.66527  
 62  2.2130  15367.400822  x:  0.00000   1.72059   0.95503   0.79545   0.00000   0.78201   0.02219   0.53438   0.50223   0.18895   0.01523   0.04154   0.27573   0.26012   0.22277   0.14120   0.17699   0.05267   0.01448   0.00000   1.67498   0.92271   0.95496   0.00000   0.98687   0.02209   0.48646   0.50071   0.15235   0.02100   0.03952   0.15544   0.32979   0.13454   0.05876   0.21031   0.05808   0.05553   9.57093   1.65898   0.70847   0.99937   0.90808   0.66567  
 63  1.3287  15366.495439  x:  0.00000   1.71391   0.94568   0.82818   0.00000   0.77785   0.01369   0.52201   0.50756   0.19241   0.01275   0.04119   0.28046   0.26495   0.22479   0.14187   0.17916   0.05222   0.01379   0.00000   1.64730   0.92773   0.95165   0.00000   1.00168   0.00569   0.49410   0.49967   0.15370   0.01897   0.03705   0.15669   0.32883   0.13339   0.05978   0.21297   0.06029   0.05254   9.61208   1.65974   0.70757   1.00763   0.91814   0.66060  
 64  0.1190  15366.049142  x:  0.00000   1.71501   0.94847   0.84462   0.00000   0.77220   0.01796   0.51873   0.50771   0.18957   0.01222   0.04331   0.28088   0.26683   0.22261   0.14016   0.18007   0.05171   0.01672   0.00000   1.65343   0.92761   0.96028   0.00000   1.01238   0.00967   0.50223   0.50026   0.15442   0.01595   0.03699   0.15911   0.32865   0.13349   0.06645   0.21238   0.06061   0.05047   9.68133   1.66439   0.70423   1.00789   0.91700   0.65007  
 65  0.1140  15365.892116  x:  0.00000   1.71718   0.94304   0.82816   0.00000   0.77204   0.01925   0.51847   0.50328   0.18629   0.01202   0.04541   0.28003   0.26583   0.22217   0.14187   0.17879   0.05205   0.01748   0.00000   1.65673   0.91319   0.96852   0.00000   1.01263   0.00529   0.49898   0.49830   0.15167   0.01602   0.03570   0.15878   0.32940   0.13420   0.06874   0.21187   0.06038   0.04980   9.79429   1.65662   0.70482   1.00689   0.91867   0.65229  
 66  0.0765  15365.795264  x:  0.00000   1.72256   0.93841   0.82855   0.00000   0.77580   0.01956   0.51852   0.50311   0.18634   0.01190   0.04787   0.27964   0.26495   0.22411   0.14234   0.17879   0.05241   0.01619   0.00000   1.65972   0.91108   0.97123   0.00000   1.01460   0.00760   0.49712   0.49853   0.15360   0.01329   0.03480   0.15794   0.32984   0.13435   0.06919   0.21281   0.06191   0.04918   9.95262   1.65697   0.70396   1.00479   0.91692   0.65401  
 67  0.1121  15365.676017  x:  0.00000   1.73182   0.93762   0.83088   0.00000   0.78264   0.01918   0.52017   0.50425   0.18670   0.01244   0.05147   0.27973   0.26555   0.22560   0.14130   0.17918   0.05267   0.01675   0.00000   1.66152   0.91290   0.97519   0.00000   1.01759   0.00800   0.49700   0.49922   0.15361   0.01709   0.03360   0.15757   0.33016   0.13425   0.06907   0.21313   0.06325   0.04950  10.22839   1.66058   0.70297   1.00399   0.91707   0.65433  
 68  0.2532  15365.568303  x:  0.00000   1.72565   0.94277   0.83549   0.00000   0.77966   0.01882   0.51933   0.50639   0.18639   0.01233   0.05397   0.27847   0.26515   0.22216   0.13977   0.17870   0.05168   0.01675   0.00000   1.66204   0.92157   0.96594   0.00000   1.01360   0.00577   0.50155   0.49902   0.15348   0.01609   0.03160   0.15843   0.32909   0.13387   0.06698   0.21221   0.06183   0.05009  10.55600   1.66168   0.70483   1.00431   0.91535   0.65253  
 69  0.2023  15365.523337  x:  0.00000   1.71966   0.94445   0.83426   0.00000   0.77086   0.01836   0.51865   0.50519   0.18796   0.01166   0.05442   0.27926   0.26520   0.22382   0.14168   0.17831   0.05181   0.01673   0.00000   1.66025   0.91808   0.96500   0.00000   1.01085   0.00822   0.49841   0.49938   0.15285   0.01646   0.03122   0.15864   0.32970   0.13401   0.06699   0.21273   0.06094   0.05040  10.80117   1.65808   0.70511   1.00514   0.91691   0.65228  
 70  0.1280  15365.465403  x:  0.00000   1.73446   0.94555   0.82991   0.00000   0.77534   0.01764   0.52163   0.50422   0.18703   0.01177   0.05395   0.27862   0.26502   0.22369   0.14087   0.17917   0.05271   0.01650   0.00000   1.67017   0.91705   0.96752   0.00000   1.01921   0.00740   0.49687   0.49896   0.15387   0.01618   0.03155   0.15992   0.33005   0.13443   0.06604   0.21238   0.05937   0.05064  11.18069   1.66037   0.70242   1.00553   0.91759   0.64981  
 71  0.1180  15365.367299  x:  0.00000   1.72942   0.94359   0.83186   0.00000   0.77997   0.01799   0.52061   0.50545   0.18683   0.01204   0.05138   0.27992   0.26635   0.22276   0.14136   0.17911   0.05258   0.01693   0.00000   1.66243   0.91949   0.96851   0.00000   1.01285   0.00740   0.50157   0.49728   0.15279   0.01604   0.03342   0.15767   0.32938   0.13372   0.06662   0.21305   0.05959   0.04915  11.95394   1.65774   0.70699   1.00963   0.92020   0.65236  
 72  0.2163  15365.311967  x:  0.00000   1.72779   0.94362   0.83463   0.00000   0.77605   0.01824   0.51905   0.50617   0.18676   0.01202   0.05063   0.27934   0.26485   0.22364   0.14045   0.17855   0.05187   0.01647   0.00000   1.66498   0.91743   0.96934   0.00000   1.01201   0.00664   0.49879   0.50044   0.15309   0.01594   0.03351   0.15851   0.32937   0.13377   0.06752   0.21198   0.06084   0.05008  12.62871   1.65987   0.70261   1.00396   0.91651   0.65160  
 73  0.3342  15365.299572  x:  0.00000   1.73160   0.94397   0.83426   0.00000   0.77585   0.01846   0.51966   0.50470   0.18708   0.01212   0.05058   0.27943   0.26587   0.22327   0.14114   0.17892   0.05194   0.01660   0.00000   1.66883   0.91875   0.96765   0.00000   1.01586   0.00660   0.49892   0.49910   0.15344   0.01605   0.03342   0.15857   0.32962   0.13417   0.06746   0.21247   0.06110   0.05032  13.07024   1.66006   0.70503   1.00480   0.91651   0.65117  
 74  0.2871  15365.296246  x:  0.00000   1.73015   0.94378   0.83325   0.00000   0.77575   0.01847   0.52011   0.50531   0.18715   0.01201   0.05052   0.27943   0.26536   0.22313   0.14115   0.17890   0.05207   0.01666   0.00000   1.66666   0.91905   0.96648   0.00000   1.01480   0.00669   0.50012   0.49899   0.15306   0.01612   0.03333   0.15840   0.32954   0.13406   0.06736   0.21261   0.06108   0.05009  13.36420   1.65975   0.70403   1.00446   0.91616   0.65142  
 75  0.1837  15365.295334  x:  0.00000   1.72993   0.94396   0.83381   0.00000   0.77613   0.01847   0.51977   0.50526   0.18716   0.01198   0.05054   0.27942   0.26547   0.22329   0.14097   0.17881   0.05208   0.01663   0.00000   1.66674   0.91866   0.96754   0.00000   1.01465   0.00671   0.49924   0.49923   0.15320   0.01608   0.03322   0.15852   0.32953   0.13404   0.06734   0.21232   0.06104   0.05010  13.55437   1.65984   0.70433   1.00479   0.91662   0.65131  
 76  0.1308  15365.295261  x:  0.00000   1.73021   0.94385   0.83373   0.00000   0.77606   0.01849   0.51983   0.50517   0.18710   0.01200   0.05055   0.27945   0.26554   0.22327   0.14101   0.17887   0.05205   0.01663   0.00000   1.66693   0.91855   0.96756   0.00000   1.01470   0.00673   0.49943   0.49914   0.15322   0.01608   0.03321   0.15850   0.32956   0.13405   0.06732   0.21246   0.06101   0.05014  13.59681   1.65979   0.70429   1.00476   0.91655   0.65133  
 77  0.0365  15365.295255  x:  0.00000   1.73021   0.94382   0.83377   0.00000   0.77606   0.01848   0.51981   0.50518   0.18709   0.01201   0.05056   0.27943   0.26549   0.22326   0.14102   0.17885   0.05204   0.01663   0.00000   1.66692   0.91864   0.96748   0.00000   1.01473   0.00673   0.49943   0.49912   0.15320   0.01609   0.03322   0.15850   0.32955   0.13405   0.06733   0.21244   0.06101   0.05013  13.60828   1.65980   0.70430   1.00479   0.91658   0.65133  
 78  0.0094  15365.295254  x:  0.00000   1.73017   0.94381   0.83376   0.00000   0.77605   0.01847   0.51982   0.50519   0.18708   0.01202   0.05056   0.27944   0.26551   0.22327   0.14102   0.17885   0.05204   0.01663   0.00000   1.66691   0.91864   0.96747   0.00000   1.01471   0.00673   0.49942   0.49914   0.15320   0.01608   0.03323   0.15850   0.32955   0.13405   0.06733   0.21244   0.06101   0.05013  13.61037   1.65982   0.70430   1.00478   0.91658   0.65134  
 79  0.0018  15365.295253  x:  0.00000   1.73016   0.94382   0.83377   0.00000   0.77605   0.01847   0.51982   0.50518   0.18709   0.01202   0.05057   0.27943   0.26551   0.22327   0.14102   0.17885   0.05204   0.01663   0.00000   1.66690   0.91863   0.96749   0.00000   1.01471   0.00673   0.49942   0.49914   0.15321   0.01608   0.03323   0.15850   0.32955   0.13405   0.06734   0.21244   0.06101   0.05013  13.60942   1.65981   0.70430   1.00478   0.91657   0.65134  
 80  0.0008  15365.295253  x:  0.00000   1.73017   0.94382   0.83376   0.00000   0.77605   0.01847   0.51982   0.50519   0.18709   0.01202   0.05057   0.27944   0.26551   0.22327   0.14102   0.17885   0.05204   0.01663   0.00000   1.66690   0.91863   0.96748   0.00000   1.01471   0.00673   0.49942   0.49914   0.15320   0.01608   0.03323   0.15850   0.32955   0.13405   0.06734   0.21244   0.06101   0.05013  13.60924   1.65981   0.70430   1.00478   0.91657   0.65134  
 81  0.0001  15365.295253  x:  0.00000   1.73017   0.94382   0.83376   0.00000   0.77605   0.01847   0.51982   0.50519   0.18709   0.01202   0.05057   0.27944   0.26551   0.22327   0.14102   0.17885   0.05204   0.01663   0.00000   1.66690   0.91863   0.96748   0.00000   1.01471   0.00673   0.49942   0.49914   0.15320   0.01608   0.03323   0.15850   0.32955   0.13405   0.06734   0.21244   0.06101   0.05013  13.60942   1.65981   0.70430   1.00478   0.91657   0.65134  
 82  0.0002  15365.295253  x:  0.00000   1.73017   0.94382   0.83376   0.00000   0.77605   0.01847   0.51982   0.50519   0.18709   0.01202   0.05057   0.27944   0.26551   0.22327   0.14102   0.17885   0.05204   0.01663   0.00000   1.66690   0.91863   0.96748   0.00000   1.01471   0.00673   0.49942   0.49914   0.15320   0.01608   0.03323   0.15850   0.32955   0.13405   0.06734   0.21244   0.06101   0.05013  13.60953   1.65981   0.70430   1.00478   0.91657   0.65134  
 83  0.0001  15365.295253  x:  0.00000   1.73017   0.94382   0.83376   0.00000   0.77605   0.01847   0.51982   0.50519   0.18709   0.01202   0.05057   0.27944   0.26551   0.22327   0.14102   0.17885   0.05204   0.01663   0.00000   1.66690   0.91863   0.96748   0.00000   1.01471   0.00673   0.49942   0.49914   0.15320   0.01608   0.03323   0.15850   0.32955   0.13405   0.06734   0.21244   0.06101   0.05013  13.60954   1.65981   0.70430   1.00478   0.91657   0.65134  

TREE # 2

  0  0.0000  17912.674450  x:  1.27491   0.04112   0.21883   0.15160   0.15461   0.07199   0.18115   0.05369   0.17528   0.11986   0.04882   0.07524   0.06727   0.04716   0.07357   0.07599   0.01159   0.03484   0.03263   0.02373   0.00000   0.27785   0.15476   0.20234   0.08625   0.19599   0.06834   0.12710   0.10460   0.07497   0.01361   0.05944   0.09178   0.06460   0.06907   0.09516   0.08840   0.02087   0.04856   1.65981   0.68223   0.97150   0.91533   0.65134  
  1 99.0000  17912.575937  x:  1.27491   0.04112   0.21883   0.15161   0.15462   0.07200   0.18115   0.05370   0.17528   0.11986   0.04882   0.07524   0.06727   0.04716   0.07358   0.07599   0.01160   0.03485   0.03263   0.02373   0.00000   0.27786   0.15477   0.20234   0.08625   0.19599   0.06834   0.12710   0.10461   0.07497   0.01361   0.05944   0.09178   0.06460   0.06907   0.09516   0.08840   0.02087   0.04856   1.65981   0.68223   0.97150   0.91533   0.65134  
  2 4405.2839  17791.844123  x:  1.27926   0.03860   0.22820   0.16500   0.16847   0.07713   0.19101   0.06356   0.18192   0.12921   0.05453   0.07415   0.06664   0.05438   0.08353   0.07871   0.00000   0.04358   0.03551   0.02699   0.00000   0.28540   0.16749   0.21198   0.09187   0.20284   0.07537   0.13711   0.11554   0.08002   0.01596   0.06023   0.09862   0.07360   0.07626   0.09746   0.09199   0.02421   0.04621   1.65864   0.68202   0.97173   0.91551   0.65445  
  3 10890.1136  17663.984127  x:  1.28952   0.03241   0.24552   0.18586   0.18977   0.08627   0.20841   0.07045   0.19447   0.14414   0.05747   0.06990   0.06274   0.05306   0.08878   0.08331   0.00032   0.00845   0.03662   0.02255   0.00000   0.30046   0.18887   0.23026   0.10309   0.21607   0.08554   0.15242   0.12977   0.08684   0.01148   0.06094   0.10850   0.07937   0.08399   0.10153   0.09808   0.01751   0.04079   1.65604   0.68199   0.97207   0.91489   0.66167  
  4 4510.1930  17610.801077  x:  1.30109   0.02510   0.25939   0.19737   0.20115   0.09315   0.22131   0.06222   0.20493   0.15265   0.05235   0.06534   0.05914   0.03717   0.07793   0.08649   0.00049   0.01355   0.03303   0.01058   0.00000   0.31412   0.20293   0.24548   0.11291   0.22749   0.08970   0.16051   0.13351   0.08923   0.00000   0.06059   0.11286   0.07125   0.08324   0.10454   0.10231   0.00283   0.03524   1.65329   0.68235   0.97234   0.91334   0.66930  
  5 2702.9778  17579.946787  x:  1.31084   0.01885   0.27001   0.20495   0.20851   0.09830   0.23098   0.05311   0.21304   0.15839   0.04698   0.06145   0.05611   0.02353   0.06709   0.08867   0.00062   0.01580   0.02957   0.00352   0.00000   0.32498   0.21292   0.25722   0.12052   0.23645   0.09185   0.16576   0.13475   0.09063   0.00003   0.06026   0.11541   0.06269   0.08121   0.10680   0.10558   0.00912   0.03109   1.65101   0.68271   0.97255   0.91192   0.67558  
  6 6391.1702  17557.565283  x:  1.32021   0.01279   0.27952   0.21094   0.21422   0.10285   0.23954   0.04350   0.22039   0.16304   0.04154   0.05771   0.05328   0.01314   0.05660   0.09039   0.00075   0.01730   0.02637   0.01016   0.00000   0.33498   0.22134   0.26780   0.12736   0.24460   0.09307   0.16986   0.13485   0.09155   0.00338   0.05990   0.11720   0.05402   0.07858   0.10880   0.10842   0.00990   0.02724   1.64884   0.68307   0.97275   0.91048   0.68150  
  7 9040.8484  17525.777874  x:  1.33945   0.00000   0.29577   0.21719   0.21962   0.11029   0.25368   0.02180   0.23331   0.16868   0.03078   0.05035   0.04819   0.02967   0.03955   0.09188   0.00095   0.01887   0.02119   0.01333   0.00000   0.35337   0.23295   0.28596   0.13884   0.25920   0.09157   0.17381   0.12999   0.09119   0.00307   0.05885   0.11793   0.03711   0.07070   0.11207   0.11265   0.01209   0.02072   1.64449   0.68390   0.97313   0.90727   0.69295  
  8 3470.1588  17494.812642  x:  1.37688   0.00000   0.31667   0.21093   0.21094   0.11922   0.27130   0.00294   0.25157   0.16882   0.02928   0.04134   0.03999   0.03042   0.05937   0.08677   0.00082   0.01977   0.02566   0.01130   0.00000   0.38187   0.23697   0.30876   0.15072   0.28043   0.07530   0.16829   0.10835   0.08510   0.00912   0.05724   0.11164   0.04126   0.05465   0.11589   0.11572   0.01007   0.01611   1.63645   0.68557   0.97371   0.90036   0.71217  
  9 1211.8709  17465.383346  x:  1.42271   0.00000   0.33982   0.20004   0.19718   0.12924   0.29111   0.01521   0.27236   0.16762   0.03037   0.03208   0.03189   0.03087   0.06338   0.08113   0.00086   0.02037   0.02749   0.01523   0.00000   0.41483   0.23748   0.33312   0.16185   0.30464   0.05312   0.15961   0.08325   0.07712   0.00181   0.05493   0.10307   0.04336   0.04087   0.11975   0.11792   0.01401   0.01438   1.62680   0.68757   0.97432   0.89179   0.73453  
 10 3147.4292  17452.908486  x:  1.45331   0.00000   0.35219   0.19155   0.18741   0.13278   0.30087   0.02033   0.28318   0.16463   0.03617   0.02963   0.03041   0.03288   0.05634   0.07846   0.00098   0.02074   0.02682   0.01048   0.00000   0.43410   0.23359   0.34527   0.16599   0.31837   0.04083   0.15449   0.07705   0.07434   0.01338   0.05407   0.09879   0.04722   0.04760   0.12157   0.11811   0.00903   0.01760   1.62061   0.68862   0.97464   0.88618   0.74738  
 11 1987.7650  17429.220834  x:  1.51699   0.00000   0.37240   0.17391   0.16868   0.13352   0.31436   0.00884   0.29963   0.15461   0.04865   0.03082   0.03461   0.03228   0.04965   0.07394   0.00111   0.02041   0.02696   0.01472   0.00000   0.46916   0.21879   0.36326   0.16908   0.34254   0.02577   0.14625   0.08505   0.07224   0.00398   0.05256   0.09333   0.05840   0.07399   0.12363   0.11584   0.01319   0.02821   1.60822   0.69020   0.97518   0.87478   0.77002  
 12 1865.6406  17402.088098  x:  1.61892   0.00000   0.39461   0.15541   0.15299   0.12130   0.32413   0.01558   0.31335   0.13698   0.03664   0.03884   0.04918   0.03219   0.06397   0.07118   0.00100   0.02013   0.02598   0.01373   0.00000   0.51522   0.18437   0.37624   0.15887   0.37170   0.03182   0.14022   0.11705   0.07812   0.00604   0.05207   0.09343   0.03940   0.07802   0.12123   0.10914   0.01210   0.03440   1.58992   0.69098   0.97542   0.85745   0.79617  
 13 1154.7111  17367.753746  x:  1.78059   0.00000   0.41828   0.15541   0.16241   0.08247   0.32332   0.01472   0.31878   0.11981   0.03270   0.05259   0.06076   0.03326   0.04844   0.07825   0.00111   0.01968   0.02972   0.01308   0.00000   0.57629   0.13308   0.38125   0.12145   0.40180   0.04668   0.13909   0.13254   0.08670   0.00747   0.05583   0.10346   0.06719   0.04991   0.11349   0.09945   0.01152   0.02997   1.56315   0.68920   0.97459   0.83241   0.82287  
 14 1324.0081  17303.727610  x:  2.03764   0.00000   0.44721   0.17526   0.19380   0.00000   0.30863   0.01219   0.31225   0.11906   0.06037   0.06762   0.06417   0.03280   0.05266   0.08721   0.00099   0.01890   0.02210   0.01376   0.00000   0.66413   0.08681   0.38068   0.03463   0.43043   0.04325   0.14228   0.11505   0.09022   0.00585   0.05935   0.11342   0.05033   0.05346   0.10273   0.08969   0.01242   0.01865   1.52383   0.68229   0.97104   0.79717   0.84904  
 15 2043.6930  17303.727610  x:  2.03764   0.00000   0.44721   0.17526   0.19380   0.00000   0.30863   0.01219   0.31225   0.11906   0.06037   0.06762   0.06417   0.03280   0.05266   0.08721   0.00099   0.01890   0.02210   0.01376   0.00000   0.66413   0.08681   0.38068   0.03463   0.43043   0.04325   0.14228   0.11505   0.09022   0.00585   0.05935   0.11342   0.05033   0.05346   0.10273   0.08969   0.01242   0.01865   1.52383   0.68229   0.97104   0.79717   0.84904  
 16 2449.5463  16667.171726  x:  2.05583   0.00000   0.49693   0.27777   0.29420   0.03446   0.36491   0.14720   0.33490   0.20918   0.11062   0.06312   0.06970   0.17055   0.23592   0.11641   1.44844   0.29524   0.08632   0.11441   0.00000   0.69642   0.23314   0.43038   0.03302   0.44966   0.08987   0.22506   0.20883   0.12900   0.06760   0.06735   0.16279   0.18043   0.15557   0.12167   0.12234   0.11897   0.02251   1.52275   0.67381   0.96991   0.81059   0.84145  
 17 13898.4692  16343.161369  x:  2.09104   0.00000   0.56964   0.39050   0.40781   0.02399   0.43600   0.16833   0.36650   0.28085   0.13118   0.03267   0.04066   0.16647   0.26360   0.11583   1.42437   0.28050   0.06392   0.07682   0.00000   0.74106   0.35200   0.49245   0.05346   0.47504   0.14566   0.30512   0.28901   0.15386   0.03936   0.06269   0.20614   0.21241   0.18581   0.13499   0.15035   0.08052   0.00000   1.52185   0.66626   0.96804   0.83497   0.81854  
 18 1393.3592  16152.080378  x:  2.13246   0.00000   0.65165   0.51361   0.53203   0.01144   0.51525   0.19192   0.40187   0.35892   0.15312   0.00000   0.01061   0.16220   0.29488   0.11457   1.39661   0.26395   0.04141   0.03588   0.00000   0.79201   0.48186   0.56164   0.07223   0.50365   0.20272   0.39149   0.37534   0.18039   0.00871   0.05676   0.25251   0.24714   0.21820   0.14880   0.18141   0.04165   0.08524   1.52088   0.65860   0.96625   0.86230   0.79166  
 19 13130.2164  16102.103853  x:  2.16244   0.00000   0.68936   0.55138   0.57098   0.00000   0.54616   0.19986   0.41565   0.38155   0.16097   0.06104   0.07238   0.16557   0.30992   0.11005   1.37934   0.25825   0.06954   0.06017   0.00000   0.81924   0.52246   0.58917   0.05815   0.51632   0.20005   0.41128   0.39481   0.18500   0.02178   0.05225   0.25973   0.25437   0.22207   0.14697   0.18284   0.05084   0.09907   1.52047   0.66310   0.96780   0.87108   0.77462  
 20 1036.5536  16061.541375  x:  2.22226   0.00000   0.73865   0.56951   0.59089   0.00000   0.57656   0.19942   0.42755   0.38284   0.13958   0.04411   0.06620   0.16784   0.32659   0.09587   1.37244   0.25455   0.08489   0.07909   0.00000   0.86229   0.54427   0.61632   0.00000   0.53208   0.15111   0.40437   0.38680   0.17297   0.02851   0.04673   0.24662   0.25082   0.21088   0.13353   0.16505   0.07820   0.09792   1.51957   0.68060   0.97478   0.87609   0.74833  
 21 442.3891  16015.279016  x:  2.41331   0.00000   0.86979   0.57227   0.59774   0.00000   0.64669   0.12394   0.43687   0.35880   0.12918   0.05535   0.07595   0.17533   0.36639   0.06999   1.38457   0.26085   0.06259   0.05500   0.00000   0.99155   0.55320   0.66684   0.02271   0.58387   0.03611   0.36412   0.34530   0.14848   0.02689   0.07855   0.21322   0.23824   0.18918   0.12873   0.13956   0.02698   0.09646   1.51442   0.70321   0.99776   0.89015   0.71972  
 22 444.7749  15990.432773  x:  2.58853   0.00000   0.97343   0.55632   0.58495   0.00000   0.69926   0.02957   0.43631   0.33519   0.14099   0.06024   0.07016   0.17417   0.39072   0.06086   1.38734   0.26543   0.05237   0.04153   0.00000   1.10169   0.53824   0.69600   0.04443   0.63239   0.03022   0.34283   0.32296   0.15010   0.02229   0.09182   0.20239   0.22935   0.18665   0.14043   0.14713   0.09014   0.09449   1.51037   0.70705   1.01540   0.90460   0.72205  
 23 636.0004  15971.648572  x:  2.73293   0.00000   1.04175   0.52869   0.55913   0.00000   0.73023   0.00000   0.43352   0.32494   0.15335   0.05332   0.05533   0.16890   0.39838   0.06466   1.38755   0.26818   0.07684   0.07482   0.00000   1.18288   0.50527   0.70460   0.02991   0.67112   0.05396   0.33761   0.31790   0.16595   0.02436   0.08294   0.21120   0.22636   0.19594   0.14987   0.16196   0.06709   0.09414   1.50990   0.70320   1.02481   0.91303   0.74047  
 24 509.5185  15949.701323  x:  2.99404   0.00000   1.15366   0.47229   0.50521   0.00000   0.77671   0.06029   0.42964   0.31700   0.17968   0.05728   0.04617   0.16068   0.40331   0.07440   1.38424   0.27306   0.07751   0.07365   0.00000   1.32335   0.43405   0.71086   0.00765   0.73789   0.07791   0.33060   0.31230   0.19143   0.02196   0.06518   0.23031   0.22335   0.21314   0.16673   0.18981   0.05979   0.09155   1.51163   0.69408   1.03742   0.92389   0.77882  
 25 974.7151  15946.415654  x:  3.01772   0.00000   1.15715   0.46962   0.50253   0.00000   0.77472   0.05723   0.42775   0.31995   0.17876   0.05743   0.05051   0.16140   0.39953   0.07555   1.38544   0.27320   0.07356   0.06808   0.00000   1.33196   0.42670   0.70889   0.00000   0.73944   0.07911   0.33562   0.31714   0.19134   0.02144   0.06176   0.23365   0.22570   0.21408   0.16463   0.18929   0.05768   0.09146   1.51361   0.69481   1.03520   0.92240   0.77981  
 26 264.4000  15931.664055  x:  3.22758   0.00000   1.13877   0.48246   0.51327   0.00000   0.72189   0.06754   0.40619   0.37302   0.14989   0.04758   0.03457   0.16073   0.33928   0.08468   1.38612   0.26333   0.10452   0.09426   0.00000   1.37766   0.38244   0.68630   0.00000   0.71907   0.05244   0.37752   0.36153   0.17382   0.03515   0.07565   0.24756   0.24623   0.20842   0.13808   0.17050   0.07844   0.09252   1.54497   0.69309   0.99828   0.89708   0.76864  
 27 192.4496  15925.897435  x:  3.33217   0.00000   1.10695   0.49800   0.52808   0.00000   0.69278   0.07677   0.40486   0.37507   0.14362   0.03431   0.04900   0.16517   0.32493   0.09819   1.38787   0.26048   0.10317   0.11099   0.00000   1.38327   0.39195   0.68549   0.00000   0.69450   0.06535   0.36830   0.35494   0.16888   0.01112   0.05574   0.22816   0.23660   0.20598   0.14354   0.16419   0.07955   0.09296   1.56146   0.68171   0.98845   0.88716   0.75291  
 28 158.5742  15921.384931  x:  3.45879   0.00000   1.06428   0.51496   0.54466   0.00000   0.66105   0.08342   0.40746   0.36992   0.14403   0.02617   0.05328   0.16807   0.31410   0.11058   1.38811   0.25770   0.09137   0.11474   0.00000   1.38476   0.41017   0.68733   0.00000   0.66275   0.08377   0.35506   0.34484   0.17469   0.04161   0.04415   0.21276   0.22591   0.20470   0.15019   0.16465   0.07574   0.09366   1.57897   0.67107   0.97985   0.87689   0.73694  
 29 351.3839  15915.258626  x:  3.66747   0.00000   0.99421   0.52947   0.55965   0.00000   0.62186   0.08562   0.41610   0.35757   0.15555   0.05172   0.03665   0.16580   0.30684   0.11454   1.38961   0.25693   0.08616   0.10473   0.00000   1.37920   0.43566   0.68937   0.00000   0.61485   0.10325   0.34440   0.33294   0.17925   0.03240   0.07573   0.22426   0.22669   0.20580   0.14836   0.17357   0.06771   0.09424   1.59992   0.66865   0.97005   0.86477   0.72924  
 30 273.7656  15911.292004  x:  3.79188   0.00000   0.92791   0.53105   0.56215   0.00000   0.62846   0.08544   0.42883   0.34397   0.15673   0.04070   0.04421   0.16070   0.33224   0.09294   1.38424   0.26198   0.11050   0.09075   0.00000   1.33106   0.46504   0.68978   0.00000   0.58795   0.08862   0.34930   0.33056   0.17969   0.03233   0.06623   0.23711   0.23663   0.21121   0.14987   0.17681   0.06938   0.09407   1.59538   0.66387   0.98054   0.88142   0.76062  
 31 113.6119  15908.801081  x:  3.87115   0.00000   0.88783   0.52733   0.55890   0.00000   0.65575   0.08806   0.43221   0.34820   0.15368   0.04943   0.03438   0.16317   0.35945   0.08280   1.38011   0.26375   0.09484   0.10584   0.00000   1.26684   0.47750   0.68173   0.00000   0.59226   0.09352   0.36086   0.33783   0.17550   0.03241   0.05981   0.22702   0.23376   0.20519   0.14622   0.16965   0.07004   0.09481   1.58333   0.68885   0.99370   0.88782   0.76330  
 32 87.9239  15907.621907  x:  3.91644   0.00000   0.87957   0.52678   0.55803   0.00000   0.66875   0.08869   0.42882   0.35518   0.14969   0.04011   0.04442   0.16583   0.36493   0.08407   1.37890   0.26271   0.09086   0.10926   0.00000   1.22219   0.47715   0.67282   0.00000   0.60555   0.09576   0.36119   0.34077   0.17662   0.03298   0.07653   0.22684   0.23226   0.20493   0.14777   0.17213   0.07007   0.09485   1.57537   0.68459   1.00241   0.89625   0.75083  
 33 77.8683  15906.423379  x:  3.96072   0.00000   0.88701   0.53121   0.56161   0.00000   0.67488   0.08586   0.42240   0.36136   0.15582   0.04674   0.03737   0.16301   0.35714   0.08722   1.38077   0.26018   0.09978   0.09929   0.00000   1.16617   0.47709   0.66260   0.00000   0.62470   0.09140   0.35424   0.33962   0.17766   0.03229   0.06770   0.22645   0.23062   0.20905   0.15022   0.17279   0.06930   0.09458   1.56586   0.67700   1.00519   0.90180   0.73476  
 34 68.7250  15905.515334  x:  3.98844   0.00000   0.90909   0.53701   0.56663   0.00000   0.67194   0.08628   0.42086   0.35520   0.15613   0.04307   0.04152   0.16206   0.34320   0.08983   1.38159   0.26000   0.10033   0.09938   0.00000   1.12109   0.48715   0.65972   0.00000   0.63685   0.09126   0.34737   0.33411   0.17827   0.03253   0.06792   0.23069   0.23231   0.20809   0.15000   0.17575   0.06943   0.09480   1.55730   0.68903   0.99568   0.89157   0.74657  
 35 43.3759  15904.842505  x:  4.00503   0.00000   0.93056   0.53429   0.56400   0.00000   0.66546   0.08618   0.42433   0.34926   0.15114   0.04748   0.03882   0.16460   0.33900   0.09306   1.38084   0.26168   0.09267   0.10433   0.00000   1.09789   0.49763   0.66110   0.00000   0.63553   0.09074   0.35426   0.33579   0.17565   0.03295   0.06868   0.22865   0.23394   0.20443   0.14614   0.16955   0.06969   0.09512   1.55501   0.67292   0.99249   0.89158   0.75774  
 36 28.8135  15902.993682  x:  4.02512   0.00000   0.97501   0.51221   0.54372   0.00000   0.65253   0.08732   0.43718   0.34934   0.15465   0.04391   0.03935   0.16387   0.35362   0.08940   1.37615   0.26548   0.10122   0.10056   0.00000   1.06873   0.51756   0.66520   0.00000   0.60743   0.08979   0.37521   0.34395   0.17507   0.03238   0.07242   0.21708   0.22970   0.20990   0.15721   0.17392   0.06954   0.09504   1.56432   0.67589   0.98412   0.88207   0.74163  
 37 20.5898  15898.210229  x:  4.05036   0.00000   1.03030   0.50468   0.53825   0.00000   0.65322   0.08915   0.44030   0.37067   0.15678   0.03900   0.04186   0.16072   0.38399   0.06564   1.36946   0.26127   0.09461   0.10654   0.00000   1.05085   0.52818   0.66397   0.00000   0.56174   0.10121   0.35181   0.33559   0.18238   0.03135   0.06127   0.25332   0.23106   0.20228   0.12380   0.17132   0.07011   0.09548   1.58449   0.67777   0.99216   0.88735   0.72119  
 38 26.7210  15878.430336  x:  4.21620   0.00000   1.15785   0.54823   0.58575   0.00000   0.67788   0.07711   0.41102   0.43151   0.11664   0.05542   0.03548   0.17404   0.45594   0.07618   1.34111   0.23897   0.08070   0.09414   0.00000   1.08277   0.49586   0.64328   0.00000   0.49011   0.10110   0.31262   0.35063   0.16255   0.03462   0.05694   0.27319   0.27444   0.21556   0.19871   0.15514   0.06540   0.09798   1.64224   0.70410   1.02950   0.91674   0.75620  
 39 63.1631  15813.044831  x:  4.72448   0.00000   1.39422   0.67854   0.72686   0.00000   0.75552   0.04939   0.37049   0.46414   0.23631   0.03690   0.05529   0.17851   0.50287   0.01793   1.26884   0.24632   0.07723   0.04304   0.00000   1.27166   0.46166   0.63833   0.00000   0.52967   0.06567   0.40131   0.41278   0.18402   0.02351   0.07485   0.16759   0.25965   0.16695   0.14239   0.19646   0.04943   0.10420   1.76921   0.74050   1.10677   0.98554   0.81846  
 40 187.1384  15752.999658  x:  5.03325   0.00000   1.48933   0.72050   0.77847   0.00000   0.82176   0.02645   0.41085   0.42310   0.24396   0.03612   0.06044   0.15691   0.51671   0.07409   1.21181   0.26665   0.04519   0.04640   0.00000   1.41344   0.51157   0.68495   0.00000   0.63554   0.00000   0.46710   0.43578   0.18765   0.01779   0.06032   0.23600   0.24009   0.23348   0.13003   0.19405   0.05544   0.10883   1.81443   0.76359   1.12677   1.00335   0.77640  
 41 400.1471  15728.273284  x:  5.17321   0.00000   1.52690   0.72910   0.79146   0.00000   0.86656   0.02694   0.43956   0.39792   0.19873   0.04339   0.06049   0.16172   0.50544   0.06066   1.18896   0.27418   0.06737   0.01345   0.00000   1.48661   0.54995   0.72157   0.00000   0.70124   0.02745   0.48597   0.44071   0.16660   0.02134   0.06151   0.25585   0.24802   0.23696   0.12754   0.16406   0.04916   0.11163   1.81338   0.77029   1.12569   1.00236   0.74129  
 42 579.4149  15715.847967  x:  5.25038   0.00000   1.54151   0.72717   0.79141   0.00000   0.88912   0.02425   0.45482   0.39058   0.18546   0.04842   0.06057   0.16654   0.47618   0.00655   1.17770   0.27392   0.05109   0.02088   0.00000   1.52908   0.57120   0.74560   0.00000   0.73274   0.02667   0.48899   0.44868   0.16140   0.02060   0.05232   0.26648   0.28724   0.23524   0.15608   0.17369   0.04733   0.11283   1.79283   0.76239   1.11196   1.00111   0.71005  
 43 368.7003  15704.944372  x:  5.32808   0.00000   1.54471   0.70628   0.77151   0.00000   0.93292   0.01450   0.46933   0.41918   0.18237   0.05026   0.05895   0.18139   0.45734   0.03439   1.16607   0.25535   0.04887   0.01637   0.00000   1.57888   0.60682   0.78616   0.00000   0.74050   0.01200   0.47079   0.46324   0.18180   0.01595   0.03807   0.25739   0.36575   0.18003   0.15959   0.20944   0.04687   0.11293   1.71378   0.74851   1.07665   0.98211   0.68358  
 44 183.9441  15699.848614  x:  5.37336   0.00000   1.54802   0.69829   0.76047   0.00000   0.96216   0.01028   0.45873   0.45389   0.21319   0.04191   0.06536   0.17197   0.44300   0.03629   1.16023   0.24612   0.04311   0.01647   0.00000   1.61099   0.61945   0.81169   0.00000   0.71861   0.01366   0.45210   0.47636   0.16843   0.01805   0.04656   0.24130   0.38026   0.21560   0.14902   0.18082   0.04685   0.11377   1.61710   0.73294   1.05298   0.95290   0.68278  
 45 97.8665  15697.632484  x:  5.39233   0.00000   1.55479   0.71085   0.76660   0.00000   0.96911   0.01164   0.44146   0.45030   0.20323   0.04521   0.06300   0.18189   0.44371   0.03128   1.15660   0.26098   0.04418   0.01529   0.00000   1.62587   0.60907   0.81835   0.00000   0.69100   0.01071   0.45986   0.48707   0.17427   0.01599   0.04486   0.25557   0.34040   0.20813   0.15628   0.18917   0.04602   0.11410   1.53873   0.72700   1.03639   0.94772   0.67526  
 46 47.1456  15696.810858  x:  5.39735   0.00000   1.56010   0.72163   0.77175   0.00000   0.96247   0.01486   0.44776   0.43435   0.20342   0.04413   0.06454   0.16562   0.45011   0.03458   1.15718   0.25516   0.04415   0.01721   0.00000   1.62879   0.59743   0.81885   0.00000   0.68313   0.01497   0.46773   0.48755   0.16521   0.01695   0.04427   0.25685   0.34625   0.20285   0.15471   0.19134   0.04529   0.11418   1.51109   0.72951   1.04083   0.95205   0.66578  
 47 22.0977  15695.465648  x:  5.40550   0.00000   1.56534   0.73596   0.77441   0.00000   0.94653   0.01657   0.46671   0.42590   0.19623   0.04467   0.06295   0.17639   0.45793   0.03247   1.15402   0.24183   0.04654   0.01805   0.00000   1.63128   0.58498   0.82259   0.00000   0.68281   0.01567   0.47504   0.48236   0.19100   0.01366   0.04561   0.25089   0.35492   0.21358   0.14869   0.18327   0.04595   0.11434   1.48539   0.73500   1.05286   0.95174   0.65980  
 48 22.5360  15687.285825  x:  5.48352   0.00000   1.57607   0.77570   0.74828   0.00000   0.88597   0.01095   0.53140   0.50025   0.18865   0.04231   0.05684   0.21750   0.48114   0.03530   1.12369   0.25720   0.05053   0.02267   0.00000   1.65237   0.58061   0.87446   0.00000   0.72958   0.02394   0.47971   0.45226   0.15570   0.01719   0.04395   0.25127   0.33478   0.22445   0.13589   0.20876   0.04398   0.11448   1.45259   0.74514   1.05044   0.97507   0.67158  
 49 22.2082  15670.721411  x:  5.64198   0.00000   1.59049   0.82378   0.69705   0.00000   0.86655   0.00334   0.54018   0.59163   0.15872   0.03925   0.06249   0.14223   0.48903   0.03511   1.08653   0.28211   0.05316   0.02780   0.00000   1.69328   0.61374   0.96773   0.00000   0.79323   0.02455   0.48367   0.46323   0.20422   0.00958   0.05032   0.26475   0.28422   0.17707   0.16387   0.16590   0.04242   0.11669   1.46710   0.73790   1.05114   0.94456   0.69035  
 50 84.2834  15634.754598  x:  5.98070   0.00000   1.63428   0.89028   0.63258   0.00000   1.03641   0.02044   0.38600   0.54046   0.11877   0.03045   0.05390   0.21376   0.45551   0.07370   0.98842   0.24468   0.08123   0.04966   0.00000   1.77459   0.71566   1.11275   0.00000   0.82475   0.02581   0.48223   0.56009   0.19476   0.00484   0.05419   0.28189   0.25432   0.19875   0.12181   0.16206   0.03933   0.12012   1.59254   0.71003   0.98859   0.87435   0.66953  
 51 119.2289  15628.320189  x:  6.04246   0.00000   1.64843   0.86540   0.67257   0.00000   1.12043   0.01816   0.44109   0.54087   0.12566   0.02569   0.05383   0.22315   0.39777   0.09409   0.96890   0.28178   0.08436   0.05406   0.00000   1.79454   0.72532   1.06882   0.00000   0.79406   0.02820   0.48806   0.55052   0.20552   0.00413   0.06025   0.28233   0.24866   0.19381   0.12622   0.13402   0.03970   0.12078   1.61528   0.71351   0.95156   0.89658   0.66372  
 52 73.7779  15624.780428  x:  6.07715   0.00000   1.65735   0.83686   0.71095   0.00000   1.17032   0.01399   0.47614   0.55250   0.10771   0.02893   0.05325   0.21816   0.35983   0.10064   0.96148   0.29437   0.08556   0.05437   0.00000   1.81006   0.74156   1.02470   0.00000   0.77584   0.02692   0.49775   0.53602   0.20109   0.00392   0.05900   0.27783   0.23870   0.20011   0.12057   0.15134   0.03901   0.12106   1.62231   0.70418   0.97263   0.86721   0.66608  
 53 116.1851  15621.824400  x:  6.11048   0.00000   1.66500   0.77329   0.77082   0.00000   1.17428   0.01283   0.47054   0.56471   0.11973   0.02469   0.05418   0.23047   0.36228   0.10029   0.95700   0.25969   0.08817   0.05561   0.00000   1.83884   0.79313   0.94298   0.00000   0.78958   0.02486   0.52414   0.50470   0.19305   0.00561   0.05818   0.29461   0.22858   0.18436   0.13358   0.13846   0.03927   0.12164   1.61137   0.69906   0.97342   0.85326   0.66671  
 54 47.8095  15619.594998  x:  6.13587   0.00000   1.67234   0.71962   0.81991   0.00000   1.16537   0.01283   0.45215   0.57339   0.10145   0.02808   0.05430   0.21736   0.37353   0.09786   0.94975   0.25222   0.08722   0.05565   0.00000   1.86417   0.84295   0.87124   0.00000   0.80514   0.02527   0.53020   0.48996   0.19944   0.00486   0.05911   0.28553   0.22949   0.19435   0.12526   0.14478   0.03833   0.12194   1.59873   0.70122   0.95471   0.86747   0.66716  
 55 99.1784  15617.975736  x:  6.15490   0.00000   1.68007   0.68565   0.85389   0.00000   1.14398   0.01460   0.44117   0.56911   0.10462   0.02589   0.05300   0.22299   0.38548   0.09972   0.93180   0.28833   0.09044   0.05708   0.00000   1.88476   0.88511   0.81074   0.00000   0.82217   0.02512   0.51328   0.51258   0.19936   0.00492   0.05913   0.28436   0.24423   0.19328   0.12227   0.13848   0.03912   0.12241   1.58470   0.70524   0.96869   0.86438   0.66078  
 56 54.4031  15616.869072  x:  6.17015   0.00000   1.68491   0.67910   0.85273   0.00000   1.13468   0.01322   0.45854   0.56459   0.10424   0.02620   0.05323   0.22295   0.38075   0.09854   0.93077   0.27088   0.09139   0.05709   0.00000   1.89723   0.91167   0.77478   0.00000   0.82918   0.02201   0.48761   0.55449   0.19603   0.00397   0.06055   0.28362   0.22862   0.19100   0.12188   0.14028   0.03937   0.12256   1.57915   0.71107   0.97574   0.87542   0.66431  
 57 21.4225  15600.881591  x:  6.42192   0.00000   1.75389   0.94200   0.59506   0.00000   1.17164   0.00669   0.45762   0.57109   0.10629   0.02288   0.05376   0.21482   0.34584   0.11063   0.83733   0.26939   0.09353   0.05724   0.00000   2.01729   1.12994   0.45372   0.00000   0.83847   0.01024   0.52415   0.51688   0.18851   0.00720   0.05950   0.28459   0.24841   0.19958   0.12366   0.13999   0.04206   0.12292   1.56250   0.72744   1.00570   0.90394   0.64690  
 58 12.5516  15577.717663  x:  6.65951   0.00000   1.79644   1.01011   0.61118   0.00000   1.19639   0.00000   0.50646   0.56189   0.11391   0.01607   0.05252   0.20140   0.41585   0.10001   0.74354   0.26544   0.09423   0.05677   0.00000   2.05651   1.13610   0.41020   0.00000   0.87655   0.00051   0.52143   0.53586   0.18261   0.00796   0.05800   0.28373   0.25799   0.20862   0.11881   0.15040   0.04437   0.12156   1.59002   0.68593   0.93855   0.84420   0.63730  
 59 34.6830  15575.049066  x:  6.68064   0.00000   1.80062   1.01135   0.61415   0.00000   1.19681   0.00000   0.50677   0.56206   0.11449   0.01546   0.05247   0.20073   0.41503   0.10070   0.73572   0.26497   0.09431   0.05686   0.00000   2.05951   1.13851   0.41295   0.00000   0.87737   0.00000   0.52274   0.53654   0.18239   0.00803   0.05783   0.28394   0.25873   0.20950   0.11876   0.15086   0.04454   0.12146   1.59130   0.68675   0.94009   0.84576   0.63631  
 60 220.9267  15575.049066  x:  6.68064   0.00000   1.80062   1.01135   0.61415   0.00000   1.19681   0.00000   0.50677   0.56206   0.11449   0.01546   0.05247   0.20073   0.41503   0.10070   0.73572   0.26497   0.09431   0.05686   0.00000   2.05951   1.13851   0.41295   0.00000   0.87737   0.00000   0.52274   0.53654   0.18239   0.00803   0.05783   0.28394   0.25873   0.20950   0.11876   0.15086   0.04454   0.12146   1.59130   0.68675   0.94009   0.84576   0.63631  
 61  6.1823  15522.240875  x:  6.68284   0.00000   1.80027   1.01679   0.63646   0.00000   1.18411   0.00000   0.50307   0.54959   0.15546   0.02253   0.01123   0.17039   0.39567   0.09344   0.62376   0.23813   0.04464   0.03452   0.00000   2.05682   1.14336   0.43974   0.00000   0.86752   0.00634   0.52136   0.53242   0.18673   0.02689   0.05257   0.28174   0.26214   0.21971   0.14293   0.17484   0.05207   0.00000   1.59548   0.67538   0.95840   0.87212   0.63874  
 62 443.4681  15513.843497  x:  6.68367   0.00000   1.80013   1.01880   0.64482   0.00000   1.17932   0.00000   0.50170   0.54492   0.16923   0.02433   0.00140   0.15996   0.38860   0.09128   0.58134   0.22854   0.03001   0.02975   0.00000   2.05577   1.14513   0.44976   0.00000   0.86382   0.00831   0.52082   0.53080   0.18803   0.03188   0.05055   0.28089   0.26336   0.22326   0.15106   0.18352   0.05658   0.00427   1.59707   0.67176   0.96501   0.88152   0.63959  
 63 732.1782  15484.683999  x:  6.68685   0.00000   1.79950   1.02620   0.67621   0.00000   1.16118   0.00000   0.49657   0.52755   0.21347   0.02836   0.03339   0.12801   0.36379   0.08652   0.41945   0.19568   0.01006   0.03466   0.00000   2.05168   1.15154   0.48722   0.00000   0.84990   0.01353   0.51864   0.52440   0.19130   0.04071   0.04321   0.27782   0.26758   0.23498   0.17682   0.21178   0.06966   0.00663   1.60306   0.66194   0.98847   0.91405   0.64308  
 64 1953.6982  15443.072683  x:  6.69189   0.00000   1.79845   1.03772   0.72558   0.00000   1.13253   0.00000   0.48863   0.50041   0.27986   0.03136   0.05036   0.07959   0.32454   0.08123   0.16330   0.14590   0.03914   0.04182   0.00000   2.04511   1.16143   0.54604   0.00000   0.82798   0.02115   0.51520   0.51428   0.19598   0.05270   0.03250   0.27317   0.27399   0.25257   0.21531   0.25444   0.08740   0.00880   1.61255   0.64907   1.02454   0.96344   0.64843  
 65 5974.3263  15423.768939  x:  6.69424   0.00000   1.79755   1.04163   0.74595   0.00000   1.11997   0.00000   0.48616   0.49054   0.28736   0.01788   0.04634   0.09880   0.31179   0.09840   0.05523   0.14538   0.03605   0.04853   0.00000   2.04148   1.16421   0.56974   0.00000   0.81889   0.01918   0.51353   0.50965   0.19407   0.04022   0.03495   0.27247   0.27494   0.25374   0.21701   0.25953   0.07929   0.00849   1.61683   0.66193   1.03369   0.97177   0.65022  
 66 864.3117  15421.617412  x:  6.69673   0.00000   1.79635   1.04440   0.76486   0.00000   1.10804   0.00000   0.48488   0.48423   0.28670   0.02033   0.04934   0.08742   0.30462   0.10633   0.05123   0.15449   0.03677   0.03425   0.00000   2.03729   1.16547   0.59133   0.00000   0.81092   0.01857   0.51252   0.50606   0.19350   0.03035   0.03560   0.27257   0.27448   0.25189   0.21211   0.25721   0.07391   0.00893   1.62130   0.67333   1.04062   0.97517   0.65141  
 67 100.0324  15418.200746  x:  6.70321   0.00000   1.79312   1.05106   0.81288   0.00000   1.07787   0.00000   0.48207   0.46891   0.28753   0.02369   0.04459   0.07608   0.28915   0.11180   0.05722   0.16533   0.03420   0.05149   0.00000   2.02629   1.16806   0.64613   0.00000   0.79111   0.01946   0.51033   0.49786   0.19478   0.01954   0.03686   0.27295   0.27366   0.24869   0.20307   0.25331   0.06836   0.00855   1.63260   0.69208   1.05941   0.98723   0.65417  
 68 219.2381  15413.296759  x:  6.71474   0.00000   1.78699   1.06076   0.89387   0.00000   1.02729   0.00000   0.47884   0.44648   0.28736   0.02460   0.04689   0.10231   0.27221   0.10332   0.07088   0.16855   0.03675   0.04510   0.00000   2.00629   1.17012   0.73824   0.00000   0.75911   0.02327   0.50748   0.48611   0.20007   0.02770   0.03840   0.27391   0.27253   0.24481   0.19115   0.24712   0.07077   0.00906   1.65162   0.70922   1.09026   1.00978   0.65770  
 69 338.1758  15411.146765  x:  6.72276   0.00000   1.78103   1.05941   0.93371   0.00000   1.00399   0.00000   0.48288   0.45003   0.26595   0.00885   0.04637   0.09621   0.29281   0.09977   0.07023   0.15682   0.03560   0.04337   0.00000   1.99047   1.16217   0.78227   0.00000   0.74907   0.02523   0.50837   0.48519   0.19738   0.03000   0.03526   0.27442   0.27164   0.24270   0.18479   0.23540   0.07256   0.00874   1.66120   0.70344   1.09320   1.01155   0.65488  
 70 106.6156  15409.299718  x:  6.73058   0.00000   1.77471   1.05547   0.96690   0.00000   0.98586   0.01981   0.48791   0.45898   0.24726   0.02378   0.04509   0.09553   0.31328   0.10037   0.06647   0.15069   0.03512   0.04395   0.00000   1.97453   1.15148   0.81856   0.00000   0.74335   0.02735   0.50986   0.48636   0.19458   0.03175   0.03706   0.27484   0.27159   0.24200   0.18244   0.22649   0.07318   0.00868   1.66894   0.69638   1.09013   1.00916   0.65218  
 71 209.7004  15407.767280  x:  6.74510   0.00000   1.76050   1.04026   1.00987   0.00000   0.96574   0.00690   0.49051   0.47357   0.23338   0.02796   0.04527   0.09606   0.32614   0.10387   0.06533   0.16204   0.03549   0.04491   0.00000   1.94303   1.12338   0.86484   0.00000   0.74051   0.03981   0.51549   0.49393   0.19326   0.03435   0.04078   0.27391   0.27400   0.24796   0.19769   0.23249   0.07432   0.00874   1.67723   0.68449   1.06982   0.99917   0.64957  
 72 76.9176  15406.122824  x:  6.76242   0.00000   1.74224   1.01569   1.04366   0.00000   0.95682   0.01601   0.49260   0.48870   0.23686   0.02174   0.04594   0.09908   0.31631   0.10077   0.06829   0.16642   0.03584   0.04468   0.00000   1.90481   1.08351   0.90078   0.00000   0.74512   0.03101   0.51904   0.50203   0.19370   0.02875   0.02975   0.27158   0.27542   0.25340   0.21361   0.24796   0.07190   0.00883   1.68095   0.68017   1.04237   0.97834   0.65071  
 73 107.1369  15405.132521  x:  6.77654   0.00000   1.72748   0.99488   1.06605   0.00000   0.95418   0.01706   0.49283   0.49542   0.24107   0.01834   0.04677   0.09803   0.30716   0.10155   0.06955   0.15909   0.03595   0.04426   0.00000   1.87431   1.05079   0.92488   0.00000   0.74930   0.02382   0.52036   0.50635   0.19564   0.02862   0.04511   0.27308   0.27524   0.25156   0.21218   0.25192   0.07136   0.00897   1.68196   0.67624   1.02987   0.96245   0.65265  
 74 133.0161  15403.530899  x:  6.80295   0.00000   1.70079   0.95636   1.10187   0.00000   0.95487   0.00640   0.49121   0.49921   0.24652   0.02451   0.04660   0.09861   0.29801   0.10484   0.06787   0.14742   0.03566   0.04435   0.00000   1.81922   0.99128   0.96432   0.00000   0.75640   0.02549   0.52183   0.51133   0.19704   0.02743   0.03682   0.27495   0.27084   0.24196   0.19142   0.24195   0.07257   0.00907   1.68159   0.66563   1.02221   0.94296   0.65555  
 75 139.3775  15402.254616  x:  6.82695   0.00000   1.67799   0.92020   1.11736   0.00000   0.96972   0.01451   0.48917   0.49358   0.25500   0.01961   0.04747   0.09636   0.29515   0.09930   0.06492   0.16516   0.03593   0.04526   0.00000   1.77281   0.93872   0.98318   0.00000   0.76566   0.03262   0.52051   0.51168   0.19776   0.03394   0.03815   0.27624   0.26983   0.23870   0.17850   0.23297   0.07277   0.00941   1.67570   0.65992   1.02330   0.94641   0.65815  
 76 104.8445  15400.743593  x:  6.86146   0.00000   1.64868   0.87477   1.13302   0.00000   0.99075   0.01664   0.48600   0.47866   0.25880   0.01876   0.04772   0.10023   0.30949   0.10848   0.06935   0.16038   0.03656   0.04470   0.00000   1.71280   0.87463   1.00584   0.00000   0.77171   0.03368   0.51580   0.50469   0.19218   0.02567   0.03989   0.27421   0.27391   0.24648   0.18603   0.22782   0.07184   0.00971   1.66624   0.67017   1.03222   0.97107   0.65844  
 77 97.6070  15400.301653  x:  6.87481   0.00000   1.63991   0.86249   1.13654   0.00000   0.99529   0.01281   0.48596   0.47596   0.24907   0.02200   0.04772   0.09890   0.31440   0.10068   0.06773   0.15972   0.03636   0.04497   0.00000   1.69446   0.85847   1.01297   0.00000   0.77024   0.02965   0.51459   0.50155   0.19333   0.02929   0.03931   0.27362   0.27410   0.24705   0.18958   0.22840   0.06807   0.00993   1.66292   0.68154   1.03928   0.97179   0.65918  
 78 60.6566  15399.876322  x:  6.89243   0.00000   1.63316   0.85468   1.13242   0.00000   1.00007   0.01426   0.48749   0.47734   0.23359   0.02205   0.04786   0.09853   0.30985   0.10542   0.06764   0.16115   0.03634   0.04519   0.00000   1.67957   0.85145   1.01463   0.00000   0.76609   0.02896   0.51497   0.49889   0.19726   0.03065   0.03803   0.27390   0.27257   0.24454   0.19414   0.23592   0.07567   0.00956   1.65780   0.68296   1.05298   0.97016   0.66288  
 79 31.5002  15399.389798  x:  6.91700   0.00000   1.62731   0.85109   1.12426   0.00000   1.00229   0.01551   0.48997   0.48193   0.22179   0.02240   0.04793   0.09977   0.30259   0.10133   0.06812   0.15875   0.03613   0.04448   0.00000   1.66556   0.85245   1.01485   0.00000   0.75926   0.03508   0.51722   0.49761   0.19776   0.02377   0.03930   0.27498   0.27065   0.24090   0.19461   0.24248   0.06756   0.00985   1.65295   0.67771   1.05891   0.97504   0.66395  
 80 33.6498  15397.309137  x:  7.03788   0.00000   1.60579   0.85058   1.08359   0.00000   0.99747   0.01693   0.50073   0.50241   0.20472   0.02210   0.05032   0.09885   0.28969   0.11053   0.06834   0.15621   0.03661   0.04569   0.00000   1.61134   0.87922   1.01324   0.00000   0.72579   0.03704   0.52580   0.49574   0.19416   0.03625   0.03707   0.27829   0.26519   0.23228   0.18090   0.24293   0.06357   0.01077   1.63752   0.68803   1.03966   0.99566   0.65618  
 81 51.2003  15394.535882  x:  7.19774   0.00000   1.58071   0.85759   1.03587   0.00000   0.98429   0.01419   0.50942   0.51942   0.20325   0.02273   0.05121   0.10228   0.29606   0.09912   0.06687   0.16369   0.03720   0.04569   0.00000   1.54673   0.91832   1.01129   0.00000   0.69144   0.03277   0.53285   0.49522   0.18614   0.01796   0.04173   0.27888   0.26563   0.23271   0.16978   0.22873   0.08200   0.01076   1.62196   0.69234   1.03337   0.99223   0.65503  
 82 177.3279  15390.378596  x:  7.44102   0.00000   1.54809   0.87734   0.96765   0.00000   0.96343   0.01745   0.51420   0.52745   0.21760   0.01761   0.05569   0.10655   0.31695   0.11208   0.06997   0.17214   0.03931   0.04733   0.00000   1.46079   0.97888   1.00108   0.00000   0.66167   0.03108   0.53747   0.49876   0.18872   0.02068   0.04174   0.27542   0.27183   0.24329   0.16896   0.20558   0.05939   0.01380   1.60393   0.68581   1.04756   0.95892   0.66430  
 83 273.5593  15386.474934  x:  7.68564   0.00000   1.53123   0.91699   0.92556   0.00000   0.94886   0.02971   0.49662   0.48754   0.19776   0.01549   0.05932   0.10890   0.32214   0.11339   0.07097   0.16708   0.04043   0.04769   0.00000   1.41349   1.02428   0.97080   0.00000   0.71003   0.06202   0.52577   0.50794   0.20421   0.01370   0.04349   0.27400   0.27130   0.23313   0.16694   0.20252   0.06142   0.01512   1.61287   0.70406   1.02827   0.93383   0.66271  
 84 112.0953  15383.119064  x:  7.88678   0.00000   1.52306   0.95324   0.91631   0.00000   0.93555   0.02236   0.48279   0.45645   0.16602   0.02114   0.06087   0.11092   0.32572   0.11577   0.07033   0.17735   0.04094   0.04867   0.00000   1.39159   1.04674   0.94886   0.00000   0.75696   0.03063   0.50995   0.50774   0.19757   0.01215   0.04315   0.27607   0.26808   0.22435   0.15955   0.20084   0.05666   0.01623   1.63101   0.68225   1.01625   0.93599   0.65890  
 85 192.0308  15379.760829  x:  8.09943   0.00000   1.54046   0.99027   0.95134   0.00000   0.96085   0.01580   0.49410   0.49230   0.15427   0.01929   0.06401   0.11418   0.32267   0.11794   0.07190   0.17975   0.04210   0.04981   0.00000   1.43843   1.03067   0.91239   0.00000   0.79356   0.03080   0.51758   0.49699   0.15668   0.01668   0.04460   0.28501   0.26025   0.23295   0.14904   0.19398   0.05399   0.01769   1.65822   0.69709   1.03007   0.93429   0.67357  
 86 70.0262  15376.840877  x:  8.29276   0.00000   1.56366   1.01446   0.99148   0.00000   0.99102   0.00789   0.50915   0.53037   0.15047   0.01747   0.06650   0.11785   0.33142   0.12090   0.07219   0.18489   0.04324   0.05053   0.00000   1.50362   1.00317   0.87852   0.00000   0.80516   0.02166   0.52690   0.48816   0.19322   0.00657   0.04521   0.28356   0.26034   0.22785   0.14104   0.18148   0.05046   0.01903   1.68229   0.70541   1.03719   0.94146   0.66393  
 87 160.1635  15375.140797  x:  8.40668   0.00000   1.58764   1.00173   1.00738   0.00000   1.01012   0.01011   0.50784   0.51367   0.14695   0.01718   0.06813   0.11948   0.33615   0.12272   0.07288   0.18772   0.04393   0.05112   0.00000   1.57517   0.97606   0.86002   0.00000   0.77006   0.02217   0.52319   0.49927   0.18189   0.00652   0.04626   0.27077   0.27218   0.20220   0.14388   0.18282   0.04884   0.01972   1.68107   0.70258   1.03115   0.92541   0.64561  
 88 58.5591  15374.085696  x:  8.48060   0.00000   1.60733   0.98028   1.01200   0.00000   1.01617   0.01209   0.50216   0.49391   0.13560   0.01844   0.06865   0.11956   0.33597   0.12300   0.07246   0.18722   0.04396   0.05120   0.00000   1.63271   0.95740   0.85278   0.00000   0.74274   0.02263   0.51841   0.50810   0.18541   0.00515   0.04614   0.27740   0.26673   0.21826   0.13863   0.17885   0.04825   0.02010   1.67131   0.69806   1.01572   0.91756   0.65958  
 89 73.6593  15373.668492  x:  8.51401   0.00000   1.61949   0.95058   1.00234   0.00000   0.99918   0.01233   0.49723   0.49582   0.13842   0.01788   0.06908   0.12039   0.34122   0.12380   0.07279   0.18899   0.04430   0.05141   0.00000   1.66569   0.95270   0.86056   0.00000   0.74958   0.02237   0.51788   0.50180   0.18474   0.00418   0.04624   0.28694   0.25224   0.21597   0.13839   0.18280   0.04741   0.02030   1.66044   0.69943   1.01764   0.91619   0.65313  
 90 22.0990  15373.392155  x:  8.53868   0.00000   1.62982   0.92503   0.99281   0.00000   0.98363   0.01161   0.49620   0.50067   0.13570   0.01774   0.06921   0.12046   0.33717   0.12370   0.07263   0.18888   0.04428   0.05145   0.00000   1.68970   0.95097   0.86942   0.00000   0.76089   0.02220   0.51841   0.49720   0.18447   0.00463   0.04639   0.28124   0.26164   0.21450   0.13960   0.17590   0.04742   0.02043   1.65224   0.70032   1.01840   0.91868   0.65583  
 91 31.5571  15373.360448  x:  8.54329   0.00000   1.63223   0.92177   0.99147   0.00000   0.98287   0.01125   0.49862   0.50055   0.13581   0.01779   0.06919   0.12057   0.33849   0.12386   0.07269   0.18902   0.04430   0.05147   0.00000   1.69158   0.95137   0.87129   0.00000   0.76247   0.02197   0.51833   0.49872   0.18452   0.00460   0.04639   0.27914   0.26362   0.21605   0.13591   0.17942   0.04738   0.02040   1.65307   0.70077   1.01913   0.91896   0.65585  
 92  7.8107  15373.277069  x:  8.56251   0.00000   1.64311   0.91387   0.98760   0.00000   0.98667   0.01011   0.50909   0.49814   0.13581   0.01791   0.06914   0.12083   0.33708   0.12394   0.07257   0.18923   0.04432   0.05151   0.00000   1.69256   0.95408   0.87744   0.00000   0.76551   0.02068   0.51793   0.50740   0.18428   0.00460   0.04669   0.27890   0.26069   0.21688   0.13756   0.17708   0.04744   0.02040   1.66160   0.70142   1.02079   0.91966   0.65457  
 93  5.9659  15373.107127  x:  8.60955   0.00000   1.66799   0.90500   0.98287   0.00000   0.99737   0.00919   0.50534   0.49865   0.13780   0.01783   0.06884   0.12145   0.34066   0.12428   0.07236   0.19002   0.04441   0.05161   0.00000   1.69025   0.95831   0.88550   0.00000   0.76603   0.01891   0.51924   0.50635   0.18495   0.00505   0.04593   0.28544   0.26404   0.21053   0.13849   0.17906   0.04742   0.02036   1.67493   0.70147   1.01815   0.91987   0.66202  
 94 10.0551  15372.837905  x:  8.68727   0.00000   1.70495   0.89615   0.97765   0.00000   1.01080   0.00934   0.49209   0.50054   0.13721   0.01766   0.06838   0.12221   0.33759   0.12467   0.07191   0.19061   0.04438   0.05173   0.00000   1.68562   0.96140   0.89157   0.00000   0.76568   0.01865   0.52006   0.49799   0.18465   0.00668   0.04626   0.28310   0.26453   0.21853   0.13728   0.17802   0.04800   0.02021   1.68864   0.69961   1.01665   0.91568   0.65332  
 95 34.6638  15372.420173  x:  8.81344   0.00000   1.74666   0.89947   0.98171   0.00000   1.00935   0.00824   0.49248   0.50147   0.14081   0.01734   0.06755   0.12352   0.33914   0.12529   0.07124   0.19202   0.04448   0.05194   0.00000   1.68024   0.95503   0.88531   0.00000   0.76706   0.01834   0.51462   0.49481   0.18527   0.00840   0.04815   0.26641   0.25202   0.21612   0.13822   0.17834   0.04851   0.02005   1.67532   0.69944   1.01237   0.91661   0.65876  
 96 24.5805  15371.661771  x:  9.05144   0.00000   1.80675   0.91135   0.99216   0.00000   0.99603   0.00685   0.50437   0.49910   0.14567   0.01693   0.06610   0.12593   0.33618   0.12654   0.06994   0.19427   0.04459   0.05231   0.00000   1.67496   0.93797   0.86491   0.00000   0.77139   0.01800   0.50778   0.50051   0.18654   0.01098   0.04677   0.28340   0.26328   0.21916   0.13850   0.17838   0.04967   0.01971   1.64071   0.70106   1.01150   0.91690   0.64935  
 97 76.0359  15370.889294  x:  9.30395   0.00000   1.77034   0.91624   0.98996   0.00000   0.98568   0.00919   0.49135   0.49259   0.15039   0.01650   0.06438   0.12846   0.33543   0.12785   0.06845   0.19651   0.04469   0.05265   0.00000   1.70714   0.92827   0.84314   0.00000   0.77309   0.01172   0.55023   0.52060   0.18729   0.01363   0.04746   0.28199   0.26145   0.22087   0.13868   0.17852   0.05096   0.01929   1.64741   0.70497   1.01524   0.92342   0.65023  
 98 23.4735  15369.573946  x:  9.72816   0.00000   1.65843   0.91899   0.98478   0.00000   0.99003   0.00779   0.50294   0.49505   0.15993   0.01533   0.06161   0.13298   0.33302   0.13022   0.06589   0.20059   0.04492   0.05331   0.00000   1.78014   0.92777   0.82587   0.00000   0.77028   0.01666   0.51839   0.50298   0.18967   0.01913   0.04768   0.28339   0.26243   0.22413   0.14042   0.17976   0.05311   0.01861   1.67562   0.70388   1.00726   0.92029   0.65299  
 99 59.4001  15369.457783  x:  9.76768   0.00000   1.64618   0.92130   0.98951   0.00000   1.00708   0.00669   0.49817   0.49770   0.16001   0.01532   0.06124   0.13362   0.33374   0.13036   0.06587   0.20111   0.04494   0.05337   0.00000   1.78923   0.93823   0.83780   0.00000   0.77686   0.01452   0.51616   0.50970   0.18978   0.01938   0.04778   0.28339   0.26240   0.22443   0.14039   0.17958   0.05322   0.01854   1.66028   0.70388   1.00637   0.92011   0.65063  
100 10.1481  15369.435522  x:  9.77700   0.00000   1.64546   0.92151   0.99033   0.00000   1.01001   0.00646   0.50246   0.49425   0.16000   0.01548   0.06111   0.13378   0.33381   0.13041   0.06582   0.20124   0.04495   0.05337   0.00000   1.78984   0.94000   0.83955   0.00000   0.77815   0.01445   0.52103   0.50422   0.18972   0.01945   0.04780   0.28335   0.26250   0.22453   0.14067   0.17971   0.05324   0.01852   1.65774   0.70288   1.00456   0.91845   0.65024  
101  2.2635  15367.313616  x: 10.76095   0.00000   1.69911   0.89846   0.98581   0.00000   1.02801   0.00625   0.49491   0.49820   0.16513   0.01414   0.04680   0.15264   0.32161   0.13606   0.06160   0.21225   0.04579   0.05385   0.00000   1.74408   0.96669   0.80999   0.00000   0.78232   0.02085   0.51990   0.50688   0.18474   0.01024   0.05135   0.27350   0.27311   0.23053   0.14919   0.18412   0.05542   0.01574   1.66271   0.70516   1.00223   0.91964   0.65197  
102  2.5382  15367.215630  x: 10.80851   0.00000   1.70266   0.92488   0.95824   0.00000   1.02885   0.00596   0.49520   0.49913   0.16491   0.01414   0.04608   0.15355   0.32115   0.13628   0.06160   0.21283   0.04586   0.05382   0.00000   1.74859   0.94250   0.83289   0.00000   0.78257   0.02083   0.52018   0.50693   0.18455   0.00995   0.05150   0.27327   0.27340   0.23058   0.14931   0.18419   0.05548   0.01561   1.66306   0.70513   1.00186   0.91932   0.65165  
103  3.9701  15366.120195  x: 11.39607   0.00000   1.67240   0.92070   0.95305   0.00000   1.02366   0.00530   0.50057   0.50399   0.14979   0.01635   0.03665   0.16355   0.32734   0.13688   0.06965   0.21927   0.04825   0.05143   0.00000   1.72260   0.94601   0.82371   0.00000   0.77937   0.02148   0.52056   0.50515   0.18801   0.01390   0.05197   0.27932   0.26515   0.22158   0.14239   0.18068   0.05329   0.01441   1.65920   0.70580   1.00445   0.91704   0.65117  
104  0.7459  15365.767073  x: 11.74614   0.00000   1.66223   0.91735   0.97082   0.00000   1.01225   0.00664   0.49853   0.49674   0.15539   0.01609   0.03412   0.16554   0.32951   0.13557   0.06808   0.21635   0.05160   0.05031   0.00000   1.72146   0.94244   0.83575   0.00000   0.77496   0.01562   0.51863   0.50483   0.18565   0.01186   0.05119   0.27939   0.26571   0.22312   0.13779   0.17500   0.05032   0.01462   1.66121   0.70262   1.00377   0.91437   0.65233  
105  0.2905  15365.464127  x: 12.18255   0.00000   1.65918   0.91725   0.97853   0.00000   1.00531   0.00865   0.49978   0.49744   0.15130   0.01599   0.03423   0.16382   0.33421   0.13297   0.06651   0.21059   0.05740   0.04934   0.00000   1.73680   0.94341   0.84264   0.00000   0.77319   0.01880   0.51960   0.50543   0.18798   0.01122   0.04979   0.28021   0.26452   0.22338   0.14252   0.18079   0.05292   0.01530   1.65873   0.70485   1.00735   0.91748   0.65153  
106  0.2718  15365.343615  x: 12.46158   0.00000   1.66764   0.91962   0.96494   0.00000   1.01634   0.00670   0.49960   0.49958   0.15398   0.01634   0.03422   0.16155   0.33012   0.13260   0.06820   0.21000   0.06078   0.04963   0.00000   1.73742   0.94344   0.83029   0.00000   0.77664   0.01945   0.51987   0.50560   0.18741   0.01175   0.05004   0.27963   0.26550   0.22357   0.14046   0.17806   0.05197   0.01601   1.65892   0.70433   1.00424   0.91704   0.65108  
107  0.2063  15365.318279  x: 12.58624   0.00000   1.66809   0.91940   0.96556   0.00000   1.01609   0.00620   0.49964   0.49995   0.15285   0.01582   0.03337   0.16042   0.32889   0.13353   0.06721   0.21142   0.06166   0.05025   0.00000   1.73117   0.94387   0.83116   0.00000   0.77681   0.01775   0.51970   0.50513   0.18709   0.01215   0.05047   0.27939   0.26558   0.22323   0.14124   0.17917   0.05203   0.01606   1.66036   0.70405   1.00430   0.91632   0.65133  
108  0.1160  15365.310293  x: 12.64788   0.00000   1.66680   0.91817   0.96822   0.00000   1.01440   0.00683   0.49916   0.49897   0.15335   0.01605   0.03324   0.15891   0.32944   0.13406   0.06724   0.21227   0.06188   0.05029   0.00000   1.72844   0.94419   0.83492   0.00000   0.77595   0.01872   0.51984   0.50532   0.18702   0.01217   0.05066   0.27933   0.26558   0.22313   0.14091   0.17873   0.05217   0.01614   1.66011   0.70418   1.00483   0.91627   0.65153  
109  0.0485  15365.307699  x: 12.69072   0.00000   1.66702   0.91874   0.96756   0.00000   1.01450   0.00672   0.49935   0.49906   0.15318   0.01617   0.03340   0.15807   0.32977   0.13418   0.06754   0.21276   0.06170   0.05012   0.00000   1.73050   0.94378   0.83356   0.00000   0.77612   0.01830   0.51969   0.50516   0.18700   0.01200   0.05062   0.27935   0.26560   0.22342   0.14120   0.17896   0.05203   0.01623   1.65960   0.70436   1.00496   0.91682   0.65142  
110  0.0265  15365.304595  x: 12.81303   0.00000   1.66635   0.91924   0.96680   0.00000   1.01516   0.00679   0.49965   0.49938   0.15302   0.01590   0.03317   0.15788   0.32944   0.13427   0.06707   0.21302   0.06125   0.05000   0.00000   1.73212   0.94352   0.83277   0.00000   0.77624   0.01855   0.51974   0.50522   0.18727   0.01191   0.05049   0.27967   0.26530   0.22321   0.14072   0.17862   0.05196   0.01632   1.65954   0.70453   1.00473   0.91683   0.65127  
111  0.0459  15365.299433  x: 13.10770   0.00000   1.66677   0.91846   0.96770   0.00000   1.01491   0.00640   0.49936   0.49952   0.15321   0.01629   0.03289   0.15816   0.32941   0.13395   0.06726   0.21248   0.06086   0.04992   0.00000   1.73171   0.94397   0.83350   0.00000   0.77639   0.01838   0.51978   0.50548   0.18721   0.01191   0.05040   0.27947   0.26552   0.22314   0.14107   0.17895   0.05219   0.01658   1.66059   0.70407   1.00442   0.91567   0.65136  
112  0.0952  15365.297009  x: 13.26612   0.00000   1.66702   0.91846   0.96754   0.00000   1.01471   0.00677   0.49932   0.49910   0.15329   0.01602   0.03311   0.15835   0.32963   0.13394   0.06732   0.21219   0.06091   0.05006   0.00000   1.73013   0.94407   0.83391   0.00000   0.77608   0.01849   0.51981   0.50525   0.18706   0.01207   0.05055   0.27938   0.26555   0.22321   0.14113   0.17897   0.05189   0.01685   1.65996   0.70425   1.00480   0.91644   0.65138  
113  0.1196  15365.296654  x: 13.31303   0.00000   1.66707   0.91863   0.96741   0.00000   1.01475   0.00674   0.49940   0.49909   0.15323   0.01608   0.03307   0.15848   0.32959   0.13402   0.06735   0.21234   0.06094   0.05011   0.00000   1.72995   0.94384   0.83372   0.00000   0.77605   0.01844   0.51979   0.50514   0.18704   0.01202   0.05059   0.27942   0.26551   0.22323   0.14098   0.17882   0.05211   0.01687   1.65974   0.70431   1.00484   0.91670   0.65135  
114  0.0470  15365.296421  x: 13.36782   0.00000   1.66670   0.91879   0.96755   0.00000   1.01467   0.00669   0.49945   0.49921   0.15319   0.01615   0.03304   0.15864   0.32949   0.13411   0.06733   0.21257   0.06096   0.05014   0.00000   1.73028   0.94366   0.83376   0.00000   0.77611   0.01851   0.51981   0.50521   0.18714   0.01200   0.05059   0.27946   0.26550   0.22336   0.14106   0.17886   0.05199   0.01687   1.65976   0.70432   1.00478   0.91662   0.65134  
115  0.0279  15365.295833  x: 13.48542   0.00000   1.66665   0.91853   0.96766   0.00000   1.01461   0.00677   0.49940   0.49912   0.15331   0.01598   0.03325   0.15864   0.32947   0.13406   0.06740   0.21272   0.06103   0.05010   0.00000   1.73096   0.94401   0.83384   0.00000   0.77598   0.01845   0.51981   0.50529   0.18717   0.01197   0.05052   0.27949   0.26550   0.22327   0.14103   0.17890   0.05208   0.01679   1.66003   0.70416   1.00471   0.91629   0.65137  
116  0.0258  15365.295320  x: 13.58251   0.00000   1.66702   0.91861   0.96748   0.00000   1.01473   0.00673   0.49937   0.49900   0.15321   0.01610   0.03324   0.15855   0.32953   0.13399   0.06729   0.21253   0.06105   0.05011   0.00000   1.73040   0.94407   0.83377   0.00000   0.77597   0.01847   0.51980   0.50514   0.18709   0.01202   0.05052   0.27944   0.26549   0.22319   0.14101   0.17890   0.05203   0.01664   1.65988   0.70432   1.00490   0.91671   0.65132  
117  0.0522  15365.295257  x: 13.60454   0.00000   1.66694   0.91863   0.96751   0.00000   1.01472   0.00673   0.49942   0.49915   0.15321   0.01608   0.03323   0.15850   0.32955   0.13402   0.06734   0.21247   0.06101   0.05012   0.00000   1.73010   0.94377   0.83379   0.00000   0.77606   0.01847   0.51983   0.50519   0.18708   0.01202   0.05056   0.27942   0.26551   0.22327   0.14102   0.17885   0.05205   0.01662   1.65980   0.70430   1.00476   0.91658   0.65134  
118  0.0194  15365.295254  x: 13.60923   0.00000   1.66690   0.91863   0.96748   0.00000   1.01471   0.00672   0.49942   0.49914   0.15320   0.01608   0.03323   0.15849   0.32955   0.13404   0.06733   0.21245   0.06101   0.05013   0.00000   1.73015   0.94381   0.83376   0.00000   0.77605   0.01847   0.51982   0.50518   0.18709   0.01202   0.05057   0.27944   0.26551   0.22327   0.14102   0.17885   0.05204   0.01663   1.65981   0.70430   1.00478   0.91657   0.65134  
119  0.0041  15365.295253  x: 13.60974   0.00000   1.66690   0.91863   0.96748   0.00000   1.01471   0.00673   0.49942   0.49914   0.15320   0.01608   0.03323   0.15850   0.32955   0.13405   0.06734   0.21244   0.06101   0.05013   0.00000   1.73017   0.94382   0.83376   0.00000   0.77605   0.01847   0.51982   0.50519   0.18709   0.01202   0.05057   0.27944   0.26551   0.22327   0.14102   0.17885   0.05204   0.01663   1.65981   0.70430   1.00478   0.91657   0.65134  
120  0.0005  15365.295253  x: 13.60959   0.00000   1.66690   0.91863   0.96748   0.00000   1.01471   0.00673   0.49942   0.49914   0.15320   0.01608   0.03323   0.15850   0.32955   0.13405   0.06734   0.21244   0.06101   0.05013   0.00000   1.73017   0.94382   0.83376   0.00000   0.77605   0.01847   0.51982   0.50519   0.18709   0.01202   0.05057   0.27944   0.26551   0.22327   0.14102   0.17885   0.05204   0.01663   1.65981   0.70430   1.00478   0.91657   0.65134  
121  0.0002  15365.295253  x: 13.60951   0.00000   1.66690   0.91863   0.96748   0.00000   1.01471   0.00673   0.49942   0.49914   0.15320   0.01608   0.03323   0.15850   0.32955   0.13405   0.06734   0.21244   0.06101   0.05013   0.00000   1.73017   0.94382   0.83376   0.00000   0.77605   0.01847   0.51982   0.50519   0.18709   0.01202   0.05057   0.27944   0.26551   0.22327   0.14102   0.17885   0.05204   0.01663   1.65981   0.70430   1.00478   0.91657   0.65134  
122  0.0000  15365.295253  x: 13.60951   0.00000   1.66690   0.91863   0.96748   0.00000   1.01471   0.00673   0.49942   0.49914   0.15320   0.01608   0.03323   0.15850   0.32955   0.13405   0.06734   0.21244   0.06101   0.05013   0.00000   1.73017   0.94382   0.83376   0.00000   0.77605   0.01847   0.51982   0.50519   0.18709   0.01202   0.05057   0.27944   0.26551   0.22327   0.14102   0.17885   0.05204   0.01663   1.65981   0.70430   1.00478   0.91657   0.65134  