

TREE # 1

  0  0.0000   2259.685578  x:  0.01972   0.20925   0.02571   0.03211   0.02495   0.05815   0.02188   0.05666   0.08536   0.02661   0.17168   0.01972   0.20925   0.02571   0.03211   0.02495   0.05815   0.02188   0.05666   0.08536   0.02661   0.17168   0.21568   8.40433   1.24178   1.15308   1.36364   1.00000  
  1 99.0000   2126.391935  x:  0.00264   0.20804   0.19538   0.10662   0.01389   0.06567   0.01125   0.05455   0.07885   0.07256   0.15585   0.00000   0.20732   0.15248   0.13220   0.01440   0.06402   0.07190   0.05533   0.08896   0.08504   0.15393   0.19616   8.40414   1.24327   1.15106   1.36524   0.99999  
  2 1696.7922   2123.090083  x:  0.00000   0.20740   0.19389   0.10812   0.01226   0.06741   0.01266   0.05398   0.07555   0.07119   0.14931   0.00000   0.20593   0.15148   0.13535   0.01162   0.06263   0.07249   0.05178   0.08824   0.08510   0.14612   0.18747   8.40407   1.24399   1.15019   1.36585   0.99997  
  3 222.7332   2113.920244  x:  0.00000   0.20601   0.18776   0.11338   0.01815   0.07099   0.00148   0.05326   0.06347   0.06775   0.12286   0.00000   0.20019   0.14753   0.14645   0.01967   0.05809   0.07534   0.04141   0.08534   0.08566   0.11185   0.14804   8.40371   1.24716   1.14618   1.36878   0.99977  
  4 949.7840   2101.315902  x:  0.00000   0.20440   0.17728   0.12329   0.03919   0.07493   0.00732   0.05325   0.04165   0.06352   0.07173   0.00000   0.18899   0.14114   0.16695   0.04970   0.05049   0.08152   0.02548   0.07982   0.08751   0.04319   0.06759   8.40296   1.25358   1.13790   1.37494   0.99929  
  5 2809.4143   2099.500858  x:  0.00000   0.20530   0.17531   0.12293   0.03136   0.07048   0.00702   0.05363   0.04989   0.06765   0.06561   0.00000   0.18599   0.14024   0.16722   0.05012   0.05249   0.08098   0.04191   0.07900   0.08861   0.03849   0.03890   8.40252   1.25675   1.13371   1.37861   0.99885  
  6 125.2544   2098.674375  x:  0.00954   0.20555   0.17496   0.12280   0.02986   0.06959   0.00697   0.05374   0.05128   0.06857   0.06464   0.00000   0.18534   0.14015   0.16719   0.05039   0.05298   0.08080   0.04393   0.07884   0.08890   0.03822   0.03378   8.40240   1.25756   1.13265   1.37955   0.99873  
  7 323.8796   2098.468984  x:  0.00963   0.20553   0.17498   0.12273   0.02968   0.06944   0.00698   0.05378   0.05141   0.06867   0.06431   0.00348   0.18527   0.14020   0.16709   0.05051   0.05312   0.08073   0.04372   0.07883   0.08897   0.03845   0.03358   8.40237   1.25777   1.13239   1.37979   0.99870  
  8 151.9361   2098.228613  x:  0.00973   0.20512   0.17562   0.12047   0.02522   0.06588   0.00700   0.05480   0.05510   0.07237   0.05756   0.00339   0.18321   0.14170   0.16372   0.05318   0.05661   0.07875   0.03804   0.07886   0.09057   0.04125   0.03115   8.40161   1.26279   1.12621   1.38571   0.99814  
  9 30.1147   2098.014707  x:  0.01023   0.20349   0.17648   0.11796   0.02186   0.06655   0.00695   0.05480   0.05608   0.07426   0.05378   0.00366   0.17971   0.14371   0.16010   0.05475   0.05548   0.07798   0.04007   0.07899   0.09193   0.03644   0.03670   8.39991   1.27368   1.11321   1.39864   0.99690  
 10 27.1040   2097.444352  x:  0.00978   0.19822   0.17883   0.11522   0.02490   0.07172   0.00696   0.05389   0.05161   0.07273   0.05797   0.00345   0.17069   0.14772   0.15455   0.05339   0.05133   0.07857   0.04038   0.07934   0.09312   0.04073   0.03233   8.39383   1.31079   1.07028   1.44292   0.99255  
 11 58.2124   2097.238533  x:  0.00971   0.19799   0.17818   0.11982   0.02723   0.06610   0.00694   0.05433   0.05353   0.07051   0.06062   0.00345   0.17232   0.14501   0.15900   0.05100   0.05713   0.07964   0.03998   0.07928   0.09058   0.03888   0.03352   8.39079   1.32622   1.05560   1.46171   0.99040  
 12 42.7720   2097.146301  x:  0.00978   0.20083   0.17759   0.12264   0.02618   0.06682   0.00706   0.05436   0.05405   0.07170   0.05821   0.00322   0.17893   0.14177   0.16421   0.05259   0.05411   0.07842   0.04083   0.07907   0.08934   0.04152   0.03435   8.38825   1.33452   1.05335   1.47254   0.98866  
 13 17.5661   2097.056869  x:  0.00957   0.20488   0.17820   0.12028   0.02338   0.06859   0.00704   0.05409   0.05341   0.07310   0.06160   0.00329   0.18690   0.14170   0.16461   0.05381   0.05509   0.07871   0.03918   0.07927   0.09043   0.03920   0.03285   8.38410   1.34364   1.05905   1.48551   0.98597  
 14 13.8326   2096.813107  x:  0.01004   0.21082   0.18071   0.11559   0.02869   0.06562   0.00683   0.05445   0.05139   0.06956   0.05608   0.00318   0.19633   0.14705   0.16083   0.04812   0.05520   0.08180   0.04086   0.07959   0.09141   0.03941   0.03295   8.36986   1.36987   1.08833   1.52373   0.97747  
 15 23.6882   2096.277757  x:  0.01010   0.20978   0.18539   0.12603   0.02900   0.06998   0.00683   0.05301   0.05883   0.06759   0.05742   0.00334   0.18810   0.15175   0.15845   0.04786   0.05350   0.07663   0.03836   0.07931   0.08449   0.03795   0.03241   8.33529   1.42877   1.16367   1.60873   0.95925  
 16 51.9273   2095.961390  x:  0.00993   0.20429   0.18506   0.12736   0.02369   0.06661   0.00700   0.05426   0.05026   0.07115   0.05878   0.00326   0.17816   0.14849   0.16440   0.05093   0.05576   0.07996   0.04064   0.07897   0.08738   0.04087   0.03327   8.31451   1.46244   1.20695   1.65549   0.95055  
 17 83.4805   2095.887497  x:  0.00992   0.20007   0.18494   0.12362   0.02591   0.06664   0.00699   0.05399   0.05402   0.07297   0.05971   0.00330   0.17634   0.14591   0.16903   0.04956   0.05435   0.08035   0.03972   0.07794   0.09288   0.04068   0.03362   8.30829   1.47041   1.21586   1.66391   0.95113  
 18 18.8807   2095.769111  x:  0.01020   0.19257   0.18825   0.11886   0.02531   0.06927   0.00706   0.05335   0.05424   0.06972   0.05849   0.00320   0.17872   0.14781   0.17329   0.05072   0.05786   0.07824   0.04084   0.07503   0.08958   0.04165   0.03391   8.29399   1.48068   1.22119   1.66377   0.96335  
 19  6.0218   2095.412460  x:  0.01028   0.18262   0.19345   0.12039   0.02312   0.06192   0.00703   0.05580   0.05348   0.07134   0.06117   0.00334   0.18430   0.15274   0.17281   0.04961   0.05036   0.07909   0.03916   0.07689   0.08590   0.04021   0.03290   8.24865   1.50845   1.23148   1.65676   1.00421  
 20 27.6212   2094.872320  x:  0.01045   0.18350   0.19591   0.13172   0.02572   0.06933   0.00693   0.05392   0.05295   0.07867   0.05869   0.00349   0.18659   0.15503   0.16874   0.04497   0.05622   0.08557   0.04036   0.08234   0.09192   0.04136   0.03384   8.17562   1.54806   1.24423   1.64402   1.06745  
 21 76.9664   2094.495632  x:  0.01013   0.20373   0.20248   0.13218   0.02479   0.06683   0.00695   0.05298   0.05108   0.07308   0.06025   0.00357   0.17700   0.15707   0.17365   0.04304   0.05606   0.07767   0.04076   0.07576   0.09909   0.04147   0.03440   8.12392   1.56511   1.24831   1.63659   1.10304  
 22 40.4707   2094.300171  x:  0.00997   0.21264   0.20599   0.12782   0.02317   0.06860   0.00698   0.05703   0.05492   0.07161   0.06024   0.00358   0.17113   0.15774   0.17843   0.04273   0.05446   0.08637   0.03927   0.07626   0.09393   0.04195   0.03467   8.09568   1.56292   1.24672   1.63527   1.11191  
 23 22.5426   2093.684276  x:  0.00985   0.21555   0.21440   0.12385   0.02448   0.06617   0.00693   0.04267   0.05383   0.07859   0.05988   0.00366   0.16785   0.16315   0.18625   0.03799   0.05399   0.08684   0.03855   0.08403   0.08761   0.04171   0.03473   8.00913   1.53027   1.23398   1.63727   1.11371  
 24 26.5815   2091.839027  x:  0.00997   0.20846   0.23820   0.12974   0.02677   0.06994   0.00662   0.05937   0.04817   0.08759   0.05937   0.00359   0.16985   0.18060   0.20003   0.02199   0.05696   0.07638   0.03961   0.09125   0.09164   0.04025   0.03471   7.73441   1.41798   1.19043   1.64458   1.10730  
 25 176.8138   2090.751677  x:  0.01027   0.19909   0.25056   0.14261   0.01840   0.06892   0.00681   0.05263   0.05122   0.07450   0.05857   0.00305   0.17561   0.18904   0.19983   0.02223   0.05405   0.08874   0.03851   0.07696   0.10525   0.04257   0.03491   7.57500   1.35493   1.16431   1.64525   1.09697  
 26 194.7405   2090.430656  x:  0.01024   0.19823   0.26080   0.14393   0.02041   0.06892   0.00668   0.05229   0.04933   0.08213   0.05849   0.00308   0.17628   0.18552   0.19725   0.01759   0.05402   0.09078   0.03832   0.06469   0.10200   0.04186   0.03489   7.52703   1.35952   1.15568   1.62145   1.06570  
 27 17.4667   2089.597354  x:  0.01051   0.19523   0.28114   0.14603   0.01739   0.06935   0.00671   0.05238   0.04927   0.07396   0.05729   0.00272   0.17717   0.18365   0.19987   0.01446   0.05399   0.09066   0.03836   0.07718   0.10703   0.04210   0.03470   7.39986   1.38347   1.13258   1.54678   0.96948  
 28 76.6480   2089.484064  x:  0.01031   0.19568   0.26979   0.14670   0.01702   0.06947   0.00676   0.05242   0.05018   0.07624   0.05843   0.00270   0.17705   0.19727   0.20550   0.01412   0.05384   0.09098   0.03824   0.07437   0.10720   0.04275   0.03511   7.38138   1.38834   1.12923   1.53538   0.95488  
 29 15.9344   2088.811300  x:  0.01057   0.19382   0.25745   0.14542   0.01167   0.07114   0.00703   0.05172   0.04836   0.07228   0.05609   0.00291   0.17383   0.19281   0.20754   0.00664   0.05333   0.08963   0.03629   0.07397   0.10557   0.04212   0.03458   7.10980   1.41179   1.14954   1.56356   0.98043  
 30  0.5979   2088.540440  x:  0.01080   0.19094   0.24939   0.14505   0.00825   0.07337   0.00755   0.05175   0.04595   0.07044   0.05368   0.00308   0.17171   0.18781   0.21016   0.01063   0.05280   0.08816   0.03426   0.07204   0.10350   0.04115   0.03413   6.96814   1.42524   1.15611   1.56861   0.97892  
 31  0.5734   2088.353161  x:  0.01100   0.18817   0.23824   0.14403   0.01218   0.07579   0.00832   0.05168   0.04479   0.06827   0.05236   0.00315   0.17113   0.18099   0.21166   0.01110   0.05228   0.08645   0.03307   0.07185   0.10085   0.04094   0.03447   6.87812   1.43210   1.15874   1.56985   0.97518  
 32  0.1937   2088.262282  x:  0.01087   0.18870   0.23516   0.14227   0.01116   0.07641   0.00948   0.05199   0.04649   0.06937   0.05524   0.00290   0.17369   0.17524   0.20886   0.01026   0.05310   0.08493   0.03488   0.07266   0.09851   0.04292   0.03653   6.90763   1.42372   1.15266   1.56080   0.96400  
 33  0.0433   2088.204834  x:  0.01114   0.18951   0.23690   0.14457   0.01058   0.07638   0.01093   0.05191   0.04607   0.06984   0.05330   0.00306   0.17323   0.17512   0.21175   0.00950   0.05237   0.08645   0.03454   0.07269   0.10045   0.04118   0.03479   6.98953   1.41366   1.14242   1.55089   0.96136  
 34  0.0480   2088.182384  x:  0.01116   0.18946   0.23757   0.14466   0.01084   0.07579   0.01198   0.05190   0.04631   0.06950   0.05435   0.00300   0.17317   0.17763   0.21129   0.01006   0.05279   0.08660   0.03424   0.07265   0.10126   0.04181   0.03532   6.96493   1.42099   1.14998   1.55933   0.97065  
 35  0.0211   2088.179255  x:  0.01122   0.18910   0.23780   0.14408   0.01087   0.07589   0.01235   0.05197   0.04592   0.06966   0.05393   0.00302   0.17299   0.17724   0.21074   0.01005   0.05277   0.08618   0.03444   0.07252   0.10036   0.04162   0.03527   6.94816   1.42126   1.15059   1.55957   0.96681  
 36  0.0148   2088.179091  x:  0.01120   0.18925   0.23765   0.14393   0.01087   0.07591   0.01241   0.05192   0.04605   0.06951   0.05394   0.00302   0.17308   0.17734   0.21054   0.01003   0.05271   0.08618   0.03435   0.07257   0.10032   0.04159   0.03524   6.95363   1.42096   1.15010   1.55908   0.96706  
 37  0.0055   2088.179081  x:  0.01118   0.18923   0.23769   0.14391   0.01087   0.07592   0.01241   0.05192   0.04604   0.06955   0.05395   0.00302   0.17307   0.17738   0.21047   0.01003   0.05272   0.08619   0.03438   0.07258   0.10035   0.04158   0.03523   6.95410   1.42096   1.15004   1.55907   0.96718  
 38  0.0004   2088.179078  x:  0.01116   0.18923   0.23769   0.14391   0.01087   0.07592   0.01241   0.05192   0.04604   0.06955   0.05395   0.00302   0.17306   0.17737   0.21046   0.01003   0.05272   0.08620   0.03436   0.07258   0.10036   0.04158   0.03524   6.95349   1.42098   1.15007   1.55912   0.96711  
 39  0.0004   2088.179078  x:  0.01116   0.18923   0.23768   0.14391   0.01087   0.07592   0.01241   0.05192   0.04604   0.06954   0.05395   0.00302   0.17306   0.17737   0.21047   0.01003   0.05272   0.08619   0.03437   0.07257   0.10035   0.04158   0.03524   6.95357   1.42098   1.15008   1.55911   0.96712  
 40  0.0001   2088.179078  x:  0.01115   0.18923   0.23768   0.14391   0.01087   0.07592   0.01241   0.05192   0.04604   0.06954   0.05395   0.00302   0.17307   0.17737   0.21047   0.01003   0.05272   0.08619   0.03437   0.07258   0.10035   0.04158   0.03524   6.95368   1.42097   1.15007   1.55910   0.96713  
 41  0.0001   2088.179078  x:  0.01115   0.18923   0.23768   0.14391   0.01087   0.07592   0.01241   0.05192   0.04604   0.06954   0.05395   0.00302   0.17306   0.17737   0.21048   0.01003   0.05272   0.08619   0.03437   0.07258   0.10035   0.04158   0.03524   6.95367   1.42098   1.15007   1.55910   0.96713  
 42  0.0000   2088.179078  x:  0.01115   0.18923   0.23768   0.14391   0.01087   0.07592   0.01241   0.05192   0.04604   0.06954   0.05395   0.00302   0.17306   0.17737   0.21048   0.01003   0.05272   0.08619   0.03437   0.07258   0.10035   0.04158   0.03524   6.95367   1.42098   1.15007   1.55910   0.96713  
 43  0.0000   2088.179078  x:  0.01115   0.18923   0.23768   0.14391   0.01087   0.07592   0.01241   0.05192   0.04604   0.06954   0.05395   0.00302   0.17306   0.17737   0.21048   0.01003   0.05272   0.08619   0.03437   0.07258   0.10035   0.04158   0.03524   6.95367   1.42098   1.15007   1.55910   0.96713  
 44  0.0000   2088.179078  x:  0.01115   0.18923   0.23768   0.14391   0.01087   0.07592   0.01241   0.05192   0.04604   0.06954   0.05395   0.00302   0.17306   0.17737   0.21048   0.01003   0.05272   0.08619   0.03437   0.07258   0.10035   0.04158   0.03524   6.95367   1.42098   1.15007   1.55910   0.96713  

TREE # 2

  0  0.0000   2303.338180  x:  0.01115   0.18923   0.23768   0.14391   0.01087   0.07592   0.01241   0.05192   0.04604   0.06954   0.05395   0.00302   0.17306   0.17737   0.21048   0.01003   0.05272   0.08619   0.03437   0.07258   0.10035   0.04158   0.03524   6.95367   1.37346   1.08474   1.49982   0.96713  
  1 99.0000   2203.314171  x:  0.02760   0.17425   0.22395   0.14878   0.11444   0.10164   0.10326   0.09215   0.05076   0.05860   0.06537   0.27527   0.15890   0.16528   0.20933   0.09149   0.11049   0.08102   0.08006   0.06843   0.08621   0.05553   0.02422   6.95369   1.37347   1.08525   1.49984   0.96712  
  2 2934.1097   2159.922716  x:  0.02856   0.13111   0.18602   0.15494   0.11576   0.13277   0.10224   0.14367   0.03527   0.02205   0.05523   0.26020   0.11791   0.13290   0.20453   0.08863   0.15877   0.06682   0.11293   0.05631   0.04652   0.07349   0.00000   6.95374   1.37277   1.08770   1.49902   0.96748  
  3 439.3863   2138.725740  x:  0.02924   0.10456   0.16273   0.15866   0.11668   0.15137   0.10165   0.17433   0.02613   0.00000   0.04926   0.25130   0.09273   0.11310   0.20161   0.08696   0.18765   0.05822   0.13251   0.04910   0.02268   0.08429   0.00566   6.95377   1.37234   1.08920   1.49852   0.96772  
  4 6615.9435   2124.362537  x:  0.03131   0.07117   0.13440   0.16216   0.11835   0.16563   0.10048   0.19718   0.02784   0.02430   0.05024   0.24350   0.06207   0.09064   0.19853   0.08550   0.21070   0.05032   0.14664   0.04543   0.00000   0.08914   0.00899   6.95380   1.37191   1.09080   1.49812   0.96802  
  5 872.2018   2105.736827  x:  0.03527   0.00872   0.08201   0.16827   0.12171   0.18943   0.09829   0.23513   0.03159   0.05673   0.05189   0.23018   0.00549   0.05026   0.19303   0.08321   0.24981   0.03704   0.17063   0.04310   0.01814   0.09584   0.01315   6.95387   1.37117   1.09375   1.49739   0.96852  
  6 1622.5700   2104.425037  x:  0.03626   0.00000   0.07458   0.16848   0.12265   0.18906   0.09779   0.23457   0.03263   0.05552   0.05247   0.22983   0.00690   0.04991   0.19260   0.08380   0.25053   0.03817   0.16994   0.04562   0.01757   0.09314   0.01306   6.95388   1.37113   1.09418   1.49736   0.96853  
  7 180.9441   2102.635538  x:  0.04003   0.00490   0.04213   0.17079   0.12726   0.18785   0.09551   0.23262   0.03662   0.05159   0.05507   0.22799   0.00434   0.04762   0.19033   0.08585   0.25494   0.04193   0.16708   0.05422   0.01588   0.08117   0.01284   6.95394   1.37088   1.09625   1.49730   0.96843  
  8 131.1932   2102.533738  x:  0.03944   0.00565   0.03924   0.17127   0.12815   0.18820   0.09517   0.23313   0.03642   0.05227   0.05527   0.22742   0.00745   0.04706   0.18984   0.08611   0.25671   0.04124   0.16708   0.05328   0.01628   0.08024   0.01293   6.95396   1.37082   1.09681   1.49728   0.96843  
  9 56.8875   2102.437010  x:  0.03544   0.00534   0.03777   0.17243   0.13137   0.18707   0.09418   0.23117   0.03493   0.05217   0.05560   0.22667   0.00692   0.04799   0.18830   0.08704   0.25998   0.03989   0.16463   0.04932   0.01639   0.07686   0.01291   6.95402   1.37065   1.09894   1.49721   0.96842  
 10 24.4085   2102.359872  x:  0.03828   0.00524   0.04030   0.17454   0.13703   0.18549   0.09248   0.22834   0.03527   0.05197   0.05547   0.22422   0.00706   0.04711   0.18523   0.08834   0.26779   0.03992   0.16093   0.04912   0.01640   0.07470   0.01291   6.95418   1.37035   1.10405   1.49712   0.96840  
 11 16.1200   2102.331531  x:  0.03660   0.00533   0.04035   0.17476   0.13886   0.18458   0.09261   0.22671   0.03576   0.05217   0.05542   0.22325   0.00714   0.04821   0.18417   0.08843   0.27153   0.04073   0.15971   0.05098   0.01640   0.07735   0.01292   6.95432   1.37026   1.10793   1.49715   0.96839  
 12 12.0371   2102.307584  x:  0.03788   0.00529   0.03927   0.17326   0.13815   0.18302   0.09444   0.22384   0.03505   0.05203   0.05567   0.22313   0.00703   0.04794   0.18462   0.08767   0.27315   0.04043   0.15925   0.04953   0.01640   0.07954   0.01284   6.95460   1.37052   1.11497   1.49741   0.96840  
 13  6.6104   2102.273451  x:  0.03673   0.00539   0.03995   0.17140   0.13584   0.18236   0.09673   0.22194   0.03625   0.05152   0.05549   0.22331   0.00724   0.04625   0.18610   0.08675   0.27483   0.03990   0.16079   0.05035   0.01620   0.07753   0.01281   6.95516   1.37154   1.12743   1.49827   0.96850  
 14 11.0253   2102.247297  x:  0.03746   0.00537   0.04016   0.17158   0.13448   0.18325   0.09660   0.22253   0.03547   0.05197   0.05555   0.22350   0.00708   0.04912   0.18698   0.08674   0.27511   0.04031   0.16251   0.05062   0.01633   0.07599   0.01289   6.95570   1.37319   1.13754   1.49954   0.96868  
 15 13.2192   2102.188613  x:  0.03712   0.00532   0.04002   0.17563   0.13483   0.18520   0.09122   0.22471   0.03524   0.05146   0.05587   0.22492   0.00718   0.04755   0.18735   0.08909   0.26895   0.04150   0.16189   0.05015   0.01620   0.07748   0.01279   6.95715   1.37987   1.15860   1.50449   0.96935  
 16 10.9958   2102.163223  x:  0.03743   0.00527   0.03980   0.17598   0.13610   0.18564   0.09160   0.22643   0.03635   0.05104   0.05517   0.22485   0.00711   0.04827   0.18620   0.08826   0.26645   0.03862   0.16031   0.05063   0.01609   0.07782   0.01274   6.95789   1.38461   1.16490   1.50804   0.96979  
 17  9.3705   2102.086918  x:  0.03719   0.00526   0.03997   0.17387   0.14023   0.18583   0.09633   0.23159   0.03485   0.05077   0.05501   0.22331   0.00731   0.04758   0.18203   0.08475   0.26183   0.04172   0.15695   0.05055   0.01604   0.07693   0.01269   6.96039   1.40247   1.17847   1.52160   0.97142  
 18 14.9531   2101.864314  x:  0.03735   0.00530   0.04035   0.16568   0.14117   0.18106   0.09565   0.23310   0.03955   0.04782   0.05994   0.21946   0.00709   0.04906   0.18340   0.09267   0.26205   0.04232   0.15794   0.04835   0.01559   0.07720   0.01245   6.96825   1.46003   1.20361   1.56752   0.97658  
 19 18.1232   2101.700802  x:  0.03718   0.00526   0.04021   0.16399   0.14027   0.17831   0.09346   0.22911   0.03340   0.04768   0.05662   0.21971   0.00720   0.04772   0.18540   0.09496   0.26322   0.03972   0.15905   0.05219   0.01517   0.07659   0.01228   6.97391   1.49980   1.21918   1.60039   0.98008  
 20 67.0401   2101.574470  x:  0.03725   0.00491   0.03957   0.16945   0.13760   0.17955   0.09179   0.22266   0.03615   0.04661   0.05140   0.22242   0.00739   0.04810   0.18625   0.08914   0.26564   0.04141   0.16076   0.05032   0.01492   0.07650   0.01211   6.97844   1.52779   1.22912   1.62568   0.98242  
 21 39.3260   2101.512326  x:  0.03713   0.00469   0.03994   0.17416   0.13525   0.18179   0.09191   0.21906   0.03579   0.04530   0.05652   0.22390   0.00758   0.04784   0.18612   0.08486   0.26704   0.04057   0.16066   0.05096   0.01464   0.07643   0.01199   6.98081   1.53892   1.23306   1.63773   0.98324  
 22 26.2675   2101.385258  x:  0.03705   0.00444   0.03992   0.17974   0.12749   0.18817   0.09923   0.21646   0.03570   0.04403   0.05558   0.22230   0.00757   0.04793   0.18448   0.09210   0.26733   0.04129   0.15346   0.05099   0.01441   0.07625   0.01180   6.98624   1.53683   1.23463   1.65451   0.98199  
 23  4.4823   2100.259856  x:  0.03719   0.00312   0.04035   0.16710   0.12896   0.17868   0.08970   0.21150   0.03621   0.03149   0.05607   0.22298   0.00802   0.04905   0.17375   0.08838   0.25499   0.04256   0.15379   0.05181   0.01149   0.07447   0.01028   7.03502   1.46182   1.23390   1.76491   0.96500  
 24  9.8348   2099.859120  x:  0.03727   0.00241   0.04057   0.17538   0.14128   0.17224   0.09692   0.21228   0.03646   0.02690   0.05648   0.21562   0.00805   0.04978   0.19931   0.08640   0.24995   0.04359   0.15117   0.05226   0.01041   0.07426   0.00971   7.05322   1.44888   1.22940   1.77011   0.96176  
 25 11.3613   2097.897436  x:  0.03727   0.00089   0.04107   0.17002   0.13365   0.16771   0.09329   0.19975   0.03772   0.00789   0.05739   0.21496   0.00874   0.05258   0.19369   0.08730   0.23824   0.04660   0.13905   0.05407   0.00599   0.07186   0.00731   7.12714   1.44988   1.20153   1.67651   0.96175  
 26 11.7207   2097.880725  x:  0.03726   0.00084   0.04109   0.17204   0.13492   0.16683   0.09524   0.19790   0.03773   0.00767   0.05745   0.21324   0.00875   0.05254   0.19132   0.08876   0.23653   0.04620   0.14304   0.05410   0.00589   0.07201   0.00727   7.12775   1.44978   1.20120   1.67537   0.96240  
 27  4.2771   2097.188747  x:  0.03675   0.00258   0.04230   0.17503   0.12935   0.16119   0.09538   0.20745   0.03582   0.00754   0.05636   0.20744   0.00969   0.05433   0.18976   0.08817   0.24212   0.04652   0.14479   0.05361   0.00652   0.07345   0.00732   7.12765   1.41722   1.17779   1.61864   1.10126  
 28  0.5211   2097.022717  x:  0.03675   0.00309   0.04261   0.16700   0.13623   0.17725   0.09404   0.20090   0.03550   0.00747   0.05608   0.20341   0.00974   0.05476   0.19216   0.08833   0.24096   0.04649   0.14675   0.05347   0.00661   0.07402   0.00730   7.12779   1.41226   1.17238   1.60472   1.11337  
 29 10.1306   2094.955651  x:  0.03531   0.00612   0.04668   0.16850   0.12716   0.17940   0.09174   0.22078   0.03010   0.00945   0.05297   0.18371   0.01194   0.05984   0.18537   0.08842   0.25595   0.04654   0.15727   0.05197   0.00848   0.07831   0.00782   7.13209   1.38957   1.10988   1.42756   0.97344  
 30  6.3395   2091.918005  x:  0.03596   0.00517   0.04090   0.16982   0.12137   0.19305   0.08138   0.25077   0.03182   0.00228   0.05120   0.12634   0.01503   0.05958   0.18499   0.07979   0.29034   0.04486   0.16953   0.05272   0.01003   0.07949   0.00840   6.93537   1.41220   1.14733   1.54383   0.96208  
 31  0.1469   2090.714272  x:  0.03605   0.00277   0.03807   0.17168   0.11757   0.19789   0.07686   0.25638   0.03273   0.01122   0.04919   0.10078   0.01602   0.05834   0.18364   0.07637   0.29630   0.04374   0.17361   0.05275   0.01292   0.07986   0.01028   6.90332   1.41930   1.15978   1.57441   0.97831  
 32  0.1458   2088.514470  x:  0.03406   0.00347   0.04271   0.17518   0.09213   0.18227   0.06739   0.22124   0.03476   0.01081   0.05200   0.09046   0.01559   0.05408   0.19133   0.06539   0.24386   0.04379   0.14810   0.04909   0.01467   0.07825   0.01152   7.05125   1.41772   1.15308   1.56214   0.96080  
 33  0.1189   2088.286911  x:  0.03487   0.00323   0.04135   0.17446   0.10210   0.17814   0.07273   0.21210   0.03483   0.01026   0.05307   0.08395   0.01433   0.05331   0.19010   0.06966   0.23696   0.04522   0.14277   0.05120   0.01410   0.07614   0.01160   7.01730   1.41500   1.14755   1.54833   0.96957  
 34  0.0689   2088.233600  x:  0.03534   0.00293   0.04080   0.17311   0.10128   0.17647   0.07342   0.20822   0.03443   0.01015   0.05299   0.08918   0.01276   0.05323   0.18915   0.07006   0.23627   0.04615   0.14266   0.05236   0.01309   0.07524   0.01155   6.94970   1.42050   1.14972   1.55662   0.97014  
 35  0.0765   2088.195641  x:  0.03534   0.00295   0.04143   0.17208   0.10007   0.17664   0.07322   0.20927   0.03400   0.00976   0.05248   0.08605   0.01109   0.05378   0.18867   0.06982   0.23903   0.04641   0.14481   0.05242   0.01196   0.07565   0.01165   6.90681   1.42471   1.15156   1.56549   0.96470  
 36  0.0366   2088.185322  x:  0.03523   0.00303   0.04175   0.17306   0.10072   0.17744   0.07212   0.21087   0.03452   0.00977   0.05269   0.08626   0.01063   0.05400   0.18926   0.06937   0.23720   0.04614   0.14400   0.05190   0.01140   0.07600   0.01176   6.95434   1.42136   1.15037   1.56029   0.96738  
 37  0.0378   2088.182174  x:  0.03527   0.00305   0.04163   0.17338   0.09975   0.17762   0.07296   0.21071   0.03445   0.01003   0.05279   0.08605   0.01090   0.05398   0.18933   0.06973   0.23770   0.04592   0.14362   0.05183   0.01112   0.07590   0.01188   6.96723   1.41971   1.14941   1.55694   0.96744  
 38  0.0082   2088.180454  x:  0.03525   0.00304   0.04156   0.17306   0.10043   0.17735   0.07242   0.21039   0.03429   0.01021   0.05274   0.08608   0.01114   0.05394   0.18931   0.06946   0.23790   0.04593   0.14386   0.05191   0.01086   0.07585   0.01200   6.95556   1.42063   1.14985   1.55813   0.96672  
 39  0.0088   2088.180056  x:  0.03522   0.00300   0.04159   0.17300   0.10027   0.17732   0.07260   0.21046   0.03443   0.01014   0.05272   0.08610   0.01118   0.05395   0.18919   0.06953   0.23745   0.04610   0.14394   0.05195   0.01078   0.07590   0.01206   6.94971   1.42117   1.15012   1.55965   0.96741  
 40  0.0040   2088.179572  x:  0.03525   0.00307   0.04155   0.17318   0.10031   0.17734   0.07254   0.21042   0.03444   0.00998   0.05276   0.08616   0.01126   0.05398   0.18920   0.06959   0.23769   0.04615   0.14383   0.05196   0.01080   0.07588   0.01220   6.95624   1.42136   1.15035   1.56007   0.96661  
 41  0.0019   2088.179245  x:  0.03523   0.00299   0.04158   0.17309   0.10034   0.17741   0.07254   0.21045   0.03432   0.00995   0.05273   0.08617   0.01123   0.05397   0.18928   0.06945   0.23778   0.04604   0.14386   0.05190   0.01083   0.07590   0.01232   6.95613   1.42087   1.15006   1.55888   0.96760  
 42  0.0010   2088.179096  x:  0.03523   0.00303   0.04160   0.17303   0.10037   0.17736   0.07260   0.21046   0.03436   0.01001   0.05269   0.08622   0.01116   0.05394   0.18925   0.06955   0.23762   0.04599   0.14393   0.05190   0.01085   0.07592   0.01240   6.95264   1.42089   1.15007   1.55895   0.96686  
 43  0.0028   2088.179079  x:  0.03524   0.00302   0.04157   0.17306   0.10035   0.17737   0.07256   0.21048   0.03438   0.01003   0.05272   0.08619   0.01115   0.05394   0.18923   0.06956   0.23768   0.04603   0.14392   0.05192   0.01087   0.07592   0.01241   6.95327   1.42095   1.15005   1.55903   0.96710  
 44  0.0007   2088.179078  x:  0.03524   0.00302   0.04158   0.17307   0.10035   0.17737   0.07258   0.21048   0.03437   0.01003   0.05272   0.08619   0.01116   0.05395   0.18923   0.06954   0.23768   0.04604   0.14391   0.05192   0.01087   0.07592   0.01241   6.95365   1.42098   1.15007   1.55911   0.96713  
 45  0.0005   2088.179078  x:  0.03524   0.00302   0.04158   0.17307   0.10035   0.17737   0.07257   0.21048   0.03437   0.01003   0.05272   0.08619   0.01115   0.05395   0.18923   0.06954   0.23768   0.04604   0.14391   0.05192   0.01087   0.07592   0.01241   6.95368   1.42098   1.15007   1.55910   0.96713  
 46  0.0000   2088.179078  x:  0.03524   0.00302   0.04158   0.17306   0.10035   0.17737   0.07258   0.21048   0.03437   0.01003   0.05272   0.08619   0.01115   0.05395   0.18923   0.06954   0.23768   0.04604   0.14391   0.05192   0.01087   0.07592   0.01241   6.95367   1.42098   1.15007   1.55910   0.96713  