

TREE # 1

  0  0.0000   2366.694602  x:  0.01972   0.20925   0.02571   0.03211   0.02495   0.05815   0.02188   0.05666   0.08536   0.02661   0.17168   0.01972   0.20925   0.02571   0.03211   0.02495   0.05815   0.02188   0.05666   0.08536   0.02661   0.17168   0.21568   8.40433   1.62252   0.86273   1.58855   1.00000  
  1 99.0000   2224.191933  x:  0.02928   0.21823   0.17346   0.17513   0.01927   0.05560   0.01908   0.06535   0.07385   0.11218   0.14753   0.01059   0.20491   0.25035   0.15128   0.04603   0.09561   0.08166   0.05609   0.09412   0.18799   0.14466   0.18648   8.40393   1.62280   0.86194   1.58982   0.99976  
  2 1715.2943   2189.713989  x:  0.03047   0.24124   0.16947   0.18816   0.01961   0.05474   0.01737   0.07329   0.01593   0.09986   0.04284   0.02033   0.18005   0.25969   0.15842   0.02667   0.14283   0.04362   0.04282   0.08444   0.17987   0.02757   0.05579   8.40235   1.61904   0.86501   1.59448   0.99848  
  3 227.0847   2187.019387  x:  0.03320   0.24426   0.16837   0.18979   0.02052   0.05488   0.01920   0.07240   0.02998   0.09878   0.03086   0.02065   0.17574   0.25977   0.15854   0.03280   0.14534   0.04657   0.04659   0.08337   0.17692   0.01538   0.03105   8.40197   1.61846   0.86528   1.59573   0.99817  
  4 256.1375   2186.550316  x:  0.03454   0.24596   0.16771   0.19050   0.02002   0.05495   0.01865   0.07186   0.02896   0.09824   0.02969   0.02219   0.17337   0.26029   0.15875   0.03388   0.14606   0.04810   0.04765   0.08295   0.17545   0.02063   0.02148   8.40171   1.61814   0.86541   1.59657   0.99800  
  5 101.8878   2186.419135  x:  0.03638   0.25000   0.16619   0.19213   0.01962   0.05511   0.01842   0.07051   0.02698   0.09737   0.03333   0.02073   0.16764   0.26170   0.15922   0.03472   0.14637   0.05127   0.04924   0.08227   0.17196   0.01902   0.02024   8.40097   1.61731   0.86570   1.59891   0.99754  
  6 26.7908   2186.257923  x:  0.03651   0.25817   0.16371   0.19577   0.02046   0.05528   0.01897   0.06885   0.02771   0.09618   0.03112   0.02156   0.15655   0.26512   0.16037   0.03429   0.14727   0.05301   0.05013   0.08116   0.16554   0.02040   0.02300   8.39930   1.61549   0.86636   1.60414   0.99650  
  7 38.2831   2186.218279  x:  0.03505   0.26095   0.16318   0.19660   0.01984   0.05515   0.01794   0.06929   0.02911   0.09638   0.03253   0.02091   0.15407   0.26664   0.16062   0.03354   0.14661   0.05081   0.04896   0.08132   0.16403   0.02064   0.02251   8.39832   1.61457   0.86672   1.60706   0.99591  
  8 19.1846   2186.198994  x:  0.03473   0.26267   0.16281   0.19645   0.01986   0.05511   0.01970   0.07018   0.02896   0.09674   0.03303   0.02115   0.15390   0.26760   0.16046   0.03429   0.14529   0.04980   0.04857   0.08176   0.16359   0.02061   0.02228   8.39716   1.61366   0.86709   1.61032   0.99525  
  9 12.5453   2186.151505  x:  0.03521   0.26681   0.16179   0.19514   0.01992   0.05498   0.01820   0.07223   0.02821   0.09763   0.03222   0.02189   0.15532   0.26979   0.15948   0.03638   0.14121   0.04957   0.04853   0.08296   0.16305   0.02022   0.02252   8.39332   1.61081   0.86831   1.62091   0.99309  
 10 21.6401   2186.100152  x:  0.03571   0.27005   0.16110   0.19355   0.01941   0.05511   0.01876   0.07169   0.02842   0.09790   0.03129   0.02050   0.15791   0.27153   0.15829   0.03331   0.13866   0.05128   0.04835   0.08327   0.16332   0.02032   0.02221   8.38808   1.60739   0.87002   1.63461   0.99024  
 11 24.9806   2186.041151  x:  0.03520   0.27109   0.16123   0.19245   0.02114   0.05523   0.01853   0.06873   0.02899   0.09687   0.03283   0.02295   0.16044   0.27219   0.15768   0.03258   0.14070   0.05100   0.04932   0.08199   0.16452   0.01995   0.02216   8.38052   1.60351   0.87253   1.65287   0.98625  
 12 24.6667   2185.990181  x:  0.03443   0.27010   0.16174   0.19189   0.01975   0.05519   0.01862   0.06715   0.02892   0.09577   0.03253   0.02109   0.16152   0.27161   0.15773   0.03486   0.14391   0.05033   0.04983   0.08084   0.16529   0.02067   0.02271   8.37328   1.60068   0.87493   1.66906   0.98258  
 13 40.1894   2185.945042  x:  0.03603   0.26621   0.16281   0.19240   0.02105   0.05504   0.01855   0.07031   0.02933   0.09571   0.03289   0.02020   0.16009   0.26944   0.15875   0.03495   0.14627   0.05099   0.04820   0.08105   0.16529   0.02113   0.02286   8.36552   1.59957   0.87744   1.68375   0.97897  
 14 23.2440   2185.917192  x:  0.03567   0.26279   0.16360   0.19315   0.01905   0.05504   0.01866   0.07149   0.02938   0.09641   0.03303   0.02169   0.15841   0.26768   0.15959   0.03445   0.14611   0.05181   0.04833   0.08188   0.16511   0.02076   0.02292   8.36007   1.59993   0.87918   1.69243   0.97667  
 15 26.7968   2185.890442  x:  0.03403   0.25899   0.16423   0.19447   0.02017   0.05514   0.01859   0.07079   0.02862   0.09768   0.03270   0.02114   0.15647   0.26604   0.16035   0.03419   0.14389   0.05173   0.04976   0.08295   0.16494   0.02065   0.02256   8.35385   1.60185   0.88110   1.70006   0.97439  
 16 19.8401   2185.869561  x:  0.03605   0.25670   0.16439   0.19581   0.02010   0.05511   0.01858   0.06871   0.02848   0.09835   0.03241   0.02109   0.15541   0.26536   0.16049   0.03430   0.14171   0.05033   0.04920   0.08290   0.16503   0.02061   0.02256   8.34777   1.60532   0.88293   1.70508   0.97256  
 17 14.2159   2185.801387  x:  0.03433   0.25471   0.16280   0.19863   0.02034   0.05490   0.01853   0.06769   0.02827   0.09711   0.03248   0.02150   0.15559   0.26549   0.15864   0.03560   0.13871   0.05235   0.04520   0.07959   0.16560   0.02043   0.02239   8.32384   1.62363   0.88981   1.71715   0.96692  
 18 12.9714   2185.592767  x:  0.03532   0.25357   0.15896   0.20336   0.01943   0.05507   0.01856   0.07186   0.02949   0.09410   0.03344   0.02089   0.15807   0.26771   0.15454   0.03414   0.13667   0.05097   0.05117   0.07622   0.16682   0.02129   0.02312   8.24579   1.68471   0.91175   1.75240   0.95004  
 19 62.3861   2185.413915  x:  0.03521   0.25622   0.15960   0.19785   0.01995   0.05482   0.01853   0.06862   0.03033   0.09767   0.03420   0.02071   0.15972   0.26808   0.15617   0.03504   0.13992   0.05269   0.04945   0.08598   0.16474   0.02184   0.02357   8.17643   1.73704   0.93007   1.78081   0.93808  
 20 67.4562   2185.354234  x:  0.03523   0.25781   0.16502   0.19019   0.02013   0.05525   0.01854   0.06864   0.03052   0.09976   0.03433   0.02066   0.15777   0.26711   0.15951   0.03501   0.13825   0.05270   0.04982   0.08124   0.16453   0.02196   0.02363   8.15117   1.75035   0.93488   1.78809   0.93908  
 21 18.3177   2185.287382  x:  0.03519   0.25757   0.16704   0.18779   0.02019   0.05181   0.01861   0.06839   0.03099   0.09297   0.03454   0.02060   0.15669   0.26704   0.16260   0.03501   0.13516   0.05291   0.04995   0.08290   0.16633   0.02213   0.02375   8.11735   1.75563   0.93720   1.79222   0.95063  
 22 10.0344   2185.180396  x:  0.03520   0.25680   0.16738   0.18741   0.02015   0.05883   0.01849   0.06828   0.03167   0.08913   0.03506   0.02047   0.15636   0.26656   0.16365   0.03552   0.13257   0.05319   0.04958   0.08482   0.16813   0.02253   0.02404   8.05884   1.76100   0.93980   1.79755   0.97252  
 23 46.6379   2184.843561  x:  0.03529   0.25416   0.16289   0.19181   0.01996   0.05489   0.01860   0.06784   0.03320   0.10084   0.03693   0.01993   0.15843   0.26369   0.15691   0.03655   0.13111   0.05509   0.05056   0.08381   0.16895   0.02397   0.02515   7.87198   1.77200   0.94587   1.81097   1.04210  
 24 86.5421   2184.658161  x:  0.03525   0.24305   0.16314   0.18932   0.02004   0.05499   0.01866   0.06747   0.03410   0.10021   0.03789   0.02001   0.16541   0.27575   0.15908   0.03688   0.12848   0.05577   0.05105   0.08224   0.15294   0.02447   0.02563   7.76019   1.75588   0.93902   1.79689   1.03657  
 25 11.3958   2183.857880  x:  0.03525   0.23691   0.15655   0.17985   0.02019   0.05549   0.01890   0.06645   0.03881   0.10309   0.04260   0.01869   0.15813   0.27322   0.15176   0.03939   0.11577   0.06031   0.05225   0.08640   0.17095   0.02807   0.02820   7.26308   1.66750   0.89882   1.71657   0.96887  
 26 47.6589   2183.740148  x:  0.03516   0.24329   0.16429   0.18839   0.02010   0.05554   0.01893   0.06636   0.03905   0.10254   0.04342   0.01848   0.16444   0.26286   0.15523   0.03975   0.11265   0.06115   0.05246   0.08657   0.16793   0.02868   0.02869   7.18705   1.65426   0.89227   1.70443   0.95795  
 27 43.2648   2183.695624  x:  0.03520   0.24404   0.15769   0.18853   0.02003   0.05556   0.01892   0.06651   0.03936   0.10369   0.04326   0.01854   0.16593   0.26148   0.16330   0.03962   0.11328   0.06109   0.05250   0.08488   0.16862   0.02867   0.02852   7.12059   1.65393   0.89180   1.70449   0.95677  
 28  1.5010   2183.140793  x:  0.03566   0.24834   0.16145   0.18811   0.02017   0.05538   0.01885   0.06699   0.04011   0.09977   0.04091   0.01940   0.16128   0.26022   0.15633   0.03961   0.12415   0.06022   0.05218   0.08482   0.16510   0.02810   0.02603   6.31866   1.65127   0.89000   1.70606   0.94454  
 29 43.7027   2183.135303  x:  0.03568   0.24849   0.16144   0.18818   0.02019   0.05542   0.01887   0.06703   0.04015   0.09982   0.04092   0.01940   0.16136   0.26007   0.15639   0.03965   0.12420   0.06026   0.05219   0.08489   0.16510   0.02812   0.02603   6.31159   1.64930   0.89752   1.70458   0.94426  
 30  1.7142   2183.018752  x:  0.03567   0.25264   0.16061   0.18735   0.02012   0.05516   0.01878   0.06780   0.03968   0.09758   0.03780   0.01993   0.15881   0.25524   0.15321   0.03865   0.12832   0.05783   0.05136   0.08444   0.16153   0.02670   0.02369   6.48668   1.64001   0.89350   1.69804   0.93758  
 31  0.1130   2182.879037  x:  0.03533   0.25062   0.15493   0.18086   0.02016   0.05499   0.01883   0.06734   0.04032   0.09685   0.03739   0.01957   0.16114   0.23932   0.15031   0.03812   0.12357   0.05651   0.05101   0.08539   0.15641   0.02621   0.02433   6.33824   1.64798   0.89495   1.70360   0.94398  
 32  0.0517   2182.861662  x:  0.03550   0.25025   0.15359   0.17971   0.02027   0.05524   0.01888   0.06717   0.04063   0.09639   0.03882   0.01963   0.16159   0.23799   0.14920   0.03869   0.12450   0.05757   0.05150   0.08575   0.15551   0.02687   0.02508   6.41122   1.64669   0.89439   1.70273   0.94164  
 33  0.0700   2182.860996  x:  0.03553   0.25051   0.15339   0.17965   0.02024   0.05526   0.01885   0.06724   0.04057   0.09615   0.03891   0.01967   0.16115   0.23833   0.14909   0.03878   0.12453   0.05762   0.05157   0.08561   0.15522   0.02701   0.02487   6.40666   1.64907   0.89546   1.70540   0.94230  
 34  0.0055   2182.860956  x:  0.03551   0.25045   0.15346   0.17969   0.02023   0.05525   0.01885   0.06724   0.04051   0.09617   0.03894   0.01965   0.16119   0.23815   0.14914   0.03876   0.12460   0.05759   0.05155   0.08561   0.15528   0.02708   0.02483   6.40599   1.64875   0.89533   1.70518   0.94219  
 35  0.0007   2182.860953  x:  0.03551   0.25046   0.15344   0.17967   0.02024   0.05525   0.01885   0.06724   0.04049   0.09618   0.03894   0.01965   0.16120   0.23820   0.14913   0.03876   0.12457   0.05758   0.05155   0.08561   0.15527   0.02709   0.02483   6.40626   1.64871   0.89531   1.70510   0.94220  
 36  0.0002   2182.860952  x:  0.03552   0.25046   0.15344   0.17968   0.02024   0.05525   0.01885   0.06724   0.04048   0.09618   0.03893   0.01965   0.16120   0.23819   0.14913   0.03876   0.12457   0.05758   0.05155   0.08561   0.15527   0.02709   0.02484   6.40625   1.64873   0.89532   1.70512   0.94220  
 37  0.0000   2182.860952  x:  0.03552   0.25046   0.15344   0.17968   0.02024   0.05525   0.01885   0.06724   0.04048   0.09618   0.03893   0.01965   0.16120   0.23819   0.14913   0.03876   0.12457   0.05759   0.05155   0.08561   0.15527   0.02709   0.02484   6.40623   1.64873   0.89532   1.70512   0.94220  
 38  0.0000   2182.860952  x:  0.03552   0.25046   0.15344   0.17968   0.02024   0.05525   0.01885   0.06724   0.04048   0.09618   0.03893   0.01965   0.16120   0.23819   0.14913   0.03876   0.12457   0.05759   0.05155   0.08561   0.15527   0.02709   0.02484   6.40623   1.64873   0.89532   1.70512   0.94220  
 39  0.0000   2182.860952  x:  0.03552   0.25046   0.15344   0.17968   0.02024   0.05525   0.01885   0.06724   0.04048   0.09618   0.03893   0.01965   0.16120   0.23819   0.14913   0.03876   0.12457   0.05759   0.05155   0.08561   0.15527   0.02709   0.02484   6.40623   1.64873   0.89532   1.70512   0.94220  

TREE # 2

  0  0.0000   2362.632777  x:  0.03552   0.25046   0.15344   0.17968   0.02024   0.05525   0.01885   0.06724   0.04048   0.09618   0.03893   0.01965   0.16120   0.23819   0.14913   0.03876   0.12457   0.05759   0.05155   0.08561   0.15527   0.02709   0.02484   6.40623   1.60513   0.82060   1.69189   0.94220  
  1 99.0000   2256.217805  x:  0.01410   0.21278   0.11749   0.17790   0.27126   0.19720   0.17188   0.12075   0.04935   0.07425   0.13667   0.10679   0.13057   0.20388   0.17500   0.09044   0.13779   0.05147   0.14240   0.07801   0.11896   0.06953   0.01993   6.40625   1.60530   0.82389   1.69088   0.94208  
  2 1299.0024   2204.197421  x:  0.01251   0.10394   0.01705   0.16313   0.26513   0.23185   0.14778   0.14476   0.03984   0.02234   0.13824   0.06363   0.04703   0.10422   0.22131   0.10845   0.15272   0.02724   0.18311   0.05206   0.01486   0.04976   0.00373   6.40649   1.60134   0.83757   1.68663   0.94187  
  3 305.5678   2201.583675  x:  0.01392   0.09335   0.00899   0.16186   0.26450   0.23506   0.14546   0.14683   0.03974   0.01932   0.13842   0.06017   0.03948   0.09462   0.22542   0.10991   0.15400   0.02597   0.18670   0.05056   0.00717   0.04854   0.01114   6.40651   1.60101   0.83882   1.68624   0.94184  
  4 1579.8869   2193.969326  x:  0.02781   0.05006   0.00561   0.15810   0.26152   0.24734   0.13580   0.15359   0.04557   0.02586   0.13924   0.05208   0.01436   0.05555   0.23962   0.11383   0.15803   0.02987   0.19918   0.05436   0.01815   0.04851   0.01145   6.40660   1.59999   0.84348   1.68486   0.94166  
  5 386.5891   2191.323487  x:  0.02938   0.02746   0.01821   0.15611   0.25953   0.25401   0.13025   0.15702   0.04760   0.02719   0.13954   0.04895   0.01150   0.03611   0.24728   0.11558   0.16010   0.03084   0.20550   0.05543   0.01426   0.04884   0.01212   6.40665   1.59944   0.84613   1.68408   0.94155  
  6 531.2733   2190.168823  x:  0.02896   0.01526   0.01742   0.15477   0.25802   0.25793   0.12668   0.15878   0.04888   0.02862   0.13965   0.04863   0.01989   0.02824   0.25161   0.11619   0.16112   0.03181   0.20890   0.05685   0.01464   0.04966   0.01213   6.40669   1.59914   0.84781   1.68359   0.94149  
  7 288.7766   2189.382323  x:  0.01938   0.01462   0.01740   0.14953   0.25111   0.27190   0.11280   0.16370   0.05113   0.03086   0.13964   0.05432   0.01866   0.03173   0.26563   0.11619   0.16337   0.03407   0.21922   0.06228   0.01608   0.05389   0.01313   6.40682   1.59813   0.85475   1.68152   0.94122  
  8 53.8271   2188.869084  x:  0.02598   0.01981   0.01834   0.14509   0.24565   0.28624   0.10127   0.16822   0.05204   0.03098   0.14022   0.05745   0.02112   0.03342   0.27853   0.11582   0.16503   0.03462   0.22867   0.06485   0.01479   0.05581   0.01294   6.40697   1.59713   0.86188   1.67936   0.94095  
  9 111.0327   2188.766460  x:  0.02611   0.01892   0.01925   0.14543   0.24381   0.29266   0.10092   0.16839   0.05005   0.02970   0.14081   0.05565   0.02158   0.03589   0.28096   0.11362   0.16384   0.03277   0.22945   0.06215   0.01738   0.05304   0.01362   6.40709   1.59674   0.86596   1.67801   0.94078  
 10 24.6168   2188.672531  x:  0.02554   0.01966   0.01888   0.14737   0.24035   0.30129   0.10273   0.16689   0.04993   0.03391   0.14134   0.05480   0.02162   0.03548   0.28172   0.10933   0.16119   0.03344   0.22728   0.05948   0.01642   0.05196   0.01344   6.40732   1.59629   0.87278   1.67569   0.94045  
 11 23.7811   2188.591007  x:  0.02554   0.01992   0.01866   0.14957   0.23614   0.30964   0.10526   0.16433   0.04990   0.03082   0.14132   0.05547   0.02146   0.03415   0.28086   0.10585   0.15868   0.03512   0.22302   0.06124   0.01648   0.05423   0.01335   6.40762   1.59597   0.88090   1.67281   0.94007  
 12 25.4813   2188.571326  x:  0.02619   0.01887   0.01868   0.14961   0.23519   0.31149   0.10578   0.16367   0.05086   0.03101   0.14122   0.05608   0.02123   0.03540   0.27985   0.10710   0.15889   0.03422   0.22125   0.06249   0.01590   0.05390   0.01319   6.40778   1.59609   0.88401   1.67158   0.93992  
 13 10.9004   2188.547913  x:  0.02559   0.01985   0.01872   0.14890   0.23450   0.31326   0.10599   0.16325   0.05138   0.03104   0.14107   0.05587   0.02150   0.03435   0.27812   0.11074   0.16021   0.03345   0.21916   0.06292   0.01638   0.05282   0.01335   6.40809   1.59653   0.88887   1.66952   0.93968  
 14 12.0720   2188.532414  x:  0.02578   0.01951   0.01879   0.14816   0.23450   0.31352   0.10563   0.16332   0.05044   0.03119   0.14099   0.05562   0.02149   0.03491   0.27651   0.11289   0.16129   0.03492   0.21825   0.06162   0.01641   0.05376   0.01334   6.40840   1.59718   0.89260   1.66779   0.93948  
 15  9.5474   2188.504894  x:  0.02584   0.01944   0.01882   0.14716   0.23615   0.31083   0.10408   0.16455   0.04959   0.03166   0.14110   0.05640   0.02147   0.03446   0.27343   0.11130   0.16152   0.03284   0.21889   0.06104   0.01670   0.05546   0.01339   6.40929   1.59960   0.89953   1.66406   0.93910  
 16  5.1150   2188.466650  x:  0.02575   0.01942   0.01892   0.14666   0.23895   0.30660   0.10288   0.16630   0.05088   0.03119   0.14137   0.05615   0.02161   0.03471   0.27032   0.10845   0.16149   0.03466   0.22091   0.06217   0.01646   0.05329   0.01339   6.41066   1.60357   0.90835   1.65901   0.93859  
 17 15.0230   2188.398196  x:  0.02553   0.01993   0.01921   0.15137   0.23941   0.30020   0.10674   0.16510   0.05137   0.03205   0.14059   0.05302   0.02213   0.03581   0.27503   0.10995   0.15998   0.03437   0.22340   0.06381   0.01657   0.05545   0.01357   6.41364   1.61304   0.91508   1.65325   0.93827  
 18  4.6540   2188.317497  x:  0.02587   0.01980   0.01938   0.15522   0.23832   0.29365   0.11007   0.16235   0.05014   0.03207   0.13990   0.05856   0.02221   0.03548   0.28027   0.11141   0.15826   0.03494   0.22391   0.06242   0.01704   0.05397   0.01375   6.41734   1.62449   0.91981   1.64803   0.93814  
 19 19.0980   2187.952125  x:  0.02553   0.02008   0.02037   0.14179   0.23969   0.29037   0.11146   0.15334   0.05508   0.03192   0.14875   0.05838   0.02326   0.03667   0.28317   0.10584   0.15769   0.03610   0.20774   0.06038   0.01838   0.05582   0.01420   6.43462   1.67127   0.91343   1.64235   0.93973  
 20  8.1845   2187.722466  x:  0.02547   0.02036   0.02065   0.14184   0.24129   0.29314   0.11022   0.15383   0.04628   0.03515   0.14670   0.05824   0.02381   0.03706   0.27743   0.10379   0.15797   0.03738   0.20082   0.06711   0.01791   0.05421   0.01445   6.44550   1.69600   0.90733   1.64375   0.94137  
 21 26.5514   2187.338227  x:  0.02512   0.02113   0.02145   0.15344   0.24103   0.30071   0.10595   0.16028   0.05195   0.03473   0.13386   0.06030   0.02525   0.03844   0.25880   0.10336   0.15759   0.03768   0.19674   0.06411   0.01940   0.05611   0.01505   6.46410   1.72923   0.89678   1.65376   0.94514  
 22 30.3453   2186.988188  x:  0.02492   0.02179   0.02236   0.15613   0.22916   0.29742   0.10968   0.15416   0.05178   0.03604   0.14763   0.06231   0.02656   0.03955   0.23866   0.10678   0.15172   0.03791   0.20790   0.06590   0.02003   0.05717   0.01561   6.48149   1.72899   0.89823   1.68344   0.95027  
 23 10.9533   2186.487249  x:  0.02488   0.02258   0.02398   0.14780   0.23347   0.28351   0.12111   0.14911   0.05174   0.03860   0.13502   0.06507   0.02836   0.04162   0.23887   0.09969   0.15631   0.03925   0.19852   0.06732   0.02184   0.05848   0.01655   6.50662   1.69747   0.91459   1.74129   0.95718  
 24 15.5159   2186.392668  x:  0.02472   0.02268   0.02406   0.15439   0.23892   0.27989   0.11455   0.14970   0.05206   0.03866   0.14018   0.06524   0.02863   0.04191   0.24166   0.10042   0.15335   0.03982   0.18978   0.06730   0.02211   0.05864   0.01667   6.51137   1.68821   0.91764   1.75132   0.95697  
 25 12.8172   2186.350699  x:  0.02472   0.02269   0.02424   0.15179   0.23840   0.27899   0.11524   0.15250   0.05207   0.03885   0.13883   0.06547   0.02882   0.04204   0.24136   0.10237   0.14629   0.04024   0.18880   0.06757   0.02218   0.05877   0.01675   6.51336   1.67197   0.90996   1.73769   0.94397  
 26  1.9904   2186.253736  x:  0.02469   0.02282   0.02454   0.15459   0.23710   0.27794   0.11556   0.14912   0.05217   0.03925   0.13986   0.06604   0.02928   0.04250   0.24013   0.10020   0.15287   0.04010   0.18919   0.06791   0.02250   0.05909   0.01698   6.51779   1.63209   0.89011   1.70184   0.91386  
 27 15.0863   2186.155776  x:  0.02468   0.02285   0.02495   0.15504   0.23369   0.27627   0.11691   0.15251   0.05227   0.03968   0.14129   0.06663   0.02980   0.04282   0.24050   0.09959   0.15386   0.04048   0.18771   0.06831   0.02274   0.05941   0.01720   6.51889   1.59426   0.87162   1.65833   0.94830  
 28  2.2504   2186.139596  x:  0.02465   0.02279   0.02497   0.15476   0.23545   0.27672   0.11501   0.14795   0.05222   0.03981   0.13951   0.06637   0.02985   0.04278   0.24010   0.10013   0.15215   0.04052   0.18890   0.06841   0.02268   0.05935   0.01720   6.51893   1.58962   0.86942   1.65292   0.95291  
 29  5.6531   2183.608042  x:  0.02311   0.01745   0.03144   0.16128   0.16691   0.26156   0.08526   0.15314   0.05294   0.04225   0.13187   0.06660   0.04047   0.03990   0.26848   0.10113   0.15330   0.04250   0.19833   0.07088   0.02271   0.05923   0.02016   6.46775   1.64188   0.89552   1.69166   0.94701  
 30  0.1503   2182.994773  x:  0.02413   0.01807   0.03128   0.16084   0.15898   0.23574   0.08803   0.14974   0.05133   0.03973   0.12340   0.05968   0.04163   0.03809   0.25029   0.09615   0.15428   0.04105   0.17823   0.06776   0.02064   0.05558   0.01976   6.37498   1.65943   0.90084   1.70274   0.94212  
 31  0.0790   2182.902527  x:  0.02496   0.01937   0.02889   0.16079   0.15706   0.24225   0.08525   0.14879   0.05140   0.03807   0.12598   0.05631   0.03875   0.03806   0.24887   0.09604   0.15318   0.03997   0.17979   0.06667   0.01939   0.05479   0.01883   6.44113   1.64599   0.89368   1.70534   0.94222  
 32  0.0492   2182.867908  x:  0.02513   0.01981   0.02721   0.16149   0.15583   0.23721   0.08683   0.14929   0.05159   0.03825   0.12509   0.05737   0.03622   0.03877   0.25140   0.09674   0.15323   0.04018   0.18148   0.06706   0.01969   0.05539   0.01856   6.39515   1.64425   0.89349   1.70443   0.94181  
 33  0.0291   2182.861492  x:  0.02493   0.01969   0.02696   0.16125   0.15539   0.23835   0.08530   0.14925   0.05160   0.03865   0.12436   0.05774   0.03568   0.03893   0.25075   0.09623   0.15344   0.04049   0.17961   0.06726   0.02012   0.05538   0.01866   6.40200   1.64843   0.89523   1.70478   0.94238  
 34  0.0091   2182.861091  x:  0.02485   0.01965   0.02701   0.16118   0.15508   0.23828   0.08570   0.14910   0.05156   0.03876   0.12459   0.05765   0.03563   0.03894   0.25048   0.09614   0.15346   0.04051   0.17960   0.06726   0.02025   0.05527   0.01872   6.40783   1.64894   0.89540   1.70508   0.94228  
 35  0.0063   2182.861016  x:  0.02482   0.01965   0.02705   0.16118   0.15534   0.23810   0.08561   0.14912   0.05154   0.03878   0.12460   0.05757   0.03559   0.03894   0.25041   0.09616   0.15345   0.04049   0.17969   0.06724   0.02029   0.05523   0.01876   6.40694   1.64884   0.89537   1.70519   0.94218  
 36  0.0011   2182.860972  x:  0.02483   0.01965   0.02709   0.16120   0.15524   0.23824   0.08560   0.14913   0.05154   0.03877   0.12454   0.05755   0.03553   0.03893   0.25047   0.09621   0.15344   0.04047   0.17970   0.06722   0.02028   0.05524   0.01881   6.40468   1.64860   0.89527   1.70514   0.94214  
 37  0.0013   2182.860956  x:  0.02484   0.01965   0.02711   0.16121   0.15527   0.23819   0.08561   0.14913   0.05155   0.03875   0.12458   0.05758   0.03550   0.03893   0.25048   0.09617   0.15344   0.04048   0.17967   0.06723   0.02025   0.05526   0.01883   6.40672   1.64872   0.89531   1.70510   0.94222  
 38  0.0015   2182.860954  x:  0.02484   0.01965   0.02711   0.16119   0.15527   0.23818   0.08561   0.14912   0.05155   0.03876   0.12457   0.05759   0.03551   0.03893   0.25045   0.09618   0.15345   0.04049   0.17968   0.06724   0.02023   0.05525   0.01883   6.40587   1.64875   0.89533   1.70512   0.94219  
 39  0.0005   2182.860953  x:  0.02484   0.01965   0.02709   0.16119   0.15527   0.23819   0.08561   0.14913   0.05155   0.03876   0.12457   0.05758   0.03551   0.03894   0.25046   0.09618   0.15344   0.04049   0.17968   0.06724   0.02023   0.05525   0.01884   6.40644   1.64872   0.89531   1.70513   0.94219  
 40  0.0002   2182.860952  x:  0.02484   0.01965   0.02709   0.16120   0.15527   0.23819   0.08561   0.14913   0.05155   0.03876   0.12458   0.05758   0.03551   0.03893   0.25046   0.09618   0.15344   0.04048   0.17968   0.06724   0.02023   0.05525   0.01885   6.40621   1.64872   0.89532   1.70512   0.94220  
 41  0.0002   2182.860952  x:  0.02484   0.01965   0.02709   0.16120   0.15527   0.23819   0.08561   0.14913   0.05155   0.03876   0.12457   0.05759   0.03552   0.03893   0.25046   0.09618   0.15344   0.04048   0.17968   0.06724   0.02024   0.05525   0.01885   6.40623   1.64873   0.89532   1.70512   0.94220  
 42  0.0000   2182.860952  x:  0.02484   0.01965   0.02709   0.16120   0.15527   0.23819   0.08561   0.14913   0.05155   0.03876   0.12457   0.05759   0.03552   0.03893   0.25046   0.09618   0.15344   0.04048   0.17968   0.06724   0.02024   0.05525   0.01885   6.40623   1.64873   0.89532   1.70512   0.94220  
 43  0.0000   2182.860952  x:  0.02484   0.01965   0.02709   0.16120   0.15527   0.23819   0.08561   0.14913   0.05155   0.03876   0.12457   0.05759   0.03552   0.03893   0.25046   0.09618   0.15344   0.04048   0.17968   0.06724   0.02024   0.05525   0.01885   6.40623   1.64873   0.89532   1.70512   0.94220  
 44  0.0000   2182.860952  x:  0.02484   0.01965   0.02709   0.16120   0.15527   0.23819   0.08561   0.14913   0.05155   0.03876   0.12457   0.05759   0.03552   0.03893   0.25046   0.09618   0.15344   0.04048   0.17968   0.06724   0.02024   0.05525   0.01885   6.40623   1.64873   0.89532   1.70512   0.94220  