

TREE # 1

  0  0.0000   2451.460392  x:  0.01972   0.20925   0.02571   0.03211   0.02495   0.05815   0.02188   0.05666   0.08536   0.02661   0.17168   0.01972   0.20925   0.02571   0.03211   0.02495   0.05815   0.02188   0.05666   0.08536   0.02661   0.17168   0.21568   8.40433   1.76900   1.11266   1.56688   1.00000  
  1 99.0000   2292.875273  x:  0.00000   0.20844   0.20357   0.09646   0.04090   0.06998   0.03826   0.08105   0.08666   0.09821   0.15793   0.00468   0.20994   0.16433   0.12771   0.04611   0.07114   0.03565   0.06517   0.10003   0.06548   0.15597   0.19789   8.40442   1.76950   1.11167   1.56843   1.00263  
  2 1925.2579   2288.970320  x:  0.00000   0.20729   0.20192   0.09864   0.03873   0.07267   0.03801   0.08715   0.08378   0.09782   0.15122   0.00000   0.21002   0.16377   0.12984   0.04570   0.07408   0.03550   0.06724   0.10270   0.06470   0.14834   0.18890   8.40448   1.76974   1.11155   1.56896   1.00383  
  3 241.5732   2269.703529  x:  0.00000   0.19445   0.19697   0.10616   0.03221   0.05189   0.04484   0.05197   0.05346   0.10336   0.06906   0.00000   0.22633   0.16425   0.13570   0.04426   0.05410   0.03524   0.05670   0.10690   0.06606   0.06382   0.05669   8.40547   1.77375   1.11006   1.57776   1.02362  
  4 321.6390   2268.966665  x:  0.00000   0.19348   0.19697   0.10585   0.03390   0.05101   0.04489   0.05091   0.05246   0.10402   0.06380   0.00887   0.22830   0.16427   0.13494   0.04462   0.05294   0.03550   0.05548   0.10586   0.06636   0.05857   0.04470   8.40559   1.77427   1.10972   1.57887   1.02589  
  5 358.8657   2268.014405  x:  0.00000   0.19297   0.19861   0.10197   0.04308   0.05301   0.04325   0.05592   0.05711   0.10562   0.06369   0.00722   0.23244   0.16424   0.12945   0.04674   0.05349   0.03668   0.05289   0.09949   0.06756   0.05686   0.02832   8.40585   1.77572   1.10832   1.58180   1.03121  
  6 109.4090   2267.656488  x:  0.00000   0.19167   0.20076   0.09870   0.04231   0.05663   0.04170   0.05287   0.06227   0.10766   0.06017   0.00740   0.24134   0.16480   0.12462   0.04806   0.05943   0.03571   0.05700   0.09387   0.06785   0.05018   0.03004   8.40661   1.77990   1.10440   1.58994   1.04614  
  7 31.3604   2267.102689  x:  0.00000   0.18889   0.20243   0.09685   0.03794   0.05192   0.04212   0.06046   0.06574   0.10917   0.05783   0.00742   0.25870   0.16574   0.12213   0.04509   0.05309   0.03450   0.05750   0.09168   0.06636   0.04593   0.03351   8.40857   1.79037   1.09540   1.60989   1.08281  
  8 53.4119   2266.026580  x:  0.00000   0.18378   0.20075   0.09955   0.03208   0.05671   0.04447   0.05817   0.06070   0.10769   0.06346   0.00653   0.28777   0.16595   0.12782   0.04153   0.05652   0.03819   0.05504   0.10014   0.06097   0.05597   0.02837   8.41330   1.81489   1.07672   1.65550   1.16645  
  9 108.6867   2265.598379  x:  0.00000   0.18351   0.19803   0.10309   0.04245   0.05449   0.04166   0.05759   0.05402   0.10575   0.06249   0.00629   0.29024   0.16502   0.13161   0.04820   0.05742   0.03459   0.05643   0.10341   0.06087   0.05637   0.03099   8.41579   1.82669   1.07163   1.67572   1.20379  
 10 83.8905   2264.746062  x:  0.00000   0.19159   0.19536   0.11030   0.04272   0.05897   0.04100   0.05641   0.05580   0.10449   0.06157   0.00708   0.25176   0.16348   0.13248   0.04843   0.05335   0.04166   0.05151   0.09622   0.07018   0.05120   0.03278   8.42306   1.85672   1.07616   1.71902   1.28442  
 11 45.0629   2264.345371  x:  0.00000   0.19459   0.19695   0.10781   0.03942   0.05292   0.04238   0.05634   0.05758   0.10546   0.06259   0.00732   0.23099   0.16398   0.13173   0.04677   0.05703   0.03534   0.05496   0.09486   0.07079   0.05293   0.02946   8.42697   1.87192   1.08213   1.73904   1.32159  
 12 107.4673   2264.179090  x:  0.00000   0.19315   0.19996   0.10011   0.04031   0.05605   0.04256   0.05630   0.05581   0.10689   0.06036   0.00732   0.22373   0.16530   0.12998   0.04607   0.05452   0.03491   0.05602   0.09834   0.06619   0.05359   0.02996   8.42951   1.88029   1.09148   1.74680   1.33572  
 13 32.2368   2264.032008  x:  0.00000   0.18946   0.20157   0.09799   0.04056   0.05274   0.04140   0.05712   0.05579   0.10694   0.05992   0.00732   0.22171   0.16583   0.12810   0.04694   0.05781   0.03948   0.05336   0.10140   0.06383   0.05262   0.03109   8.43292   1.89033   1.10774   1.75309   1.34620  
 14 26.8448   2263.403496  x:  0.00000   0.17348   0.20334   0.10593   0.03848   0.05602   0.04193   0.05760   0.06022   0.10471   0.06500   0.00721   0.22358   0.16539   0.12394   0.05145   0.05643   0.03436   0.05212   0.10709   0.06574   0.05107   0.03108   8.44981   1.93823   1.19057   1.77916   1.38553  
 15 58.3991   2263.018846  x:  0.00000   0.17438   0.20112   0.10674   0.04079   0.05561   0.04300   0.05869   0.05668   0.10637   0.06233   0.00680   0.22872   0.16426   0.12913   0.04524   0.05664   0.03839   0.06080   0.10126   0.07032   0.05557   0.03124   8.46130   1.96992   1.24189   1.79631   1.40590  
 16 75.2459   2262.810980  x:  0.00000   0.18328   0.19939   0.10475   0.03972   0.05695   0.04167   0.05998   0.05424   0.10845   0.06092   0.00677   0.23266   0.16471   0.13496   0.04396   0.05896   0.03482   0.05521   0.09697   0.06946   0.05572   0.03207   8.46821   1.98817   1.26631   1.80694   1.41302  
 17 49.8707   2262.645850  x:  0.00000   0.19530   0.19800   0.10397   0.03725   0.05675   0.04216   0.06033   0.05595   0.10845   0.06302   0.00688   0.23558   0.16569   0.13809   0.04992   0.05766   0.03662   0.05735   0.09763   0.06550   0.05392   0.03082   8.47488   2.00480   1.28166   1.81799   1.41445  
 18 34.9614   2262.402202  x:  0.00000   0.20880   0.19948   0.10751   0.04125   0.05699   0.04359   0.05970   0.05979   0.10387   0.06217   0.00701   0.23788   0.16839   0.13404   0.04387   0.05860   0.03603   0.05822   0.10592   0.06420   0.05109   0.03074   8.48657   2.03186   1.29402   1.83879   1.40814  
 19 25.8763   2261.836016  x:  0.00000   0.21471   0.20577   0.10914   0.03479   0.05798   0.03633   0.06233   0.05239   0.09740   0.05583   0.00689   0.23792   0.17125   0.12454   0.04730   0.05893   0.03578   0.05900   0.11006   0.07238   0.05609   0.02964   8.51593   2.09598   1.30768   1.89205   1.38245  
 20 39.9859   2260.618389  x:  0.00000   0.20453   0.21213   0.10915   0.03342   0.05985   0.05481   0.06768   0.04028   0.09709   0.05691   0.00744   0.23232   0.16758   0.12565   0.05083   0.06345   0.03597   0.05790   0.10688   0.07451   0.04985   0.03104   8.58539   2.24310   1.33042   2.01753   1.31736  
 21 132.7860   2259.105830  x:  0.00000   0.18251   0.21218   0.11301   0.03388   0.06097   0.04089   0.06792   0.04820   0.10657   0.05760   0.00789   0.22224   0.16226   0.14661   0.04495   0.06251   0.03608   0.06110   0.10562   0.06452   0.04413   0.02975   8.66818   2.41348   1.35415   2.16523   1.23941  
 22 271.9796   2259.014640  x:  0.00000   0.18069   0.20698   0.11356   0.03407   0.06116   0.04295   0.06834   0.05148   0.10886   0.05333   0.00776   0.22149   0.16728   0.14702   0.04651   0.06294   0.03602   0.06045   0.10631   0.06438   0.04691   0.03013   8.67401   2.41892   1.35514   2.17246   1.23579  
 23 18.8161   2258.904666  x:  0.00000   0.17908   0.19993   0.11275   0.03390   0.06135   0.04179   0.06861   0.04937   0.11187   0.05669   0.00787   0.22081   0.17717   0.14557   0.04545   0.06312   0.03604   0.06124   0.10674   0.06562   0.04474   0.03001   8.68242   2.41757   1.35587   2.17820   1.23333  
 24 13.0306   2257.793622  x:  0.00000   0.17774   0.20493   0.12758   0.03182   0.06399   0.04025   0.07259   0.04223   0.10382   0.05434   0.00785   0.21583   0.18825   0.14301   0.04335   0.06537   0.03624   0.06442   0.09585   0.04603   0.04578   0.03024   8.77614   2.32813   1.35794   2.20027   1.23056  
 25 10.3588   2254.936014  x:  0.00000   0.17865   0.21880   0.12268   0.02652   0.07000   0.04070   0.08358   0.04639   0.09808   0.05235   0.00856   0.20796   0.18480   0.16299   0.04545   0.07252   0.03612   0.06830   0.11339   0.06347   0.03865   0.03134   9.02981   2.08222   1.36009   2.25008   1.22714  
 26 168.1870   2254.604296  x:  0.00000   0.18171   0.22014   0.12985   0.02578   0.07090   0.04024   0.08522   0.04287   0.11742   0.05229   0.00860   0.20682   0.17769   0.15669   0.04573   0.07344   0.03623   0.06895   0.11851   0.06310   0.03948   0.03174   9.06151   2.06333   1.35458   2.23852   1.23085  
 27 28.2702   2249.592082  x:  0.00000   0.17893   0.23675   0.14229   0.01854   0.08206   0.03859   0.10345   0.04019   0.11392   0.04949   0.00986   0.18604   0.19414   0.17312   0.04602   0.08545   0.03607   0.07767   0.13042   0.06380   0.03255   0.03272   9.51281   1.99232   1.18404   1.79056   1.34823  
 28 25.6225   2247.420477  x:  0.00000   0.18321   0.26273   0.14090   0.02850   0.08883   0.03747   0.11657   0.05249   0.11469   0.06711   0.00916   0.19727   0.21012   0.17722   0.04575   0.09224   0.03604   0.08152   0.12774   0.06504   0.05218   0.03938   9.92161   2.01501   1.18109   1.79106   1.34783  
 29  0.9049   2246.291447  x:  0.00000   0.17640   0.28633   0.14488   0.03013   0.08958   0.03984   0.12575   0.04774   0.12112   0.05937   0.00777   0.22438   0.22827   0.19208   0.04436   0.09417   0.03580   0.08181   0.12752   0.06484   0.04603   0.03030  10.26691   2.05611   1.23640   1.87688   1.34356  
 30  0.3730   2246.083880  x:  0.00000   0.17998   0.29906   0.14746   0.02574   0.08915   0.03985   0.13268   0.04702   0.12240   0.05919   0.00817   0.20970   0.23677   0.19744   0.04443   0.09379   0.03620   0.08098   0.12344   0.06615   0.04510   0.03198  10.34880   2.04047   1.22704   1.85691   1.33942  
 31  0.0663   2246.064126  x:  0.00000   0.17864   0.30060   0.14775   0.02698   0.08767   0.03972   0.13421   0.04675   0.12279   0.05841   0.00813   0.21121   0.23698   0.19773   0.04470   0.09229   0.03617   0.07995   0.12246   0.06573   0.04420   0.03171  10.31398   2.03317   1.21939   1.83880   1.34114  
 32  0.0306   2246.055880  x:  0.00000   0.17827   0.30083   0.14717   0.02653   0.08636   0.03957   0.13536   0.04698   0.12276   0.05881   0.00815   0.21172   0.23630   0.19740   0.04478   0.09088   0.03608   0.07927   0.12191   0.06554   0.04466   0.03195  10.27875   2.04049   1.22440   1.85148   1.33977  
 33  0.0311   2246.054070  x:  0.00000   0.17918   0.29992   0.14723   0.02653   0.08628   0.03989   0.13624   0.04711   0.12254   0.05893   0.00818   0.21132   0.23578   0.19701   0.04465   0.09069   0.03622   0.07952   0.12259   0.06567   0.04485   0.03179  10.27511   2.03732   1.22376   1.84900   1.34063  
 34  0.0033   2246.053567  x:  0.00000   0.17881   0.29948   0.14728   0.02648   0.08642   0.03967   0.13677   0.04704   0.12251   0.05883   0.00819   0.21140   0.23568   0.19698   0.04464   0.09077   0.03620   0.07968   0.12281   0.06572   0.04475   0.03182  10.28007   2.03901   1.22364   1.84990   1.34014  
 35  0.0036   2246.053504  x:  0.00000   0.17876   0.29939   0.14726   0.02647   0.08647   0.03975   0.13690   0.04705   0.12251   0.05884   0.00818   0.21146   0.23571   0.19693   0.04468   0.09083   0.03616   0.07965   0.12265   0.06568   0.04469   0.03184  10.28137   2.03878   1.22398   1.85003   1.34031  
 36  0.0011   2246.053497  x:  0.00000   0.17880   0.29936   0.14724   0.02646   0.08648   0.03973   0.13691   0.04704   0.12251   0.05883   0.00817   0.21145   0.23570   0.19691   0.04467   0.09085   0.03617   0.07962   0.12259   0.06567   0.04471   0.03183  10.28122   2.03883   1.22395   1.84998   1.34033  
 37  0.0002   2246.053497  x:  0.00000   0.17880   0.29935   0.14723   0.02647   0.08648   0.03973   0.13691   0.04705   0.12252   0.05883   0.00817   0.21144   0.23570   0.19690   0.04467   0.09086   0.03617   0.07961   0.12260   0.06567   0.04471   0.03183  10.28108   2.03886   1.22392   1.85000   1.34031  
 38  0.0001   2246.053497  x:  0.00000   0.17880   0.29936   0.14723   0.02647   0.08648   0.03973   0.13691   0.04704   0.12252   0.05883   0.00817   0.21145   0.23569   0.19691   0.04467   0.09086   0.03617   0.07961   0.12260   0.06567   0.04471   0.03183  10.28101   2.03883   1.22391   1.84999   1.34032  
 39  0.0001   2246.053497  x:  0.00000   0.17880   0.29936   0.14723   0.02647   0.08648   0.03973   0.13691   0.04704   0.12252   0.05883   0.00817   0.21145   0.23569   0.19691   0.04467   0.09086   0.03617   0.07961   0.12260   0.06567   0.04471   0.03183  10.28099   2.03884   1.22392   1.84999   1.34032  
 40  0.0000   2246.053497  x:  0.00000   0.17880   0.29936   0.14723   0.02647   0.08648   0.03973   0.13691   0.04704   0.12252   0.05883   0.00817   0.21145   0.23569   0.19691   0.04467   0.09086   0.03617   0.07961   0.12260   0.06567   0.04471   0.03183  10.28098   2.03884   1.22392   1.84999   1.34032  
 41  0.0000   2246.053497  x:  0.00000   0.17880   0.29936   0.14723   0.02647   0.08648   0.03973   0.13691   0.04704   0.12252   0.05883   0.00817   0.21145   0.23569   0.19691   0.04467   0.09086   0.03617   0.07961   0.12260   0.06567   0.04471   0.03183  10.28098   2.03884   1.22392   1.84999   1.34032  
 42  0.0000   2246.053497  x:  0.00000   0.17880   0.29936   0.14723   0.02647   0.08648   0.03973   0.13691   0.04704   0.12252   0.05883   0.00817   0.21145   0.23569   0.19691   0.04467   0.09086   0.03617   0.07961   0.12260   0.06567   0.04471   0.03183  10.28098   2.03884   1.22392   1.84999   1.34032  
 43  0.0000   2246.053497  x:  0.00000   0.17880   0.29936   0.14723   0.02647   0.08648   0.03973   0.13691   0.04704   0.12252   0.05883   0.00817   0.21145   0.23569   0.19691   0.04467   0.09086   0.03617   0.07961   0.12260   0.06567   0.04471   0.03183  10.28098   2.03884   1.22392   1.84999   1.34032  

TREE # 2

  0  0.0000   2404.788384  x:  0.00000   0.17880   0.29936   0.14723   0.02647   0.08648   0.03973   0.13691   0.04704   0.12252   0.05883   0.00817   0.21145   0.23569   0.19691   0.04467   0.09086   0.03617   0.07961   0.12260   0.06567   0.04471   0.03183  10.28098   1.91465   1.16094   1.82501   1.34032  
  1 99.0000   2366.882254  x:  0.20918   0.15876   0.27654   0.15730   0.06819   0.12920   0.09372   0.14995   0.06111   0.10860   0.07798   0.08503   0.18833   0.21537   0.19563   0.08479   0.14692   0.05618   0.09912   0.12412   0.05321   0.07255   0.03828  10.28095   1.91534   1.16146   1.82435   1.34024  
  2 1353.9709   2287.315656  x:  0.16685   0.03441   0.16232   0.18769   0.09289   0.22914   0.16061   0.19405   0.08517   0.03965   0.10043   0.03687   0.05470   0.11360   0.18434   0.14954   0.28038   0.06917   0.15646   0.13229   0.00000   0.10850   0.04430  10.28103   1.91720   1.16981   1.81844   1.33961  
  3 375.4645   2272.030788  x:  0.15601   0.00000   0.13062   0.19574   0.09898   0.25498   0.17763   0.20533   0.09126   0.02233   0.10603   0.02557   0.01742   0.08586   0.18126   0.16597   0.31500   0.07203   0.17133   0.13507   0.01271   0.11733   0.04573  10.28105   1.91776   1.17208   1.81682   1.33943  
  4 3766.6002   2266.876500  x:  0.15228   0.00000   0.11702   0.19782   0.09804   0.25900   0.17862   0.20651   0.09198   0.02933   0.10567   0.03307   0.00000   0.07736   0.17996   0.16683   0.32096   0.06946   0.17212   0.13599   0.01300   0.11601   0.04430  10.28107   1.91812   1.17299   1.81609   1.33936  
  5 373.3233   2263.158137  x:  0.16093   0.00000   0.06068   0.20354   0.08854   0.26017   0.17085   0.20082   0.08195   0.01741   0.09751   0.03176   0.00000   0.06787   0.17416   0.15707   0.32787   0.05214   0.16200   0.13832   0.01147   0.09996   0.03942  10.28114   1.92033   1.17693   1.81286   1.33911  
  6 137.6494   2262.797486  x:  0.16254   0.00545   0.05297   0.20448   0.08721   0.26052   0.16973   0.20003   0.08087   0.01742   0.09651   0.03012   0.00000   0.06731   0.17328   0.15566   0.32926   0.05017   0.16068   0.13863   0.01131   0.09789   0.03941  10.28116   1.92075   1.17757   1.81234   1.33908  
  7 277.5852   2262.565240  x:  0.16474   0.00486   0.04751   0.20527   0.08619   0.26128   0.16865   0.19933   0.08101   0.02165   0.09616   0.02529   0.00000   0.06895   0.17246   0.15437   0.33154   0.05016   0.15990   0.13879   0.01134   0.09687   0.04133  10.28117   1.92140   1.17831   1.81169   1.33902  
  8 72.8049   2262.414177  x:  0.16397   0.00480   0.04511   0.20723   0.08274   0.26372   0.16419   0.19727   0.08261   0.02083   0.09670   0.02768   0.00000   0.07525   0.17027   0.15018   0.33942   0.05370   0.15881   0.13906   0.01148   0.09606   0.04632  10.28123   1.92398   1.18089   1.80940   1.33881  
  9 22.6101   2262.263569  x:  0.16507   0.00462   0.04856   0.21040   0.07867   0.26749   0.15682   0.19415   0.08331   0.02144   0.09686   0.02699   0.00000   0.07691   0.16746   0.14377   0.35243   0.05438   0.15593   0.13951   0.01171   0.09492   0.04098  10.28135   1.92913   1.18607   1.80484   1.33838  
 10 23.7520   2262.206382  x:  0.16549   0.00458   0.05094   0.21114   0.07939   0.26749   0.15296   0.19323   0.08173   0.02156   0.09643   0.02662   0.00000   0.07380   0.16838   0.14171   0.35699   0.05192   0.15426   0.13898   0.01173   0.09566   0.04460  10.28145   1.93362   1.19015   1.80127   1.33804  
 11 12.7877   2262.045009  x:  0.16348   0.00469   0.04823   0.20930   0.08724   0.26180   0.14613   0.19477   0.08105   0.02147   0.09687   0.02698   0.00000   0.07485   0.17782   0.14215   0.36321   0.05379   0.15459   0.13605   0.01199   0.10053   0.04245  10.28196   1.95485   1.20757   1.78613   1.33662  
 12 10.8333   2261.769493  x:  0.16122   0.00469   0.04970   0.20471   0.08268   0.25641   0.15336   0.20144   0.08738   0.02090   0.09746   0.02665   0.00000   0.07404   0.18071   0.14534   0.36649   0.05235   0.15844   0.13950   0.01234   0.09195   0.04355  10.28301   1.99593   1.23845   1.76019   1.33422  
 13 20.1431   2261.563824  x:  0.15781   0.00462   0.04965   0.20753   0.07954   0.25968   0.16230   0.20219   0.07923   0.02181   0.09745   0.02717   0.00000   0.07513   0.17119   0.14572   0.36286   0.05296   0.15954   0.14160   0.01273   0.09931   0.04323  10.28389   2.02676   1.25751   1.74641   1.33295  
 14 22.5133   2261.371362  x:  0.15408   0.00455   0.04920   0.21560   0.08579   0.26922   0.16418   0.19481   0.08713   0.02102   0.09704   0.02680   0.00000   0.07258   0.16293   0.14693   0.35536   0.05404   0.15711   0.13811   0.01318   0.10005   0.04341  10.28485   2.05354   1.26765   1.74467   1.33276  
 15 15.2039   2260.975537  x:  0.14691   0.00449   0.04982   0.22048   0.08382   0.29448   0.16080   0.18674   0.07929   0.02202   0.10241   0.02723   0.00000   0.07239   0.17212   0.15951   0.35331   0.05556   0.15822   0.13691   0.01429   0.09127   0.04338  10.28702   2.09986   1.27322   1.76521   1.33458  
 16 14.1777   2260.347749  x:  0.13773   0.00472   0.04749   0.21307   0.07248   0.31524   0.15671   0.19138   0.08846   0.02105   0.09368   0.02756   0.00000   0.07055   0.18197   0.16175   0.36022   0.04800   0.16028   0.14230   0.01581   0.10484   0.04278  10.29068   2.16316   1.27603   1.81293   1.33884  
 17 30.8037   2259.379939  x:  0.12146   0.00527   0.04480   0.20291   0.08201   0.31759   0.15906   0.21374   0.08578   0.02053   0.09718   0.02726   0.00000   0.05822   0.17305   0.14405   0.38416   0.05749   0.16735   0.14138   0.01802   0.09984   0.04272  10.29657   2.24495   1.28235   1.89650   1.34608  
 18 45.5055   2258.973725  x:  0.11167   0.00509   0.04501   0.20678   0.08995   0.31149   0.16643   0.21870   0.08514   0.02141   0.10023   0.02883   0.00000   0.06532   0.16665   0.14866   0.40219   0.04415   0.16781   0.13735   0.01953   0.09774   0.04194  10.29918   2.26969   1.29056   1.93228   1.34892  
 19 42.3211   2258.470617  x:  0.10155   0.00508   0.04493   0.21784   0.08314   0.28835   0.17501   0.20536   0.08467   0.02194   0.09462   0.02896   0.00000   0.05964   0.16112   0.16871   0.42496   0.04969   0.16565   0.13323   0.02097   0.09944   0.04215  10.30288   2.28311   1.31336   1.97703   1.35206  
 20 27.9061   2258.279178  x:  0.09785   0.00515   0.04373   0.21717   0.08351   0.28838   0.17584   0.19867   0.08681   0.02174   0.10580   0.02875   0.00000   0.05752   0.16205   0.16817   0.42673   0.04837   0.16678   0.14305   0.02122   0.10250   0.04217  10.30476   2.27183   1.33305   1.98973   1.35259  
 21 11.6065   2257.869180  x:  0.09011   0.00514   0.04452   0.21319   0.08922   0.30684   0.17958   0.19778   0.08538   0.02250   0.09496   0.02967   0.00000   0.05853   0.16632   0.16270   0.42799   0.04819   0.17442   0.14465   0.02235   0.10006   0.04214  10.30925   2.23160   1.38258   2.00807   1.35290  
 22 20.8382   2257.738933  x:  0.08875   0.00515   0.04406   0.21324   0.08375   0.31226   0.17821   0.20463   0.08670   0.02234   0.09992   0.02968   0.00000   0.05733   0.16690   0.16268   0.42629   0.04792   0.17175   0.13361   0.02293   0.10171   0.04207  10.31093   2.21642   1.39369   2.00843   1.35300  
 23 14.5944   2257.542443  x:  0.08633   0.00500   0.04452   0.22420   0.08365   0.31557   0.16878   0.22284   0.08755   0.02223   0.09918   0.02991   0.00000   0.05718   0.16471   0.17082   0.42433   0.05070   0.16257   0.14100   0.02337   0.10137   0.04231  10.31438   2.19010   1.38800   1.99032   1.35348  
 24  7.4355   2256.456200  x:  0.07252   0.00527   0.04338   0.22637   0.08120   0.31714   0.14469   0.22525   0.08878   0.02357   0.10005   0.03153   0.00000   0.05306   0.14980   0.18281   0.43210   0.04333   0.19881   0.13978   0.02543   0.10203   0.04176  10.33553   2.04904   1.28946   1.84197   1.35672  
 25 14.8114   2255.551499  x:  0.05436   0.00566   0.04265   0.22243   0.08458   0.32296   0.16732   0.21588   0.08922   0.02519   0.09991   0.03337   0.00000   0.05065   0.16456   0.17327   0.44772   0.04575   0.18055   0.13920   0.02775   0.10288   0.04119  10.35319   1.93701   1.20207   1.71840   1.35823  
 26 59.2287   2252.085382  x:  0.04008   0.00679   0.04213   0.19603   0.08156   0.29958   0.14760   0.20860   0.08729   0.03548   0.09675   0.04537   0.00000   0.04747   0.15533   0.16566   0.40661   0.04738   0.15549   0.13909   0.02914   0.09542   0.03890  10.45576   2.01664   1.21788   1.80016   1.10511  
 27  0.8946   2251.341545  x:  0.03906   0.00641   0.04303   0.23026   0.07313   0.28777   0.15185   0.21143   0.08819   0.03764   0.09692   0.04781   0.00000   0.04625   0.17552   0.14255   0.39171   0.04498   0.16971   0.13839   0.02914   0.09529   0.03843  10.47881   2.03757   1.22287   1.82053   1.07796  
 28 25.0700   2248.120024  x:  0.02875   0.00674   0.04377   0.22378   0.06625   0.25922   0.13511   0.20556   0.08647   0.04875   0.09397   0.06009   0.00000   0.04412   0.17804   0.12249   0.33940   0.04557   0.15257   0.13763   0.03020   0.08769   0.03606  10.57565   2.14994   1.28436   1.90858   1.35047  
 29 10.6835   2247.173381  x:  0.04251   0.00693   0.04526   0.21593   0.06458   0.24156   0.12457   0.20080   0.08387   0.05056   0.09304   0.05814   0.00000   0.05501   0.17973   0.11983   0.30826   0.04870   0.14763   0.13732   0.02951   0.08723   0.03812  10.53798   2.07881   1.24533   1.86470   1.34498  
 30  0.2348   2246.607586  x:  0.03092   0.00733   0.04678   0.21164   0.06635   0.23752   0.12229   0.19922   0.08129   0.04938   0.09292   0.05119   0.00000   0.06506   0.17769   0.12754   0.30396   0.05061   0.15207   0.13637   0.03020   0.08962   0.04105  10.46782   2.03134   1.22145   1.84370   1.32866  
 31  0.1680   2246.177802  x:  0.03211   0.00778   0.04253   0.20918   0.06726   0.23708   0.12539   0.19445   0.07592   0.04605   0.08805   0.03930   0.00000   0.06252   0.17747   0.12486   0.30196   0.04507   0.14542   0.13607   0.02941   0.08565   0.04079  10.31730   1.99730   1.20646   1.82344   1.32274  
 32  0.1527   2246.068499  x:  0.03237   0.00799   0.04508   0.21073   0.06595   0.23653   0.12260   0.19734   0.07872   0.04476   0.09074   0.03490   0.00000   0.05972   0.17856   0.12326   0.29868   0.04696   0.14754   0.13662   0.02822   0.08693   0.04014  10.26368   2.03279   1.22094   1.84336   1.33226  
 33  0.0769   2246.057251  x:  0.03196   0.00806   0.04475   0.21163   0.06552   0.23515   0.12251   0.19705   0.07970   0.04499   0.09103   0.03629   0.00000   0.05873   0.17886   0.12225   0.29919   0.04712   0.14708   0.13680   0.02770   0.08645   0.03963  10.27291   2.04237   1.22530   1.85123   1.33855  
 34  0.0192   2246.054210  x:  0.03174   0.00818   0.04467   0.21141   0.06583   0.23625   0.12282   0.19659   0.07979   0.04468   0.09081   0.03605   0.00000   0.05859   0.17884   0.12263   0.29957   0.04702   0.14721   0.13686   0.02682   0.08644   0.03966  10.27511   2.03990   1.22442   1.85145   1.34247  
 35  0.0030   2246.053547  x:  0.03182   0.00820   0.04468   0.21146   0.06560   0.23560   0.12253   0.19696   0.07959   0.04467   0.09084   0.03614   0.00000   0.05878   0.17876   0.12257   0.29940   0.04703   0.14726   0.13689   0.02650   0.08648   0.03974  10.27925   2.03820   1.22363   1.84982   1.34128  
 36  0.0042   2246.053503  x:  0.03183   0.00819   0.04471   0.21143   0.06568   0.23569   0.12262   0.19693   0.07960   0.04467   0.09087   0.03618   0.00000   0.05884   0.17880   0.12247   0.29930   0.04705   0.14723   0.13691   0.02647   0.08648   0.03974  10.28039   2.03869   1.22388   1.84988   1.34065  
 37  0.0018   2246.053498  x:  0.03183   0.00818   0.04471   0.21145   0.06567   0.23570   0.12259   0.19691   0.07961   0.04467   0.09086   0.03617   0.00000   0.05884   0.17880   0.12253   0.29936   0.04705   0.14723   0.13691   0.02647   0.08647   0.03973  10.28082   2.03889   1.22395   1.84997   1.34036  
 38  0.0006   2246.053497  x:  0.03183   0.00818   0.04471   0.21145   0.06567   0.23569   0.12260   0.19690   0.07961   0.04467   0.09086   0.03617   0.00000   0.05883   0.17880   0.12251   0.29936   0.04704   0.14723   0.13691   0.02647   0.08648   0.03973  10.28094   2.03884   1.22391   1.85000   1.34028  
 39  0.0001   2246.053497  x:  0.03183   0.00817   0.04471   0.21145   0.06567   0.23569   0.12260   0.19691   0.07961   0.04467   0.09086   0.03617   0.00000   0.05883   0.17880   0.12252   0.29935   0.04704   0.14723   0.13691   0.02647   0.08648   0.03973  10.28100   2.03883   1.22392   1.85000   1.34030  
 40  0.0000   2246.053497  x:  0.03183   0.00817   0.04471   0.21145   0.06567   0.23569   0.12260   0.19691   0.07961   0.04467   0.09086   0.03617   0.00000   0.05883   0.17880   0.12252   0.29936   0.04704   0.14723   0.13691   0.02647   0.08648   0.03973  10.28099   2.03884   1.22392   1.85000   1.34032  
 41  0.0000   2246.053497  x:  0.03183   0.00817   0.04471   0.21145   0.06567   0.23569   0.12260   0.19691   0.07961   0.04467   0.09086   0.03617   0.00000   0.05883   0.17880   0.12252   0.29936   0.04704   0.14723   0.13691   0.02647   0.08648   0.03973  10.28099   2.03884   1.22392   1.84999   1.34032  
 42  0.0000   2246.053497  x:  0.03183   0.00817   0.04471   0.21145   0.06567   0.23569   0.12260   0.19691   0.07961   0.04467   0.09086   0.03617   0.00000   0.05883   0.17880   0.12252   0.29936   0.04704   0.14723   0.13691   0.02647   0.08648   0.03973  10.28098   2.03884   1.22392   1.84999   1.34032  