

TREE # 1

  0  0.0000   2207.625258  x:  0.01972   0.20925   0.02571   0.03211   0.02495   0.05815   0.02188   0.05666   0.08536   0.02661   0.17168   0.01972   0.20925   0.02571   0.03211   0.02495   0.05815   0.02188   0.05666   0.08536   0.02661   0.17168   0.21568   8.40433   1.42400   1.01272   1.49682   1.00000  
  1 99.0000   2070.164093  x:  0.02726   0.20846   0.21989   0.22372   0.00000   0.05677   0.02783   0.07547   0.07641   0.14145   0.14605   0.02476   0.19802   0.21661   0.08625   0.02570   0.05730   0.02647   0.07959   0.06146   0.08570   0.15438   0.18912   8.40441   1.42473   1.00988   1.49998   1.00171  
  2 1715.8819   2046.102142  x:  0.02769   0.20077   0.21936   0.23720   0.00000   0.05071   0.03054   0.08805   0.04635   0.13252   0.07615   0.02299   0.16748   0.21402   0.08381   0.02009   0.05657   0.02021   0.09866   0.00000   0.06581   0.11003   0.11665   8.40474   1.42541   1.00510   1.50699   1.00557  
  3 238.3532   2034.133390  x:  0.03006   0.19444   0.21816   0.24762   0.00000   0.04741   0.03127   0.09607   0.02416   0.12447   0.01594   0.02433   0.14223   0.21235   0.08673   0.01953   0.05619   0.02037   0.11134   0.01112   0.05098   0.07380   0.05318   8.40504   1.42619   1.00075   1.51331   1.00896  
  4 660.8234   2032.449702  x:  0.03757   0.19303   0.21766   0.25072   0.00000   0.05055   0.02905   0.09391   0.03247   0.12060   0.01562   0.03205   0.13485   0.21013   0.08766   0.02459   0.05653   0.02688   0.10955   0.00973   0.05433   0.06922   0.02995   8.40519   1.42679   0.99825   1.51683   1.01094  
  5 140.2052   2032.205899  x:  0.03704   0.19221   0.21758   0.25328   0.00000   0.05155   0.02916   0.09193   0.03410   0.11802   0.01754   0.03040   0.12971   0.20875   0.08817   0.02130   0.05664   0.02175   0.10716   0.01023   0.05723   0.06864   0.02613   8.40534   1.42745   0.99577   1.52035   1.01297  
  6 45.1641   2031.883031  x:  0.03512   0.19004   0.21727   0.26023   0.00000   0.05271   0.02942   0.08732   0.03554   0.11161   0.01477   0.02870   0.11659   0.20475   0.08934   0.02169   0.05684   0.02348   0.10140   0.00984   0.06279   0.06819   0.02946   8.40582   1.42950   0.98826   1.53112   1.01921  
  7 45.4152   2031.734510  x:  0.03602   0.18900   0.21721   0.26476   0.00000   0.05095   0.02973   0.08718   0.03125   0.10919   0.01842   0.03026   0.11102   0.20231   0.08926   0.02317   0.05664   0.02373   0.10047   0.01018   0.06149   0.06822   0.03038   8.40625   1.43132   0.98213   1.54034   1.02461  
  8 40.3450   2031.400477  x:  0.03787   0.18852   0.21722   0.27421   0.00000   0.04900   0.02833   0.08943   0.03265   0.10898   0.01579   0.03312   0.11329   0.19528   0.08612   0.02108   0.05616   0.02243   0.10029   0.01067   0.05696   0.07644   0.03033   8.40782   1.43792   0.96222   1.57222   1.04360  
  9 36.4760   2031.156652  x:  0.03571   0.18903   0.21658   0.27797   0.00000   0.05100   0.03033   0.09068   0.03284   0.11036   0.01727   0.02749   0.11877   0.19138   0.08486   0.02342   0.05630   0.02413   0.10169   0.01093   0.05717   0.07528   0.02864   8.40921   1.44353   0.94738   1.59839   1.05941  
 10 72.8683   2030.996477  x:  0.03529   0.18986   0.21554   0.27631   0.00000   0.05257   0.02905   0.08979   0.03239   0.11209   0.01741   0.03086   0.12300   0.19131   0.08579   0.02234   0.05659   0.02332   0.10273   0.01084   0.06053   0.06856   0.03034   8.41042   1.44806   0.93858   1.61817   1.07166  
 11 52.5472   2030.868916  x:  0.03823   0.19094   0.21535   0.26719   0.00000   0.04856   0.02899   0.08687   0.03259   0.11404   0.01682   0.02901   0.12167   0.19836   0.08900   0.02185   0.05611   0.02357   0.10178   0.01032   0.06061   0.06847   0.03002   8.41206   1.45336   0.93686   1.63721   1.08436  
 12 22.7939   2030.789962  x:  0.03512   0.19124   0.21604   0.26080   0.00000   0.05058   0.03006   0.08689   0.03288   0.11451   0.01674   0.03066   0.11924   0.20395   0.08961   0.02296   0.05616   0.02294   0.10154   0.01010   0.05906   0.07023   0.02934   8.41341   1.45755   0.93880   1.65013   1.09340  
 13 35.0850   2030.748456  x:  0.03538   0.19081   0.21694   0.25860   0.00000   0.05247   0.02849   0.08883   0.03314   0.11374   0.01731   0.02998   0.11779   0.20614   0.08809   0.02123   0.05642   0.02424   0.10205   0.01027   0.05838   0.07016   0.02961   8.41444   1.46065   0.94296   1.65747   1.09893  
 14 22.2114   2030.690171  x:  0.03729   0.18979   0.21841   0.25721   0.00000   0.05284   0.02820   0.09161   0.03422   0.11195   0.01691   0.02942   0.11716   0.20722   0.08547   0.02322   0.05660   0.02249   0.10274   0.01057   0.05937   0.06966   0.03063   8.41630   1.46625   0.95257   1.66842   1.10757  
 15 28.5441   2030.577200  x:  0.03608   0.18814   0.22083   0.25712   0.00000   0.04952   0.03142   0.09290   0.03418   0.10933   0.01713   0.03059   0.11881   0.20592   0.08332   0.02174   0.05624   0.02380   0.10257   0.01093   0.06225   0.06981   0.03011   8.42048   1.47897   0.97565   1.69019   1.12515  
 16 43.6869   2030.438736  x:  0.03442   0.18745   0.22259   0.25931   0.00000   0.04941   0.02730   0.08915   0.03243   0.10923   0.01722   0.03011   0.12142   0.20207   0.08601   0.02289   0.05593   0.02358   0.10133   0.01067   0.06168   0.07061   0.02934   8.42595   1.49594   1.00553   1.71633   1.14631  
 17 66.3543   2030.382040  x:  0.03647   0.18803   0.22224   0.26093   0.00000   0.05188   0.02945   0.08706   0.03253   0.11080   0.01709   0.03010   0.12160   0.20008   0.08807   0.02224   0.05620   0.02343   0.10096   0.01057   0.05952   0.07017   0.03004   8.42850   1.50417   1.01828   1.72718   1.15492  
 18 55.1579   2030.355242  x:  0.03558   0.19041   0.21898   0.26255   0.00000   0.05073   0.02927   0.08791   0.03437   0.11425   0.01749   0.03009   0.11965   0.19971   0.08804   0.02229   0.05658   0.02341   0.10163   0.01071   0.05904   0.06941   0.03038   8.43042   1.51125   1.02367   1.73172   1.15769  
 19 10.9466   2030.337188  x:  0.03607   0.19203   0.21585   0.26352   0.00000   0.05146   0.02923   0.08833   0.03304   0.11583   0.01722   0.03013   0.11919   0.20044   0.08741   0.02232   0.05614   0.02348   0.10154   0.01070   0.06089   0.07066   0.03006   8.43226   1.51819   1.02658   1.73439   1.15854  
 20 11.4304   2030.293570  x:  0.03588   0.19215   0.21203   0.26590   0.00000   0.05129   0.02922   0.08724   0.03370   0.11210   0.01742   0.03011   0.12141   0.20500   0.08701   0.02239   0.05620   0.02346   0.10028   0.01061   0.05943   0.07009   0.03025   8.43876   1.54227   1.03071   1.73970   1.15666  
 21  8.4343   2030.248854  x:  0.03592   0.18956   0.21616   0.26274   0.00000   0.05137   0.02912   0.08849   0.03394   0.11268   0.01758   0.03010   0.12066   0.20210   0.08962   0.02227   0.05666   0.02349   0.10193   0.01059   0.06055   0.07098   0.03042   8.44730   1.56949   1.03329   1.74537   1.15144  
 22 10.6825   2030.237737  x:  0.03590   0.18950   0.21812   0.26172   0.00000   0.05137   0.02910   0.08737   0.03379   0.11398   0.01756   0.03011   0.12039   0.20120   0.08747   0.02238   0.05564   0.02348   0.10066   0.01073   0.06021   0.07048   0.03035   8.44999   1.57546   1.03394   1.74724   1.14930  
 23  8.9139   2030.233198  x:  0.03595   0.19010   0.21862   0.26149   0.00000   0.05130   0.02911   0.08718   0.03354   0.11412   0.01751   0.03012   0.12048   0.20103   0.08697   0.02242   0.05725   0.02349   0.09999   0.01074   0.06024   0.07053   0.03027   8.45192   1.57649   1.03438   1.74880   1.14735  
 24  3.0558   2030.185600  x:  0.03603   0.19669   0.22053   0.26088   0.00000   0.05151   0.02905   0.08844   0.03404   0.11186   0.01769   0.03015   0.12125   0.20045   0.08833   0.02248   0.05596   0.02352   0.09820   0.01084   0.06047   0.07099   0.03058   8.47584   1.58016   1.03974   1.76860   1.12251  
 25  6.6125   2030.156831  x:  0.03598   0.19415   0.21930   0.26107   0.00000   0.05159   0.02903   0.08567   0.03473   0.11246   0.01806   0.03014   0.12129   0.20118   0.08717   0.02248   0.05624   0.02358   0.10128   0.01112   0.06102   0.07200   0.03094   8.49127   1.58118   1.04286   1.78013   1.10805  
 26 15.0792   2030.140976  x:  0.03591   0.18978   0.21754   0.26115   0.00000   0.05165   0.02901   0.08680   0.03500   0.11433   0.01825   0.03013   0.12184   0.20169   0.08770   0.02255   0.05621   0.02359   0.09887   0.01110   0.06102   0.07203   0.03104   8.50052   1.58118   1.04426   1.78536   1.10148  
 27  9.9437   2029.881219  x:  0.03614   0.19281   0.21829   0.25737   0.00000   0.05266   0.02854   0.08337   0.03988   0.11520   0.02089   0.03056   0.12585   0.20210   0.08778   0.02310   0.05638   0.02417   0.09362   0.01326   0.06493   0.07798   0.03367   8.72451   1.55916   1.02938   1.75023   1.14071  
 28  1.9294   2029.670008  x:  0.03701   0.19186   0.21599   0.25875   0.00000   0.05274   0.02853   0.08516   0.03965   0.11295   0.01998   0.03118   0.12268   0.19877   0.08734   0.02356   0.05635   0.02483   0.09600   0.01476   0.06409   0.07565   0.03136   9.47320   1.57313   1.03334   1.77717   1.15899  
 29  0.5595   2029.653293  x:  0.03618   0.19268   0.21485   0.25563   0.00000   0.05245   0.02869   0.08451   0.03906   0.11336   0.02007   0.03054   0.12390   0.19865   0.08727   0.02301   0.05634   0.02406   0.09505   0.01488   0.06370   0.07595   0.03228   9.55783   1.57059   1.03190   1.77022   1.15675  
 30  0.0539   2029.635472  x:  0.03676   0.19260   0.21066   0.25166   0.00000   0.05265   0.02831   0.08442   0.03969   0.11218   0.01976   0.03102   0.12383   0.19521   0.08684   0.02341   0.05638   0.02463   0.09515   0.01488   0.06343   0.07595   0.03202   9.55631   1.56962   1.03197   1.76764   1.15453  
 31  0.0020   2029.632356  x:  0.03644   0.19248   0.21000   0.25102   0.00000   0.05263   0.02858   0.08469   0.03996   0.11183   0.01996   0.03077   0.12352   0.19457   0.08668   0.02324   0.05634   0.02437   0.09526   0.01483   0.06352   0.07592   0.03200   9.49267   1.57226   1.03259   1.77302   1.15643  
 32  0.0473   2029.632304  x:  0.03646   0.19255   0.21002   0.25094   0.00000   0.05260   0.02852   0.08461   0.03995   0.11188   0.02001   0.03078   0.12357   0.19464   0.08669   0.02324   0.05634   0.02436   0.09518   0.01486   0.06346   0.07590   0.03200   9.48807   1.57233   1.03238   1.77307   1.15662  
 33  0.0041   2029.632302  x:  0.03646   0.19254   0.21001   0.25096   0.00000   0.05260   0.02853   0.08462   0.03994   0.11187   0.02001   0.03078   0.12358   0.19463   0.08669   0.02324   0.05634   0.02436   0.09519   0.01488   0.06346   0.07590   0.03199   9.48811   1.57227   1.03234   1.77300   1.15661  
 34  0.0001   2029.632302  x:  0.03646   0.19254   0.21001   0.25095   0.00000   0.05261   0.02853   0.08462   0.03994   0.11187   0.02001   0.03078   0.12357   0.19463   0.08669   0.02324   0.05634   0.02436   0.09519   0.01488   0.06346   0.07590   0.03199   9.48792   1.57229   1.03236   1.77302   1.15660  
 35  0.0001   2029.632302  x:  0.03646   0.19254   0.21001   0.25095   0.00000   0.05260   0.02853   0.08462   0.03994   0.11187   0.02001   0.03078   0.12357   0.19463   0.08669   0.02324   0.05634   0.02436   0.09519   0.01488   0.06346   0.07590   0.03199   9.48789   1.57229   1.03236   1.77302   1.15660  
 36  0.0000   2029.632302  x:  0.03646   0.19254   0.21001   0.25095   0.00000   0.05260   0.02853   0.08462   0.03994   0.11187   0.02001   0.03078   0.12357   0.19463   0.08669   0.02324   0.05634   0.02436   0.09519   0.01488   0.06346   0.07590   0.03199   9.48789   1.57229   1.03236   1.77302   1.15660  
 37  0.0000   2029.632302  x:  0.03646   0.19254   0.21001   0.25095   0.00000   0.05260   0.02853   0.08462   0.03994   0.11187   0.02001   0.03078   0.12357   0.19463   0.08669   0.02324   0.05634   0.02436   0.09519   0.01488   0.06346   0.07590   0.03199   9.48789   1.57229   1.03236   1.77302   1.15660  

TREE # 2

  0  0.0000   2205.399686  x:  0.03646   0.19254   0.21001   0.25095   0.00000   0.05260   0.02853   0.08462   0.03994   0.11187   0.02001   0.03078   0.12357   0.19463   0.08669   0.02324   0.05634   0.02436   0.09519   0.01488   0.06346   0.07590   0.03199   9.48789   1.47180   0.99762   1.63606   1.15660  
  1 99.0000   2149.014921  x:  0.03390   0.18549   0.20429   0.24870   0.30781   0.08749   0.02580   0.08515   0.05182   0.10508   0.03689   0.02915   0.11798   0.18714   0.09660   0.05632   0.08000   0.03216   0.10929   0.05108   0.05638   0.07297   0.03097   9.48790   1.47191   0.99749   1.63636   1.15651  
  2 5202.6874   2082.645060  x:  0.01481   0.13325   0.16330   0.22318   0.28671   0.13911   0.00797   0.08508   0.10532   0.05513   0.07494   0.01715   0.07750   0.13167   0.15309   0.12896   0.17959   0.06172   0.18645   0.09233   0.00000   0.05475   0.02190   9.48795   1.47283   0.99706   1.63766   1.15635  
  3 509.8453   2062.017906  x:  0.05542   0.07362   0.11858   0.19200   0.28264   0.16826   0.05825   0.08757   0.10454   0.00869   0.06301   0.04309   0.03667   0.06382   0.17487   0.13606   0.20180   0.05214   0.21694   0.09673   0.00000   0.05122   0.04097   9.48803   1.47365   0.99701   1.63874   1.15607  
  4 399.3787   2054.358856  x:  0.05935   0.03633   0.09256   0.17152   0.28253   0.17994   0.05945   0.08729   0.09933   0.02856   0.05390   0.04131   0.01989   0.02203   0.18177   0.13194   0.20478   0.04299   0.22780   0.09384   0.00000   0.05182   0.03961   9.48807   1.47406   0.99698   1.63951   1.15596  
  5 365.9823   2052.369616  x:  0.05703   0.02247   0.08123   0.15967   0.28311   0.18433   0.05395   0.08581   0.09467   0.02193   0.05040   0.03637   0.03023   0.01119   0.18351   0.12691   0.20317   0.03855   0.23124   0.09091   0.00000   0.05272   0.03668   9.48809   1.47437   0.99691   1.64004   1.15591  
  6 200.1795   2051.215322  x:  0.05567   0.01819   0.06581   0.13958   0.28362   0.19237   0.04808   0.08433   0.08873   0.01823   0.04723   0.03291   0.02640   0.02023   0.18730   0.11892   0.20185   0.03358   0.23782   0.08721   0.00000   0.05349   0.03509   9.48813   1.47499   0.99671   1.64110   1.15583  
  7 110.3543   2050.586611  x:  0.05540   0.02789   0.05890   0.12217   0.28379   0.19943   0.04419   0.08351   0.08517   0.01699   0.04745   0.03270   0.02604   0.01693   0.19019   0.11234   0.20057   0.03222   0.24350   0.08484   0.00000   0.05370   0.03542   9.48816   1.47571   0.99642   1.64225   1.15577  
  8 115.2802   2050.236373  x:  0.05624   0.02666   0.06480   0.10684   0.28353   0.20644   0.04383   0.08362   0.08489   0.01960   0.05040   0.03629   0.02946   0.01810   0.19270   0.10674   0.19904   0.03496   0.24859   0.08418   0.00000   0.05322   0.03784   9.48820   1.47677   0.99595   1.64383   1.15577  
  9 54.6862   2050.178542  x:  0.05537   0.02619   0.06834   0.10422   0.28355   0.20837   0.04312   0.08356   0.08543   0.01808   0.04992   0.03506   0.02734   0.01740   0.19270   0.10509   0.19724   0.03507   0.24905   0.08419   0.00000   0.05319   0.03698   9.48822   1.47737   0.99570   1.64474   1.15580  
 10 23.8048   2050.153813  x:  0.05529   0.02661   0.06865   0.10434   0.28319   0.21211   0.04438   0.08383   0.08745   0.01848   0.04850   0.03387   0.02802   0.01769   0.19297   0.10525   0.19485   0.03432   0.24960   0.08533   0.00000   0.05308   0.03613   9.48827   1.47890   0.99510   1.64707   1.15593  
 11  7.9903   2050.125486  x:  0.05423   0.02636   0.06771   0.10595   0.28272   0.21700   0.04404   0.08367   0.08756   0.01823   0.05056   0.03445   0.02769   0.01760   0.19259   0.10569   0.19063   0.03525   0.24933   0.08565   0.00000   0.05352   0.03648   9.48839   1.48217   0.99401   1.65201   1.15623  
 12  9.3704   2050.097693  x:  0.05436   0.02642   0.06816   0.10657   0.28250   0.21951   0.04234   0.08346   0.08569   0.01815   0.04833   0.03543   0.02772   0.01766   0.19248   0.10776   0.19001   0.03655   0.24890   0.08488   0.00000   0.05259   0.03703   9.48859   1.48709   0.99296   1.65943   1.15668  
 13  7.8209   2050.013304  x:  0.05725   0.02648   0.06971   0.10569   0.28224   0.22041   0.04121   0.08392   0.08346   0.01836   0.05047   0.03351   0.02795   0.01783   0.19168   0.11083   0.19225   0.03321   0.24649   0.08300   0.00000   0.05278   0.03641   9.48929   1.50425   0.99084   1.68519   1.15825  
 14 16.2637   2049.851127  x:  0.05583   0.02625   0.06749   0.10324   0.28256   0.21479   0.04153   0.08407   0.08781   0.01803   0.04955   0.03374   0.02786   0.01770   0.18896   0.10727   0.19652   0.03688   0.24241   0.08425   0.00000   0.05518   0.03531   9.49077   1.53850   0.99007   1.73626   1.16132  
 15 40.2438   2049.794028  x:  0.05260   0.02625   0.06751   0.10393   0.28269   0.21207   0.04183   0.08320   0.08765   0.01793   0.04968   0.03470   0.02789   0.01759   0.18991   0.10507   0.19668   0.03451   0.24385   0.08630   0.00000   0.05141   0.03693   9.49135   1.54961   0.99381   1.75236   1.16224  
 16 25.6385   2049.682665  x:  0.05099   0.02668   0.06885   0.10769   0.28312   0.20723   0.04343   0.08184   0.08366   0.01830   0.04957   0.03316   0.02841   0.01775   0.19543   0.10289   0.19446   0.03539   0.25313   0.08623   0.00000   0.05396   0.03554   9.49266   1.56963   1.01193   1.77969   1.16367  
 17 19.8650   2049.555906  x:  0.05430   0.02654   0.06868   0.10857   0.28358   0.20326   0.03806   0.08320   0.08899   0.01778   0.04965   0.03462   0.02844   0.01781   0.19667   0.10428   0.18982   0.03452   0.25723   0.08245   0.00000   0.05303   0.03581   9.49429   1.59046   1.03978   1.80586   1.16493  
 18 26.6554   2049.403127  x:  0.05331   0.02654   0.06798   0.10518   0.28268   0.20427   0.03835   0.08612   0.08730   0.01777   0.05026   0.03076   0.02861   0.01796   0.19130   0.10834   0.18942   0.03712   0.25207   0.08616   0.00000   0.05161   0.03785   9.49643   1.61390   1.07749   1.83179   1.16619  
 19 28.6025   2049.327294  x:  0.05089   0.02672   0.06845   0.10428   0.28217   0.20701   0.03858   0.08492   0.08657   0.01768   0.05017   0.03404   0.02881   0.01807   0.18876   0.10935   0.19185   0.03559   0.24822   0.08723   0.00000   0.05308   0.03442   9.49754   1.62517   1.09563   1.84281   1.16679  
 20 41.8303   2049.281244  x:  0.05026   0.02686   0.06897   0.10602   0.28210   0.21065   0.03834   0.08140   0.08747   0.01784   0.04990   0.03303   0.02906   0.01808   0.18862   0.10661   0.19569   0.03529   0.24537   0.08499   0.00000   0.05385   0.03639   9.49831   1.63162   1.10413   1.84651   1.16720  
 21 13.7612   2049.246692  x:  0.05135   0.02691   0.06883   0.10759   0.28210   0.21230   0.03798   0.08258   0.08705   0.01788   0.05055   0.03262   0.02922   0.01811   0.18976   0.10369   0.19740   0.03658   0.24366   0.08415   0.00000   0.05136   0.03432   9.49898   1.63587   1.10660   1.84589   1.16759  
 22  6.4617   2049.104186  x:  0.05082   0.02711   0.06973   0.11026   0.28164   0.21357   0.03299   0.09062   0.08638   0.01737   0.04986   0.03335   0.02964   0.01810   0.19582   0.09988   0.19942   0.03521   0.23935   0.08730   0.00000   0.05450   0.03613   9.50205   1.65216   1.10796   1.83618   1.16946  
 23  8.6714   2048.430177  x:  0.04207   0.02823   0.07058   0.10665   0.28084   0.20393   0.03125   0.08350   0.08906   0.01721   0.05163   0.03080   0.03116   0.01885   0.20664   0.10973   0.19203   0.03816   0.22993   0.08449   0.00000   0.05275   0.03347   9.51671   1.72022   1.10098   1.78383   1.17809  
 24 21.3950   2048.127450  x:  0.04558   0.02845   0.07154   0.10953   0.27980   0.20247   0.02454   0.07928   0.08827   0.01721   0.05212   0.03007   0.03191   0.01946   0.19029   0.10829   0.19311   0.03781   0.23982   0.09071   0.00000   0.05293   0.03239   9.52331   1.73733   1.09519   1.76528   1.18140  
 25 19.0768   2047.933839  x:  0.03959   0.02886   0.07226   0.11152   0.27987   0.20271   0.02508   0.08564   0.08880   0.01695   0.05207   0.02971   0.03258   0.01983   0.17872   0.10860   0.19564   0.03704   0.24746   0.08439   0.00000   0.05279   0.03290   9.52763   1.73993   1.09076   1.75711   1.18306  
 26 20.8724   2046.503076  x:  0.02972   0.03092   0.07605   0.11598   0.27720   0.19635   0.01165   0.08631   0.09088   0.01611   0.05435   0.02633   0.03624   0.02134   0.18415   0.11086   0.19508   0.03995   0.23674   0.08541   0.00000   0.05271   0.03017   9.55788   1.62399   1.05704   1.76421   1.18609  
 27  8.4476   2046.243259  x:  0.02935   0.03118   0.07678   0.11712   0.27545   0.19605   0.01287   0.08600   0.09163   0.01736   0.05498   0.02527   0.03667   0.02146   0.18482   0.11197   0.19710   0.04029   0.23791   0.08654   0.00000   0.05291   0.02936   9.56550   1.60739   1.04541   1.75917   1.08568  
 28  0.6499   2045.133442  x:  0.02899   0.03260   0.07956   0.11898   0.26609   0.19877   0.02209   0.08395   0.09578   0.02382   0.05816   0.02036   0.03852   0.02164   0.19033   0.11746   0.20774   0.04153   0.24374   0.09167   0.00000   0.05345   0.02516   9.59316   1.49808   1.00670   1.72707   1.17238  
 29  0.9996   2043.047069  x:  0.03838   0.03157   0.07758   0.11223   0.23270   0.21863   0.01065   0.08784   0.10218   0.03840   0.06243   0.02855   0.03837   0.01867   0.20212   0.12921   0.23632   0.04067   0.27420   0.09317   0.00000   0.05230   0.02970   9.64642   1.51337   1.00912   1.70272   1.14963  
 30  0.0476   2039.400665  x:  0.01721   0.03074   0.07474   0.11159   0.16449   0.22354   0.01983   0.08240   0.10839   0.04417   0.06625   0.02297   0.04005   0.01716   0.20758   0.13749   0.26700   0.03879   0.29584   0.10025   0.00000   0.05092   0.02934   9.75812   1.61837   1.06231   1.74857   1.14658  
 31  0.0781   2035.472174  x:  0.03196   0.03001   0.07485   0.11836   0.08538   0.21604   0.02284   0.08309   0.11407   0.04377   0.06910   0.01369   0.04184   0.01825   0.20630   0.14509   0.29276   0.03775   0.30364   0.10307   0.00000   0.05063   0.02569   9.85757   1.62717   1.07594   1.77933   1.12856  
 32  0.1707   2032.313714  x:  0.03397   0.02996   0.07542   0.12812   0.05092   0.19598   0.02240   0.08607   0.10875   0.03163   0.06530   0.03080   0.04051   0.02085   0.19870   0.13531   0.27553   0.03754   0.28064   0.09580   0.00000   0.05134   0.02513   9.82538   1.53045   1.03199   1.76924   1.14351  
 33  0.1337   2030.459604  x:  0.03568   0.03001   0.07543   0.12940   0.07494   0.18690   0.01805   0.08813   0.09955   0.02005   0.05872   0.03206   0.03772   0.02189   0.19177   0.11912   0.23909   0.03792   0.25502   0.08556   0.00000   0.05247   0.02727   9.71643   1.50479   1.01052   1.76047   1.15663  
 34  0.2824   2029.747152  x:  0.03272   0.02981   0.07425   0.12350   0.06285   0.19706   0.01272   0.08791   0.09471   0.01958   0.05542   0.02629   0.03535   0.02070   0.19225   0.11104   0.21763   0.03829   0.25040   0.08233   0.00000   0.05288   0.02915   9.62780   1.56349   1.02745   1.76875   1.16222  
 35  0.1409   2029.644955  x:  0.03188   0.03050   0.07533   0.12293   0.06371   0.19647   0.01465   0.08658   0.09539   0.02319   0.05627   0.02450   0.03564   0.02008   0.19365   0.11243   0.21280   0.03955   0.25328   0.08522   0.00000   0.05252   0.02893   9.56864   1.58157   1.03565   1.77315   1.16111  
 36  0.0637   2029.633474  x:  0.03181   0.03082   0.07594   0.12366   0.06333   0.19442   0.01490   0.08664   0.09529   0.02298   0.05636   0.02414   0.03622   0.02007   0.19287   0.11203   0.20974   0.04006   0.25145   0.08487   0.00000   0.05254   0.02845   9.52330   1.57305   1.03239   1.77332   1.15679  
 37  0.0445   2029.632410  x:  0.03198   0.03081   0.07591   0.12353   0.06360   0.19475   0.01489   0.08671   0.09523   0.02322   0.05637   0.02438   0.03642   0.02001   0.19255   0.11191   0.20996   0.03999   0.25098   0.08455   0.00000   0.05260   0.02851   9.50126   1.57160   1.03228   1.77320   1.15670  
 38  0.0193   2029.632310  x:  0.03200   0.03079   0.07590   0.12359   0.06345   0.19458   0.01488   0.08670   0.09519   0.02326   0.05635   0.02437   0.03646   0.02000   0.19251   0.11186   0.21003   0.03994   0.25091   0.08461   0.00000   0.05261   0.02854   9.49210   1.57232   1.03240   1.77308   1.15669  
 39  0.0084   2029.632303  x:  0.03200   0.03078   0.07589   0.12357   0.06346   0.19464   0.01488   0.08669   0.09518   0.02325   0.05634   0.02437   0.03647   0.02000   0.19254   0.11186   0.20999   0.03994   0.25094   0.08462   0.00000   0.05261   0.02852   9.48910   1.57234   1.03236   1.77302   1.15662  
 40  0.0026   2029.632302  x:  0.03199   0.03078   0.07590   0.12357   0.06346   0.19463   0.01488   0.08669   0.09519   0.02325   0.05634   0.02436   0.03646   0.02001   0.19255   0.11187   0.21000   0.03994   0.25096   0.08462   0.00000   0.05260   0.02853   9.48808   1.57228   1.03235   1.77301   1.15659  
 41  0.0010   2029.632302  x:  0.03199   0.03078   0.07590   0.12357   0.06346   0.19463   0.01488   0.08669   0.09519   0.02324   0.05634   0.02436   0.03646   0.02001   0.19254   0.11187   0.21001   0.03994   0.25095   0.08462   0.00000   0.05260   0.02853   9.48793   1.57229   1.03236   1.77302   1.15660  
 42  0.0002   2029.632302  x:  0.03199   0.03078   0.07590   0.12357   0.06346   0.19463   0.01488   0.08669   0.09519   0.02324   0.05634   0.02436   0.03646   0.02001   0.19254   0.11187   0.21001   0.03994   0.25095   0.08462   0.00000   0.05260   0.02853   9.48790   1.57229   1.03236   1.77302   1.15660  
 43  0.0000   2029.632302  x:  0.03199   0.03078   0.07590   0.12357   0.06346   0.19463   0.01488   0.08669   0.09519   0.02324   0.05634   0.02436   0.03646   0.02001   0.19254   0.11187   0.21001   0.03994   0.25095   0.08462   0.00000   0.05260   0.02853   9.48789   1.57229   1.03236   1.77302   1.15660  
 44  0.0000   2029.632302  x:  0.03199   0.03078   0.07590   0.12357   0.06346   0.19463   0.01488   0.08669   0.09519   0.02324   0.05634   0.02436   0.03646   0.02001   0.19254   0.11187   0.21001   0.03994   0.25095   0.08462   0.00000   0.05260   0.02853   9.48789   1.57229   1.03236   1.77302   1.15660  