

TREE # 1

  0  0.0000   2959.217871  x:  0.22163   0.01602   0.09979   0.00000   0.03874   0.06548   0.02440   0.05175   0.02276   0.12553   0.02102   0.04134   0.04040   0.06841   0.04586   0.04438   0.15764   0.07982   0.04342   0.01538   0.05240   0.04456   0.03849   0.16774   0.04930   0.05566   0.05075   0.04956   0.05834   0.02983   0.05141   0.02561   0.01366   0.02787   0.03270   0.08281   0.06173   0.05899   0.02107   0.12553   0.06156   0.09245   0.06668   0.06831   0.01217   0.02784   0.05175   8.40433   0.93291   0.97740   1.14216   1.00000  
  1 99.0000   2959.213627  x:  0.22163   0.01602   0.09979   0.00000   0.03874   0.06548   0.02440   0.05175   0.02276   0.12553   0.02102   0.04134   0.04040   0.06841   0.04586   0.04438   0.15764   0.07982   0.04342   0.01538   0.05240   0.04456   0.03849   0.16774   0.04930   0.05566   0.05075   0.04956   0.05834   0.02983   0.05141   0.02561   0.01366   0.02787   0.03270   0.08281   0.06173   0.05899   0.02107   0.12553   0.06156   0.09245   0.06668   0.06831   0.01217   0.02784   0.05175   8.40433   0.93291   0.97740   1.14216   1.00000  
  2 828.9698   2921.948390  x:  0.23522   0.00428   0.11195   0.00000   0.02999   0.05734   0.01519   0.03665   0.01427   0.12270   0.00597   0.02609   0.03657   0.05678   0.04029   0.04651   0.16792   0.07613   0.04809   0.00000   0.03707   0.04166   0.02676   0.17498   0.04672   0.06144   0.04525   0.04734   0.05442   0.01960   0.04322   0.01635   0.01076   0.01281   0.03377   0.08132   0.04853   0.05329   0.02057   0.13314   0.06083   0.08983   0.05786   0.05393   0.01066   0.01250   0.05685   8.40315   0.93400   0.97892   1.14200   1.00048  
  3 1548.7629   2912.215918  x:  0.23845   0.00000   0.11428   0.00000   0.03156   0.05518   0.01404   0.03121   0.01355   0.12163   0.00047   0.02054   0.03628   0.05310   0.03907   0.04614   0.16998   0.07490   0.04667   0.00000   0.03145   0.04142   0.02354   0.17672   0.04607   0.05864   0.04413   0.04724   0.05374   0.01749   0.04130   0.01502   0.01175   0.00736   0.03351   0.08100   0.04416   0.05190   0.02056   0.13450   0.06030   0.08910   0.05544   0.04882   0.01188   0.00695   0.05451   8.40273   0.93435   0.97939   1.14187   1.00064  
  4 2081.1304   2911.607383  x:  0.23858   0.00000   0.11437   0.00000   0.03157   0.05509   0.01415   0.03076   0.01366   0.12152   0.00000   0.02007   0.03632   0.05287   0.03902   0.04611   0.17002   0.07483   0.04656   0.00000   0.03098   0.04145   0.02342   0.17679   0.04604   0.05866   0.04413   0.04726   0.05374   0.01752   0.04126   0.01511   0.01171   0.00690   0.03350   0.08099   0.04385   0.05186   0.02058   0.13451   0.06029   0.08908   0.05534   0.04840   0.01180   0.00648   0.05450   8.40269   0.93438   0.97943   1.14186   1.00065  
  5 2148.4152   2904.893309  x:  0.23920   0.00000   0.11487   0.00000   0.03167   0.05466   0.01433   0.02442   0.01326   0.12021   0.00000   0.01345   0.03664   0.05058   0.03868   0.04615   0.16981   0.07439   0.04665   0.00000   0.02437   0.04169   0.02328   0.17730   0.04574   0.05900   0.04449   0.04747   0.05399   0.01824   0.04137   0.01540   0.01201   0.00053   0.03362   0.08096   0.04052   0.05189   0.02047   0.13416   0.06027   0.08900   0.05491   0.04266   0.01270   0.00000   0.05478   8.40222   0.93470   0.97994   1.14176   1.00085  
  6 5159.3313   2904.439466  x:  0.23922   0.00000   0.11490   0.00000   0.03168   0.05464   0.01432   0.02389   0.01325   0.12012   0.00000   0.01290   0.03664   0.05044   0.03865   0.04616   0.16979   0.07437   0.04667   0.00000   0.02383   0.04169   0.02328   0.17733   0.04573   0.05899   0.04451   0.04747   0.05400   0.01825   0.04138   0.01538   0.01199   0.00000   0.03363   0.08096   0.04029   0.05189   0.02047   0.13414   0.06027   0.08900   0.05491   0.04220   0.01267   0.00000   0.05476   8.40218   0.93472   0.97998   1.14175   1.00087  
  7 17725.2296   2895.791719  x:  0.23960   0.00000   0.11587   0.00000   0.03195   0.05429   0.01450   0.01156   0.01352   0.11853   0.00000   0.00000   0.03647   0.04802   0.03763   0.04617   0.16976   0.07405   0.04655   0.00000   0.01098   0.04158   0.02317   0.17769   0.04583   0.05929   0.04450   0.04740   0.05396   0.01784   0.04136   0.01522   0.01217   0.00000   0.03370   0.08084   0.03613   0.05181   0.02045   0.13412   0.06041   0.08894   0.05510   0.03132   0.01277   0.00000   0.05470   8.40127   0.93525   0.98094   1.14159   1.00128  
  8 35352.5926   2890.203199  x:  0.24008   0.00000   0.11689   0.00000   0.03221   0.05385   0.01472   0.00102   0.01301   0.11719   0.00000   0.00000   0.03664   0.04637   0.03696   0.04618   0.16996   0.07372   0.04651   0.00000   0.00000   0.04170   0.02273   0.17806   0.04590   0.05923   0.04447   0.04745   0.05393   0.01811   0.04116   0.01553   0.01177   0.00000   0.03362   0.08079   0.03337   0.05166   0.02045   0.13422   0.06048   0.08883   0.05521   0.02214   0.01277   0.00000   0.05459   8.40050   0.93567   0.98173   1.14145   1.00162  
  9 36046.9961   2889.844930  x:  0.24017   0.00000   0.11699   0.00000   0.03223   0.05377   0.01467   0.00000   0.01306   0.11704   0.00000   0.00000   0.03668   0.04623   0.03690   0.04619   0.16998   0.07366   0.04654   0.00000   0.00000   0.04174   0.02267   0.17813   0.04587   0.05926   0.04451   0.04748   0.05396   0.01821   0.04115   0.01549   0.01188   0.00000   0.03364   0.08081   0.03323   0.05164   0.02046   0.13421   0.06048   0.08881   0.05518   0.02128   0.01272   0.00000   0.05457   8.40042   0.93571   0.98179   1.14144   1.00165  
 10 5465.8192   2885.528543  x:  0.24359   0.00000   0.11819   0.00000   0.03302   0.05129   0.01451   0.00000   0.01562   0.11213   0.00000   0.00000   0.03619   0.04249   0.03414   0.04632   0.16905   0.07106   0.04572   0.00000   0.00000   0.04163   0.02315   0.18114   0.04349   0.05998   0.04710   0.04797   0.05559   0.01812   0.04211   0.01216   0.00823   0.00000   0.03414   0.08149   0.03401   0.05206   0.02012   0.13195   0.06024   0.08815   0.05389   0.00000   0.01504   0.00000   0.05403   8.39862   0.93680   0.98286   1.14078   1.00224  
 11 777.7533   2883.513606  x:  0.25426   0.00000   0.12502   0.00000   0.03666   0.04584   0.01910   0.00000   0.00791   0.09120   0.00000   0.00000   0.02994   0.02892   0.02149   0.04678   0.16303   0.06284   0.04143   0.00000   0.00000   0.03744   0.03058   0.19213   0.03628   0.06114   0.05458   0.04639   0.05952   0.00707   0.04760   0.01662   0.01281   0.00000   0.03139   0.08319   0.04061   0.05430   0.02122   0.12380   0.06084   0.08671   0.05436   0.00000   0.01173   0.00000   0.05534   8.38999   0.94187   0.98689   1.13721   1.00483  
 12 123.5067   2882.001378  x:  0.25910   0.00000   0.14088   0.00000   0.04187   0.04837   0.01886   0.00000   0.01114   0.07114   0.00000   0.00000   0.02415   0.02148   0.00693   0.04712   0.15990   0.06282   0.04467   0.00000   0.00000   0.03133   0.03938   0.19804   0.03871   0.05754   0.05124   0.03948   0.05535   0.01250   0.05015   0.02152   0.01281   0.00000   0.03151   0.08123   0.04041   0.05466   0.02062   0.12551   0.06194   0.08723   0.05960   0.00000   0.01256   0.00000   0.05692   8.37874   0.94799   0.99132   1.13267   1.00793  
 13 79.4364   2880.981864  x:  0.26082   0.00000   0.15526   0.00000   0.04393   0.05104   0.01910   0.00000   0.01280   0.05162   0.00000   0.00000   0.02890   0.02078   0.00702   0.04674   0.15782   0.06353   0.04504   0.00000   0.00000   0.03327   0.04617   0.20058   0.04320   0.05830   0.04826   0.03847   0.05253   0.00854   0.05167   0.02221   0.01190   0.00000   0.03283   0.07961   0.03656   0.05497   0.02055   0.12723   0.06249   0.08778   0.06331   0.00000   0.01354   0.00000   0.05494   8.36722   0.95381   0.99576   1.12829   1.01102  
 14 115.7342   2880.557110  x:  0.26071   0.00000   0.15894   0.00000   0.04497   0.05144   0.01958   0.00000   0.01168   0.05060   0.00000   0.00000   0.03007   0.02226   0.00316   0.04642   0.15752   0.06325   0.04335   0.00000   0.00000   0.03521   0.04830   0.20071   0.04444   0.05965   0.04784   0.04052   0.05256   0.00854   0.05183   0.02073   0.01189   0.00000   0.03261   0.07934   0.03298   0.05492   0.02068   0.12743   0.06229   0.08788   0.06387   0.00000   0.01335   0.00000   0.05447   8.36109   0.95662   0.99807   1.12628   1.01264  
 15 69.4029   2878.445804  x:  0.26215   0.00000   0.17812   0.00000   0.04517   0.05149   0.02426   0.00000   0.00846   0.05447   0.00000   0.00000   0.02194   0.02546   0.00563   0.04486   0.15673   0.05946   0.03184   0.00000   0.00000   0.03702   0.06048   0.20330   0.04848   0.06223   0.04577   0.04811   0.05284   0.01259   0.05213   0.01272   0.01233   0.00000   0.02877   0.07801   0.01337   0.05373   0.02078   0.12828   0.06103   0.08791   0.06702   0.00000   0.01326   0.00000   0.05464   8.32270   0.97407   1.01267   1.11404   1.02285  
 16 186.6288   2877.130003  x:  0.26202   0.00000   0.18290   0.00000   0.04518   0.05064   0.02643   0.00000   0.01044   0.06108   0.00000   0.00000   0.02488   0.02371   0.00569   0.04488   0.15760   0.05792   0.03585   0.00000   0.00000   0.03641   0.06488   0.20391   0.04776   0.06016   0.04551   0.04929   0.05349   0.00939   0.05116   0.01457   0.01179   0.00000   0.03013   0.07777   0.00425   0.05256   0.02055   0.12857   0.05950   0.08763   0.06676   0.00000   0.01419   0.00000   0.05539   8.29980   0.98368   1.02093   1.10778   1.02881  
 17 169.5432   2876.295694  x:  0.25831   0.00000   0.18221   0.00000   0.04498   0.05257   0.02681   0.00000   0.00937   0.06463   0.00000   0.00000   0.02732   0.01151   0.00580   0.04458   0.15822   0.05988   0.03437   0.00000   0.00000   0.03842   0.06655   0.20012   0.05018   0.06179   0.04251   0.04956   0.05194   0.00903   0.04934   0.01336   0.01146   0.00000   0.03161   0.07539   0.00513   0.05147   0.02064   0.13073   0.05857   0.08839   0.06286   0.00000   0.01423   0.00000   0.05451   8.28118   0.99106   1.02835   1.10399   1.03360  
 18 101.4483   2875.161692  x:  0.25383   0.00000   0.16854   0.00000   0.04484   0.05382   0.02496   0.00000   0.00784   0.05640   0.00000   0.00000   0.02271   0.01151   0.00533   0.04515   0.15872   0.06320   0.03356   0.00000   0.00000   0.03868   0.06217   0.19252   0.05084   0.06370   0.03949   0.04479   0.04918   0.00981   0.04520   0.01435   0.01149   0.00000   0.03003   0.07048   0.00241   0.04987   0.02057   0.13279   0.05784   0.08972   0.04451   0.00000   0.01413   0.00000   0.05451   8.24670   1.00305   1.04283   1.10100   1.04213  
 19 74.8040   2873.965231  x:  0.25469   0.00000   0.16970   0.00000   0.04525   0.05570   0.02715   0.00000   0.00868   0.05561   0.00000   0.00000   0.02239   0.01221   0.00517   0.04356   0.15324   0.06351   0.03731   0.00000   0.00000   0.03665   0.05730   0.18835   0.05451   0.05737   0.03703   0.05215   0.04812   0.00796   0.04538   0.01341   0.01179   0.00000   0.02635   0.06603   0.00421   0.05085   0.01987   0.13290   0.05924   0.09250   0.02867   0.00000   0.01391   0.00000   0.06261   8.19769   1.02089   1.06717   1.09900   1.05437  
 20 76.8249   2869.173486  x:  0.26736   0.00000   0.16613   0.00000   0.04555   0.05430   0.02873   0.00000   0.00218   0.05752   0.00000   0.00000   0.02343   0.01683   0.00538   0.04693   0.14622   0.06045   0.03831   0.00000   0.00000   0.02161   0.02760   0.18220   0.05968   0.06064   0.03825   0.05248   0.04702   0.00951   0.04467   0.01809   0.00957   0.00000   0.04478   0.06587   0.00560   0.05306   0.02248   0.13331   0.06619   0.09624   0.02633   0.00000   0.01475   0.00000   0.05375   8.00382   1.08488   1.15816   1.10080   1.10090  
 21 201.1202   2864.673516  x:  0.27607   0.00000   0.16146   0.00000   0.04543   0.05231   0.02126   0.00000   0.00343   0.05855   0.00000   0.00000   0.01992   0.01666   0.00543   0.05159   0.14748   0.05881   0.04027   0.00000   0.00000   0.03041   0.00461   0.17931   0.05970   0.06156   0.04010   0.04887   0.04738   0.00800   0.04298   0.02583   0.00704   0.00000   0.03800   0.06916   0.00661   0.05366   0.02283   0.13408   0.06967   0.09759   0.03564   0.00000   0.01723   0.00000   0.05217   7.84753   1.13365   1.22836   1.10576   1.13744  
 22 918.0974   2858.499102  x:  0.29990   0.00000   0.14881   0.00000   0.04441   0.03593   0.01040   0.00000   0.00330   0.06226   0.00000   0.00000   0.03208   0.02068   0.00620   0.05205   0.17438   0.05578   0.03550   0.00000   0.00000   0.03887   0.02050   0.18098   0.05167   0.06295   0.03871   0.03340   0.04626   0.01098   0.02563   0.03671   0.00488   0.00000   0.02221   0.07770   0.00878   0.04491   0.01963   0.14498   0.07024   0.09326   0.04050   0.00000   0.02020   0.00000   0.04981   7.54302   1.22070   1.35817   1.12611   1.20622  
 23 737.1910   2855.692117  x:  0.30169   0.00000   0.14458   0.00000   0.04453   0.03471   0.01830   0.00000   0.00111   0.05744   0.00000   0.00000   0.02516   0.02121   0.00614   0.04661   0.19692   0.06323   0.03748   0.00000   0.00000   0.05031   0.02300   0.18745   0.04064   0.05571   0.03702   0.03735   0.04790   0.01127   0.02524   0.03613   0.00502   0.00000   0.03346   0.08143   0.00949   0.03979   0.02108   0.15124   0.06167   0.08637   0.04395   0.00000   0.02009   0.00000   0.05555   7.41314   1.24516   1.39864   1.14980   1.23074  
 24 364.5411   2852.921091  x:  0.29826   0.00000   0.14887   0.00000   0.04457   0.04086   0.01074   0.00000   0.00292   0.05499   0.00000   0.00000   0.02117   0.02050   0.00613   0.05096   0.22103   0.07251   0.03426   0.00000   0.00000   0.04444   0.02405   0.19668   0.02706   0.05820   0.03610   0.05474   0.05076   0.01029   0.03114   0.04784   0.00203   0.00000   0.03319   0.08289   0.01008   0.03857   0.02834   0.15662   0.05179   0.07714   0.03926   0.00000   0.02331   0.00000   0.05162   7.27171   1.26036   1.42921   1.18881   1.25251  
 25 383.8923   2849.122159  x:  0.29159   0.00000   0.15708   0.00000   0.04488   0.04697   0.01624   0.00000   0.00099   0.05384   0.00000   0.00000   0.03039   0.01938   0.00588   0.05434   0.24202   0.08091   0.03122   0.00000   0.00000   0.03157   0.01436   0.21100   0.01576   0.06007   0.03829   0.05367   0.05172   0.01225   0.03748   0.04432   0.00295   0.00000   0.01962   0.08219   0.00948   0.04460   0.02075   0.15857   0.04660   0.06962   0.03431   0.00000   0.02347   0.00000   0.04933   7.09470   1.26768   1.45233   1.25030   1.27411  
 26 476.9542   2844.432434  x:  0.28803   0.00000   0.17015   0.00000   0.04533   0.04391   0.00480   0.00000   0.00052   0.05792   0.00000   0.00000   0.03419   0.01954   0.00570   0.05913   0.25231   0.07795   0.01786   0.00000   0.00000   0.03303   0.00990   0.22637   0.01877   0.05478   0.04096   0.04632   0.05226   0.01124   0.03229   0.05140   0.00172   0.00000   0.02616   0.07926   0.00882   0.05279   0.01619   0.15331   0.05627   0.07075   0.02259   0.00000   0.02420   0.00000   0.05675   6.87453   1.26743   1.46845   1.33528   1.29505  
 27 542.5060   2841.341371  x:  0.29013   0.00000   0.17891   0.00000   0.04611   0.03768   0.00949   0.00000   0.00012   0.06036   0.00000   0.00000   0.03006   0.01852   0.00573   0.06489   0.25317   0.07105   0.02350   0.00000   0.00000   0.03752   0.01081   0.23025   0.02043   0.05699   0.03818   0.04601   0.05035   0.01145   0.02087   0.05358   0.00127   0.00000   0.02472   0.07554   0.00901   0.05561   0.02471   0.15115   0.06370   0.07552   0.01552   0.00000   0.02678   0.00000   0.04961   6.72383   1.26510   1.47617   1.39416   1.30683  
 28 791.4375   2839.006378  x:  0.29540   0.00000   0.18021   0.00000   0.04662   0.03039   0.01224   0.00000   0.00035   0.05683   0.00000   0.00000   0.02962   0.01685   0.00535   0.07671   0.25533   0.06218   0.02313   0.00000   0.00000   0.03444   0.01059   0.21985   0.01753   0.05409   0.03457   0.05401   0.04899   0.01163   0.00925   0.05350   0.00144   0.00000   0.02493   0.07341   0.00873   0.05806   0.02186   0.15418   0.06557   0.08232   0.01897   0.00000   0.02720   0.00000   0.05134   6.60536   1.26345   1.48301   1.43816   1.31431  
 29 515.3818   2836.003032  x:  0.31210   0.00000   0.17998   0.00000   0.04712   0.01647   0.01405   0.00000   0.00039   0.05524   0.00000   0.00000   0.03000   0.01570   0.00518   0.08549   0.25796   0.04651   0.02329   0.00000   0.00000   0.03371   0.01056   0.20049   0.01623   0.05232   0.02438   0.05983   0.04363   0.01193   0.02020   0.05444   0.00161   0.00000   0.02499   0.06982   0.00842   0.05358   0.01857   0.16374   0.06692   0.09215   0.02089   0.00000   0.02792   0.00000   0.05189   6.43660   1.26056   1.49127   1.49889   1.32272  
 30 908.7394   2831.437494  x:  0.36157   0.00000   0.17981   0.00000   0.04751   0.03999   0.01314   0.00000   0.00027   0.05681   0.00000   0.00000   0.03074   0.01497   0.00537   0.07627   0.25562   0.02784   0.02311   0.00000   0.00000   0.03380   0.00982   0.17120   0.01461   0.05288   0.02796   0.06081   0.04060   0.01095   0.02088   0.05536   0.00184   0.00000   0.02466   0.07058   0.00784   0.03591   0.01681   0.17873   0.06177   0.10059   0.02051   0.00000   0.02921   0.00000   0.05265   6.15981   1.25763   1.50418   1.58979   1.33099  
 31 580.8774   2825.804896  x:  0.42715   0.00000   0.18128   0.00000   0.04840   0.03312   0.00944   0.00000   0.00026   0.06143   0.00000   0.00000   0.03046   0.01387   0.00574   0.05418   0.24363   0.06329   0.02263   0.00000   0.00000   0.03026   0.00743   0.14301   0.02281   0.05577   0.03664   0.06082   0.04421   0.00860   0.01869   0.05703   0.00227   0.00000   0.02107   0.07345   0.00677   0.02662   0.02223   0.19192   0.05382   0.10323   0.02043   0.00000   0.03199   0.00000   0.05350   5.79578   1.25823   1.52242   1.69654   1.33605  
 32 718.1443   2820.929805  x:  0.45555   0.00000   0.17963   0.00000   0.04844   0.03834   0.01037   0.00000   0.00059   0.07056   0.00000   0.00000   0.02632   0.01622   0.00662   0.04654   0.24066   0.06925   0.02550   0.00000   0.00000   0.03954   0.00910   0.15564   0.02270   0.06217   0.02059   0.05673   0.03881   0.00659   0.01965   0.06027   0.00348   0.00000   0.02507   0.06938   0.00717   0.04697   0.01254   0.20185   0.05482   0.08682   0.01079   0.00000   0.03339   0.00000   0.04393   5.51453   1.26891   1.54221   1.75561   1.33232  
 33 412.4347   2817.429711  x:  0.46484   0.00000   0.17107   0.00000   0.04801   0.03996   0.00976   0.00000   0.00073   0.07389   0.00000   0.00000   0.03293   0.01814   0.00713   0.03782   0.23887   0.06600   0.02265   0.00000   0.00000   0.03873   0.00595   0.17549   0.02308   0.06231   0.01111   0.05238   0.03053   0.00701   0.02003   0.05595   0.00437   0.00000   0.02398   0.05556   0.00675   0.04793   0.03253   0.20974   0.06047   0.07078   0.01210   0.00000   0.03664   0.00000   0.04922   5.28877   1.27907   1.55556   1.79530   1.32449  
 34 766.9679   2815.077812  x:  0.46073   0.00000   0.17125   0.00000   0.04851   0.03720   0.01207   0.00000   0.00097   0.07633   0.00000   0.00000   0.03276   0.01864   0.00721   0.03778   0.24185   0.06298   0.02361   0.00000   0.00000   0.03966   0.00534   0.18964   0.02883   0.06316   0.02583   0.04949   0.02396   0.00632   0.02199   0.05482   0.00484   0.00000   0.02418   0.04424   0.00694   0.03621   0.03698   0.22224   0.06670   0.06274   0.00857   0.00000   0.03803   0.00000   0.04804   5.12737   1.28789   1.56372   1.81725   1.31532  
 35 722.8698   2813.526807  x:  0.45408   0.00000   0.17087   0.00000   0.04908   0.03540   0.01237   0.00000   0.00103   0.07592   0.00000   0.00000   0.03204   0.01841   0.00714   0.03486   0.24148   0.06024   0.02520   0.00000   0.00000   0.03741   0.00392   0.20052   0.03426   0.06521   0.02349   0.04850   0.03484   0.00593   0.02150   0.05478   0.00473   0.00000   0.02343   0.04514   0.00708   0.02046   0.03459   0.22681   0.06916   0.06282   0.00677   0.00000   0.03821   0.00000   0.04659   5.03433   1.29315   1.56482   1.82534   1.30604  
 36 437.4554   2812.456774  x:  0.45329   0.00000   0.16535   0.00000   0.04949   0.03267   0.01030   0.00000   0.00093   0.07478   0.00000   0.00000   0.03134   0.01773   0.00725   0.02641   0.24332   0.05639   0.02734   0.00000   0.00000   0.03403   0.00258   0.21062   0.04215   0.06766   0.02447   0.05394   0.02892   0.00567   0.01968   0.05582   0.00438   0.00000   0.02201   0.04979   0.00699   0.01927   0.03129   0.23009   0.06254   0.07061   0.00821   0.00000   0.03800   0.00000   0.04607   4.96241   1.29674   1.55627   1.82122   1.28899  
 37 134.9553   2810.163004  x:  0.46294   0.00000   0.15650   0.00000   0.05024   0.03424   0.01279   0.00000   0.00094   0.07493   0.00000   0.00000   0.03264   0.01773   0.00722   0.03926   0.24989   0.05519   0.02663   0.00000   0.00000   0.03187   0.00168   0.22900   0.06090   0.06741   0.02511   0.05558   0.02677   0.00509   0.02059   0.05446   0.00500   0.00000   0.02110   0.05969   0.00690   0.02027   0.03479   0.23866   0.04401   0.08563   0.00616   0.00000   0.03859   0.00000   0.04890   4.79398   1.30556   1.53080   1.80212   1.24193  
 38 360.3389   2806.945407  x:  0.48353   0.00000   0.14452   0.00000   0.05163   0.03561   0.01275   0.00000   0.00076   0.07447   0.00000   0.00000   0.03252   0.01746   0.00743   0.04432   0.26207   0.05533   0.02869   0.00000   0.00000   0.02933   0.00134   0.24224   0.07561   0.06836   0.02584   0.06342   0.03850   0.00457   0.01995   0.05540   0.00483   0.00000   0.01999   0.03761   0.00691   0.02473   0.02895   0.25119   0.04105   0.08924   0.01119   0.00000   0.03806   0.00000   0.04899   4.55404   1.31610   1.48896   1.76893   1.16867  
 39 469.3884   2802.758726  x:  0.49516   0.00000   0.14287   0.00000   0.05347   0.03624   0.01265   0.00000   0.00070   0.07327   0.00000   0.00000   0.03285   0.01630   0.00739   0.04586   0.27205   0.05773   0.02864   0.00000   0.00000   0.02679   0.00022   0.23933   0.07194   0.06812   0.02500   0.06899   0.03728   0.00460   0.01963   0.05479   0.00470   0.00000   0.01947   0.04265   0.00654   0.02644   0.02669   0.25792   0.05784   0.08094   0.01081   0.00000   0.03782   0.00000   0.05090   4.32259   1.32506   1.44743   1.73212   1.09547  
 40 673.3614   2801.138393  x:  0.50503   0.00000   0.13694   0.00000   0.05392   0.03831   0.01307   0.00000   0.00058   0.07361   0.00000   0.00000   0.03393   0.01631   0.00763   0.05296   0.26796   0.06466   0.02760   0.00000   0.00000   0.02722   0.00050   0.24660   0.06765   0.06773   0.02165   0.07683   0.02846   0.00464   0.01908   0.05457   0.00429   0.00000   0.01951   0.04414   0.00627   0.01736   0.01965   0.26177   0.06935   0.07538   0.01247   0.00000   0.03696   0.00000   0.05113   4.19669   1.32772   1.42983   1.71698   1.05776  
 41 567.0492   2791.593873  x:  0.50622   0.00000   0.15443   0.00000   0.05737   0.03011   0.00279   0.00000   0.00019   0.07971   0.00000   0.00000   0.03747   0.02069   0.00834   0.05009   0.22259   0.07107   0.01416   0.00000   0.00000   0.03455   0.00048   0.25689   0.00000   0.07318   0.02043   0.06939   0.02896   0.00333   0.01171   0.05671   0.00432   0.00000   0.02579   0.03965   0.00674   0.02130   0.01778   0.33231   0.05995   0.08504   0.01049   0.00000   0.03659   0.00000   0.05609   3.57466   1.31980   1.39945   1.66205   0.89688  
 42 223.8836   2785.619449  x:  0.51618   0.00000   0.14717   0.00000   0.06110   0.02891   0.00256   0.00000   0.00023   0.07475   0.00000   0.00000   0.03386   0.01563   0.00783   0.04679   0.24036   0.06160   0.02051   0.00000   0.00000   0.02730   0.00126   0.25738   0.00000   0.07184   0.02745   0.07639   0.04580   0.00225   0.01308   0.05362   0.00538   0.00000   0.02181   0.06223   0.00558   0.04069   0.02545   0.36359   0.08259   0.06620   0.01031   0.00000   0.03710   0.00000   0.06095   3.12357   1.30194   1.40058   1.63849   0.80294  
 43 365.7502   2777.140410  x:  0.51906   0.00000   0.16945   0.00000   0.06720   0.02401   0.00067   0.00000   0.00025   0.07509   0.00000   0.00000   0.02765   0.01436   0.00693   0.04686   0.28590   0.05113   0.02748   0.00000   0.00000   0.02102   0.00109   0.23209   0.00000   0.07731   0.02350   0.06717   0.03622   0.00119   0.01107   0.05355   0.00584   0.00000   0.02234   0.05201   0.00659   0.03169   0.02373   0.29170   0.05930   0.04741   0.00933   0.00000   0.03600   0.00000   0.06294   2.56731   1.27650   1.40309   1.59610   0.71315  
 44 385.1913   2775.935101  x:  0.52253   0.00000   0.17395   0.00000   0.06819   0.02719   0.00050   0.00000   0.00032   0.07618   0.00000   0.00000   0.02812   0.01474   0.00698   0.04577   0.29953   0.05614   0.02643   0.00000   0.00000   0.02136   0.00116   0.23401   0.00000   0.07794   0.02274   0.06569   0.03564   0.00126   0.01272   0.05249   0.00617   0.00000   0.02300   0.04851   0.00657   0.03281   0.02551   0.28481   0.06885   0.06927   0.00836   0.00000   0.03602   0.00000   0.06228   2.41842   1.27139   1.40061   1.58235   0.69399  
 45 274.4364   2771.278771  x:  0.52795   0.00000   0.18427   0.00000   0.07227   0.02687   0.00292   0.00000   0.00035   0.07810   0.00000   0.00000   0.02866   0.01517   0.00691   0.04544   0.30501   0.05715   0.02533   0.00000   0.00000   0.02086   0.00114   0.23557   0.00000   0.08011   0.02220   0.05961   0.03489   0.00145   0.01266   0.04869   0.00554   0.00000   0.02477   0.04755   0.00652   0.03216   0.02415   0.28223   0.06560   0.07126   0.00863   0.00000   0.03399   0.00000   0.06587   1.93235   1.23768   1.36096   1.52867   0.73273  
 46 78.0666   2768.910814  x:  0.53081   0.00000   0.18489   0.00000   0.07489   0.02535   0.00121   0.00000   0.00028   0.07765   0.00000   0.00000   0.02889   0.01473   0.00702   0.04681   0.29684   0.05594   0.02603   0.00000   0.00000   0.02110   0.00118   0.24089   0.00000   0.08181   0.02340   0.06102   0.03704   0.00268   0.01172   0.04667   0.00562   0.00000   0.02517   0.05140   0.00631   0.03386   0.02356   0.29540   0.06518   0.06437   0.00924   0.00000   0.03220   0.00000   0.06880   1.85726   1.21985   1.27472   1.47067   0.85002  
 47 13.0597   2749.162677  x:  0.54191   0.00000   0.23613   0.00000   0.10274   0.02552   0.00246   0.00000   0.00053   0.08198   0.00000   0.00000   0.02557   0.01227   0.00639   0.05363   0.32324   0.05396   0.03862   0.00000   0.00000   0.02325   0.00117   0.25863   0.00000   0.09717   0.02510   0.03300   0.03697   0.01107   0.01495   0.02142   0.00537   0.00000   0.03151   0.05680   0.00545   0.02815   0.02348   0.24523   0.05178   0.07062   0.01420   0.00000   0.01421   0.00000   0.08798   2.33663   0.88904   1.22054   1.19028   0.84243  
 48  7.5345   2742.997034  x:  0.53835   0.00000   0.25792   0.00000   0.11028   0.02510   0.00325   0.00000   0.00072   0.08517   0.00000   0.00000   0.02471   0.01364   0.00633   0.05205   0.33953   0.05174   0.04194   0.00000   0.00000   0.02504   0.00131   0.25043   0.00000   0.10239   0.02614   0.01797   0.03734   0.01281   0.01649   0.01308   0.00530   0.00000   0.03469   0.05845   0.00606   0.02746   0.02678   0.22052   0.04554   0.07286   0.01468   0.00000   0.00900   0.00000   0.09268   2.49882   1.05095   1.11927   1.22379   0.81929  
 49 30.9441   2739.949207  x:  0.52524   0.00000   0.26294   0.00000   0.11339   0.02719   0.00304   0.00000   0.00076   0.08726   0.00000   0.00000   0.02398   0.01427   0.00644   0.05646   0.32947   0.05408   0.04413   0.00000   0.00000   0.02866   0.00126   0.26091   0.00000   0.10482   0.02711   0.01987   0.03783   0.00941   0.01829   0.00300   0.00657   0.00000   0.03625   0.06350   0.00553   0.02548   0.02731   0.22127   0.04962   0.07642   0.01762   0.00000   0.00473   0.00000   0.09430   2.51933   1.08217   1.18092   1.29759   0.88466  
 50  1.4730   2736.759119  x:  0.52591   0.00000   0.27657   0.00000   0.12192   0.02853   0.00335   0.00000   0.00079   0.08810   0.00000   0.00000   0.02600   0.01307   0.00724   0.05886   0.33014   0.05500   0.04609   0.00000   0.00000   0.03587   0.00133   0.27183   0.00000   0.11369   0.02826   0.04277   0.03851   0.00912   0.02018   0.01021   0.00832   0.00000   0.03789   0.06667   0.00448   0.02617   0.02570   0.19133   0.05345   0.07636   0.01896   0.00000   0.00510   0.00000   0.10148   2.61205   1.16466   1.19684   1.35723   0.90967  
 51  1.3866   2735.527695  x:  0.52152   0.00000   0.28477   0.00000   0.12772   0.02907   0.00328   0.00000   0.00085   0.08832   0.00000   0.00000   0.02440   0.01334   0.00724   0.06077   0.31766   0.05837   0.04244   0.00000   0.00000   0.03580   0.00141   0.28740   0.00000   0.12154   0.02821   0.04073   0.03992   0.00463   0.02116   0.01025   0.00815   0.00000   0.03889   0.07096   0.00490   0.02879   0.02389   0.21363   0.05814   0.07858   0.02065   0.00000   0.01078   0.00000   0.10639   2.63261   1.15004   1.16249   1.33820   0.96401  
 52  0.3197   2733.897064  x:  0.51872   0.00000   0.28855   0.00000   0.13807   0.02893   0.00323   0.00000   0.00104   0.08367   0.00000   0.00000   0.02606   0.01264   0.00753   0.06192   0.28779   0.06052   0.04062   0.00000   0.00000   0.03879   0.00144   0.30569   0.00000   0.13165   0.02832   0.03839   0.04125   0.00748   0.02286   0.01002   0.00646   0.00000   0.03940   0.07615   0.00546   0.03119   0.01941   0.22245   0.05350   0.06789   0.02286   0.00000   0.01087   0.00000   0.11359   2.51706   1.18763   1.24879   1.43549   0.89687  
 53  0.8693   2732.818658  x:  0.52695   0.00000   0.28719   0.00000   0.14783   0.02763   0.00361   0.00000   0.00107   0.07730   0.00000   0.00000   0.02811   0.01184   0.00751   0.05906   0.28776   0.06107   0.03723   0.00000   0.00000   0.03459   0.00163   0.30961   0.00000   0.14047   0.02677   0.04344   0.04131   0.00792   0.02208   0.00647   0.00489   0.00000   0.03942   0.07418   0.00575   0.03746   0.01475   0.22341   0.05531   0.06447   0.02114   0.00000   0.00704   0.00000   0.12019   2.52369   1.16072   1.17184   1.35584   0.87798  
 54  0.6819   2731.834096  x:  0.51251   0.00000   0.28163   0.00000   0.16071   0.02526   0.00391   0.00000   0.00115   0.06973   0.00000   0.00000   0.02453   0.01249   0.00701   0.06009   0.29424   0.05709   0.03528   0.00000   0.00000   0.03132   0.00182   0.31238   0.00000   0.15327   0.02645   0.03974   0.04069   0.00638   0.02090   0.00662   0.00624   0.00000   0.04061   0.07469   0.00746   0.03805   0.01818   0.20319   0.05605   0.06791   0.02201   0.00000   0.00452   0.00000   0.12351   2.51008   1.14935   1.20256   1.36451   0.91802  
 55  0.1107   2731.695615  x:  0.51179   0.00000   0.28084   0.00000   0.16334   0.02507   0.00406   0.00000   0.00119   0.06909   0.00000   0.00000   0.02473   0.01278   0.00695   0.06029   0.29678   0.05587   0.03554   0.00000   0.00000   0.03116   0.00186   0.31164   0.00000   0.15571   0.02644   0.04029   0.04027   0.00681   0.02061   0.00532   0.00645   0.00000   0.04063   0.07425   0.00758   0.03735   0.01944   0.19829   0.05525   0.06792   0.02211   0.00000   0.00691   0.00000   0.12435   2.50466   1.15130   1.20373   1.36144   0.91215  
 56  0.0569   2731.306760  x:  0.51686   0.00000   0.28134   0.00000   0.17365   0.02689   0.00441   0.00000   0.00147   0.07267   0.00000   0.00000   0.02694   0.01396   0.00700   0.06234   0.28927   0.05481   0.03690   0.00000   0.00000   0.03359   0.00197   0.31565   0.00000   0.15866   0.02655   0.03847   0.03894   0.00599   0.02076   0.00605   0.00503   0.00000   0.03919   0.07420   0.00716   0.03306   0.02338   0.20631   0.05172   0.06837   0.02364   0.00000   0.00656   0.00000   0.12556   2.46233   1.14166   1.18698   1.33410   0.90626  
 57  0.0742   2730.957431  x:  0.52066   0.00000   0.27967   0.00000   0.18567   0.02835   0.00517   0.00000   0.00169   0.07377   0.00000   0.00000   0.02380   0.01165   0.00637   0.06255   0.29811   0.05582   0.03916   0.00000   0.00000   0.03091   0.00222   0.31542   0.00000   0.15930   0.02504   0.03668   0.03770   0.00646   0.01927   0.00682   0.00558   0.00000   0.03772   0.07071   0.00662   0.03165   0.02076   0.21062   0.05573   0.07017   0.02433   0.00000   0.00687   0.00000   0.12584   2.48123   1.15499   1.20762   1.35792   0.90227  
 58  0.0328   2730.731948  x:  0.52692   0.00000   0.27705   0.00000   0.19422   0.02653   0.00578   0.00000   0.00191   0.07350   0.00000   0.00000   0.02731   0.01434   0.00620   0.06020   0.30363   0.05675   0.03852   0.00000   0.00000   0.03160   0.00254   0.31116   0.00000   0.15703   0.02545   0.03803   0.03937   0.00658   0.01838   0.00619   0.00626   0.00000   0.03809   0.06911   0.00591   0.03236   0.01899   0.20929   0.05402   0.06904   0.02447   0.00000   0.00608   0.00000   0.12455   2.49868   1.15569   1.20278   1.35642   0.89990  
 59  0.0156   2730.561180  x:  0.52560   0.00000   0.27731   0.00000   0.19828   0.02557   0.00619   0.00000   0.00220   0.07146   0.00000   0.00000   0.02543   0.01192   0.00589   0.05964   0.29826   0.05622   0.03733   0.00000   0.00000   0.03357   0.00285   0.30797   0.00000   0.15155   0.02643   0.03900   0.04008   0.00620   0.01930   0.00621   0.00671   0.00000   0.03752   0.07039   0.00578   0.03258   0.01977   0.20891   0.05150   0.06686   0.02527   0.00000   0.00604   0.00000   0.11977   2.48731   1.14730   1.18532   1.34867   0.89986  
 60  0.0159   2730.443607  x:  0.51900   0.00000   0.27625   0.00000   0.19899   0.02659   0.00653   0.00000   0.00248   0.07158   0.00000   0.00000   0.02575   0.01305   0.00607   0.06006   0.29405   0.05705   0.03710   0.00000   0.00000   0.03167   0.00313   0.30507   0.00000   0.14635   0.02627   0.03850   0.03921   0.00580   0.02012   0.00689   0.00653   0.00000   0.03783   0.07186   0.00607   0.03322   0.01910   0.20865   0.05401   0.06739   0.02607   0.00000   0.00675   0.00000   0.11562   2.49155   1.15141   1.20455   1.35483   0.91108  
 61  0.0173   2730.345889  x:  0.51771   0.00000   0.27760   0.00000   0.19788   0.02597   0.00695   0.00000   0.00280   0.07247   0.00000   0.00000   0.02544   0.01315   0.00657   0.06112   0.29488   0.05616   0.03723   0.00000   0.00000   0.03098   0.00347   0.30756   0.00000   0.14398   0.02587   0.03943   0.03823   0.00693   0.01947   0.00590   0.00648   0.00000   0.03855   0.07251   0.00665   0.03299   0.02032   0.20879   0.05567   0.06933   0.02642   0.00000   0.00636   0.00000   0.11495   2.48828   1.15038   1.19505   1.34648   0.89325  
 62  0.0101   2730.228180  x:  0.52083   0.00000   0.27728   0.00000   0.19541   0.02602   0.00732   0.00000   0.00326   0.07280   0.00000   0.00000   0.02657   0.01214   0.00717   0.06085   0.29450   0.05618   0.03802   0.00000   0.00000   0.03276   0.00394   0.31208   0.00000   0.14215   0.02506   0.03809   0.03804   0.00687   0.01885   0.00577   0.00584   0.00000   0.03916   0.07156   0.00691   0.03305   0.01881   0.20164   0.05391   0.07074   0.02632   0.00000   0.00647   0.00000   0.11875   2.48818   1.14509   1.19602   1.35116   0.90599  
 63  0.0112   2730.094760  x:  0.51846   0.00000   0.27828   0.00000   0.19042   0.02583   0.00774   0.00000   0.00387   0.07190   0.00000   0.00000   0.02501   0.01351   0.00727   0.06047   0.29675   0.05522   0.03674   0.00000   0.00000   0.03272   0.00461   0.31489   0.00000   0.14218   0.02528   0.03832   0.03966   0.00686   0.01879   0.00666   0.00617   0.00000   0.03998   0.07104   0.00733   0.03283   0.01924   0.21120   0.05205   0.06882   0.02608   0.00000   0.00655   0.00000   0.12298   2.49199   1.14786   1.19616   1.35077   0.91358  
 64  0.0083   2730.000282  x:  0.52151   0.00000   0.27657   0.00000   0.18714   0.02638   0.00816   0.00000   0.00451   0.07186   0.00000   0.00000   0.02647   0.01238   0.00688   0.06089   0.29651   0.05694   0.03652   0.00000   0.00000   0.03138   0.00528   0.31146   0.00000   0.14329   0.02559   0.03914   0.03908   0.00655   0.01940   0.00631   0.00628   0.00000   0.03943   0.07048   0.00666   0.03273   0.02026   0.20942   0.05555   0.06630   0.02584   0.00000   0.00624   0.00000   0.12497   2.48450   1.15158   1.19800   1.35063   0.91195  
 65  0.0056   2729.945271  x:  0.52031   0.00000   0.27578   0.00000   0.18576   0.02537   0.00842   0.00000   0.00498   0.07230   0.00000   0.00000   0.02510   0.01308   0.00636   0.06157   0.29621   0.05652   0.03721   0.00000   0.00000   0.03209   0.00574   0.30854   0.00000   0.14612   0.02574   0.03913   0.03827   0.00638   0.01939   0.00629   0.00650   0.00000   0.03806   0.07103   0.00633   0.03199   0.01913   0.20636   0.05423   0.06765   0.02603   0.00000   0.00633   0.00000   0.12430   2.47684   1.15076   1.19814   1.35391   0.90523  
 66  0.0078   2729.922305  x:  0.52002   0.00000   0.27613   0.00000   0.18482   0.02570   0.00842   0.00000   0.00523   0.07238   0.00000   0.00000   0.02608   0.01265   0.00624   0.06122   0.29609   0.05619   0.03688   0.00000   0.00000   0.03185   0.00601   0.30831   0.00000   0.14830   0.02587   0.03863   0.03889   0.00632   0.01922   0.00641   0.00662   0.00000   0.03832   0.07184   0.00627   0.03256   0.01933   0.20853   0.05278   0.06911   0.02596   0.00000   0.00644   0.00000   0.12260   2.48950   1.15013   1.19961   1.35124   0.90456  
 67  0.0077   2729.909810  x:  0.52202   0.00000   0.27655   0.00000   0.18475   0.02641   0.00827   0.00000   0.00538   0.07216   0.00000   0.00000   0.02569   0.01298   0.00631   0.06113   0.29613   0.05681   0.03681   0.00000   0.00000   0.03246   0.00616   0.30920   0.00000   0.14957   0.02556   0.03818   0.03886   0.00639   0.01923   0.00640   0.00658   0.00000   0.03841   0.07193   0.00639   0.03303   0.01935   0.20827   0.05378   0.06828   0.02591   0.00000   0.00639   0.00000   0.12080   2.49105   1.14716   1.19533   1.34930   0.90314  
 68  0.0038   2729.895597  x:  0.52167   0.00000   0.27720   0.00000   0.18518   0.02553   0.00789   0.00000   0.00556   0.07238   0.00000   0.00000   0.02567   0.01281   0.00652   0.06078   0.29552   0.05634   0.03750   0.00000   0.00000   0.03180   0.00630   0.31032   0.00000   0.15046   0.02538   0.03845   0.03862   0.00646   0.01924   0.00623   0.00632   0.00000   0.03848   0.07120   0.00638   0.03265   0.01921   0.20835   0.05381   0.06785   0.02567   0.00000   0.00631   0.00000   0.11887   2.49280   1.15038   1.19829   1.35239   0.90742  
 69  0.0031   2729.879983  x:  0.52114   0.00000   0.27742   0.00000   0.18535   0.02585   0.00724   0.00000   0.00570   0.07218   0.00000   0.00000   0.02582   0.01275   0.00666   0.06044   0.29764   0.05657   0.03736   0.00000   0.00000   0.03236   0.00643   0.31218   0.00000   0.14983   0.02591   0.03874   0.03902   0.00644   0.01927   0.00646   0.00659   0.00000   0.03882   0.07103   0.00631   0.03176   0.01932   0.20738   0.05353   0.06803   0.02549   0.00000   0.00642   0.00000   0.11894   2.47929   1.15160   1.19991   1.35012   0.90710  
 70  0.0044   2729.864347  x:  0.51953   0.00000   0.27663   0.00000   0.18590   0.02601   0.00654   0.00000   0.00587   0.07181   0.00000   0.00000   0.02570   0.01293   0.00657   0.06016   0.29679   0.05666   0.03713   0.00000   0.00000   0.03200   0.00659   0.31092   0.00000   0.14882   0.02604   0.03897   0.03880   0.00640   0.01926   0.00637   0.00650   0.00000   0.03844   0.07105   0.00622   0.03239   0.01937   0.20833   0.05373   0.06882   0.02514   0.00000   0.00642   0.00000   0.12027   2.48422   1.14899   1.19673   1.35383   0.90529  
 71  0.0034   2729.859581  x:  0.52014   0.00000   0.27689   0.00000   0.18666   0.02577   0.00643   0.00000   0.00594   0.07237   0.00000   0.00000   0.02564   0.01284   0.00647   0.06077   0.29636   0.05668   0.03692   0.00000   0.00000   0.03209   0.00666   0.31013   0.00000   0.14848   0.02574   0.03863   0.03860   0.00640   0.01920   0.00632   0.00650   0.00000   0.03838   0.07151   0.00631   0.03262   0.01926   0.20814   0.05376   0.06860   0.02532   0.00000   0.00638   0.00000   0.12085   2.48845   1.14928   1.19824   1.35003   0.90394  
 72  0.0040   2729.858751  x:  0.52060   0.00000   0.27676   0.00000   0.18675   0.02581   0.00639   0.00000   0.00598   0.07227   0.00000   0.00000   0.02574   0.01283   0.00644   0.06103   0.29643   0.05653   0.03708   0.00000   0.00000   0.03203   0.00669   0.30984   0.00000   0.14841   0.02565   0.03855   0.03869   0.00639   0.01924   0.00636   0.00651   0.00000   0.03853   0.07150   0.00637   0.03245   0.01930   0.20798   0.05360   0.06838   0.02543   0.00000   0.00638   0.00000   0.12091   2.48952   1.14970   1.19768   1.35148   0.90435  
 73  0.0016   2729.858567  x:  0.52102   0.00000   0.27681   0.00000   0.18661   0.02580   0.00638   0.00000   0.00599   0.07217   0.00000   0.00000   0.02571   0.01284   0.00643   0.06106   0.29654   0.05646   0.03712   0.00000   0.00000   0.03207   0.00670   0.30971   0.00000   0.14833   0.02565   0.03862   0.03880   0.00637   0.01925   0.00635   0.00652   0.00000   0.03852   0.07138   0.00638   0.03251   0.01928   0.20814   0.05369   0.06843   0.02549   0.00000   0.00639   0.00000   0.12089   2.48911   1.15008   1.19810   1.35139   0.90457  
 74  0.0004   2729.858401  x:  0.52122   0.00000   0.27692   0.00000   0.18653   0.02582   0.00638   0.00000   0.00599   0.07222   0.00000   0.00000   0.02572   0.01285   0.00643   0.06106   0.29636   0.05649   0.03709   0.00000   0.00000   0.03199   0.00668   0.30971   0.00000   0.14837   0.02566   0.03863   0.03872   0.00637   0.01924   0.00634   0.00652   0.00000   0.03851   0.07131   0.00637   0.03255   0.01930   0.20803   0.05361   0.06854   0.02563   0.00000   0.00639   0.00000   0.12086   2.48831   1.14972   1.19793   1.35135   0.90423  
 75  0.0003   2729.858227  x:  0.52088   0.00000   0.27680   0.00000   0.18651   0.02578   0.00635   0.00000   0.00599   0.07222   0.00000   0.00000   0.02574   0.01282   0.00645   0.06093   0.29644   0.05650   0.03709   0.00000   0.00000   0.03208   0.00665   0.30970   0.00000   0.14847   0.02566   0.03862   0.03870   0.00639   0.01923   0.00636   0.00652   0.00000   0.03851   0.07123   0.00638   0.03253   0.01929   0.20809   0.05366   0.06845   0.02574   0.00000   0.00639   0.00000   0.12090   2.48896   1.14969   1.19795   1.35133   0.90440  
 76  0.0003   2729.858090  x:  0.52072   0.00000   0.27673   0.00000   0.18643   0.02584   0.00637   0.00000   0.00601   0.07222   0.00000   0.00000   0.02570   0.01284   0.00644   0.06085   0.29654   0.05652   0.03708   0.00000   0.00000   0.03202   0.00664   0.30968   0.00000   0.14847   0.02564   0.03862   0.03876   0.00639   0.01924   0.00634   0.00652   0.00000   0.03849   0.07133   0.00636   0.03250   0.01926   0.20808   0.05364   0.06839   0.02580   0.00000   0.00638   0.00000   0.12098   2.48993   1.14988   1.19769   1.35103   0.90462  
 77  0.0004   2729.857779  x:  0.52093   0.00000   0.27660   0.00000   0.18634   0.02573   0.00635   0.00000   0.00607   0.07222   0.00000   0.00000   0.02572   0.01286   0.00645   0.06079   0.29652   0.05652   0.03710   0.00000   0.00000   0.03203   0.00662   0.30980   0.00000   0.14833   0.02561   0.03856   0.03881   0.00639   0.01920   0.00634   0.00650   0.00000   0.03846   0.07157   0.00633   0.03247   0.01935   0.20805   0.05376   0.06850   0.02583   0.00000   0.00640   0.00000   0.12090   2.48927   1.14989   1.19789   1.35160   0.90447  
 78  0.0002   2729.856816  x:  0.52121   0.00000   0.27636   0.00000   0.18655   0.02585   0.00635   0.00000   0.00620   0.07207   0.00000   0.00000   0.02569   0.01281   0.00646   0.06075   0.29676   0.05646   0.03721   0.00000   0.00000   0.03205   0.00649   0.30994   0.00000   0.14824   0.02550   0.03865   0.03863   0.00642   0.01921   0.00634   0.00649   0.00000   0.03846   0.07155   0.00636   0.03257   0.01931   0.20807   0.05351   0.06844   0.02570   0.00000   0.00639   0.00000   0.12085   2.48731   1.14996   1.19852   1.35132   0.90466  
 79  0.0004   2729.856078  x:  0.52112   0.00000   0.27675   0.00000   0.18659   0.02575   0.00641   0.00000   0.00628   0.07225   0.00000   0.00000   0.02574   0.01283   0.00643   0.06091   0.29665   0.05648   0.03711   0.00000   0.00000   0.03205   0.00637   0.30982   0.00000   0.14839   0.02560   0.03867   0.03869   0.00638   0.01925   0.00637   0.00656   0.00000   0.03849   0.07144   0.00637   0.03259   0.01929   0.20816   0.05367   0.06845   0.02564   0.00000   0.00638   0.00000   0.12099   2.48880   1.14977   1.19768   1.35128   0.90471  
 80  0.0009   2729.855980  x:  0.52091   0.00000   0.27682   0.00000   0.18655   0.02578   0.00637   0.00000   0.00630   0.07223   0.00000   0.00000   0.02572   0.01284   0.00643   0.06095   0.29648   0.05649   0.03709   0.00000   0.00000   0.03203   0.00636   0.30976   0.00000   0.14842   0.02565   0.03863   0.03875   0.00639   0.01925   0.00635   0.00654   0.00000   0.03849   0.07138   0.00637   0.03254   0.01929   0.20807   0.05366   0.06846   0.02562   0.00000   0.00639   0.00000   0.12093   2.48904   1.14981   1.19791   1.35130   0.90446  
 81  0.0004   2729.855971  x:  0.52093   0.00000   0.27679   0.00000   0.18654   0.02578   0.00638   0.00000   0.00630   0.07221   0.00000   0.00000   0.02572   0.01283   0.00644   0.06095   0.29647   0.05650   0.03709   0.00000   0.00000   0.03204   0.00636   0.30972   0.00000   0.14840   0.02565   0.03861   0.03875   0.00639   0.01923   0.00635   0.00653   0.00000   0.03850   0.07136   0.00637   0.03253   0.01929   0.20807   0.05366   0.06846   0.02562   0.00000   0.00639   0.00000   0.12092   2.48910   1.14980   1.19793   1.35129   0.90444  
 82  0.0001   2729.855970  x:  0.52093   0.00000   0.27680   0.00000   0.18654   0.02578   0.00638   0.00000   0.00630   0.07221   0.00000   0.00000   0.02572   0.01284   0.00644   0.06096   0.29649   0.05650   0.03708   0.00000   0.00000   0.03204   0.00636   0.30973   0.00000   0.14839   0.02565   0.03861   0.03875   0.00638   0.01923   0.00635   0.00653   0.00000   0.03850   0.07136   0.00637   0.03254   0.01929   0.20808   0.05366   0.06846   0.02562   0.00000   0.00639   0.00000   0.12092   2.48908   1.14983   1.19791   1.35129   0.90444  
 83  0.0000   2729.855970  x:  0.52092   0.00000   0.27680   0.00000   0.18654   0.02578   0.00638   0.00000   0.00630   0.07221   0.00000   0.00000   0.02572   0.01284   0.00644   0.06096   0.29649   0.05650   0.03708   0.00000   0.00000   0.03204   0.00636   0.30973   0.00000   0.14839   0.02565   0.03861   0.03875   0.00638   0.01923   0.00635   0.00653   0.00000   0.03850   0.07136   0.00637   0.03254   0.01929   0.20808   0.05366   0.06846   0.02562   0.00000   0.00639   0.00000   0.12092   2.48907   1.14984   1.19792   1.35130   0.90443  
 84  0.0000   2729.855970  x:  0.52092   0.00000   0.27680   0.00000   0.18654   0.02578   0.00638   0.00000   0.00630   0.07221   0.00000   0.00000   0.02572   0.01284   0.00644   0.06096   0.29650   0.05650   0.03708   0.00000   0.00000   0.03204   0.00636   0.30973   0.00000   0.14839   0.02565   0.03861   0.03875   0.00638   0.01923   0.00635   0.00653   0.00000   0.03851   0.07136   0.00637   0.03254   0.01929   0.20808   0.05366   0.06846   0.02562   0.00000   0.00639   0.00000   0.12092   2.48908   1.14983   1.19791   1.35130   0.90443  
 85  0.0000   2729.855970  x:  0.52092   0.00000   0.27680   0.00000   0.18654   0.02578   0.00638   0.00000   0.00630   0.07221   0.00000   0.00000   0.02572   0.01284   0.00644   0.06096   0.29650   0.05650   0.03708   0.00000   0.00000   0.03204   0.00636   0.30973   0.00000   0.14839   0.02565   0.03861   0.03875   0.00638   0.01923   0.00635   0.00653   0.00000   0.03851   0.07136   0.00637   0.03254   0.01929   0.20808   0.05366   0.06846   0.02562   0.00000   0.00639   0.00000   0.12092   2.48908   1.14983   1.19792   1.35130   0.90443  
 86  0.0000   2729.855970  x:  0.52092   0.00000   0.27680   0.00000   0.18654   0.02578   0.00638   0.00000   0.00630   0.07221   0.00000   0.00000   0.02572   0.01284   0.00644   0.06096   0.29650   0.05650   0.03708   0.00000   0.00000   0.03204   0.00636   0.30973   0.00000   0.14839   0.02565   0.03861   0.03875   0.00638   0.01923   0.00635   0.00653   0.00000   0.03851   0.07136   0.00637   0.03254   0.01929   0.20808   0.05366   0.06846   0.02562   0.00000   0.00639   0.00000   0.12092   2.48908   1.14983   1.19792   1.35130   0.90443  
 87  0.0000   2729.855970  x:  0.52092   0.00000   0.27680   0.00000   0.18654   0.02578   0.00638   0.00000   0.00630   0.07221   0.00000   0.00000   0.02572   0.01284   0.00644   0.06096   0.29650   0.05650   0.03708   0.00000   0.00000   0.03204   0.00636   0.30973   0.00000   0.14839   0.02565   0.03861   0.03875   0.00638   0.01923   0.00635   0.00653   0.00000   0.03851   0.07136   0.00637   0.03254   0.01929   0.20808   0.05366   0.06846   0.02562   0.00000   0.00639   0.00000   0.12092   2.48908   1.14983   1.19792   1.35130   0.90443  
 88  0.0000   2729.855970  x:  0.52092   0.00000   0.27680   0.00000   0.18654   0.02578   0.00638   0.00000   0.00630   0.07221   0.00000   0.00000   0.02572   0.01284   0.00644   0.06096   0.29650   0.05650   0.03708   0.00000   0.00000   0.03204   0.00636   0.30973   0.00000   0.14839   0.02565   0.03861   0.03875   0.00638   0.01923   0.00635   0.00653   0.00000   0.03851   0.07136   0.00637   0.03254   0.01929   0.20808   0.05366   0.06846   0.02562   0.00000   0.00639   0.00000   0.12092   2.48908   1.14983   1.19792   1.35130   0.90443  
 89  0.0012   2729.855970  x:  0.52092   0.00000   0.27680   0.00000   0.18654   0.02578   0.00638   0.00000   0.00630   0.07221   0.00000   0.00000   0.02572   0.01284   0.00644   0.06096   0.29650   0.05650   0.03708   0.00000   0.00000   0.03204   0.00636   0.30973   0.00000   0.14839   0.02565   0.03861   0.03875   0.00638   0.01923   0.00635   0.00653   0.00000   0.03851   0.07136   0.00637   0.03254   0.01929   0.20808   0.05366   0.06846   0.02562   0.00000   0.00639   0.00000   0.12092   2.48908   1.14983   1.19792   1.35130   0.90443  
 90  0.0021   2729.855970  x:  0.52092   0.00000   0.27680   0.00000   0.18654   0.02578   0.00638   0.00000   0.00630   0.07221   0.00000   0.00000   0.02572   0.01284   0.00644   0.06096   0.29650   0.05650   0.03708   0.00000   0.00000   0.03204   0.00636   0.30973   0.00000   0.14839   0.02565   0.03861   0.03875   0.00638   0.01923   0.00635   0.00653   0.00000   0.03851   0.07136   0.00637   0.03254   0.01929   0.20808   0.05366   0.06846   0.02562   0.00000   0.00639   0.00000   0.12092   2.48908   1.14983   1.19792   1.35130   0.90443  
 91  0.0012   2729.855970  x:  0.52092   0.00000   0.27680   0.00000   0.18654   0.02578   0.00638   0.00000   0.00630   0.07221   0.00000   0.00000   0.02572   0.01284   0.00644   0.06096   0.29650   0.05650   0.03708   0.00000   0.00000   0.03204   0.00636   0.30973   0.00000   0.14839   0.02565   0.03861   0.03875   0.00638   0.01923   0.00635   0.00653   0.00000   0.03851   0.07136   0.00637   0.03254   0.01929   0.20808   0.05366   0.06846   0.02562   0.00000   0.00639   0.00000   0.12092   2.48908   1.14983   1.19792   1.35130   0.90443  
 92  0.0443   2729.855970  x:  0.52092   0.00000   0.27680   0.00000   0.18654   0.02578   0.00638   0.00000   0.00630   0.07221   0.00000   0.00000   0.02572   0.01284   0.00644   0.06096   0.29650   0.05650   0.03708   0.00000   0.00000   0.03204   0.00636   0.30973   0.00000   0.14839   0.02565   0.03861   0.03875   0.00638   0.01923   0.00635   0.00653   0.00000   0.03851   0.07136   0.00637   0.03254   0.01929   0.20808   0.05366   0.06846   0.02562   0.00000   0.00639   0.00000   0.12092   2.48908   1.14983   1.19792   1.35130   0.90443  
check convergence!


TREE # 2

  0  0.0000   2820.540948  x:  0.03873   0.08020   0.02191   0.05851   0.05425   0.03688   0.03062   0.02934   0.03769   0.03282   0.03493   0.04933   0.02303   0.03016   0.03553   0.15051   0.10690   0.05831   0.03036   0.02967   0.02696   0.00999   0.11279   0.00127   0.11183   0.00000   0.06335   0.04075   0.02928   0.01078   0.02835   0.12710   0.01504   0.04185   0.02245   0.04491   0.04324   0.08478   0.20183   0.07065   0.07223   0.01192   0.03389   0.04662   0.01610   0.17943   0.31559   2.48908   1.08675   1.19242   1.33817   0.90443  
  1 99.0000   2820.535961  x:  0.03873   0.08021   0.02191   0.05851   0.05425   0.03688   0.03061   0.02934   0.03769   0.03281   0.03493   0.04933   0.02303   0.03016   0.03553   0.15051   0.10690   0.05831   0.03036   0.02966   0.02696   0.00999   0.11279   0.00127   0.11183   0.00000   0.06335   0.04075   0.02928   0.01078   0.02835   0.12710   0.01504   0.04185   0.02245   0.04491   0.04324   0.08478   0.20183   0.07065   0.07223   0.01192   0.03389   0.04662   0.01610   0.17943   0.31559   2.48908   1.08675   1.19242   1.33817   0.90443  
  2 664.9729   2817.454354  x:  0.03859   0.08036   0.02162   0.05824   0.05408   0.03583   0.03061   0.02851   0.03667   0.03117   0.03484   0.04904   0.02252   0.03001   0.03532   0.15085   0.10639   0.05837   0.03052   0.02836   0.02623   0.00832   0.11283   0.00000   0.11270   0.00000   0.06260   0.04057   0.02845   0.00911   0.02756   0.12665   0.01338   0.04018   0.02217   0.04409   0.04240   0.08445   0.20231   0.07041   0.07209   0.01023   0.03221   0.04647   0.01628   0.17997   0.31622   2.48907   1.08680   1.19241   1.33820   0.90445  
  3 1621.3681   2806.062205  x:  0.03847   0.07887   0.02395   0.05851   0.05452   0.03280   0.03181   0.02724   0.03366   0.02301   0.03485   0.04838   0.02333   0.03027   0.03620   0.15114   0.10476   0.05797   0.03202   0.02285   0.02572   0.00000   0.11253   0.00000   0.11434   0.00000   0.06340   0.04140   0.02719   0.00082   0.02656   0.12429   0.00502   0.03171   0.02467   0.04231   0.04058   0.08386   0.20333   0.06964   0.07032   0.00175   0.02375   0.04712   0.01802   0.18149   0.31824   2.48902   1.08693   1.19229   1.33864   0.90463  
  4 2281.2689   2805.136938  x:  0.03848   0.07880   0.02390   0.05856   0.05456   0.03260   0.03187   0.02721   0.03346   0.02221   0.03486   0.04840   0.02344   0.03024   0.03628   0.15113   0.10465   0.05794   0.03210   0.02236   0.02574   0.00000   0.11249   0.00000   0.11444   0.00000   0.06356   0.04147   0.02716   0.00000   0.02655   0.12406   0.00418   0.03087   0.02458   0.04223   0.04045   0.08384   0.20337   0.06960   0.07020   0.00091   0.02291   0.04718   0.01806   0.18158   0.31838   2.48901   1.08693   1.19228   1.33869   0.90465  
  5 6619.1043   2804.310437  x:  0.03850   0.07882   0.02389   0.05859   0.05458   0.03247   0.03187   0.02721   0.03332   0.02135   0.03486   0.04842   0.02351   0.03024   0.03631   0.15111   0.10458   0.05793   0.03214   0.02189   0.02577   0.00000   0.11245   0.00000   0.11454   0.00000   0.06363   0.04149   0.02716   0.00000   0.02656   0.12383   0.00328   0.02996   0.02460   0.04219   0.04029   0.08384   0.20340   0.06957   0.07016   0.00000   0.02201   0.04719   0.01803   0.18164   0.31849   2.48900   1.08694   1.19226   1.33875   0.90467  
  6 18058.0060   2801.818405  x:  0.03855   0.07890   0.02386   0.05871   0.05465   0.03200   0.03185   0.02720   0.03280   0.01823   0.03485   0.04848   0.02373   0.03021   0.03640   0.15107   0.10433   0.05791   0.03229   0.02017   0.02589   0.00000   0.11231   0.00000   0.11492   0.00000   0.06386   0.04156   0.02716   0.00000   0.02660   0.12300   0.00000   0.02665   0.02466   0.04203   0.03970   0.08382   0.20348   0.06949   0.07000   0.00000   0.01872   0.04726   0.01794   0.18185   0.31890   2.48897   1.08696   1.19219   1.33898   0.90476  
  7 22877862.9803   2792.373456  x:  0.03961   0.07938   0.02225   0.05877   0.05473   0.03158   0.03186   0.02686   0.03229   0.00000   0.03492   0.04986   0.02420   0.02996   0.03665   0.15114   0.10465   0.05786   0.03488   0.01459   0.02580   0.00000   0.11111   0.00000   0.11735   0.00000   0.06559   0.04173   0.02683   0.00000   0.02636   0.11870   0.00000   0.00675   0.02592   0.04156   0.03575   0.08372   0.20374   0.06902   0.06776   0.00000   0.00667   0.04738   0.01784   0.18224   0.31990   2.48886   1.08739   1.19219   1.33888   0.90491  
  8 757.3118   2790.118610  x:  0.03982   0.07958   0.02252   0.05889   0.05482   0.03129   0.03179   0.02682   0.03197   0.00000   0.03491   0.04993   0.02450   0.03002   0.03679   0.15112   0.10466   0.05783   0.03515   0.01253   0.02590   0.00000   0.11076   0.00000   0.11814   0.00000   0.06606   0.04183   0.02679   0.00000   0.02637   0.11713   0.00000   0.00000   0.02573   0.04139   0.03447   0.08371   0.20384   0.06889   0.06732   0.00000   0.00267   0.04746   0.01762   0.18243   0.32028   2.48882   1.08753   1.19219   1.33883   0.90497  
  9 9261.3047   2789.340791  x:  0.03983   0.07950   0.02230   0.05898   0.05487   0.03101   0.03182   0.02684   0.03167   0.00000   0.03491   0.04967   0.02465   0.02987   0.03685   0.15107   0.10457   0.05782   0.03504   0.01118   0.02601   0.00000   0.11067   0.00000   0.11864   0.00000   0.06652   0.04188   0.02681   0.00000   0.02642   0.11606   0.00000   0.00000   0.02592   0.04130   0.03382   0.08371   0.20388   0.06884   0.06760   0.00000   0.00000   0.04750   0.01767   0.18256   0.32050   2.48879   1.08761   1.19218   1.33881   0.90500  
 10 2582.3550   2786.672690  x:  0.04126   0.07756   0.02307   0.05966   0.05472   0.02627   0.03307   0.02838   0.02686   0.00000   0.03527   0.05745   0.02375   0.03187   0.03622   0.15014   0.10188   0.05817   0.03962   0.00000   0.02740   0.00000   0.11261   0.00000   0.12161   0.00000   0.06890   0.04132   0.02835   0.00000   0.02808   0.10470   0.00000   0.00000   0.02539   0.04157   0.02634   0.08433   0.20348   0.06868   0.07759   0.00000   0.00000   0.04713   0.02067   0.18254   0.32142   2.48853   1.08768   1.19171   1.33944   0.90588  
 11 251.6538   2782.148841  x:  0.05239   0.08381   0.02384   0.06272   0.05599   0.00978   0.03106   0.03104   0.01005   0.00000   0.03394   0.05036   0.02689   0.02703   0.03813   0.14765   0.09291   0.05721   0.04714   0.00000   0.03163   0.00000   0.11341   0.00000   0.12979   0.00000   0.08093   0.04299   0.03102   0.00000   0.03158   0.07320   0.00000   0.00000   0.02611   0.03985   0.00372   0.08530   0.20354   0.06604   0.08306   0.00000   0.00000   0.04840   0.01370   0.18276   0.32759   2.48770   1.08667   1.18949   1.34496   0.90967  
 12 91.9237   2780.361473  x:  0.05584   0.08652   0.02335   0.06514   0.05734   0.00686   0.02970   0.02996   0.00616   0.00000   0.03383   0.04945   0.03121   0.02727   0.04004   0.14698   0.08491   0.05685   0.04498   0.00000   0.03351   0.00000   0.11186   0.00000   0.14089   0.00000   0.07946   0.04420   0.02998   0.00000   0.03162   0.05113   0.00000   0.00000   0.02657   0.03522   0.01205   0.08519   0.20594   0.06316   0.08088   0.00000   0.00000   0.04945   0.01144   0.18664   0.33657   2.48702   1.08668   1.18781   1.34967   0.91237  
 13 135.5410   2778.372679  x:  0.05289   0.08664   0.02200   0.06961   0.06027   0.01230   0.02905   0.02641   0.01494   0.00000   0.03526   0.05311   0.04017   0.02846   0.04376   0.14640   0.06948   0.05645   0.03111   0.00000   0.03647   0.00000   0.11062   0.00000   0.15396   0.00000   0.08089   0.04673   0.02658   0.00000   0.03041   0.03811   0.00000   0.00000   0.02775   0.02582   0.00611   0.08363   0.21113   0.05860   0.07815   0.00000   0.00000   0.05160   0.01158   0.19695   0.35392   2.48612   1.08730   1.18527   1.35648   0.91596  
 14 159.6290   2776.354586  x:  0.04332   0.08725   0.02052   0.07435   0.06278   0.01151   0.02771   0.02457   0.00903   0.00000   0.03534   0.05577   0.05281   0.02855   0.04614   0.14539   0.05830   0.05785   0.01765   0.00000   0.04184   0.00000   0.10708   0.00000   0.16689   0.00000   0.07867   0.04775   0.02499   0.00000   0.03079   0.05411   0.00000   0.00000   0.02887   0.02230   0.00647   0.08316   0.21568   0.05572   0.07265   0.00000   0.00000   0.05260   0.01220   0.20936   0.37561   2.48481   1.08938   1.18197   1.36570   0.92032  
 15 114.8292   2775.365059  x:  0.02866   0.09003   0.02085   0.07708   0.06360   0.00890   0.02595   0.02292   0.01438   0.00000   0.03503   0.05196   0.06269   0.02631   0.04588   0.14513   0.05248   0.05929   0.02565   0.00000   0.04574   0.00000   0.10847   0.00000   0.17015   0.00000   0.07815   0.04692   0.02349   0.00000   0.03038   0.06037   0.00000   0.00000   0.02843   0.02288   0.00888   0.08182   0.21974   0.05611   0.07481   0.00000   0.00000   0.05198   0.00762   0.22122   0.39418   2.48387   1.09181   1.17931   1.37214   0.92334  
 16 99.2951   2774.645259  x:  0.01596   0.09712   0.02030   0.07685   0.06197   0.01377   0.02447   0.02173   0.01091   0.00000   0.03460   0.04946   0.07112   0.02723   0.04275   0.14609   0.05718   0.06065   0.02721   0.00000   0.04782   0.00000   0.11194   0.00000   0.16568   0.00000   0.07927   0.04403   0.02227   0.00000   0.02875   0.05937   0.00000   0.00000   0.02773   0.02709   0.00903   0.07987   0.22292   0.05972   0.07223   0.00000   0.00000   0.04950   0.01406   0.23243   0.41285   2.48294   1.09518   1.17652   1.37838   0.92618  
 17 79.2125   2773.972544  x:  0.01157   0.09238   0.01901   0.07277   0.05828   0.00895   0.03066   0.02154   0.01340   0.00000   0.03524   0.04906   0.07628   0.02959   0.03746   0.14819   0.06829   0.06060   0.02315   0.00000   0.04675   0.00000   0.11632   0.00000   0.15851   0.00000   0.07851   0.04070   0.02187   0.00000   0.02589   0.05800   0.00000   0.00000   0.02777   0.02986   0.00903   0.07828   0.22417   0.06538   0.06784   0.00000   0.00000   0.04676   0.01109   0.24196   0.43081   2.48180   1.09999   1.17348   1.38551   0.92916  
 18 62.9006   2773.496804  x:  0.01509   0.08481   0.02006   0.06833   0.05639   0.01417   0.02790   0.02277   0.01010   0.00000   0.03481   0.04911   0.07700   0.02643   0.03531   0.14907   0.07101   0.05875   0.02425   0.00000   0.04366   0.00000   0.11888   0.00000   0.15580   0.00000   0.07836   0.04067   0.02294   0.00000   0.02466   0.05808   0.00000   0.00000   0.02757   0.02685   0.00907   0.07842   0.22319   0.06812   0.06844   0.00000   0.00000   0.04682   0.00732   0.24662   0.44375   2.48065   1.10517   1.17099   1.39216   0.93170  
 19 40.2988   2772.735309  x:  0.02333   0.08250   0.02105   0.06171   0.05492   0.01024   0.01938   0.02553   0.01350   0.00000   0.03406   0.04834   0.07531   0.02518   0.03494   0.14946   0.07220   0.05603   0.02487   0.00000   0.03728   0.00000   0.11982   0.00000   0.15363   0.00000   0.07960   0.04194   0.02554   0.00000   0.02458   0.05963   0.00000   0.00000   0.02666   0.02238   0.01003   0.08005   0.21952   0.06979   0.06894   0.00000   0.00000   0.04795   0.01295   0.24871   0.46138   2.47854   1.11488   1.16711   1.40411   0.93603  
 20 64.7226   2770.521626  x:  0.03216   0.08737   0.02027   0.05057   0.05681   0.01276   0.03585   0.02665   0.01266   0.00000   0.03551   0.04315   0.06247   0.03262   0.04271   0.14979   0.06616   0.05326   0.02858   0.00000   0.01512   0.00000   0.11610   0.00000   0.15350   0.00000   0.08342   0.04779   0.02652   0.00000   0.02414   0.06245   0.00000   0.00000   0.02408   0.02030   0.01079   0.08391   0.20918   0.06419   0.07285   0.00000   0.00000   0.05269   0.01483   0.24095   0.49835   2.47217   1.14449   1.15798   1.43954   0.94824  
 21 77.4993   2767.532490  x:  0.02445   0.07643   0.02606   0.05493   0.06008   0.00995   0.03948   0.01668   0.01240   0.00000   0.03508   0.04795   0.03977   0.01621   0.04735   0.15206   0.06492   0.05799   0.02706   0.00000   0.00865   0.00000   0.10988   0.00000   0.15549   0.00000   0.08599   0.05003   0.01665   0.00000   0.01804   0.05936   0.00000   0.00000   0.02134   0.02950   0.01009   0.08220   0.20497   0.05410   0.06599   0.00000   0.00000   0.05403   0.01767   0.22286   0.52199   2.46449   1.17981   1.15184   1.48090   0.96162  
 22 98.2649   2765.466173  x:  0.01880   0.06395   0.02467   0.05944   0.06097   0.00933   0.03688   0.00879   0.01032   0.00000   0.03469   0.04478   0.02040   0.02460   0.04842   0.15500   0.06438   0.05914   0.02943   0.00000   0.01938   0.00000   0.10731   0.00000   0.15979   0.00000   0.08954   0.05006   0.00901   0.00000   0.01234   0.05876   0.00000   0.00000   0.01906   0.02791   0.00861   0.07866   0.20633   0.05036   0.05951   0.00000   0.00000   0.05372   0.01807   0.21154   0.53273   2.45877   1.20566   1.14965   1.51098   0.97090  
 23 211.0323   2763.796783  x:  0.00894   0.05934   0.02570   0.06440   0.05963   0.00824   0.04137   0.01628   0.00895   0.00000   0.03633   0.04438   0.00907   0.02308   0.04516   0.15962   0.06437   0.05653   0.03152   0.00000   0.01931   0.00000   0.10956   0.00000   0.17005   0.00000   0.09219   0.04790   0.01692   0.00000   0.01073   0.05882   0.00000   0.00000   0.01701   0.01539   0.00758   0.07107   0.21811   0.05475   0.05038   0.00000   0.00000   0.05177   0.02025   0.21142   0.52719   2.45455   1.22370   1.15379   1.53162   0.97612  
 24 95.6153   2761.545577  x:  0.00678   0.05340   0.02620   0.06320   0.05446   0.00699   0.04481   0.01083   0.00725   0.00000   0.03547   0.04516   0.02316   0.02392   0.03697   0.16652   0.06303   0.04938   0.03455   0.00000   0.01024   0.00000   0.11795   0.00000   0.19029   0.00000   0.09659   0.04535   0.01098   0.00000   0.01597   0.05968   0.00000   0.00000   0.01447   0.01035   0.00547   0.06278   0.23813   0.06442   0.04506   0.00000   0.00000   0.05003   0.02283   0.22025   0.50090   2.44862   1.24738   1.16663   1.55815   0.98096  
 25 105.2163   2760.614680  x:  0.01035   0.05218   0.02686   0.05714   0.05297   0.00664   0.04689   0.01185   0.00712   0.00000   0.03584   0.04554   0.02264   0.02322   0.03619   0.16952   0.05876   0.04753   0.03511   0.00000   0.01165   0.00000   0.12314   0.00000   0.19952   0.00000   0.09831   0.04764   0.01205   0.00000   0.00827   0.05993   0.00000   0.00000   0.01338   0.01910   0.00471   0.06234   0.24869   0.06534   0.04265   0.00000   0.00000   0.05225   0.02404   0.23563   0.48859   2.44630   1.25573   1.17585   1.56704   0.98138  
 26 106.0969   2759.783573  x:  0.01249   0.05412   0.02808   0.04876   0.05330   0.00631   0.05086   0.00845   0.00709   0.00000   0.03537   0.04641   0.01730   0.01940   0.03881   0.17077   0.06052   0.05258   0.03545   0.00000   0.01625   0.00000   0.12720   0.00000   0.19891   0.00000   0.09879   0.05159   0.00852   0.00000   0.01150   0.06017   0.00000   0.00000   0.01262   0.01556   0.00490   0.06733   0.25540   0.06048   0.04157   0.00000   0.00000   0.05551   0.02521   0.25677   0.47589   2.44456   1.26078   1.18848   1.57153   0.97954  
 27 81.7668   2759.346660  x:  0.01015   0.05206   0.02717   0.04955   0.05495   0.00599   0.04822   0.00838   0.00645   0.00000   0.03425   0.04605   0.01662   0.02200   0.04133   0.17052   0.06180   0.05488   0.03539   0.00000   0.01035   0.00000   0.12581   0.00000   0.19327   0.00000   0.09871   0.05275   0.00875   0.00000   0.00784   0.05960   0.00000   0.00000   0.01248   0.01372   0.00479   0.06997   0.25571   0.05376   0.04135   0.00000   0.00000   0.05606   0.02455   0.26812   0.46841   2.44396   1.26140   1.19891   1.57065   0.97655  
 28 55.2872   2759.143725  x:  0.00997   0.05104   0.02706   0.05082   0.05455   0.00587   0.04763   0.00831   0.00618   0.00000   0.03608   0.04562   0.01367   0.02258   0.04079   0.17178   0.05958   0.05095   0.03533   0.00000   0.00849   0.00000   0.12259   0.00000   0.19066   0.00000   0.09861   0.05153   0.00745   0.00000   0.01092   0.05934   0.00000   0.00000   0.01235   0.01530   0.00487   0.06784   0.25375   0.05231   0.04060   0.00000   0.00000   0.05456   0.02461   0.27381   0.46823   2.44395   1.26017   1.20783   1.56684   0.97289  
 29 32.5454   2758.873684  x:  0.01137   0.05194   0.02758   0.05160   0.05354   0.00583   0.04944   0.00559   0.00613   0.00000   0.03664   0.04582   0.01385   0.02109   0.03941   0.17369   0.05731   0.04740   0.03550   0.00000   0.01015   0.00000   0.11747   0.00000   0.18779   0.00000   0.09874   0.04927   0.00850   0.00000   0.00876   0.05938   0.00000   0.00000   0.01219   0.01387   0.00526   0.06479   0.24847   0.05211   0.04160   0.00000   0.00000   0.05222   0.02531   0.27750   0.46940   2.44413   1.25777   1.22110   1.55991   0.96684  
 30 60.6028   2758.713205  x:  0.01225   0.05219   0.02789   0.05165   0.05294   0.00582   0.05056   0.00784   0.00613   0.00000   0.03607   0.04591   0.01451   0.02043   0.03851   0.17516   0.05618   0.04770   0.03570   0.00000   0.01121   0.00000   0.11474   0.00000   0.18727   0.00000   0.09905   0.04795   0.00616   0.00000   0.00744   0.05940   0.00000   0.00000   0.01206   0.01304   0.00538   0.06308   0.24529   0.05214   0.04211   0.00000   0.00000   0.05100   0.02576   0.27874   0.47101   2.44432   1.25604   1.22984   1.55491   0.96265  
 31 108.0886   2758.281035  x:  0.01364   0.05012   0.02822   0.05054   0.05171   0.00587   0.05176   0.00811   0.00611   0.00000   0.03264   0.04552   0.01530   0.02111   0.03631   0.18024   0.05425   0.05668   0.03641   0.00000   0.01122   0.00000   0.11047   0.00000   0.19146   0.00000   0.10065   0.04532   0.00850   0.00000   0.00942   0.05913   0.00000   0.00000   0.01161   0.01400   0.00504   0.05961   0.23908   0.05259   0.04162   0.00000   0.00000   0.04921   0.02648   0.27969   0.47922   2.44508   1.25041   1.25557   1.53866   0.94958  
 32 90.8098   2757.502995  x:  0.01174   0.05018   0.02830   0.05191   0.05419   0.00566   0.05067   0.00681   0.00579   0.00000   0.04056   0.04585   0.01408   0.02134   0.03851   0.18395   0.06183   0.05777   0.03733   0.00000   0.00946   0.00000   0.11640   0.00000   0.20209   0.00000   0.10156   0.04900   0.00708   0.00000   0.00792   0.05985   0.00000   0.00000   0.01142   0.01410   0.00397   0.06570   0.23553   0.05896   0.04278   0.00000   0.00000   0.05443   0.02630   0.27223   0.49686   2.44688   1.23881   1.30141   1.50647   0.92426  
 33 69.3288   2757.127249  x:  0.00956   0.05054   0.02828   0.04905   0.05351   0.00557   0.05118   0.00697   0.00614   0.00000   0.03223   0.04683   0.01297   0.02143   0.03854   0.18336   0.06395   0.05145   0.03697   0.00000   0.00951   0.00000   0.12226   0.00000   0.20463   0.00000   0.10246   0.05027   0.00699   0.00000   0.00835   0.06000   0.00000   0.00000   0.01157   0.01438   0.00381   0.06801   0.23927   0.05517   0.04254   0.00000   0.00000   0.05510   0.02599   0.26585   0.50509   2.44784   1.23397   1.31897   1.49170   0.91299  
 34 62.5724   2756.817768  x:  0.01084   0.05077   0.02857   0.04423   0.05069   0.00558   0.05093   0.00752   0.00592   0.00000   0.03708   0.04625   0.01485   0.02127   0.03676   0.17930   0.06088   0.05237   0.03691   0.00000   0.01011   0.00000   0.12706   0.00000   0.20098   0.00000   0.10213   0.04899   0.00766   0.00000   0.00833   0.06006   0.00000   0.00000   0.01171   0.01410   0.00397   0.06668   0.24845   0.04802   0.04165   0.00000   0.00000   0.05193   0.02613   0.25827   0.51020   2.44883   1.23118   1.32593   1.48032   0.90485  
 35 28.4259   2756.371131  x:  0.01741   0.05256   0.02862   0.04743   0.05083   0.00601   0.05179   0.00588   0.00633   0.00000   0.03494   0.04591   0.01253   0.02129   0.03732   0.17279   0.05560   0.05689   0.03667   0.00000   0.00806   0.00000   0.12914   0.00000   0.19295   0.00000   0.10219   0.04820   0.00598   0.00000   0.00730   0.06065   0.00000   0.00000   0.01207   0.01426   0.00483   0.06371   0.26398   0.05328   0.04214   0.00000   0.00000   0.04990   0.02645   0.25299   0.51534   2.45042   1.22833   1.32668   1.46618   0.89549  
 36 31.8572   2754.733034  x:  0.02700   0.05654   0.02948   0.04861   0.05731   0.00657   0.05182   0.00613   0.00660   0.00000   0.03571   0.04787   0.01313   0.02197   0.03567   0.18570   0.06808   0.05670   0.03833   0.00000   0.00805   0.00000   0.10069   0.00000   0.19608   0.00000   0.10341   0.03936   0.00625   0.00000   0.00782   0.06213   0.00000   0.00000   0.01303   0.01555   0.00429   0.06479   0.29916   0.04636   0.05391   0.00000   0.00000   0.05225   0.02638   0.25163   0.52449   2.45684   1.22388   1.29363   1.42309   0.87255  
 37 24.2645   2750.115687  x:  0.00975   0.06442   0.02971   0.03603   0.03278   0.00514   0.04703   0.00515   0.00484   0.00000   0.03541   0.05195   0.00871   0.02536   0.03114   0.21735   0.05753   0.05940   0.03742   0.00000   0.00344   0.00000   0.09504   0.00000   0.21028   0.00000   0.10511   0.05244   0.00531   0.00000   0.00620   0.05924   0.00000   0.00000   0.01601   0.01485   0.00193   0.07666   0.28540   0.05292   0.04355   0.00000   0.00000   0.03651   0.02411   0.25661   0.51709   2.47375   1.20821   1.18074   1.32381   0.83031  
 38 48.6360   2747.963154  x:  0.00980   0.07047   0.03011   0.03643   0.04815   0.00498   0.04652   0.00429   0.00445   0.00000   0.03542   0.05314   0.00600   0.02660   0.02188   0.22638   0.05566   0.06054   0.03781   0.00000   0.00174   0.00000   0.11315   0.00000   0.22203   0.00000   0.10671   0.03772   0.00456   0.00000   0.00550   0.05948   0.00000   0.00000   0.01741   0.01437   0.00150   0.06876   0.26716   0.04634   0.03633   0.00000   0.00000   0.03726   0.02370   0.26354   0.51343   2.48158   1.19771   1.12546   1.27927   0.81464  
 39 143.2310   2747.648184  x:  0.01176   0.07158   0.03031   0.03988   0.04243   0.00518   0.04662   0.00417   0.00457   0.00000   0.03547   0.05336   0.00563   0.02646   0.02900   0.22556   0.05838   0.06079   0.03814   0.00000   0.00168   0.00000   0.11729   0.00000   0.22620   0.00000   0.10718   0.03150   0.00443   0.00000   0.00547   0.06005   0.00000   0.00000   0.01761   0.01447   0.00147   0.06519   0.26425   0.04350   0.03644   0.00000   0.00000   0.03692   0.02362   0.26578   0.51361   2.48242   1.19442   1.11901   1.27496   0.81545  
 40 46.4735   2747.391502  x:  0.01319   0.07273   0.03041   0.04313   0.03838   0.00538   0.04724   0.00396   0.00477   0.00000   0.03546   0.05364   0.00483   0.02680   0.02425   0.21778   0.06240   0.06142   0.03875   0.00000   0.00148   0.00000   0.11607   0.00000   0.23081   0.00000   0.10763   0.03595   0.00420   0.00000   0.00534   0.06069   0.00000   0.00000   0.01767   0.01456   0.00144   0.06157   0.26297   0.04039   0.03715   0.00000   0.00000   0.03657   0.02376   0.26755   0.51464   2.48193   1.18599   1.12157   1.27983   0.82669  
 41 16.5365   2746.983859  x:  0.01108   0.07223   0.03057   0.03737   0.04052   0.00530   0.04682   0.00370   0.00467   0.00000   0.03538   0.05432   0.00403   0.02710   0.02554   0.20895   0.06399   0.06110   0.03913   0.00000   0.00108   0.00000   0.11135   0.00000   0.23539   0.00000   0.10811   0.03231   0.00392   0.00000   0.00504   0.06050   0.00000   0.00000   0.01787   0.01469   0.00096   0.06332   0.26301   0.04274   0.03581   0.00000   0.00000   0.03075   0.02363   0.26719   0.51503   2.48045   1.17062   1.13095   1.29217   0.85031  
 42 36.9775   2746.578004  x:  0.01151   0.07339   0.03050   0.03916   0.03695   0.00537   0.04715   0.00367   0.00462   0.00000   0.03528   0.05447   0.00390   0.02733   0.02158   0.21671   0.06022   0.06165   0.03927   0.00000   0.00101   0.00000   0.11162   0.00000   0.23364   0.00000   0.10821   0.02612   0.00389   0.00000   0.00499   0.06035   0.00000   0.00000   0.01822   0.01454   0.00097   0.07090   0.26516   0.04240   0.03389   0.00000   0.00000   0.03537   0.02379   0.26441   0.51570   2.47841   1.15792   1.14368   1.30687   0.87691  
 43 37.9480   2746.040704  x:  0.01472   0.07649   0.03010   0.04145   0.03976   0.00555   0.04611   0.00369   0.00472   0.00000   0.03545   0.05521   0.00428   0.02763   0.02382   0.23853   0.05941   0.06252   0.03911   0.00000   0.00119   0.00000   0.11690   0.00000   0.23028   0.00000   0.10791   0.03049   0.00395   0.00000   0.00505   0.06096   0.00000   0.00000   0.01904   0.01474   0.00145   0.06922   0.26910   0.04011   0.03476   0.00000   0.00000   0.02904   0.02321   0.25992   0.51649   2.47543   1.14564   1.16212   1.32673   0.91234  
 44 65.3911   2745.880355  x:  0.01318   0.07735   0.02979   0.03822   0.03976   0.00540   0.04475   0.00362   0.00464   0.00000   0.03552   0.05576   0.00412   0.02800   0.02552   0.24300   0.05950   0.06276   0.03865   0.00000   0.00096   0.00000   0.11701   0.00000   0.22844   0.00000   0.10763   0.03193   0.00387   0.00000   0.00495   0.06092   0.00000   0.00000   0.01941   0.01478   0.00164   0.06355   0.26962   0.04082   0.03526   0.00000   0.00000   0.03355   0.02258   0.25802   0.51571   2.47459   1.14517   1.16780   1.33199   0.92126  
 45 38.4881   2743.931445  x:  0.00000   0.08671   0.02903   0.02534   0.03977   0.00484   0.03666   0.00366   0.00410   0.00000   0.03607   0.05894   0.00083   0.03228   0.02232   0.22957   0.06243   0.06388   0.03661   0.00000   0.00340   0.00000   0.11623   0.00000   0.24310   0.00000   0.11031   0.02505   0.00366   0.00000   0.00506   0.06054   0.00000   0.00000   0.02301   0.01524   0.00155   0.05048   0.26088   0.04536   0.03068   0.00000   0.00000   0.03779   0.01822   0.26146   0.50579   2.46114   1.29959   1.27595   1.39823   1.01984  
 46 13.3008   2742.271938  x:  0.00000   0.09349   0.02838   0.02033   0.03844   0.00481   0.03100   0.00379   0.00437   0.00000   0.03633   0.06056   0.00287   0.03508   0.01934   0.22306   0.06550   0.06434   0.03528   0.00000   0.00383   0.00000   0.11575   0.00000   0.25338   0.00000   0.11260   0.02067   0.00371   0.00000   0.00505   0.06116   0.00000   0.00000   0.02478   0.01552   0.00219   0.04408   0.25505   0.04734   0.02639   0.00000   0.00000   0.03689   0.01506   0.26391   0.49889   2.46601   1.36368   1.34318   1.53150   0.97635  
 47  6.5804   2739.680393  x:  0.00000   0.09898   0.02792   0.02077   0.03778   0.00496   0.02598   0.00553   0.00538   0.00000   0.03764   0.06078   0.00128   0.03672   0.01820   0.21927   0.06541   0.06402   0.03325   0.00000   0.00389   0.00000   0.11627   0.00000   0.26181   0.00000   0.11895   0.01960   0.00565   0.00000   0.00516   0.06314   0.00000   0.00000   0.02482   0.01474   0.00427   0.04280   0.25670   0.05124   0.02752   0.00000   0.00000   0.03570   0.01200   0.27417   0.49744   2.48684   1.24041   1.29593   1.57347   0.86476  
 48  2.0776   2734.565309  x:  0.00000   0.11186   0.02788   0.02895   0.03782   0.00474   0.01555   0.01024   0.00702   0.00000   0.04057   0.06070   0.00286   0.03982   0.01608   0.19553   0.06157   0.06312   0.02788   0.00000   0.00349   0.00000   0.12032   0.00000   0.27885   0.00000   0.13446   0.01920   0.01100   0.00000   0.00657   0.06586   0.00000   0.00000   0.02460   0.01342   0.00759   0.04724   0.26232   0.06100   0.03793   0.00000   0.00000   0.03285   0.00543   0.30143   0.49330   2.50164   1.17407   1.23863   1.36292   0.97612  
 49  7.9732   2732.981875  x:  0.00000   0.12135   0.02640   0.03915   0.03792   0.00587   0.01521   0.01022   0.00475   0.00000   0.03944   0.06263   0.00320   0.03950   0.01800   0.20197   0.05452   0.06517   0.02639   0.00000   0.00333   0.00000   0.12205   0.00000   0.27865   0.00000   0.14332   0.02523   0.01078   0.00000   0.00752   0.06568   0.00000   0.00000   0.02522   0.01270   0.00441   0.05837   0.27750   0.06069   0.03955   0.00000   0.00000   0.03364   0.00407   0.30480   0.49763   2.43449   1.23881   1.29799   1.46707   0.92143  
 50  0.5324   2732.147148  x:  0.00000   0.12343   0.02586   0.03852   0.03856   0.00602   0.01774   0.00920   0.00348   0.00000   0.03872   0.06516   0.00375   0.03889   0.01945   0.20221   0.05216   0.06661   0.02687   0.00000   0.00430   0.00000   0.12051   0.00000   0.28094   0.00000   0.14927   0.02776   0.00943   0.00000   0.00748   0.06611   0.00000   0.00000   0.02503   0.01209   0.00272   0.05908   0.28572   0.06085   0.03948   0.00000   0.00000   0.03816   0.00518   0.30841   0.50630   2.45737   1.12919   1.23136   1.40115   0.92446  
 51  2.4180   2731.189701  x:  0.00000   0.12600   0.02541   0.03876   0.03850   0.00778   0.02253   0.00746   0.00775   0.00000   0.03873   0.06707   0.00400   0.03733   0.02030   0.20754   0.05081   0.06845   0.02589   0.00000   0.00419   0.00000   0.12126   0.00000   0.28622   0.00000   0.15884   0.02913   0.00730   0.00000   0.00695   0.06967   0.00000   0.00000   0.02461   0.01191   0.00493   0.06655   0.29443   0.05909   0.04170   0.00000   0.00000   0.03578   0.00750   0.31213   0.50939   2.59249   1.13317   1.21064   1.37321   0.91695  
 52  0.6053   2730.900334  x:  0.00000   0.12781   0.02512   0.03867   0.03855   0.00753   0.02266   0.00686   0.00830   0.00000   0.03859   0.06852   0.00410   0.03703   0.02021   0.20820   0.05152   0.06890   0.02563   0.00000   0.00425   0.00000   0.12052   0.00000   0.28782   0.00000   0.16225   0.02878   0.00664   0.00000   0.00662   0.07073   0.00000   0.00000   0.02417   0.01210   0.00571   0.06697   0.29654   0.05893   0.03962   0.00000   0.00000   0.03468   0.00759   0.31329   0.51227   2.42444   1.11816   1.18746   1.34520   0.89962  
 53  1.2478   2730.392613  x:  0.00000   0.13484   0.02430   0.04128   0.03936   0.00548   0.01959   0.00585   0.00682   0.00000   0.03774   0.07228   0.00431   0.03601   0.02010   0.20983   0.05429   0.06955   0.02503   0.00000   0.00446   0.00000   0.11905   0.00000   0.28706   0.00000   0.17064   0.02727   0.00566   0.00000   0.00593   0.07232   0.00000   0.00000   0.02307   0.01308   0.00669   0.06448   0.30286   0.05786   0.03394   0.00000   0.00000   0.03205   0.00620   0.31274   0.52559   2.51062   1.12842   1.17266   1.33016   0.89716  
 54  0.2428   2730.196961  x:  0.00000   0.13808   0.02455   0.04159   0.03905   0.00595   0.01952   0.00558   0.00603   0.00000   0.03755   0.07149   0.00459   0.03407   0.01875   0.21113   0.05355   0.07029   0.02442   0.00000   0.00463   0.00000   0.12146   0.00000   0.28382   0.00000   0.17613   0.02474   0.00560   0.00000   0.00571   0.07255   0.00000   0.00000   0.02431   0.01341   0.00664   0.06130   0.30483   0.05540   0.04094   0.00000   0.00000   0.03049   0.00660   0.30962   0.52480   2.50066   1.14408   1.18486   1.34199   0.89415  
 55  0.0805   2730.002695  x:  0.00000   0.14443   0.02502   0.04074   0.03872   0.00719   0.01919   0.00673   0.00633   0.00000   0.03828   0.07299   0.00491   0.03286   0.01897   0.20998   0.05314   0.06910   0.02497   0.00000   0.00493   0.00000   0.12178   0.00000   0.28052   0.00000   0.18232   0.02523   0.00718   0.00000   0.00617   0.07299   0.00000   0.00000   0.02546   0.01258   0.00605   0.05904   0.30274   0.05596   0.03693   0.00000   0.00000   0.03138   0.00637   0.31233   0.52539   2.48906   1.15803   1.20212   1.34276   0.90520  
 56  0.0507   2729.929604  x:  0.00000   0.14690   0.02557   0.03919   0.03861   0.00641   0.01831   0.00636   0.00709   0.00000   0.03859   0.07230   0.00516   0.03227   0.01928   0.20867   0.05303   0.06919   0.02488   0.00000   0.00534   0.00000   0.12146   0.00000   0.27856   0.00000   0.18567   0.02567   0.00657   0.00000   0.00657   0.07275   0.00000   0.00000   0.02596   0.01263   0.00567   0.05965   0.29981   0.05553   0.03797   0.00000   0.00000   0.03275   0.00567   0.31084   0.52297   2.48399   1.14905   1.20130   1.35000   0.90711  
 57  0.0276   2729.892952  x:  0.00000   0.14839   0.02592   0.03867   0.03853   0.00614   0.01920   0.00631   0.00649   0.00000   0.03859   0.07208   0.00533   0.03193   0.01943   0.20563   0.05387   0.06875   0.02556   0.00000   0.00548   0.00000   0.12088   0.00000   0.27824   0.00000   0.18746   0.02604   0.00634   0.00000   0.00653   0.07282   0.00000   0.00000   0.02609   0.01281   0.00619   0.06111   0.29652   0.05604   0.03746   0.00000   0.00000   0.03261   0.00642   0.31075   0.52109   2.48437   1.15302   1.20305   1.35529   0.90755  
 58  0.0175   2729.881941  x:  0.00000   0.14898   0.02590   0.03820   0.03861   0.00667   0.01909   0.00623   0.00639   0.00000   0.03856   0.07178   0.00545   0.03205   0.01934   0.20714   0.05393   0.06846   0.02565   0.00000   0.00561   0.00000   0.12076   0.00000   0.27735   0.00000   0.18808   0.02596   0.00621   0.00000   0.00618   0.07261   0.00000   0.00000   0.02573   0.01290   0.00628   0.06127   0.29558   0.05640   0.03714   0.00000   0.00000   0.03238   0.00630   0.30984   0.52031   2.48928   1.14829   1.19701   1.35111   0.90674  
 59  0.0160   2729.874690  x:  0.00000   0.14951   0.02579   0.03846   0.03883   0.00630   0.01943   0.00632   0.00656   0.00000   0.03854   0.07152   0.00559   0.03222   0.01922   0.20883   0.05357   0.06828   0.02572   0.00000   0.00572   0.00000   0.12080   0.00000   0.27602   0.00000   0.18830   0.02570   0.00635   0.00000   0.00610   0.07226   0.00000   0.00000   0.02561   0.01285   0.00615   0.06091   0.29578   0.05673   0.03699   0.00000   0.00000   0.03209   0.00644   0.30914   0.52035   2.48919   1.14737   1.19568   1.35042   0.90490  
 60  0.0054   2729.866512  x:  0.00000   0.14938   0.02545   0.03843   0.03889   0.00637   0.01924   0.00629   0.00646   0.00000   0.03845   0.07116   0.00587   0.03278   0.01939   0.20857   0.05378   0.06829   0.02575   0.00000   0.00594   0.00000   0.12083   0.00000   0.27585   0.00000   0.18791   0.02555   0.00629   0.00000   0.00664   0.07195   0.00000   0.00000   0.02583   0.01279   0.00635   0.06077   0.29633   0.05683   0.03705   0.00000   0.00000   0.03187   0.00642   0.30912   0.52090   2.49195   1.14775   1.19571   1.34826   0.90270  
 61  0.0026   2729.859630  x:  0.00000   0.14899   0.02544   0.03851   0.03881   0.00635   0.01918   0.00632   0.00652   0.00000   0.03840   0.07099   0.00615   0.03309   0.01937   0.20746   0.05389   0.06840   0.02567   0.00000   0.00618   0.00000   0.12071   0.00000   0.27636   0.00000   0.18714   0.02582   0.00645   0.00000   0.00620   0.07180   0.00000   0.00000   0.02604   0.01283   0.00647   0.06086   0.29674   0.05658   0.03724   0.00000   0.00000   0.03213   0.00633   0.30942   0.52131   2.49044   1.14985   1.19805   1.35023   0.90340  
 62  0.0040   2729.856907  x:  0.00000   0.14881   0.02573   0.03866   0.03869   0.00642   0.01926   0.00636   0.00658   0.00000   0.03853   0.07122   0.00630   0.03293   0.01914   0.20799   0.05357   0.06853   0.02561   0.00000   0.00632   0.00000   0.12090   0.00000   0.27671   0.00000   0.18659   0.02582   0.00635   0.00000   0.00632   0.07194   0.00000   0.00000   0.02579   0.01288   0.00646   0.06096   0.29662   0.05641   0.03705   0.00000   0.00000   0.03212   0.00638   0.30955   0.52106   2.48804   1.15042   1.19788   1.35216   0.90477  
 63  0.0028   2729.856139  x:  0.00000   0.14862   0.02569   0.03863   0.03871   0.00639   0.01926   0.00635   0.00654   0.00000   0.03854   0.07136   0.00637   0.03262   0.01938   0.20820   0.05361   0.06851   0.02562   0.00000   0.00637   0.00000   0.12099   0.00000   0.27678   0.00000   0.18646   0.02574   0.00637   0.00000   0.00630   0.07213   0.00000   0.00000   0.02576   0.01283   0.00648   0.06100   0.29651   0.05641   0.03709   0.00000   0.00000   0.03202   0.00635   0.30971   0.52088   2.48881   1.14969   1.19786   1.35136   0.90488  
 64  0.0013   2729.856003  x:  0.00000   0.14852   0.02564   0.03863   0.03876   0.00638   0.01921   0.00634   0.00654   0.00000   0.03852   0.07138   0.00638   0.03253   0.01927   0.20814   0.05366   0.06848   0.02563   0.00000   0.00638   0.00000   0.12095   0.00000   0.27678   0.00000   0.18645   0.02579   0.00638   0.00000   0.00630   0.07219   0.00000   0.00000   0.02575   0.01283   0.00647   0.06096   0.29650   0.05647   0.03708   0.00000   0.00000   0.03203   0.00637   0.30972   0.52089   2.48920   1.14962   1.19792   1.35123   0.90453  
 65  0.0007   2729.855981  x:  0.00000   0.14848   0.02565   0.03861   0.03875   0.00638   0.01924   0.00635   0.00653   0.00000   0.03850   0.07136   0.00637   0.03252   0.01928   0.20805   0.05365   0.06846   0.02562   0.00000   0.00638   0.00000   0.12092   0.00000   0.27678   0.00000   0.18645   0.02578   0.00638   0.00000   0.00631   0.07220   0.00000   0.00000   0.02572   0.01284   0.00645   0.06096   0.29651   0.05650   0.03709   0.00000   0.00000   0.03204   0.00636   0.30972   0.52093   2.48915   1.14982   1.19789   1.35128   0.90441  
 66  0.0003   2729.855976  x:  0.00000   0.14844   0.02565   0.03861   0.03874   0.00639   0.01922   0.00635   0.00653   0.00000   0.03850   0.07135   0.00637   0.03253   0.01929   0.20807   0.05365   0.06845   0.02562   0.00000   0.00638   0.00000   0.12092   0.00000   0.27680   0.00000   0.18647   0.02578   0.00638   0.00000   0.00630   0.07221   0.00000   0.00000   0.02572   0.01284   0.00644   0.06096   0.29650   0.05651   0.03708   0.00000   0.00000   0.03204   0.00636   0.30973   0.52093   2.48904   1.14987   1.19792   1.35134   0.90439  
 67  0.0001   2729.855972  x:  0.00000   0.14841   0.02565   0.03861   0.03874   0.00638   0.01923   0.00635   0.00653   0.00000   0.03850   0.07135   0.00637   0.03254   0.01929   0.20808   0.05366   0.06845   0.02562   0.00000   0.00638   0.00000   0.12092   0.00000   0.27681   0.00000   0.18651   0.02578   0.00638   0.00000   0.00630   0.07221   0.00000   0.00000   0.02573   0.01283   0.00643   0.06096   0.29649   0.05650   0.03708   0.00000   0.00000   0.03204   0.00636   0.30974   0.52092   2.48905   1.14983   1.19791   1.35128   0.90444  
 68  0.0001   2729.855971  x:  0.00000   0.14840   0.02565   0.03861   0.03875   0.00638   0.01923   0.00635   0.00653   0.00000   0.03851   0.07136   0.00637   0.03254   0.01929   0.20808   0.05366   0.06846   0.02562   0.00000   0.00638   0.00000   0.12092   0.00000   0.27680   0.00000   0.18653   0.02578   0.00638   0.00000   0.00630   0.07221   0.00000   0.00000   0.02572   0.01284   0.00644   0.06096   0.29649   0.05649   0.03708   0.00000   0.00000   0.03204   0.00636   0.30973   0.52092   2.48909   1.14982   1.19791   1.35128   0.90445  
 69  0.0000   2729.855970  x:  0.00000   0.14839   0.02565   0.03862   0.03875   0.00638   0.01923   0.00635   0.00653   0.00000   0.03851   0.07136   0.00637   0.03254   0.01929   0.20807   0.05366   0.06846   0.02562   0.00000   0.00638   0.00000   0.12092   0.00000   0.27680   0.00000   0.18654   0.02578   0.00638   0.00000   0.00630   0.07221   0.00000   0.00000   0.02572   0.01284   0.00644   0.06096   0.29649   0.05650   0.03708   0.00000   0.00000   0.03204   0.00636   0.30972   0.52092   2.48908   1.14983   1.19792   1.35130   0.90443  
 70  0.0000   2729.855970  x:  0.00000   0.14839   0.02565   0.03861   0.03875   0.00638   0.01923   0.00635   0.00653   0.00000   0.03850   0.07136   0.00637   0.03254   0.01929   0.20808   0.05365   0.06846   0.02562   0.00000   0.00638   0.00000   0.12092   0.00000   0.27680   0.00000   0.18654   0.02578   0.00638   0.00000   0.00630   0.07221   0.00000   0.00000   0.02572   0.01284   0.00644   0.06096   0.29649   0.05650   0.03708   0.00000   0.00000   0.03204   0.00636   0.30973   0.52092   2.48907   1.14983   1.19791   1.35130   0.90443  
 71  0.0000   2729.855970  x:  0.00000   0.14839   0.02565   0.03861   0.03875   0.00638   0.01923   0.00635   0.00653   0.00000   0.03850   0.07136   0.00637   0.03254   0.01929   0.20808   0.05366   0.06846   0.02562   0.00000   0.00638   0.00000   0.12092   0.00000   0.27680   0.00000   0.18654   0.02578   0.00638   0.00000   0.00630   0.07221   0.00000   0.00000   0.02572   0.01284   0.00644   0.06096   0.29650   0.05650   0.03708   0.00000   0.00000   0.03204   0.00636   0.30973   0.52092   2.48908   1.14983   1.19792   1.35131   0.90443  
 72  0.0000   2729.855970  x:  0.00000   0.14839   0.02565   0.03861   0.03875   0.00638   0.01923   0.00635   0.00653   0.00000   0.03851   0.07136   0.00637   0.03254   0.01929   0.20808   0.05365   0.06846   0.02562   0.00000   0.00639   0.00000   0.12092   0.00000   0.27680   0.00000   0.18654   0.02578   0.00638   0.00000   0.00630   0.07221   0.00000   0.00000   0.02572   0.01284   0.00644   0.06096   0.29649   0.05650   0.03708   0.00000   0.00000   0.03204   0.00636   0.30973   0.52092   2.48909   1.14983   1.19792   1.35130   0.90443  
 73  0.0000   2729.855970  x:  0.00000   0.14839   0.02565   0.03861   0.03875   0.00638   0.01923   0.00635   0.00653   0.00000   0.03851   0.07136   0.00637   0.03254   0.01929   0.20808   0.05366   0.06846   0.02562   0.00000   0.00639   0.00000   0.12092   0.00000   0.27680   0.00000   0.18654   0.02578   0.00638   0.00000   0.00630   0.07221   0.00000   0.00000   0.02572   0.01284   0.00644   0.06096   0.29650   0.05650   0.03708   0.00000   0.00000   0.03204   0.00636   0.30973   0.52092   2.48908   1.14983   1.19792   1.35130   0.90443  
 74  0.0000   2729.855970  x:  0.00000   0.14839   0.02565   0.03861   0.03875   0.00638   0.01923   0.00635   0.00653   0.00000   0.03851   0.07136   0.00637   0.03254   0.01929   0.20808   0.05366   0.06846   0.02562   0.00000   0.00639   0.00000   0.12092   0.00000   0.27680   0.00000   0.18654   0.02578   0.00638   0.00000   0.00630   0.07221   0.00000   0.00000   0.02572   0.01284   0.00644   0.06096   0.29650   0.05650   0.03708   0.00000   0.00000   0.03204   0.00636   0.30973   0.52092   2.48908   1.14983   1.19792   1.35130   0.90443  
 75  0.0000   2729.855970  x:  0.00000   0.14839   0.02565   0.03861   0.03875   0.00638   0.01923   0.00635   0.00653   0.00000   0.03850   0.07136   0.00637   0.03254   0.01929   0.20808   0.05366   0.06846   0.02562   0.00000   0.00639   0.00000   0.12092   0.00000   0.27680   0.00000   0.18654   0.02578   0.00638   0.00000   0.00630   0.07221   0.00000   0.00000   0.02572   0.01284   0.00644   0.06096   0.29649   0.05650   0.03708   0.00000   0.00000   0.03204   0.00636   0.30973   0.52092   2.48908   1.14983   1.19792   1.35130   0.90443  