

TREE # 1

  0  0.0000  20545.660415  x:  0.00252   0.08013   0.14634   0.12414   0.11213   0.12312   0.07254   0.07828   0.05615   0.11124   0.07485   0.08676   0.09101   0.09880   0.08503   0.03220   0.05411   0.00854   0.07221   0.04739   0.12484   0.10625   0.09294   0.09557   0.07053   0.07652   0.12319   0.05167   0.09339   0.00000   0.07083   0.08775   0.08645   0.07160   0.06350   0.08215   0.07444   0.05549   0.52726   8.40433   0.69002   0.93362   0.86713   1.00000  
  1 99.0000  17932.178832  x:  0.21579   0.70822   0.59952   0.63043   0.38417   0.50229   0.54384   0.94910   0.75251   0.31200   0.20315   0.04200   0.22064   0.28592   0.11078   0.15494   0.12596   0.41744   0.00000   0.13729   0.52273   0.66442   0.73321   0.43636   0.78874   0.50974   0.54464   0.72966   0.18239   4.39446   0.06977   0.17919   0.28042   0.09043   0.11181   0.11461   0.03166   0.00402   0.90520   8.34398   0.69131   1.00376   0.79660   0.97911  
  2 14302.0964  17907.366023  x:  0.21297   0.71345   0.60648   0.63707   0.38670   0.50615   0.54557   0.95303   0.75342   0.31222   0.20185   0.03626   0.22017   0.28631   0.10913   0.14792   0.12432   0.40716   0.03720   0.13432   0.52879   0.66929   0.73743   0.43823   0.79111   0.51079   0.54763   0.73050   0.17847   4.40405   0.06613   0.17767   0.28039   0.08876   0.10943   0.11147   0.04007   0.08241   0.92961   8.33763   0.69460   1.00271   0.79951   0.97459  
  3 2088.7374  17764.587743  x:  0.18811   0.73890   0.64718   0.67449   0.39909   0.52620   0.54893   0.96463   0.74666   0.30995   0.19019   0.00000   0.21448   0.28574   0.09802   0.09668   0.10259   0.32270   0.01039   0.11068   0.56428   0.69334   0.75533   0.44476   0.79426   0.50994   0.56098   0.72368   0.14858   4.38952   0.04246   0.16583   0.27662   0.07794   0.09292   0.09006   0.05310   0.09388   1.09408   8.29303   0.71735   0.99434   0.82115   0.94268  
  4 818.0999  17697.691693  x:  0.17389   0.75310   0.66969   0.69516   0.40575   0.53723   0.55080   0.97114   0.74288   0.30883   0.18403   0.01419   0.21204   0.28585   0.09277   0.06974   0.09247   0.27530   0.00000   0.09711   0.58399   0.70670   0.76529   0.44819   0.79600   0.50943   0.56844   0.71991   0.13183   4.38139   0.03111   0.15975   0.27466   0.07296   0.08482   0.07977   0.05832   0.09830   1.18445   8.26789   0.72904   0.99038   0.83257   0.92499  
  5 9535.5591  17583.928160  x:  0.13927   0.78728   0.72360   0.74466   0.42143   0.56358   0.55530   0.98684   0.73376   0.30629   0.16943   0.03902   0.20629   0.28611   0.08141   0.00800   0.07030   0.16121   0.02356   0.06403   0.63130   0.73878   0.78921   0.45617   0.80015   0.50816   0.58641   0.71090   0.09145   4.36176   0.00667   0.14584   0.27014   0.06232   0.06680   0.05741   0.06696   0.08330   1.40032   8.20708   0.75600   0.98166   0.85932   0.88256  
  6 20080.0791  17444.629216  x:  0.09276   0.83047   0.79101   0.80636   0.43965   0.59598   0.56058   1.00633   0.72132   0.30387   0.15222   0.06014   0.19980   0.28726   0.07853   0.05479   0.05068   0.01484   0.04131   0.01951   0.69095   0.77890   0.81900   0.46477   0.80462   0.50591   0.60907   0.69907   0.03941   4.33220   0.00617   0.13255   0.26534   0.05683   0.05354   0.05027   0.07219   0.07181   1.66984   8.12773   0.78459   0.97477   0.88979   0.82937  
  7 5237.7173  17389.411971  x:  0.07239   0.84639   0.81494   0.82800   0.44433   0.60675   0.56206   1.01308   0.71570   0.30412   0.14809   0.06354   0.19813   0.28769   0.08242   0.05399   0.05839   0.01636   0.04347   0.00000   0.71273   0.79314   0.82941   0.46608   0.80537   0.50434   0.61737   0.69445   0.01951   4.31578   0.03506   0.13315   0.26458   0.06408   0.06258   0.06853   0.06831   0.07021   1.76604   8.09540   0.78867   0.97721   0.89701   0.81113  
  8 1850.2682  17346.019511  x:  0.04885   0.86246   0.83742   0.84806   0.44651   0.61602   0.56339   1.01997   0.70964   0.30572   0.14674   0.06791   0.19779   0.28838   0.08974   0.06485   0.06948   0.04424   0.04676   0.00000   0.73402   0.80672   0.83939   0.46524   0.80566   0.50233   0.62574   0.69058   0.00000   4.29707   0.02201   0.13576   0.26412   0.07065   0.07207   0.06270   0.05868   0.06820   1.85618   8.05997   0.78598   0.98453   0.89933   0.79560  
  9 2199.8786  17310.436702  x:  0.00000   0.88601   0.85675   0.86385   0.43332   0.61874   0.56606   1.03335   0.70262   0.31708   0.16329   0.06451   0.20656   0.29010   0.10921   0.05951   0.10268   0.02776   0.04417   0.00000   0.75809   0.82130   0.85144   0.45087   0.80621   0.49903   0.63836   0.69471   0.00000   4.27978   0.00180   0.16405   0.27046   0.08342   0.09531   0.07456   0.02589   0.07161   1.92595   7.99522   0.74234   1.02192   0.86978   0.79655  
 10 680.8701  17300.997777  x:  0.00000   0.89434   0.86137   0.86722   0.42606   0.61796   0.56690   1.03848   0.70026   0.32083   0.16967   0.06482   0.20976   0.29065   0.11170   0.05958   0.10454   0.02752   0.04436   0.00000   0.76552   0.82542   0.85510   0.44338   0.80623   0.49770   0.64255   0.69740   0.00000   4.27476   0.00000   0.17199   0.27314   0.08115   0.09389   0.07676   0.03831   0.07032   1.94151   7.97008   0.72898   1.03209   0.85776   0.80020  
 11 645.9336  17273.041545  x:  0.00000   0.94414   0.88024   0.87903   0.37252   0.60686   0.57089   1.07060   0.68651   0.33665   0.20161   0.06633   0.22376   0.29267   0.10107   0.06212   0.06855   0.03837   0.04613   0.00000   0.80583   0.84564   0.87429   0.38886   0.80557   0.48897   0.66528   0.71736   0.00000   4.25133   0.01937   0.19598   0.28789   0.04773   0.05027   0.06801   0.01831   0.07120   2.00199   7.81099   0.68864   1.05582   0.79818   0.83067  
 12 744.1760  17218.787793  x:  0.00000   1.05512   0.90603   0.89119   0.23495   0.57154   0.57668   1.14425   0.65620   0.35418   0.25357   0.06793   0.23965   0.29436   0.06865   0.06408   0.01511   0.03906   0.04801   0.00000   0.88873   0.88192   0.91130   0.24932   0.80255   0.46789   0.70901   0.76575   0.00000   4.21621   0.03571   0.20625   0.31250   0.09718   0.08372   0.03774   0.01690   0.07089   2.07949   7.44159   0.68879   1.02669   0.72688   0.89849  
 13 847.0331  17154.864179  x:  0.00000   1.19429   0.93432   0.90322   0.05940   0.52554   0.58273   1.23637   0.61815   0.36963   0.31162   0.06800   0.25428   0.29597   0.03511   0.06670   0.05069   0.03519   0.04827   0.00000   0.99144   0.92472   0.95570   0.07021   0.79818   0.44116   0.76085   0.82604   0.00000   4.17661   0.05579   0.20422   0.33900   0.11779   0.08332   0.00000   0.01898   0.06949   2.16505   6.97544   0.70685   0.96983   0.66664   0.97932  
 14 4282.2808  17130.923797  x:  0.00000   1.24448   0.94262   0.90620   0.00000   0.50917   0.58441   1.26919   0.60428   0.37167   0.32900   0.06822   0.25701   0.29631   0.05073   0.06628   0.04942   0.03570   0.04850   0.00000   1.02811   0.93877   0.97053   0.00751   0.79647   0.43156   0.77784   0.84702   0.00000   4.16391   0.04875   0.19995   0.34606   0.11783   0.07949   0.01248   0.01868   0.06929   2.19087   6.80598   0.71185   0.94682   0.66246   1.00483  
 15 3632.6367  17115.889459  x:  0.00000   1.26873   0.94366   0.90512   0.00508   0.50245   0.58553   1.28453   0.59706   0.37036   0.33644   0.06825   0.25715   0.29610   0.05074   0.06636   0.04939   0.03559   0.04856   0.00000   1.04511   0.94367   0.97602   0.00000   0.79611   0.42759   0.78444   0.85674   0.00000   4.15592   0.04926   0.19904   0.34801   0.11652   0.08139   0.01179   0.01864   0.06921   2.19395   6.72081   0.70650   0.93916   0.66964   1.01573  
 16 830.4177  17072.929993  x:  0.00000   1.33884   0.94622   0.90157   0.00000   0.48227   0.58784   1.32884   0.57579   0.36544   0.35692   0.06835   0.25699   0.29544   0.05054   0.06661   0.04966   0.03536   0.04873   0.00000   1.09399   0.95739   0.99146   0.00882   0.79570   0.41782   0.80317   0.88451   0.00000   4.13204   0.04973   0.19585   0.35276   0.11349   0.08569   0.01154   0.01854   0.06898   2.20198   6.47155   0.69366   0.91738   0.68708   1.04516  
 17 9197.9042  16924.153256  x:  0.00000   1.95703   0.93982   0.85037   0.10363   0.37349   0.58894   1.72350   0.39290   0.22812   0.42061   0.06674   0.20908   0.29142   0.09706   0.06358   0.07721   0.03401   0.04747   0.00000   1.49931   1.04234   1.09682   0.06481   0.77676   0.34222   0.93155   1.08320   0.00000   3.94534   0.00000   0.13734   0.31118   0.17352   0.02019   0.09668   0.01775   0.06832   2.22810   3.99876   0.83456   0.83003   0.47124   1.07465  
 18 2664.4144  16924.153256  x:  0.00000   1.95703   0.93982   0.85037   0.10363   0.37349   0.58894   1.72350   0.39290   0.22812   0.42061   0.06674   0.20908   0.29142   0.09706   0.06358   0.07721   0.03401   0.04747   0.00000   1.49931   1.04234   1.09682   0.06481   0.77676   0.34222   0.93155   1.08320   0.00000   3.94534   0.00000   0.13734   0.31118   0.17352   0.02019   0.09668   0.01775   0.06832   2.22810   3.99876   0.83456   0.83003   0.47124   1.07465  
 19 3183.0887  16671.280567  x:  0.00000   1.95226   0.94034   0.85247   0.09230   0.38832   0.58216   1.71335   0.39028   0.21853   0.39645   0.02797   0.20352   0.28792   0.09924   0.06587   0.08293   0.05905   0.00000   0.00000   1.49641   1.03376   1.08691   0.04946   0.76901   0.33598   0.91874   1.06256   0.00000   3.91663   0.03374   0.14698   0.30336   0.14192   0.18418   0.11984   0.11885   0.02691   2.26241   3.97043   0.74781   0.87568   0.76723   1.02438  
 20 1644.3812  16653.034396  x:  0.00000   1.95111   0.94049   0.85301   0.08953   0.39195   0.58051   1.71086   0.38966   0.21621   0.39052   0.01868   0.20222   0.28708   0.09978   0.06643   0.08453   0.06504   0.01468   0.00000   1.49572   1.03166   1.08449   0.04573   0.76712   0.33449   0.91561   1.05748   0.00000   3.90955   0.04156   0.14928   0.30140   0.13408   0.22227   0.12516   0.14205   0.01715   2.27089   3.96341   0.72709   0.88663   0.83734   1.01197  
 21 20309.2960  16569.172566  x:  0.00000   1.94355   0.94778   0.86317   0.06372   0.42725   0.56845   1.68758   0.38865   0.20138   0.33252   0.00386   0.20432   0.28415   0.10353   0.06954   0.10691   0.02479   0.01426   0.00000   1.49479   1.01413   1.06275   0.02166   0.74996   0.32912   0.88756   1.00499   0.00000   3.83086   0.01588   0.15506   0.27543   0.04442   0.15536   0.09647   0.03997   0.09010   2.36812   3.88053   0.67535   0.93543   0.94724   0.87497  
 22 524.6845  16538.983273  x:  0.00000   1.93923   0.95225   0.86926   0.05116   0.44673   0.56152   1.67361   0.38834   0.19599   0.30153   0.03679   0.20612   0.28360   0.10390   0.06905   0.11235   0.05920   0.01339   0.00000   1.49464   1.00392   1.04994   0.01510   0.74088   0.32737   0.87121   0.97367   0.00000   3.78228   0.01958   0.15798   0.26467   0.03833   0.11914   0.09400   0.01058   0.08292   2.42630   3.82898   0.67347   0.95277   0.98096   0.79639  
 23 1003.7368  16490.391707  x:  0.00000   1.93131   0.96092   0.88092   0.02923   0.48268   0.54883   1.64736   0.38808   0.18773   0.24487   0.05858   0.20870   0.28180   0.10440   0.06796   0.11889   0.07766   0.01268   0.00000   1.49471   0.98495   1.02603   0.00650   0.72442   0.32500   0.84075   0.91475   0.00000   3.68986   0.02268   0.16208   0.24546   0.03878   0.03872   0.08730   0.04460   0.07813   2.53624   3.73065   0.68071   0.98123   1.01457   0.65149  
 24 2252.6628  16433.299125  x:  0.00000   1.92067   0.97384   0.89809   0.01059   0.53072   0.53238   1.60985   0.38891   0.18639   0.17727   0.03468   0.20955   0.27825   0.10376   0.06564   0.11522   0.04934   0.01261   0.00000   1.49596   0.95882   0.99273   0.01711   0.70449   0.32549   0.79849   0.83117   0.00000   3.55323   0.03287   0.16447   0.22579   0.09945   0.04050   0.08282   0.02557   0.05301   2.69427   3.58398   0.71877   1.00899   1.01883   0.47628  
 25 1390.7046  16359.556586  x:  0.00000   1.90771   0.99686   0.92792   0.02681   0.59748   0.51602   1.55476   0.39592   0.21349   0.12743   0.01656   0.21112   0.27629   0.10288   0.06558   0.10673   0.06332   0.01257   0.00000   1.50215   0.92433   0.94740   0.03664   0.68318   0.33414   0.74013   0.70954   0.00000   3.33588   0.04258   0.16278   0.21986   0.01955   0.07923   0.07622   0.03117   0.02379   2.93774   3.34481   0.77562   1.03566   0.98338   0.42988  
 26 786.6041  16118.745714  x:  0.00000   1.85328   1.09620   1.05665   0.07824   0.86689   0.45655   1.31953   0.42969   0.34388   0.00000   0.01655   0.21974   0.27317   0.10493   0.07259   0.10382   0.10136   0.01384   0.00000   1.53025   0.78300   0.76075   0.05919   0.60090   0.37367   0.50107   0.20486   0.00000   2.39076   0.05601   0.15581   0.21885   0.06124   0.09995   0.03965   0.04163   0.10941   3.97655   2.30750   0.87795   1.16200   0.98327   0.53607  
 27 2566.3144  16070.401573  x:  0.00000   1.83617   1.12005   1.08798   0.07850   0.93144   0.44558   1.25288   0.44124   0.38337   0.07549   0.01947   0.22066   0.27250   0.10445   0.07066   0.10450   0.08945   0.01385   0.00000   1.53603   0.74568   0.71181   0.06186   0.58235   0.38623   0.44992   0.10923   0.00000   2.12127   0.06528   0.15492   0.21999   0.06359   0.08918   0.04946   0.03849   0.10343   4.25651   2.02641   0.89615   1.18506   0.99148   0.54037  
 28 3595.9867  15886.240118  x:  0.00000   1.78092   1.17452   1.16128   0.04917   1.06953   0.41649   1.06643   0.45767   0.43826   0.07271   0.02465   0.21514   0.27314   0.10046   0.05974   0.09738   0.02679   0.01300   0.00000   1.54720   0.65374   0.59149   0.05896   0.55413   0.44179   0.40757   0.22834   0.00000   1.31174   0.06425   0.15070   0.24067   0.06600   0.04006   0.08923   0.02048   0.01635   5.02543   1.25670   0.90921   1.19233   1.01837   0.59713  
 29 1987.9925  15835.936458  x:  0.00000   1.75324   1.18936   1.18201   0.02069   1.10532   0.41149   0.99096   0.46322   0.44603   0.09647   0.02341   0.21150   0.27380   0.10077   0.06383   0.09783   0.07143   0.01373   0.00000   1.54796   0.62636   0.55588   0.05026   0.55296   0.45716   0.41743   0.29140   0.00000   0.94853   0.03438   0.14866   0.24494   0.07099   0.07959   0.08237   0.03494   0.08032   5.33319   0.99326   0.90597   1.16736   0.99781   0.57674  
 30 2249.7029  15751.373231  x:  0.00000   1.72025   1.19277   1.18765   0.00000   1.10412   0.42145   0.93047   0.46665   0.42887   0.09190   0.01966   0.20840   0.27495   0.10370   0.07605   0.10049   0.06868   0.01336   0.00000   1.54435   0.62822   0.55808   0.03268   0.57319   0.45073   0.44765   0.26255   0.00000   0.54645   0.03594   0.15214   0.24740   0.07140   0.08148   0.06479   0.03452   0.06002   5.61577   0.92648   0.86803   1.09989   0.98746   0.58831  
 31 815.1215  15659.178876  x:  0.00000   1.68137   1.19688   1.19442   0.00000   1.10299   0.43335   0.85954   0.47070   0.40919   0.08625   0.01603   0.20498   0.27624   0.10651   0.08808   0.10339   0.06499   0.01295   0.00000   1.54017   0.63031   0.56053   0.01354   0.59670   0.44343   0.48212   0.22934   0.03942   0.07257   0.03865   0.15596   0.25017   0.07166   0.08377   0.04772   0.03406   0.03780   5.94992   0.84988   0.82380   1.02190   0.97521   0.60183  
 32 48716.6672  15655.945146  x:  0.00000   1.67754   1.19709   1.19470   0.00000   1.10169   0.43446   0.85439   0.47069   0.40779   0.08430   0.01886   0.20510   0.27625   0.10507   0.08399   0.10262   0.06288   0.01305   0.00000   1.53964   0.63083   0.56107   0.01658   0.59900   0.44349   0.48360   0.22827   0.03763   0.04751   0.03800   0.15597   0.25008   0.07086   0.08436   0.06795   0.03413   0.04269   5.98324   0.85211   0.82099   1.01882   0.97375   0.60188  
 33 370.0976  15604.956246  x:  0.00000   1.59028   1.19244   1.18859   0.00000   1.04229   0.45728   0.75069   0.46773   0.37044   0.10957   0.02521   0.19937   0.27609   0.09092   0.04574   0.08611   0.06886   0.01292   0.00000   1.52171   0.65066   0.58402   0.04493   0.65847   0.44290   0.54788   0.26528   0.03568   0.06160   0.00353   0.17601   0.24443   0.08781   0.08761   0.06654   0.03877   0.04279   6.68203   0.93981   0.74924   0.94148   0.96548   0.59071  
 34 208.3508  15575.106034  x:  0.00000   1.51050   1.18748   1.18216   0.00000   0.98627   0.47765   0.65823   0.46473   0.33547   0.13113   0.02665   0.19436   0.27599   0.08180   0.02286   0.07509   0.07414   0.01296   0.00000   1.50492   0.66882   0.60518   0.06532   0.71158   0.44190   0.60744   0.30525   0.03276   0.07419   0.03624   0.19434   0.24090   0.10008   0.08885   0.06378   0.04120   0.05920   7.31745   1.01768   0.68477   0.87338   0.95323   0.57972  
 35 10804.7088  15553.263823  x:  0.00000   1.44282   1.18059   1.17345   0.00000   0.93222   0.49299   0.59381   0.46191   0.30752   0.15020   0.02733   0.19198   0.27641   0.09289   0.09625   0.08097   0.07765   0.01287   0.00000   1.48907   0.68447   0.62388   0.06891   0.75064   0.43838   0.65279   0.34222   0.03435   0.09562   0.04361   0.19941   0.23906   0.11157   0.09055   0.08076   0.04303   0.06626   7.84764   1.08729   0.64733   0.83437   0.94382   0.57144  
 36 3142.7742  15517.095320  x:  0.00000   1.37606   1.15972   1.14803   0.00000   0.84654   0.50191   0.60589   0.46040   0.28713   0.17294   0.01428   0.19666   0.27386   0.11382   0.08932   0.13342   0.08594   0.01257   0.00000   1.46525   0.70261   0.64805   0.00000   0.76240   0.41858   0.68053   0.38815   0.03029   0.08351   0.04481   0.16316   0.24340   0.12313   0.09612   0.07552   0.04303   0.06546   8.32833   1.16613   0.69171   0.88283   0.94392   0.57666  
 37 721.0985  15517.095320  x:  0.00000   1.37606   1.15972   1.14803   0.00000   0.84654   0.50191   0.60589   0.46040   0.28713   0.17294   0.01428   0.19666   0.27386   0.11382   0.08932   0.13342   0.08594   0.01257   0.00000   1.46525   0.70261   0.64805   0.00000   0.76240   0.41858   0.68053   0.38815   0.03029   0.08351   0.04481   0.16316   0.24340   0.12313   0.09612   0.07552   0.04303   0.06546   8.32833   1.16613   0.69171   0.88283   0.94392   0.57666  
 38 499.8067  15469.742190  x:  0.00000   1.37481   1.15303   1.13944   0.00000   0.82746   0.50428   0.63476   0.45980   0.28741   0.16698   0.01368   0.19865   0.27376   0.10331   0.07014   0.11324   0.05341   0.02013   0.00000   1.46238   0.70884   0.65642   0.01474   0.76064   0.41610   0.67810   0.39309   0.19054   0.08064   0.04318   0.15996   0.24473   0.09713   0.08828   0.08804   0.04949   0.02062   8.32852   1.20930   0.71815   0.88758   0.91553   0.57680  
 39 798.5875  15454.366205  x:  0.00000   1.37346   1.14562   1.12988   0.00000   0.80666   0.50619   0.66428   0.45909   0.28812   0.16201   0.01719   0.20029   0.27432   0.09887   0.06272   0.09891   0.04180   0.00403   0.00000   1.45898   0.71547   0.66532   0.01950   0.75819   0.41200   0.67510   0.39578   0.19313   0.04980   0.04227   0.15746   0.24630   0.08017   0.08633   0.08979   0.04877   0.03431   8.32876   1.25364   0.73346   0.89217   0.89423   0.57841  
 40 347.4945  15442.595765  x:  0.00000   1.37189   1.13690   1.11863   0.00000   0.78228   0.50839   0.69858   0.45820   0.28901   0.15644   0.02036   0.20213   0.27495   0.09444   0.05559   0.08368   0.03270   0.01613   0.00000   1.45497   0.72320   0.67572   0.02441   0.75529   0.40717   0.67159   0.39890   0.19162   0.01510   0.04148   0.15480   0.24808   0.06247   0.08465   0.09136   0.04763   0.04636   8.32904   1.30513   0.74979   0.89729   0.87072   0.58043  
 41 2420.7655  15417.652018  x:  0.00000   1.36735   1.10890   1.08270   0.00000   0.70585   0.51441   0.80083   0.45447   0.29245   0.14461   0.01434   0.20545   0.27712   0.09448   0.06298   0.06803   0.07944   0.01336   0.00000   1.44198   0.74677   0.70757   0.03094   0.74586   0.39246   0.66104   0.41089   0.17419   0.01861   0.04525   0.15242   0.25219   0.06031   0.08986   0.09343   0.04372   0.01375   8.33001   1.45814   0.77268   0.90811   0.82488   0.58950  
 42 528.0517  15402.816626  x:  0.00000   1.36363   1.08171   1.04797   0.00000   0.63416   0.51961   0.89259   0.44974   0.29586   0.14002   0.01769   0.20796   0.27905   0.09853   0.07046   0.08359   0.08338   0.01967   0.00000   1.42940   0.76819   0.73676   0.03347   0.73674   0.37950   0.65167   0.42263   0.17516   0.05939   0.04632   0.15320   0.25481   0.07940   0.09425   0.09454   0.05154   0.04750   8.33104   1.59406   0.77369   0.91299   0.80780   0.59975  
 43 839.1548  15388.232043  x:  0.00000   1.36186   1.05679   1.01643   0.00000   0.57474   0.52331   0.96363   0.44339   0.29791   0.14802   0.01649   0.20754   0.27973   0.10341   0.06932   0.11096   0.03818   0.01975   0.00000   1.41806   0.78501   0.76019   0.03009   0.72825   0.37034   0.64477   0.43084   0.16247   0.06537   0.04094   0.15631   0.25513   0.09436   0.09183   0.08819   0.04849   0.02457   8.33218   1.69605   0.74403   0.90891   0.83539   0.61012  
 44 497.9814  15384.728276  x:  0.00000   1.36331   1.04432   1.00070   0.00000   0.55417   0.52397   0.98642   0.43788   0.29516   0.16130   0.01168   0.20461   0.27908   0.10222   0.06340   0.11071   0.05321   0.01878   0.00000   1.41269   0.79041   0.76826   0.02733   0.72401   0.37060   0.64374   0.43282   0.17002   0.05415   0.04382   0.15892   0.25346   0.08775   0.08607   0.08806   0.05093   0.03008   8.33305   1.72339   0.72068   0.90008   0.86880   0.61414  
 45 182.8540  15384.315092  x:  0.00000   1.36480   1.04010   0.99524   0.00000   0.55092   0.52352   0.99019   0.43523   0.29207   0.16636   0.02022   0.20405   0.27893   0.10215   0.06661   0.10669   0.05401   0.01882   0.00000   1.41096   0.79123   0.76975   0.02661   0.72257   0.37262   0.64429   0.43278   0.17057   0.05411   0.04391   0.15921   0.25253   0.08679   0.08767   0.08908   0.05004   0.02981   8.33347   1.72471   0.72018   0.89758   0.87385   0.61446  
 46 77.6183  15383.186844  x:  0.00000   1.37003   1.02780   0.97916   0.01929   0.54457   0.52153   0.99825   0.42699   0.28127   0.17974   0.01623   0.20159   0.27753   0.10186   0.07383   0.09448   0.05039   0.01919   0.00000   1.40595   0.79280   0.77305   0.02497   0.71843   0.37981   0.64657   0.43203   0.16989   0.05707   0.04317   0.15938   0.24989   0.08633   0.09284   0.09144   0.04868   0.03071   8.33482   1.72226   0.72507   0.89276   0.88064   0.61454  
 47 95.7196  15382.187733  x:  0.00000   1.37919   1.00869   0.95358   0.03181   0.53492   0.51468   1.00812   0.41398   0.26373   0.19418   0.01856   0.20085   0.27617   0.09989   0.06232   0.10164   0.05206   0.01914   0.00000   1.39736   0.79406   0.77687   0.01829   0.71123   0.39055   0.65083   0.42900   0.16836   0.05768   0.04377   0.15866   0.24787   0.08731   0.08895   0.08894   0.05382   0.02903   8.33719   1.71125   0.73294   0.89603   0.87748   0.61221  
 48 68.8815  15381.458335  x:  0.00000   1.38968   0.98832   0.92587   0.02707   0.52364   0.50577   1.01967   0.40158   0.24797   0.20526   0.01655   0.20137   0.27572   0.10222   0.06825   0.10553   0.05281   0.01900   0.00000   1.38754   0.79513   0.78075   0.01387   0.70375   0.40070   0.65514   0.42522   0.17037   0.05558   0.04406   0.15814   0.24759   0.08676   0.08711   0.08870   0.04583   0.03040   8.33994   1.69898   0.73415   0.90185   0.87499   0.61069  
 49 98.2999  15381.179354  x:  0.00000   1.39606   0.97813   0.91153   0.02192   0.51893   0.50083   1.02644   0.39731   0.24344   0.20790   0.01577   0.20227   0.27612   0.10256   0.07079   0.10278   0.05192   0.01895   0.00000   1.38214   0.79542   0.78252   0.01635   0.70068   0.40488   0.65698   0.42313   0.16991   0.05510   0.04357   0.15823   0.24857   0.08698   0.08972   0.08997   0.05242   0.02980   8.34161   1.69214   0.73224   0.90376   0.87465   0.61148  
 50 73.7776  15380.955942  x:  0.00000   1.40412   0.96898   0.89771   0.02020   0.51740   0.49599   1.03399   0.39728   0.24538   0.20553   0.01600   0.20357   0.27723   0.10075   0.06584   0.09917   0.05138   0.01915   0.00000   1.37633   0.79515   0.78373   0.02274   0.69894   0.40651   0.65803   0.42091   0.16892   0.05743   0.04355   0.15875   0.25067   0.08759   0.09155   0.09047   0.04925   0.02998   8.34373   1.68441   0.72967   0.90291   0.87427   0.61400  
 51 42.4282  15380.710029  x:  0.00000   1.41697   0.95871   0.88058   0.02398   0.51981   0.49060   1.04421   0.40275   0.25501   0.19748   0.01633   0.20423   0.27885   0.10201   0.06863   0.10181   0.05181   0.01905   0.00000   1.36789   0.79393   0.78456   0.02457   0.69760   0.40376   0.65824   0.41783   0.16913   0.05699   0.04354   0.15885   0.25281   0.08555   0.08705   0.08855   0.05021   0.02984   8.34726   1.67419   0.72911   0.89815   0.87245   0.61557  
 52 36.5999  15380.619490  x:  0.00000   1.42383   0.95489   0.87321   0.02398   0.52149   0.48923   1.04840   0.40620   0.25874   0.19492   0.01626   0.20322   0.27849   0.10168   0.06797   0.10194   0.05203   0.01895   0.00000   1.36335   0.79313   0.78483   0.01966   0.69713   0.40078   0.65790   0.41702   0.16984   0.05561   0.04379   0.15847   0.25188   0.08733   0.09051   0.09003   0.05007   0.02991   8.34938   1.67099   0.72902   0.89632   0.87215   0.61350  
 53 28.1892  15380.577951  x:  0.00000   1.43053   0.95428   0.86948   0.02310   0.52351   0.49034   1.04986   0.40900   0.25806   0.19582   0.01639   0.20212   0.27697   0.10142   0.06766   0.10019   0.05164   0.01905   0.00000   1.35932   0.79232   0.78489   0.01885   0.69833   0.39809   0.65717   0.41827   0.16938   0.05694   0.04263   0.15836   0.24924   0.08633   0.08896   0.08971   0.05014   0.02990   8.35185   1.67094   0.72796   0.89773   0.87199   0.61111  
 54 10.7969  15380.541672  x:  0.00000   1.43851   0.95477   0.86646   0.02282   0.52598   0.49200   1.05059   0.41155   0.25623   0.19736   0.01640   0.20182   0.27585   0.10166   0.06795   0.10082   0.05146   0.01903   0.00000   1.35487   0.79145   0.78494   0.02055   0.70032   0.39551   0.65630   0.42020   0.16933   0.05650   0.04534   0.15861   0.24774   0.08664   0.08919   0.08974   0.05016   0.02984   8.35499   1.67155   0.72798   0.89878   0.87201   0.61055  
 55 18.5195  15380.507671  x:  0.00000   1.44691   0.95593   0.86405   0.02249   0.52820   0.49339   1.05079   0.41324   0.25410   0.19893   0.01632   0.20228   0.27560   0.10186   0.06817   0.10220   0.05208   0.01895   0.00000   1.35040   0.79066   0.78507   0.02201   0.70240   0.39333   0.65548   0.42219   0.16959   0.05552   0.04327   0.15854   0.24775   0.08733   0.09024   0.08967   0.05001   0.02993   8.35855   1.67255   0.72893   0.89892   0.87246   0.61171  
 56 24.0610  15380.474169  x:  0.00000   1.45664   0.95810   0.86222   0.02121   0.52954   0.49355   1.05020   0.41287   0.25221   0.20002   0.01609   0.20342   0.27699   0.10149   0.06797   0.10142   0.05168   0.01901   0.00000   1.34550   0.79007   0.78545   0.01993   0.70416   0.39186   0.65482   0.42384   0.16922   0.05625   0.04367   0.15864   0.25045   0.08666   0.08946   0.09015   0.05008   0.02985   8.36335   1.67431   0.73039   0.89813   0.87349   0.61414  
 57 14.7387  15380.438825  x:  0.00000   1.46807   0.96252   0.86227   0.02269   0.52975   0.49139   1.04785   0.40945   0.25323   0.19902   0.01631   0.20314   0.27905   0.10194   0.06792   0.10086   0.05178   0.01898   0.00000   1.34069   0.78983   0.78596   0.01929   0.70569   0.39243   0.65444   0.42411   0.16954   0.05580   0.04374   0.15835   0.25284   0.08724   0.08987   0.08854   0.05011   0.02993   8.37070   1.67697   0.72868   0.90001   0.87295   0.61256  
 58  9.7783  15380.414344  x:  0.00000   1.47600   0.96573   0.86253   0.02287   0.52875   0.48948   1.04614   0.40655   0.25483   0.19839   0.01627   0.20246   0.27886   0.10155   0.06797   0.10175   0.05176   0.01897   0.00000   1.33783   0.79008   0.78658   0.01991   0.70616   0.39390   0.65451   0.42342   0.16914   0.05589   0.04350   0.15845   0.25172   0.08656   0.08957   0.09107   0.05004   0.02981   8.37706   1.67884   0.72881   0.89948   0.87299   0.61143  
 59 13.7777  15380.395387  x:  0.00000   1.48152   0.96792   0.86271   0.02208   0.52714   0.48852   1.04513   0.40502   0.25596   0.19807   0.01620   0.20236   0.27728   0.10153   0.06799   0.10138   0.05171   0.01896   0.00000   1.33639   0.79068   0.78729   0.01990   0.70572   0.39542   0.65492   0.42218   0.16917   0.05585   0.04370   0.15878   0.24925   0.08682   0.08975   0.08934   0.05005   0.02984   8.38316   1.67995   0.72976   0.89797   0.87325   0.61205  
 60 11.4572  15380.365719  x:  0.00000   1.48722   0.97070   0.86367   0.02324   0.52451   0.49033   1.04413   0.40698   0.25610   0.19687   0.01640   0.20390   0.27492   0.10247   0.06777   0.10099   0.05177   0.01891   0.00000   1.33707   0.79232   0.78839   0.01892   0.70330   0.39724   0.65605   0.41933   0.16922   0.05542   0.04370   0.15814   0.24822   0.08735   0.08933   0.09026   0.05007   0.02982   8.39600   1.68021   0.72806   0.89909   0.87210   0.61462  
 61  6.6972  15380.293073  x:  0.00000   1.49757   0.97481   0.86453   0.02340   0.51822   0.49673   1.04317   0.41331   0.25530   0.19622   0.01623   0.20390   0.27486   0.09949   0.06843   0.10214   0.05164   0.01888   0.00000   1.34085   0.79627   0.79063   0.01927   0.69657   0.40122   0.65881   0.41430   0.16866   0.05587   0.04372   0.15855   0.25084   0.08502   0.09079   0.08926   0.05001   0.02969   8.43046   1.68079   0.72764   0.89843   0.87183   0.61215  
 62 17.2232  15380.234557  x:  0.00000   1.50401   0.97666   0.86436   0.02244   0.51441   0.50126   1.04306   0.41679   0.25532   0.19665   0.01619   0.20249   0.27701   0.10245   0.06761   0.10091   0.05156   0.01883   0.00000   1.34451   0.79884   0.79179   0.02027   0.69181   0.40380   0.66051   0.41267   0.16832   0.05513   0.04354   0.15881   0.25236   0.08726   0.08907   0.08986   0.04996   0.02965   8.45950   1.68147   0.72908   0.89693   0.87240   0.60940  
 63 36.7772  15379.976468  x:  0.00000   1.51722   0.97607   0.86024   0.02131   0.51281   0.51131   1.04548   0.41455   0.26216   0.19726   0.01580   0.19950   0.28850   0.10240   0.06724   0.10123   0.05116   0.01868   0.00000   1.36424   0.80338   0.79041   0.01946   0.68048   0.40695   0.66173   0.42461   0.16650   0.05405   0.04389   0.15689   0.24536   0.08501   0.09037   0.08961   0.04983   0.02933   8.59508   1.68552   0.73011   0.90175   0.87271   0.61371  
 64 24.4695  15379.508903  x:  0.00000   1.53212   0.97138   0.85216   0.02084   0.51466   0.52123   1.05040   0.40311   0.26414   0.18806   0.01582   0.20745   0.28085   0.09636   0.06877   0.09967   0.05094   0.01821   0.00000   1.39711   0.80652   0.78444   0.01937   0.67181   0.40565   0.65824   0.44074   0.16373   0.04961   0.04334   0.16102   0.24732   0.08945   0.08682   0.09015   0.04964   0.02885   8.84211   1.69606   0.73156   0.90364   0.87562   0.60932  
 65 98.4223  15379.186417  x:  0.00000   1.53923   0.96760   0.84713   0.02011   0.51567   0.52508   1.05410   0.39577   0.26413   0.18456   0.01591   0.20783   0.27259   0.10453   0.06620   0.10038   0.05039   0.01802   0.00000   1.41689   0.80706   0.77991   0.01939   0.67159   0.40248   0.65434   0.44486   0.16120   0.05001   0.04332   0.16031   0.25161   0.08234   0.09086   0.08944   0.04937   0.02837   9.01387   1.70394   0.73192   0.90275   0.87641   0.60738  
 66 213.6320  15378.593999  x:  0.00000   1.54327   0.96091   0.84139   0.01829   0.51523   0.52372   1.06197   0.38921   0.26401   0.19241   0.01627   0.19439   0.26770   0.10036   0.06707   0.09937   0.04962   0.01755   0.00000   1.44188   0.80422   0.77221   0.02009   0.68690   0.39252   0.64558   0.43059   0.15784   0.04678   0.04366   0.15188   0.25747   0.08414   0.08869   0.08905   0.04907   0.02763   9.32678   1.71863   0.72934   0.89991   0.87096   0.61231  
 67 148.1054  15378.038998  x:  0.00000   1.53999   0.95648   0.84062   0.01927   0.51496   0.51518   1.07126   0.39116   0.25932   0.19868   0.01546   0.20274   0.27891   0.10166   0.06615   0.09871   0.04902   0.01706   0.00000   1.45462   0.79996   0.76734   0.01862   0.70718   0.38494   0.64117   0.41174   0.15473   0.04394   0.04283   0.16403   0.25079   0.08248   0.08925   0.08955   0.04879   0.02691   9.62691   1.73293   0.72673   0.89826   0.86621   0.61127  
 68 189.1053  15377.651037  x:  0.00000   1.52940   0.95649   0.84631   0.01979   0.51623   0.50001   1.08181   0.40119   0.25165   0.19549   0.01496   0.20941   0.28362   0.10132   0.06582   0.09824   0.04853   0.01679   0.00000   1.44652   0.79767   0.77036   0.01868   0.71799   0.38882   0.64844   0.41080   0.15208   0.04249   0.04386   0.15102   0.24639   0.08174   0.08909   0.08897   0.04856   0.02641   9.83409   1.74162   0.72894   0.89821   0.87081   0.60763  
 69 100.4407  15377.056715  x:  0.00000   1.50572   0.95962   0.86065   0.02112   0.51957   0.47267   1.10031   0.42050   0.24902   0.19796   0.01536   0.20031   0.27785   0.10138   0.06558   0.09771   0.04791   0.01633   0.00000   1.41823   0.79576   0.78152   0.01664   0.72590   0.39853   0.66497   0.42086   0.14830   0.03873   0.04296   0.15997   0.25073   0.08084   0.08901   0.08923   0.04829   0.02571  10.15693   1.75142   0.73314   0.90631   0.87406   0.61086  
 70 154.9726  15376.834703  x:  0.00000   1.49145   0.96209   0.86788   0.02117   0.51998   0.46990   1.10505   0.42007   0.25593   0.20896   0.01482   0.20704   0.27518   0.10147   0.06538   0.09737   0.04765   0.01614   0.00000   1.39494   0.79658   0.78971   0.01869   0.71632   0.39310   0.66267   0.42355   0.14675   0.03770   0.04303   0.15764   0.25333   0.08033   0.08896   0.08903   0.04815   0.02543  10.27918   1.75155   0.73237   0.90508   0.87057   0.60883  
 71 55.5602  15376.595295  x:  0.00000   1.47277   0.96527   0.87605   0.02239   0.51984   0.47460   1.10791   0.41330   0.24998   0.20244   0.01507   0.20327   0.27787   0.10130   0.06512   0.09704   0.04739   0.01591   0.00000   1.36231   0.79807   0.79987   0.02172   0.70062   0.38246   0.65378   0.42353   0.14535   0.03629   0.04301   0.15840   0.25101   0.07976   0.08881   0.08902   0.04801   0.02513  10.40962   1.74983   0.72955   0.90055   0.86753   0.61019  
 72 65.0679  15376.529640  x:  0.00000   1.46432   0.96340   0.87365   0.02194   0.51811   0.48928   1.10522   0.40920   0.25533   0.19805   0.01509   0.20350   0.27773   0.10126   0.06510   0.09688   0.04743   0.01586   0.00000   1.34695   0.79753   0.80026   0.02109   0.70484   0.38881   0.65133   0.42083   0.14486   0.03604   0.04303   0.15834   0.25127   0.07964   0.08882   0.08900   0.04799   0.02507  10.44723   1.75036   0.73287   0.90487   0.87097   0.61060  
 73 10.3070  15376.521759  x:  0.00000   1.46279   0.96280   0.87185   0.02191   0.51795   0.49146   1.10263   0.40913   0.25558   0.19767   0.01508   0.20349   0.27777   0.10126   0.06507   0.09690   0.04739   0.01584   0.00000   1.34469   0.79768   0.79948   0.02079   0.70582   0.39041   0.65326   0.42210   0.14483   0.03589   0.04302   0.15836   0.25125   0.07961   0.08880   0.08899   0.04798   0.02506  10.45262   1.75152   0.73089   0.90228   0.86866   0.61067  
 74  3.0598  15376.516362  x:  0.00000   1.46132   0.96252   0.86858   0.02210   0.51757   0.49063   1.09770   0.41011   0.25606   0.19720   0.01511   0.20351   0.27778   0.10124   0.06508   0.09682   0.04743   0.01584   0.00000   1.34346   0.79895   0.79795   0.02130   0.70454   0.38870   0.65511   0.42164   0.14475   0.03594   0.04302   0.15834   0.25127   0.07957   0.08880   0.08900   0.04798   0.02508  10.45871   1.75361   0.73155   0.90308   0.86920   0.61106  
 75  1.2529  15376.503200  x:  0.00000   1.45951   0.96588   0.86376   0.02203   0.51885   0.48843   1.09518   0.41266   0.25573   0.19733   0.01513   0.20352   0.27781   0.10120   0.06508   0.09666   0.04749   0.01585   0.00000   1.34316   0.80382   0.79661   0.02106   0.70406   0.39197   0.64903   0.42218   0.14444   0.03612   0.04303   0.15832   0.25129   0.07950   0.08881   0.08900   0.04797   0.02516  10.48099   1.75436   0.73152   0.90287   0.86878   0.61120  
 76  1.0450  15376.428631  x:  0.00000   1.45563   0.98533   0.85388   0.02271   0.51377   0.48956   1.10035   0.41015   0.25544   0.19696   0.01538   0.20358   0.27781   0.10089   0.06507   0.09548   0.04801   0.01592   0.00000   1.34357   0.81340   0.78888   0.02095   0.70914   0.38746   0.65237   0.42475   0.14236   0.03755   0.04307   0.15818   0.25128   0.07898   0.08887   0.08908   0.04792   0.02562  10.61621   1.74579   0.73269   0.90285   0.86726   0.61046  
 77  4.8521  15376.350477  x:  0.00000   1.45612   0.99017   0.85178   0.02149   0.52574   0.49219   1.10511   0.40662   0.25449   0.19764   0.01556   0.20347   0.27791   0.10064   0.06510   0.09456   0.04842   0.01602   0.00000   1.34417   0.80892   0.78630   0.02134   0.70281   0.39101   0.65866   0.41798   0.14010   0.03944   0.04311   0.15809   0.25138   0.07863   0.08887   0.08910   0.04784   0.02611  10.76066   1.74790   0.73309   0.90274   0.86608   0.61061  
 78 17.2491  15376.226987  x:  0.00000   1.46372   0.97224   0.86448   0.02226   0.51864   0.49205   1.09432   0.41083   0.25528   0.19564   0.01599   0.20361   0.27801   0.10013   0.06510   0.09264   0.04928   0.01613   0.00000   1.34617   0.78943   0.79550   0.02167   0.70143   0.39244   0.65310   0.42147   0.13659   0.04185   0.04321   0.15784   0.25148   0.07778   0.08896   0.08917   0.04774   0.02692  10.99122   1.74563   0.73467   0.90271   0.86289   0.61084  
 79 19.1486  15376.213589  x:  0.00000   1.46544   0.96644   0.86785   0.02192   0.52087   0.49260   1.09258   0.40980   0.25546   0.19535   0.01602   0.20361   0.27805   0.10009   0.06511   0.09245   0.04936   0.01614   0.00000   1.34664   0.79610   0.80098   0.02159   0.70405   0.39121   0.65441   0.42117   0.13621   0.04211   0.04322   0.15782   0.25147   0.07771   0.08897   0.08918   0.04773   0.02701  11.01767   1.74510   0.73482   0.90278   0.86266   0.61058  
 80  5.3031  15376.210039  x:  0.00000   1.46677   0.96297   0.87137   0.02194   0.52067   0.49245   1.09319   0.40990   0.25533   0.19548   0.01603   0.20361   0.27804   0.10008   0.06512   0.09244   0.04938   0.01614   0.00000   1.34527   0.79955   0.79567   0.02157   0.70365   0.39138   0.65427   0.42119   0.13610   0.04216   0.04322   0.15782   0.25147   0.07772   0.08898   0.08918   0.04773   0.02703  11.02786   1.74507   0.73480   0.90272   0.86259   0.61061  
 81  1.0044  15376.065809  x:  0.00000   1.47563   0.96382   0.86555   0.02201   0.51917   0.49404   1.08697   0.40879   0.25553   0.19623   0.01587   0.20385   0.27779   0.10080   0.06629   0.09569   0.04974   0.01566   0.00000   1.35574   0.79877   0.79428   0.02037   0.70180   0.39251   0.65441   0.42055   0.13100   0.04059   0.04334   0.15784   0.25112   0.08066   0.08952   0.08886   0.04782   0.02736  11.76451   1.73856   0.73324   0.90255   0.86632   0.61050  
 82  0.5736  15376.012284  x:  0.00000   1.46511   0.96359   0.86962   0.02185   0.51964   0.49156   1.08573   0.41028   0.25591   0.19683   0.01559   0.20335   0.27778   0.10111   0.06576   0.09585   0.04889   0.01563   0.00000   1.34601   0.79746   0.79615   0.02054   0.70383   0.39120   0.65414   0.42053   0.13221   0.04291   0.04317   0.15829   0.25118   0.07966   0.08908   0.08859   0.04785   0.02697  12.32103   1.73790   0.73095   0.90170   0.86813   0.61035  
 83  0.2703  15375.942323  x:  0.00000   1.47097   0.96586   0.86827   0.02147   0.52072   0.49304   1.08776   0.40986   0.25612   0.19579   0.01580   0.20365   0.27788   0.10090   0.06557   0.09449   0.04993   0.01514   0.00000   1.35314   0.79849   0.79424   0.02103   0.70352   0.39150   0.65428   0.42107   0.13575   0.04060   0.04328   0.15798   0.25129   0.07950   0.08912   0.08898   0.04803   0.02754  13.58119   1.74208   0.73297   0.90260   0.86565   0.60980  
 84  0.3847  15375.923149  x:  0.00000   1.47342   0.96321   0.86682   0.02186   0.51875   0.49344   1.08898   0.40925   0.25550   0.19650   0.01575   0.20375   0.27781   0.10061   0.06577   0.09548   0.04899   0.01532   0.00000   1.35298   0.79876   0.79568   0.02072   0.70230   0.39214   0.65423   0.42129   0.13463   0.04175   0.04324   0.15794   0.25119   0.07988   0.08919   0.08894   0.04783   0.02665  14.29792   1.74333   0.73314   0.90269   0.86653   0.61035  
 85  0.3986  15375.912956  x:  0.00000   1.47015   0.96421   0.86867   0.02159   0.51982   0.49257   1.08834   0.40996   0.25589   0.19625   0.01573   0.20361   0.27783   0.10099   0.06596   0.09516   0.04943   0.01559   0.00000   1.35132   0.79829   0.79546   0.02076   0.70347   0.39139   0.65416   0.42111   0.13489   0.04120   0.04323   0.15801   0.25120   0.07976   0.08928   0.08885   0.04789   0.02730  15.29485   1.74305   0.73248   0.90246   0.86653   0.61011  
 86  0.3609  15375.910196  x:  0.00000   1.47246   0.96413   0.86741   0.02175   0.51936   0.49323   1.08851   0.40953   0.25571   0.19633   0.01577   0.20366   0.27786   0.10075   0.06566   0.09517   0.04925   0.01573   0.00000   1.35304   0.79867   0.79522   0.02081   0.70283   0.39184   0.65423   0.42116   0.13461   0.04131   0.04326   0.15799   0.25123   0.07972   0.08916   0.08894   0.04791   0.02693  15.89299   1.74337   0.73294   0.90262   0.86632   0.61012  
 87  0.3286  15375.909641  x:  0.00000   1.47165   0.96392   0.86799   0.02161   0.51954   0.49291   1.08826   0.40972   0.25574   0.19630   0.01574   0.20366   0.27784   0.10081   0.06585   0.09521   0.04927   0.01577   0.00000   1.35221   0.79843   0.79544   0.02076   0.70305   0.39170   0.65420   0.42116   0.13486   0.04122   0.04324   0.15799   0.25121   0.07974   0.08922   0.08889   0.04786   0.02702  16.31088   1.74309   0.73279   0.90259   0.86644   0.61015  
 88  0.2008  15375.909433  x:  0.00000   1.47198   0.96411   0.86776   0.02171   0.51948   0.49306   1.08840   0.40965   0.25574   0.19633   0.01576   0.20365   0.27785   0.10080   0.06572   0.09515   0.04927   0.01573   0.00000   1.35273   0.79856   0.79528   0.02080   0.70299   0.39174   0.65422   0.42115   0.13473   0.04125   0.04325   0.15800   0.25122   0.07971   0.08918   0.08892   0.04791   0.02699  16.62886   1.74337   0.73285   0.90259   0.86638   0.61010  
 89  0.1307  15375.909379  x:  0.00000   1.47191   0.96400   0.86782   0.02165   0.51948   0.49300   1.08837   0.40967   0.25573   0.19632   0.01575   0.20366   0.27784   0.10080   0.06578   0.09519   0.04927   0.01569   0.00000   1.35252   0.79851   0.79537   0.02079   0.70300   0.39173   0.65421   0.42116   0.13476   0.04128   0.04324   0.15799   0.25122   0.07974   0.08920   0.08891   0.04788   0.02701  16.76451   1.74331   0.73283   0.90260   0.86640   0.61013  
 90  0.0802  15375.909377  x:  0.00000   1.47190   0.96402   0.86783   0.02166   0.51949   0.49301   1.08838   0.40967   0.25574   0.19632   0.01575   0.20366   0.27784   0.10080   0.06577   0.09519   0.04928   0.01568   0.00000   1.35255   0.79852   0.79535   0.02079   0.70300   0.39173   0.65421   0.42116   0.13476   0.04128   0.04324   0.15799   0.25122   0.07974   0.08920   0.08891   0.04789   0.02701  16.77915   1.74333   0.73283   0.90260   0.86640   0.61012  
 91  0.0126  15375.909377  x:  0.00000   1.47190   0.96402   0.86783   0.02166   0.51949   0.49301   1.08837   0.40967   0.25574   0.19632   0.01575   0.20366   0.27784   0.10080   0.06577   0.09519   0.04928   0.01568   0.00000   1.35255   0.79852   0.79535   0.02079   0.70300   0.39173   0.65421   0.42116   0.13476   0.04128   0.04324   0.15799   0.25122   0.07974   0.08920   0.08891   0.04789   0.02701  16.77663   1.74332   0.73283   0.90260   0.86640   0.61012  
 92  0.0018  15375.909377  x:  0.00000   1.47190   0.96402   0.86783   0.02166   0.51949   0.49301   1.08837   0.40967   0.25574   0.19632   0.01575   0.20366   0.27784   0.10080   0.06577   0.09519   0.04928   0.01568   0.00000   1.35255   0.79852   0.79535   0.02079   0.70300   0.39173   0.65421   0.42116   0.13476   0.04128   0.04324   0.15799   0.25122   0.07974   0.08920   0.08891   0.04789   0.02701  16.77485   1.74332   0.73283   0.90260   0.86640   0.61012  
 93  0.0011  15375.909377  x:  0.00000   1.47190   0.96402   0.86783   0.02166   0.51949   0.49301   1.08837   0.40967   0.25574   0.19632   0.01575   0.20366   0.27784   0.10080   0.06577   0.09519   0.04928   0.01568   0.00000   1.35255   0.79852   0.79535   0.02079   0.70300   0.39173   0.65421   0.42116   0.13476   0.04128   0.04324   0.15799   0.25122   0.07974   0.08920   0.08891   0.04789   0.02701  16.77486   1.74332   0.73283   0.90260   0.86640   0.61012  

TREE # 2

  0  0.0000  17116.198516  x:  1.97224   0.08704   0.25394   0.22928   0.19819   0.12518   0.21177   0.09379   0.15240   0.21013   0.14342   0.01852   0.07348   0.05097   0.14834   0.03821   0.07558   0.07167   0.07851   0.03657   0.00000   0.26549   0.28061   0.22105   0.08404   0.23721   0.08731   0.23142   0.16300   0.08293   0.14885   0.03149   0.07716   0.14598   0.08540   0.04528   0.10571   0.00000   0.10663   1.74332   0.71846   0.88558   0.83299   0.61012  
  1 99.0000  16608.633689  x:  2.01501   0.07753   0.40389   0.38835   0.38818   0.19534   0.37072   0.28392   0.36288   0.30223   0.14511   0.09295   0.05484   0.21057   0.20520   0.12510   0.09565   0.08910   0.04418   0.01510   0.00715   0.41306   0.42651   0.39702   0.19096   0.35741   0.28943   0.43104   0.31163   0.23415   0.18531   0.03263   0.20462   0.21809   0.10135   0.08690   0.13032   2.16166   0.07212   1.71872   0.71997   0.87169   0.84413   0.67509  
  2 8587.3692  16539.808908  x:  2.02764   0.06821   0.42490   0.40862   0.40973   0.20220   0.38730   0.29445   0.37895   0.31244   0.14176   0.08194   0.05008   0.20464   0.21062   0.11629   0.09340   0.08870   0.04680   0.03524   0.00000   0.43506   0.44910   0.41981   0.19808   0.37112   0.30205   0.45296   0.32457   0.24008   0.18369   0.02363   0.20476   0.22424   0.10073   0.08149   0.12171   2.15188   0.05354   1.71420   0.72062   0.87191   0.84545   0.67839  
  3 965.8158  16460.520635  x:  2.04983   0.05147   0.45786   0.43944   0.44258   0.21121   0.41267   0.31014   0.40360   0.32772   0.13773   0.06616   0.04570   0.19563   0.21850   0.10387   0.09102   0.08815   0.04448   0.00244   0.00000   0.46968   0.48391   0.45448   0.20772   0.39183   0.32130   0.48693   0.34392   0.24896   0.18095   0.01732   0.20526   0.23352   0.10022   0.07519   0.11174   2.13408   0.02382   1.70673   0.72156   0.87262   0.84757   0.68239  
  4 3127.5777  16433.487858  x:  2.08228   0.02410   0.48025   0.45322   0.45812   0.20430   0.42562   0.31541   0.41681   0.33268   0.14439   0.06949   0.06571   0.19373   0.21910   0.10817   0.09824   0.09171   0.01247   0.00377   0.00000   0.49375   0.50262   0.47007   0.20303   0.40009   0.33118   0.50724   0.35044   0.25274   0.17804   0.07118   0.20871   0.23711   0.10331   0.08801   0.13432   2.12276   0.00316   1.69884   0.72171   0.87549   0.84961   0.67677  
  5 614.4106  16427.543721  x:  2.08802   0.01922   0.48371   0.45505   0.46024   0.20269   0.42745   0.31601   0.41870   0.33321   0.14566   0.07046   0.06899   0.19360   0.21899   0.10923   0.09949   0.09219   0.01518   0.00369   0.00000   0.49749   0.50529   0.47213   0.20183   0.40112   0.33258   0.51024   0.35116   0.25325   0.17755   0.08019   0.20927   0.23747   0.10382   0.09028   0.13867   2.12125   0.00000   1.69751   0.72174   0.87601   0.84995   0.67566  
  6 1736.1093  16417.827237  x:  2.11117   0.00000   0.49261   0.45573   0.46188   0.19252   0.42982   0.31487   0.42094   0.33168   0.14698   0.07315   0.06153   0.19422   0.21657   0.11167   0.09802   0.08818   0.01495   0.00358   0.00000   0.50710   0.50865   0.47294   0.19288   0.40043   0.33417   0.51542   0.34894   0.25363   0.17596   0.07964   0.20839   0.23445   0.10223   0.08817   0.15005   2.12017   0.00000   1.69304   0.72250   0.87748   0.85130   0.67281  
  7 309.5442  16348.940152  x:  2.49871   0.00000   0.63999   0.44843   0.46929   0.03158   0.46010   0.29404   0.43644   0.30580   0.12606   0.06544   0.12564   0.20645   0.21994   0.10334   0.09996   0.15474   0.01065   0.00156   0.00000   0.66154   0.53720   0.46072   0.05015   0.37795   0.35472   0.57210   0.29993   0.24804   0.16642   0.01180   0.20371   0.21859   0.12126   0.09412   0.16274   2.11451   0.00000   1.62490   0.73905   0.87638   0.87893   0.66518  
  8 593.0444  16306.564378  x:  2.81775   0.00000   0.74477   0.43197   0.45040   0.04520   0.47671   0.29592   0.42885   0.29979   0.11657   0.03109   0.10535   0.20046   0.22699   0.07458   0.09048   0.11687   0.01106   0.00081   0.00000   0.76879   0.52656   0.43230   0.02400   0.35964   0.36844   0.58746   0.25937   0.23431   0.19504   0.06575   0.21098   0.24222   0.10235   0.06691   0.06468   2.11391   0.00000   1.58438   0.74826   0.86847   0.88503   0.68033  
  9 405.0028  16291.425811  x:  2.94431   0.00000   0.77634   0.43110   0.44411   0.06803   0.47889   0.30290   0.42517   0.30773   0.12727   0.05614   0.11019   0.19203   0.23632   0.07818   0.10064   0.10529   0.00954   0.00022   0.00000   0.80051   0.51890   0.42581   0.07551   0.36326   0.37466   0.58728   0.25914   0.22983   0.21289   0.05034   0.21255   0.25755   0.10952   0.08361   0.05879   2.10563   0.00000   1.57835   0.74543   0.86568   0.88091   0.68642  
 10 409.2085  16283.353560  x:  3.02230   0.00000   0.78038   0.43301   0.44110   0.07356   0.47120   0.30978   0.42299   0.31636   0.12809   0.02493   0.12955   0.18098   0.24514   0.07332   0.10756   0.07439   0.00885   0.00039   0.00000   0.80525   0.51193   0.42417   0.09449   0.36610   0.37493   0.58132   0.27228   0.22880   0.22361   0.03798   0.21445   0.26828   0.11761   0.09172   0.07438   2.10539   0.00000   1.58577   0.73641   0.86915   0.87135   0.68334  
 11 233.3698  16263.853631  x:  3.26305   0.00000   0.74968   0.46267   0.45151   0.08413   0.43547   0.34440   0.42729   0.35939   0.14570   0.05650   0.16568   0.14313   0.26546   0.06162   0.09499   0.06085   0.00804   0.00075   0.00000   0.77853   0.50293   0.44916   0.08838   0.37703   0.36724   0.56036   0.34867   0.23000   0.24345   0.02769   0.22022   0.29376   0.10623   0.05254   0.06221   2.10077   0.00000   1.64323   0.70046   0.88021   0.82848   0.66444  
 12 209.3633  16246.822871  x:  3.50085   0.00000   0.70433   0.49785   0.46796   0.11986   0.41047   0.37920   0.43132   0.39573   0.13239   0.03557   0.14177   0.13502   0.27506   0.08766   0.08200   0.11990   0.00777   0.00062   0.00000   0.73605   0.50180   0.48633   0.08617   0.38953   0.35870   0.54160   0.41404   0.22869   0.25382   0.02872   0.22149   0.30805   0.09386   0.06271   0.06749   2.09090   0.04375   1.71338   0.68707   0.86347   0.80037   0.66843  
 13 464.6126  16230.168049  x:  3.67491   0.00000   0.66474   0.52324   0.48483   0.13129   0.40658   0.39596   0.43605   0.40937   0.12113   0.03168   0.11136   0.16306   0.26923   0.09300   0.09723   0.13679   0.00745   0.00089   0.00000   0.69792   0.51253   0.51942   0.09162   0.40184   0.35507   0.53785   0.44756   0.22745   0.24492   0.03256   0.21793   0.30108   0.10989   0.09934   0.04640   2.08084   0.00556   1.76907   0.69279   0.83731   0.80096   0.67839  
 14 453.5427  16219.607256  x:  3.77371   0.00000   0.64230   0.53277   0.49547   0.14730   0.42618   0.39760   0.43616   0.40345   0.11082   0.04269   0.11059   0.19360   0.26428   0.05070   0.10624   0.14248   0.00757   0.00108   0.00000   0.67318   0.52578   0.53747   0.10879   0.41026   0.35853   0.54316   0.44345   0.22703   0.23096   0.03675   0.21658   0.29295   0.12086   0.09009   0.05754   2.07470   0.01693   1.80479   0.70749   0.81418   0.82236   0.70436  
 15 281.2612  16207.357014  x:  3.86325   0.00000   0.62721   0.53570   0.50960   0.17147   0.47373   0.38593   0.43760   0.37861   0.11130   0.04060   0.13579   0.21227   0.26029   0.08661   0.10752   0.14723   0.00743   0.00137   0.00000   0.65063   0.55135   0.55305   0.14239   0.42130   0.37144   0.56353   0.40650   0.23377   0.20566   0.03504   0.21650   0.28145   0.11485   0.04711   0.05895   2.06519   0.01248   1.84021   0.72138   0.81735   0.85307   0.73437  
 16 224.0424  16192.513392  x:  3.93309   0.00000   0.62442   0.53135   0.52796   0.20344   0.53855   0.36010   0.44705   0.34111   0.12876   0.04657   0.14929   0.19275   0.25502   0.08108   0.06719   0.15511   0.00696   0.00188   0.00000   0.63425   0.58714   0.56233   0.16668   0.43089   0.39196   0.59865   0.33757   0.25582   0.17653   0.02763   0.21850   0.27568   0.08840   0.08169   0.05031   2.05780   0.01658   1.87070   0.72671   0.87653   0.86817   0.74265  
 17 214.7047  16180.237144  x:  3.94112   0.00000   0.64210   0.52422   0.54458   0.22803   0.57880   0.33368   0.46794   0.32710   0.11988   0.05060   0.12730   0.14564   0.25988   0.06890   0.12572   0.18387   0.00663   0.00213   0.00000   0.63756   0.61305   0.55997   0.17279   0.43763   0.41135   0.63031   0.28621   0.28249   0.17277   0.02846   0.22061   0.28763   0.10679   0.07631   0.04949   2.05119   0.01676   1.87880   0.73975   0.93103   0.86144   0.71392  
 18 154.2854  16162.708527  x:  3.89378   0.00000   0.67770   0.51952   0.55681   0.23164   0.58705   0.31716   0.49136   0.34441   0.11055   0.05141   0.12047   0.14715   0.27682   0.06686   0.10368   0.19902   0.00663   0.00215   0.00000   0.66355   0.62405   0.55103   0.17805   0.44547   0.42747   0.65290   0.28653   0.29252   0.18988   0.03445   0.22173   0.30699   0.12275   0.06962   0.05974   2.03888   0.00000   1.86226   0.75593   0.92742   0.87065   0.68486  
 19 110.0903  16123.238233  x:  3.65142   0.00000   0.83688   0.52395   0.61367   0.18776   0.59505   0.27985   0.57806   0.41918   0.14391   0.07617   0.10995   0.19916   0.30709   0.10858   0.12723   0.15548   0.00491   0.00304   0.00000   0.79987   0.67401   0.53871   0.16428   0.47407   0.47898   0.74594   0.33843   0.29245   0.22480   0.04042   0.21931   0.34519   0.12987   0.10667   0.01371   1.98076   0.08532   1.75929   0.77044   0.89462   0.91188   0.63139  
 20 368.5042  16082.212198  x:  3.38401   0.00000   0.97413   0.56954   0.66382   0.14527   0.58420   0.32246   0.61045   0.46325   0.12732   0.07561   0.11140   0.18662   0.28118   0.09666   0.16099   0.16631   0.00437   0.00294   0.00000   0.93969   0.71705   0.58008   0.15964   0.48667   0.49042   0.80066   0.39911   0.23966   0.21311   0.05971   0.21726   0.33009   0.05566   0.11792   0.03882   1.93655   0.04707   1.64616   0.71416   0.89495   0.87537   0.74538  
 21 314.9624  16070.069665  x:  3.27866   0.00000   1.01563   0.60512   0.68189   0.13176   0.58552   0.36577   0.59963   0.45573   0.14303   0.07146   0.11058   0.16259   0.25150   0.10007   0.13856   0.16174   0.00419   0.00290   0.00000   0.99367   0.73747   0.62326   0.15368   0.48325   0.48014   0.81385   0.41519   0.22175   0.19310   0.07188   0.21726   0.30335   0.12037   0.11106   0.03531   1.92333   0.05284   1.61433   0.69592   0.89376   0.84380   0.77795  
 22 308.1195  16057.884491  x:  3.17114   0.00000   1.03476   0.66879   0.69578   0.11305   0.59504   0.44086   0.55453   0.40916   0.15747   0.05682   0.13230   0.14420   0.23156   0.09011   0.13876   0.15371   0.00370   0.00265   0.00000   1.04474   0.76096   0.70896   0.15985   0.47115   0.45011   0.81451   0.41940   0.25266   0.18518   0.07491   0.21758   0.26519   0.10067   0.10581   0.03164   1.91223   0.05202   1.62193   0.72370   0.85304   0.81800   0.71851  
 23 161.9243  16053.842470  x:  3.13220   0.00000   1.03260   0.69932   0.69644   0.10523   0.60192   0.47251   0.53525   0.38569   0.14617   0.05509   0.13229   0.16259   0.24960   0.08783   0.14023   0.14917   0.00360   0.00248   0.00000   1.06208   0.76712   0.75122   0.15517   0.46436   0.44106   0.81226   0.41593   0.26454   0.18499   0.07766   0.21779   0.27510   0.10193   0.10375   0.03205   1.90524   0.05182   1.63875   0.68700   0.86423   0.83734   0.69451  
 24 118.0894  16051.474172  x:  3.11083   0.00000   1.01790   0.72380   0.68653   0.08883   0.60854   0.48807   0.53688   0.37772   0.14210   0.06001   0.13238   0.16208   0.27531   0.09351   0.14037   0.13328   0.00363   0.00236   0.00000   1.07134   0.76183   0.78578   0.13777   0.46194   0.45067   0.81185   0.40976   0.25986   0.18584   0.07884   0.21778   0.31126   0.10313   0.10836   0.03519   1.89951   0.05239   1.66931   0.71342   0.87784   0.83960   0.70983  
 25 49.2998  16048.658669  x:  3.09630   0.00000   0.99271   0.74877   0.66350   0.06750   0.61518   0.48479   0.56429   0.39453   0.16442   0.04743   0.13449   0.14726   0.25919   0.08747   0.14179   0.13396   0.00399   0.00216   0.00000   1.08059   0.74011   0.81892   0.13215   0.47051   0.48418   0.81991   0.40886   0.25231   0.19653   0.08240   0.21569   0.31149   0.10171   0.10497   0.03416   1.89489   0.04985   1.71878   0.71714   0.88971   0.87075   0.71291  
 26 38.3582  16045.715669  x:  3.09584   0.00000   0.97783   0.76951   0.64520   0.07528   0.62328   0.47090   0.58858   0.41287   0.14976   0.04717   0.14833   0.17293   0.24582   0.08747   0.14147   0.12577   0.00440   0.00201   0.00000   1.09528   0.71741   0.84090   0.12156   0.47675   0.51290   0.83638   0.40883   0.25305   0.19671   0.08162   0.21950   0.28609   0.10202   0.10335   0.03421   1.88658   0.05189   1.75644   0.71948   0.91011   0.84623   0.70535  
 27 46.6188  16039.424333  x:  3.13002   0.00000   0.97503   0.79532   0.63483   0.11101   0.62840   0.43266   0.59328   0.41494   0.13186   0.06160   0.16100   0.14456   0.26664   0.09747   0.14403   0.10652   0.00567   0.00195   0.00000   1.12724   0.68534   0.85904   0.08649   0.47831   0.52812   0.86887   0.40678   0.27059   0.16647   0.07912   0.22673   0.26349   0.10364   0.11805   0.04401   1.87865   0.04708   1.78554   0.69181   0.85937   0.83994   0.70627  
 28 36.9032  16028.408108  x:  3.22316   0.00000   0.99190   0.82248   0.64785   0.11552   0.61575   0.38376   0.56363   0.38078   0.20674   0.04619   0.15354   0.17765   0.27583   0.08925   0.15408   0.12869   0.00893   0.00193   0.00000   1.17454   0.66208   0.87685   0.08730   0.49072   0.51317   0.90046   0.40991   0.29766   0.13743   0.08358   0.21610   0.30279   0.10153   0.11172   0.05538   1.86475   0.03272   1.77956   0.66890   0.83191   0.79276   0.70531  
 29 61.6133  16005.627117  x:  3.43426   0.00000   1.03660   0.83133   0.70980   0.04608   0.59587   0.40750   0.50589   0.33742   0.14017   0.07119   0.15358   0.16558   0.20505   0.10655   0.14389   0.12545   0.01646   0.00237   0.00000   1.22241   0.69386   0.89793   0.15101   0.51199   0.43331   0.89177   0.42522   0.29742   0.20346   0.11145   0.21549   0.33179   0.10093   0.12183   0.04614   1.84057   0.04748   1.69273   0.70229   0.87407   0.82896   0.68488  
 30 84.2713  15992.207073  x:  3.55654   0.00000   1.06117   0.80073   0.74472   0.05262   0.61655   0.50433   0.51722   0.36646   0.16633   0.06929   0.15426   0.17215   0.26074   0.10571   0.15161   0.13379   0.02029   0.00243   0.00000   1.21594   0.75571   0.89803   0.15939   0.48458   0.37262   0.85811   0.42119   0.22471   0.20916   0.11684   0.22072   0.28098   0.09729   0.12579   0.05463   1.82525   0.04062   1.62039   0.74385   0.91947   0.87171   0.64670  
 31 127.2885  15987.275616  x:  3.58991   0.00000   1.06403   0.74831   0.75643   0.05528   0.64836   0.57732   0.55174   0.37594   0.17897   0.06765   0.16211   0.17921   0.24648   0.10843   0.15489   0.12613   0.02127   0.00226   0.00000   1.15756   0.83304   0.87752   0.13885   0.44879   0.38639   0.84663   0.43198   0.27517   0.22925   0.11271   0.21895   0.29372   0.09954   0.12946   0.06118   1.80853   0.03573   1.60019   0.73276   0.90492   0.86338   0.65873  
 32 58.3877  15984.008612  x:  3.60496   0.00000   1.06840   0.70933   0.77071   0.03227   0.65370   0.61371   0.56727   0.36577   0.16586   0.06285   0.16188   0.17316   0.24506   0.10550   0.15136   0.12077   0.02207   0.00211   0.00000   1.09679   0.90122   0.85149   0.14967   0.45018   0.42646   0.84859   0.45204   0.26618   0.18762   0.11790   0.21910   0.31155   0.09604   0.12656   0.05610   1.80137   0.04002   1.60196   0.71991   0.88922   0.84554   0.63997  
 33 66.8095  15982.085143  x:  3.60981   0.00000   1.08357   0.71248   0.79559   0.03645   0.61951   0.61344   0.54874   0.35032   0.17036   0.05910   0.16216   0.17197   0.26451   0.10300   0.15130   0.11680   0.02236   0.00197   0.00000   1.05717   0.95143   0.82770   0.13864   0.47443   0.45684   0.85352   0.46704   0.27634   0.19817   0.11951   0.21834   0.28860   0.09796   0.12502   0.05583   1.79697   0.03969   1.61681   0.72652   0.90022   0.85097   0.65002  
 34 27.9012  15979.925996  x:  3.61602   0.00000   1.10445   0.73763   0.82101   0.06690   0.58716   0.60339   0.53750   0.36530   0.17300   0.05747   0.17126   0.17698   0.23772   0.10281   0.15309   0.11073   0.02215   0.00182   0.00000   1.03397   0.99869   0.80821   0.11636   0.47706   0.45353   0.85344   0.46250   0.26649   0.18678   0.10838   0.22316   0.30538   0.09765   0.12472   0.06223   1.79468   0.03469   1.63781   0.73506   0.90867   0.86710   0.64529  
 35 27.9218  15972.147445  x:  3.65264   0.00000   1.13623   0.81533   0.84103   0.03312   0.56999   0.54110   0.56417   0.43124   0.16220   0.04854   0.15702   0.17136   0.25850   0.09817   0.14190   0.10168   0.02308   0.00170   0.00000   1.01930   1.09482   0.77897   0.14234   0.44398   0.38751   0.84583   0.42431   0.28194   0.18345   0.11070   0.20380   0.29796   0.09751   0.11621   0.05442   1.78858   0.04141   1.69249   0.72530   0.90185   0.85182   0.66041  
 36 23.5552  15937.620641  x:  3.86468   0.00000   1.19105   0.98781   0.73544   0.02288   0.72383   0.41554   0.57389   0.40825   0.15832   0.03587   0.07021   0.16360   0.26958   0.08542   0.13093   0.11558   0.02501   0.00164   0.00000   1.11963   1.30729   0.72384   0.12309   0.41899   0.36726   0.84667   0.48988   0.17017   0.30594   0.05079   0.34147   0.30632   0.09619   0.10576   0.06290   1.73000   0.02908   1.76199   0.69696   0.85803   0.80661   0.65674  
 37 45.6290  15902.101420  x:  4.05185   0.00000   1.21876   1.06082   0.62341   0.06008   0.78057   0.41811   0.59563   0.40321   0.12914   0.03107   0.01983   0.15691   0.27128   0.07537   0.11840   0.12834   0.02684   0.00163   0.00000   1.23049   1.37445   0.70157   0.09302   0.48595   0.36629   0.88631   0.54579   0.17150   0.29409   0.00937   0.20717   0.31809   0.09802   0.09545   0.06945   1.68538   0.02122   1.76084   0.71277   0.87025   0.82183   0.64857  
 38 134.1560  15897.456014  x:  4.08257   0.00000   1.21467   1.05168   0.64404   0.05547   0.75251   0.43334   0.61430   0.41145   0.12748   0.02734   0.00948   0.15990   0.27534   0.07271   0.11481   0.12988   0.02708   0.00161   0.00000   1.23718   1.34530   0.72313   0.09747   0.49853   0.37173   0.90184   0.52905   0.19967   0.27050   0.00245   0.25559   0.31844   0.09863   0.09098   0.06841   1.67188   0.02133   1.74224   0.71913   0.87566   0.83090   0.65254  
 39 61.5771  15895.164234  x:  4.09260   0.00000   1.20670   1.04649   0.66991   0.05833   0.74365   0.42786   0.62784   0.40505   0.12677   0.02643   0.01053   0.15980   0.27606   0.07197   0.11347   0.12775   0.02709   0.00158   0.00000   1.23126   1.33320   0.74405   0.09632   0.49487   0.37766   0.90743   0.51865   0.19315   0.27792   0.00000   0.25327   0.31946   0.09845   0.08976   0.06857   1.66887   0.02120   1.72865   0.71680   0.87157   0.82844   0.65034  
 40 54.3571  15890.487222  x:  4.13281   0.00000   1.23220   0.99816   0.78683   0.04940   0.79334   0.39864   0.57530   0.44286   0.12630   0.02279   0.00710   0.15668   0.27657   0.06993   0.11316   0.12458   0.02735   0.00147   0.00000   1.21608   1.25680   0.79810   0.09392   0.43905   0.41368   0.90518   0.55012   0.19875   0.26801   0.00213   0.23677   0.31482   0.09842   0.08917   0.07034   1.65762   0.01840   1.74126   0.72647   0.88908   0.83691   0.65026  
 41 26.1519  15876.654609  x:  4.27140   0.00000   1.32254   0.86199   0.94604   0.03669   0.91052   0.36664   0.60152   0.46843   0.13111   0.01883   0.01144   0.15647   0.27185   0.06944   0.11041   0.10802   0.02768   0.00115   0.00000   1.19452   1.13957   0.90565   0.03944   0.61845   0.31365   0.87438   0.56464   0.20076   0.26909   0.00545   0.24254   0.31335   0.09911   0.08958   0.08000   1.62073   0.00884   1.82644   0.71776   0.88849   0.82729   0.65502  
 42 28.1107  15848.330220  x:  4.47888   0.00000   1.41068   0.82241   0.94686   0.02898   0.85009   0.40420   0.64739   0.44704   0.12856   0.02403   0.01371   0.16024   0.26896   0.07044   0.10501   0.11093   0.02851   0.00132   0.00000   1.23365   1.09231   0.98299   0.04842   0.58027   0.34203   0.96183   0.54155   0.19835   0.26974   0.01016   0.24287   0.30405   0.10008   0.08809   0.08891   1.57407   0.00000   1.88054   0.72130   0.89143   0.83564   0.65503  
 43 38.4517  15824.213824  x:  4.81390   0.00000   1.25485   0.99738   0.91382   0.01571   0.85922   0.34614   0.61874   0.55822   0.11905   0.01806   0.02902   0.16013   0.28064   0.06506   0.09137   0.10455   0.02958   0.00119   0.00000   1.28466   1.11687   1.05629   0.03478   0.63043   0.52038   0.90063   0.48866   0.29729   0.18095   0.01975   0.26204   0.30556   0.10134   0.07936   0.09657   1.50249   0.00000   1.62711   0.74241   0.90983   0.86407   0.63013  
 44 64.9408  15820.724100  x:  4.86332   0.00000   1.21993   1.04885   0.98267   0.00000   0.86962   0.40522   0.62566   0.56004   0.12069   0.02263   0.02643   0.16502   0.27697   0.06875   0.09020   0.10429   0.02984   0.00130   0.00000   1.35277   1.09142   0.96991   0.03077   0.64630   0.57819   0.86305   0.43586   0.29670   0.18425   0.02103   0.25222   0.30536   0.10120   0.08172   0.10050   1.48652   0.00000   1.64431   0.73042   0.89058   0.85206   0.62577  
 45 29.1543  15817.564705  x:  4.90598   0.00000   1.13798   1.07364   1.05548   0.00612   0.87789   0.41663   0.67822   0.51012   0.11933   0.01943   0.02936   0.16361   0.27622   0.06586   0.08938   0.10469   0.03005   0.00123   0.00000   1.43714   1.08796   0.87680   0.03572   0.62241   0.56064   0.86696   0.48629   0.31462   0.15887   0.02240   0.25496   0.30035   0.10221   0.07876   0.10075   1.47108   0.00000   1.66472   0.74494   0.91096   0.87004   0.62954  
 46 26.3417  15809.015001  x:  5.01328   0.00000   1.02956   0.98161   1.08421   0.00000   0.85866   0.42734   0.61350   0.56592   0.12271   0.01953   0.03136   0.16201   0.27564   0.06628   0.08885   0.10363   0.03056   0.00125   0.00000   1.58591   1.17027   0.86132   0.03033   0.63228   0.54492   0.96107   0.48058   0.30663   0.17132   0.01952   0.25448   0.30092   0.10245   0.07835   0.10549   1.44407   0.00000   1.72010   0.74206   0.91183   0.86500   0.63063  
 47 13.8231  15756.067864  x:  5.82026   0.00000   1.38396   0.88404   0.94842   0.00080   0.79118   0.37962   0.68062   0.54534   0.13405   0.04943   0.03416   0.17624   0.25406   0.08235   0.08707   0.10341   0.03537   0.00199   0.00000   1.94485   1.29615   1.02797   0.00000   0.58718   0.67836   0.78974   0.54302   0.39076   0.06343   0.00695   0.22073   0.25691   0.10576   0.08191   0.14602   1.23184   0.00000   1.92995   0.77151   0.95342   0.90955   0.62754  
 48 24.4214  15756.067864  x:  5.82026   0.00000   1.38396   0.88404   0.94842   0.00080   0.79118   0.37962   0.68062   0.54534   0.13405   0.04943   0.03416   0.17624   0.25406   0.08235   0.08707   0.10341   0.03537   0.00199   0.00000   1.94485   1.29615   1.02797   0.00000   0.58718   0.67836   0.78974   0.54302   0.39076   0.06343   0.00695   0.22073   0.25691   0.10576   0.08191   0.14602   1.23184   0.00000   1.92995   0.77151   0.95342   0.90955   0.62754  
 49 74.6668  15741.837088  x:  5.82035   0.00000   1.38393   0.88386   0.94818   0.00117   0.79095   0.37967   0.68050   0.54497   0.13403   0.04901   0.03466   0.17597   0.25405   0.08228   0.08713   0.10315   0.03707   0.03215   0.00000   1.94461   1.29581   1.02766   0.00001   0.58695   0.67818   0.79011   0.54274   0.39058   0.06430   0.00834   0.22056   0.25715   0.10558   0.08136   0.14537   1.22932   0.00000   1.92971   0.77132   0.95329   0.90930   0.62722  
 50 3137.4190  15706.046546  x:  5.83160   0.00000   1.38067   0.86237   0.91922   0.04429   0.76368   0.38609   0.66536   0.49887   0.13228   0.00000   0.09035   0.14326   0.25278   0.07340   0.09478   0.05660   0.14288   0.02773   0.00000   1.91516   1.25432   0.99040   0.00075   0.55893   0.65564   0.83605   0.50853   0.36843   0.16837   0.13753   0.19955   0.28557   0.08425   0.01620   0.06577   0.92139   0.00000   1.90061   0.74782   0.93802   0.87695   0.58821  
 51 356.8604  15662.054900  x:  5.84224   0.00000   1.37767   0.84263   0.89250   0.07485   0.73815   0.39160   0.65194   0.45832   0.14262   0.05474   0.12217   0.11864   0.25119   0.06841   0.09968   0.03852   0.20710   0.02501   0.00000   1.88759   1.21569   0.95587   0.00180   0.53356   0.63355   0.87913   0.47627   0.34499   0.25225   0.22218   0.18126   0.30886   0.07933   0.04911   0.01387   0.62972   0.02517   1.87309   0.72725   0.92287   0.85006   0.55959  
 52 1973.1440  15554.405143  x:  5.86225   0.00000   1.37270   0.80783   0.84502   0.10897   0.69156   0.39943   0.62994   0.38675   0.14800   0.07816   0.13853   0.09726   0.25003   0.07029   0.10176   0.08764   0.25906   0.02219   0.00000   1.83696   1.14551   0.89386   0.00517   0.48976   0.59069   0.95849   0.41776   0.29663   0.38058   0.32168   0.15608   0.33987   0.09019   0.08002   0.09340   0.08000   0.01840   1.82115   0.69698   0.89193   0.81276   0.53603  
 53 2178.4595  15545.669434  x:  5.86428   0.00000   1.37241   0.80509   0.84112   0.10747   0.68760   0.39988   0.62891   0.38207   0.14638   0.07634   0.13180   0.10328   0.25025   0.07154   0.10055   0.08563   0.25176   0.02244   0.00000   1.83218   1.13920   0.88856   0.00634   0.48689   0.58630   0.96592   0.41310   0.29040   0.38536   0.31842   0.15652   0.34001   0.09158   0.07932   0.08494   0.03278   0.01584   1.81601   0.69635   0.88851   0.81287   0.54174  
 54 913.8707  15537.236881  x:  5.88256   0.00000   1.36906   0.77898   0.80421   0.10607   0.65135   0.40486   0.61780   0.33698   0.13988   0.06134   0.09675   0.10179   0.24927   0.07280   0.09664   0.09403   0.21742   0.02327   0.00000   1.78784   1.08063   0.83884   0.01175   0.45841   0.54698   1.03343   0.37022   0.24059   0.44925   0.32353   0.15038   0.34885   0.09492   0.07242   0.07223   0.02482   0.05213   1.77056   0.68324   0.86390   0.80249   0.55498  
 55 119.5361  15527.143976  x:  5.90227   0.00000   1.36559   0.75231   0.76606   0.10337   0.61498   0.41068   0.60808   0.29583   0.13816   0.06354   0.06671   0.10645   0.24798   0.07355   0.09472   0.09610   0.17870   0.02427   0.00000   1.74018   1.01897   0.78712   0.01831   0.43125   0.50618   1.10470   0.32892   0.19154   0.51511   0.32620   0.14631   0.35699   0.09689   0.07756   0.06035   0.03943   0.02063   1.72309   0.67136   0.84224   0.79211   0.56396  
 56 668.3796  15522.721090  x:  5.91954   0.00000   1.36349   0.73835   0.74317   0.09419   0.59970   0.41756   0.61242   0.30303   0.14357   0.07019   0.09999   0.11572   0.24686   0.07170   0.10015   0.07611   0.13993   0.02549   0.00000   1.70024   0.97536   0.75450   0.02596   0.42859   0.48300   1.15833   0.32556   0.18340   0.55505   0.31208   0.15995   0.35248   0.08499   0.06745   0.06862   0.03937   0.02200   1.69071   0.67459   0.84737   0.79030   0.55317  
 57 140.2752  15520.343679  x:  5.93390   0.00000   1.36230   0.73290   0.73138   0.08832   0.59705   0.42234   0.61918   0.32011   0.14346   0.06135   0.11340   0.09663   0.24689   0.07173   0.09898   0.08484   0.12579   0.02595   0.00000   1.66917   0.94752   0.73711   0.02704   0.43456   0.47255   1.19552   0.33752   0.18975   0.57954   0.29864   0.16091   0.34560   0.09766   0.07284   0.05929   0.03909   0.01901   1.67050   0.67887   0.85613   0.79454   0.54993  
 58 133.2888  15518.166471  x:  5.95648   0.00000   1.36101   0.73263   0.72312   0.08681   0.60487   0.42561   0.62765   0.34204   0.14342   0.06045   0.10241   0.11398   0.24956   0.07263   0.09541   0.09216   0.14340   0.02556   0.00000   1.62433   0.91766   0.72511   0.02196   0.44800   0.46639   1.24055   0.36358   0.20099   0.60900   0.28695   0.14926   0.33707   0.09232   0.07449   0.05760   0.04017   0.02012   1.65028   0.68436   0.86447   0.80443   0.55654  
 59 91.6295  15517.098173  x:  5.97240   0.00000   1.36023   0.73638   0.72272   0.08627   0.61405   0.42362   0.63009   0.34785   0.14269   0.06445   0.08606   0.10400   0.24887   0.07279   0.09815   0.08018   0.15408   0.02543   0.00000   1.59569   0.90557   0.72602   0.02141   0.45623   0.46448   1.26241   0.37703   0.19841   0.61871   0.27724   0.15524   0.33470   0.08987   0.07088   0.06369   0.03950   0.02004   1.64438   0.68841   0.86634   0.80756   0.55752  
 60 82.6131  15515.301115  x:  6.01433   0.00000   1.35793   0.75170   0.73067   0.08742   0.63956   0.41003   0.62739   0.33941   0.13944   0.06424   0.08738   0.11094   0.24610   0.06923   0.10118   0.08638   0.17243   0.02515   0.00000   1.52796   0.89266   0.74686   0.02352   0.46924   0.46049   1.29755   0.39373   0.17077   0.62448   0.25377   0.17549   0.33703   0.09893   0.06884   0.06119   0.03980   0.02027   1.64682   0.68955   0.86650   0.80270   0.54393  
 61 61.3361  15513.570137  x:  6.06202   0.00000   1.35507   0.76778   0.74075   0.08758   0.66175   0.39507   0.62296   0.32743   0.14063   0.06034   0.10270   0.10361   0.24550   0.07884   0.09564   0.08520   0.17889   0.02522   0.00000   1.45838   0.88627   0.77606   0.02146   0.47689   0.45339   1.32622   0.40144   0.15132   0.62614   0.23003   0.16477   0.33867   0.08635   0.07281   0.06133   0.03994   0.01890   1.65466   0.68247   0.86359   0.79963   0.55227  
 62 109.2325  15512.499180  x:  6.09620   0.00000   1.35245   0.77545   0.74596   0.08852   0.66956   0.38779   0.62026   0.32270   0.14432   0.06024   0.10729   0.10374   0.24680   0.06502   0.09610   0.07821   0.17667   0.02540   0.00000   1.41563   0.88565   0.79719   0.02014   0.47742   0.44616   1.33851   0.39893   0.15563   0.62751   0.22163   0.15215   0.33978   0.09477   0.07096   0.06352   0.04001   0.01881   1.66259   0.67986   0.85863   0.79785   0.55689  
 63 94.6741  15510.656477  x:  6.16647   0.00000   1.34611   0.78376   0.75204   0.09288   0.67295   0.38048   0.61702   0.32322   0.14920   0.06366   0.10244   0.10629   0.25118   0.07914   0.10749   0.07974   0.16574   0.02571   0.00000   1.34055   0.88846   0.83736   0.02255   0.47370   0.43043   1.35107   0.38410   0.18409   0.62956   0.21983   0.14951   0.34242   0.10127   0.06303   0.06075   0.04033   0.01877   1.68034   0.67992   0.85025   0.79398   0.55317  
 64 105.2365  15508.773437  x:  6.24106   0.00000   1.33894   0.78721   0.75504   0.09806   0.66986   0.37901   0.61660   0.33136   0.14481   0.05732   0.09343   0.10644   0.25247   0.07017   0.09839   0.08388   0.15377   0.02595   0.00000   1.27236   0.89231   0.87419   0.02760   0.47048   0.41771   1.35637   0.36712   0.20735   0.62783   0.22674   0.16411   0.34365   0.08600   0.07114   0.05765   0.04014   0.01853   1.69642   0.67853   0.85138   0.79265   0.55095  
 65 155.7532  15506.563011  x:  6.34158   0.00000   1.32859   0.77939   0.75080   0.10250   0.65484   0.38986   0.62265   0.35046   0.13445   0.05892   0.09321   0.11201   0.24482   0.07901   0.08536   0.07568   0.14723   0.02593   0.00000   1.21352   0.89568   0.90281   0.02956   0.47259   0.41872   1.34727   0.35366   0.19655   0.61403   0.24869   0.16950   0.33696   0.10005   0.07250   0.06133   0.04111   0.01986   1.70490   0.67987   0.86947   0.80142   0.56434  
 66 77.1960  15503.653518  x:  6.47904   0.00000   1.31455   0.76439   0.74243   0.10163   0.63311   0.40502   0.63115   0.36947   0.13485   0.06760   0.08979   0.10841   0.23787   0.07068   0.10158   0.08841   0.13529   0.02603   0.00000   1.15238   0.89817   0.92893   0.02807   0.47752   0.42995   1.32872   0.34698   0.17280   0.58713   0.26755   0.16144   0.32556   0.09283   0.06140   0.05755   0.04054   0.01957   1.70968   0.69587   0.88314   0.81507   0.57131  
 67 186.6589  15500.200577  x:  6.64825   0.00000   1.29880   0.74389   0.73112   0.09392   0.61190   0.41649   0.63567   0.36641   0.14551   0.04870   0.08409   0.11323   0.24563   0.07436   0.11023   0.07632   0.12696   0.02627   0.00000   1.10794   0.89644   0.93956   0.02737   0.48105   0.45374   1.30303   0.35881   0.16338   0.55427   0.27358   0.14988   0.32041   0.09136   0.08012   0.05868   0.03997   0.02126   1.70459   0.71283   0.87919   0.82331   0.55146  
 68 157.5915  15490.518198  x:  7.12083   0.00000   1.26084   0.69414   0.70617   0.07439   0.57404   0.43740   0.63797   0.32446   0.17161   0.05818   0.08411   0.10958   0.27133   0.07540   0.07384   0.07893   0.11853   0.02672   0.00000   1.03702   0.88696   0.93860   0.03794   0.48261   0.52087   1.23423   0.40991   0.18655   0.47294   0.25539   0.15886   0.32572   0.09336   0.05724   0.05492   0.04086   0.01912   1.67086   0.70052   0.86798   0.82513   0.54618  
 69 281.6124  15480.688206  x:  7.64398   0.00000   1.22594   0.65738   0.69262   0.07804   0.55735   0.45851   0.63841   0.29032   0.14714   0.04838   0.09798   0.11383   0.27086   0.07059   0.11604   0.07283   0.12370   0.02702   0.00000   0.99671   0.87706   0.92233   0.04334   0.47362   0.57228   1.16502   0.44638   0.22350   0.40094   0.21547   0.18392   0.33604   0.09358   0.06685   0.05371   0.04365   0.01733   1.62815   0.67044   0.86730   0.80383   0.58666  
 70 525.5078  15463.475095  x:  8.45851   0.00000   1.18718   0.64859   0.70655   0.12687   0.57972   0.48374   0.64048   0.30296   0.08934   0.05171   0.10446   0.11380   0.22061   0.07218   0.10074   0.06393   0.12854   0.02807   0.00000   1.00452   0.86609   0.87615   0.02801   0.44377   0.59273   1.07226   0.43728   0.25229   0.32228   0.10861   0.17182   0.33478   0.08934   0.05344   0.05081   0.04520   0.01326   1.57916   0.69759   0.83839   0.76823   0.56956  
 71 467.9531  15448.498088  x:  9.15356   0.00000   1.16573   0.66753   0.73574   0.16433   0.61294   0.49189   0.64247   0.33471   0.13998   0.03445   0.10035   0.11633   0.19982   0.07248   0.10154   0.05836   0.13448   0.02879   0.00000   1.04418   0.86172   0.83383   0.02942   0.42869   0.58499   1.00788   0.40511   0.25461   0.27796   0.02857   0.18394   0.32588   0.09012   0.05041   0.04611   0.04556   0.01297   1.55141   0.67715   0.83720   0.78619   0.56607  
 72 845.4063  15423.589084  x: 10.41407   0.00000   1.16080   0.76917   0.82924   0.13456   0.72376   0.43191   0.63592   0.36320   0.12125   0.03173   0.09701   0.12144   0.29593   0.07072   0.10424   0.05454   0.06148   0.03062   0.00000   1.18488   0.85778   0.75169   0.05102   0.46346   0.54018   0.96782   0.39526   0.24471   0.21650   0.04408   0.19884   0.29969   0.09271   0.04659   0.03757   0.04871   0.01297   1.53600   0.70874   0.82611   0.82384   0.58704  
 73 551.8070  15413.087487  x: 10.90559   0.00000   1.17005   0.79914   0.85054   0.04104   0.73236   0.38608   0.63183   0.35344   0.11800   0.02902   0.08064   0.12619   0.27338   0.07178   0.10489   0.05156   0.04589   0.03117   0.00000   1.26129   0.87148   0.73660   0.02689   0.48393   0.50740   0.97743   0.39586   0.25111   0.20707   0.04000   0.19394   0.29125   0.09078   0.04244   0.03211   0.04808   0.01343   1.56452   0.71258   0.88026   0.81015   0.57642  
 74 435.9485  15410.353118  x: 11.03923   0.00000   1.17927   0.79987   0.84677   0.00960   0.72184   0.37637   0.63195   0.35083   0.11653   0.02815   0.08672   0.12649   0.26019   0.07204   0.10402   0.05197   0.05721   0.03093   0.00000   1.28949   0.88062   0.74061   0.03437   0.49187   0.49379   0.99249   0.39536   0.25418   0.20541   0.03318   0.20090   0.29085   0.09147   0.04417   0.03191   0.04898   0.01307   1.58325   0.72817   0.86870   0.82315   0.58544  
 75 263.7726  15407.082056  x: 11.20638   0.00000   1.20716   0.78974   0.82482   0.02687   0.70278   0.37165   0.63410   0.33886   0.11702   0.02626   0.08620   0.12908   0.23345   0.07258   0.10348   0.05166   0.04200   0.03137   0.00000   1.34248   0.90347   0.76339   0.04273   0.51356   0.48416   1.04281   0.42664   0.25464   0.20542   0.02983   0.20265   0.29699   0.09111   0.04447   0.03058   0.04971   0.01288   1.62820   0.73482   0.86184   0.83514   0.58997  
 76 145.1034  15405.700444  x: 11.27630   0.00000   1.22628   0.77958   0.80719   0.03351   0.68963   0.37672   0.63806   0.34230   0.11310   0.02688   0.08661   0.12812   0.25261   0.07206   0.10398   0.05051   0.04735   0.03136   0.00000   1.36807   0.91454   0.77793   0.03528   0.51175   0.47272   1.07390   0.43275   0.25010   0.19260   0.01845   0.20390   0.29349   0.09122   0.04305   0.03114   0.04985   0.01248   1.65049   0.73212   0.86387   0.82965   0.58849  
 77 105.1949  15405.184127  x: 11.30426   0.00000   1.23917   0.77529   0.79890   0.03016   0.69542   0.38229   0.64151   0.34911   0.11785   0.02611   0.08655   0.12842   0.25097   0.07220   0.10337   0.05055   0.04658   0.03133   0.00000   1.37773   0.91724   0.78526   0.02677   0.50131   0.47022   1.09032   0.43797   0.24833   0.18010   0.02368   0.20701   0.29196   0.09154   0.04328   0.03126   0.04993   0.01249   1.65426   0.72896   0.85559   0.82157   0.59021  
 78 53.6238  15404.772119  x: 11.32805   0.00000   1.25803   0.77023   0.79037   0.02108   0.70669   0.39036   0.64467   0.35621   0.11413   0.02652   0.08417   0.12871   0.25095   0.07199   0.10453   0.05032   0.04492   0.03138   0.00000   1.38566   0.92073   0.79757   0.03770   0.48762   0.47834   1.09866   0.43934   0.24529   0.18151   0.02376   0.20274   0.28966   0.09109   0.04265   0.03132   0.04983   0.01249   1.65485   0.71928   0.85287   0.82007   0.58512  
 79 29.7274  15404.424773  x: 11.34973   0.00000   1.28048   0.76680   0.78402   0.01849   0.71614   0.39589   0.64576   0.35426   0.11814   0.02574   0.08415   0.12903   0.25420   0.07215   0.10354   0.05058   0.04346   0.03143   0.00000   1.39136   0.92244   0.81033   0.03730   0.47791   0.49018   1.10001   0.43637   0.24467   0.19119   0.02203   0.20494   0.28859   0.09140   0.04313   0.03122   0.05007   0.01251   1.65186   0.72906   0.85800   0.81627   0.58915  
 80 24.8203  15403.928581  x: 11.38221   0.00000   1.31584   0.76531   0.77797   0.01795   0.72434   0.39733   0.64491   0.34603   0.11435   0.02682   0.08536   0.12895   0.25377   0.07210   0.10404   0.05059   0.04259   0.03145   0.00000   1.39647   0.91716   0.82237   0.02475   0.47296   0.50000   1.10110   0.42759   0.24908   0.19060   0.02158   0.20754   0.28914   0.09131   0.04297   0.03184   0.05011   0.01228   1.64375   0.73161   0.86404   0.83383   0.58587  
 81 28.6584  15403.139516  x: 11.43683   0.00000   1.37168   0.76747   0.77299   0.02136   0.72765   0.39349   0.64283   0.33852   0.11648   0.02671   0.08397   0.12919   0.24903   0.07232   0.10371   0.05114   0.04655   0.03133   0.00000   1.40265   0.90119   0.83232   0.03387   0.48189   0.50537   1.10302   0.41148   0.25717   0.17189   0.02343   0.20370   0.28987   0.09092   0.04345   0.03337   0.05009   0.01248   1.63025   0.73904   0.87691   0.83634   0.58419  
 82 43.7328  15401.263205  x: 11.57114   0.00000   1.46935   0.77761   0.77819   0.01916   0.70351   0.37970   0.64350   0.36226   0.11640   0.02710   0.07991   0.13068   0.24808   0.07249   0.10342   0.05183   0.04421   0.03142   0.00000   1.41272   0.87128   0.84569   0.01978   0.52465   0.52149   1.07528   0.40159   0.25338   0.18108   0.02029   0.20516   0.29427   0.09096   0.04323   0.03642   0.05038   0.01233   1.63254   0.72148   0.85496   0.81600   0.58378  
 83 35.2335  15397.201723  x: 11.86590   0.00000   1.51915   0.78807   0.79940   0.02961   0.68381   0.35719   0.63707   0.36581   0.11776   0.02945   0.07270   0.13346   0.24150   0.07307   0.10312   0.05448   0.04770   0.03130   0.00000   1.43153   0.84553   0.82529   0.02740   0.47419   0.48735   1.03036   0.45817   0.24591   0.19338   0.02110   0.21000   0.25177   0.09137   0.04508   0.04457   0.05115   0.01241   1.69968   0.72431   0.86420   0.82373   0.58936  
 84 30.5945  15393.730031  x: 12.13438   0.00000   1.51694   0.79165   0.81374   0.02399   0.68900   0.37450   0.64085   0.38020   0.12041   0.03015   0.06408   0.13604   0.24598   0.07363   0.10294   0.05695   0.04744   0.03131   0.00000   1.45558   0.85066   0.80998   0.03072   0.45408   0.45447   1.01218   0.48997   0.23610   0.19856   0.01798   0.20540   0.31814   0.09141   0.04532   0.05205   0.05138   0.01303   1.74478   0.73579   0.88491   0.83696   0.59358  
 85 110.6663  15385.197913  x: 12.78083   0.00000   1.37569   0.77809   0.82214   0.00766   0.75304   0.45793   0.65107   0.35646   0.12638   0.03302   0.04706   0.14130   0.24352   0.07486   0.10056   0.06270   0.04944   0.03120   0.00000   1.54473   0.96703   0.81060   0.02012   0.54106   0.43593   1.05268   0.45929   0.24160   0.21954   0.01839   0.20784   0.28565   0.09077   0.04851   0.06885   0.05251   0.01311   1.76876   0.73179   0.89609   0.83976   0.58888  
 86 92.9902  15382.227834  x: 12.99532   0.00000   1.29868   0.77933   0.81350   0.01775   0.74379   0.37883   0.65099   0.38955   0.12709   0.03426   0.04166   0.14340   0.24385   0.07516   0.10036   0.06475   0.05092   0.03114   0.00000   1.58310   1.02034   0.82098   0.01886   0.53139   0.49134   1.10075   0.43268   0.24256   0.21836   0.01763   0.20903   0.29268   0.09071   0.04936   0.07486   0.05324   0.01281   1.74586   0.73455   0.90235   0.84505   0.58933  
 87 64.9423  15382.073572  x: 13.00289   0.00000   1.29281   0.80963   0.81550   0.01690   0.72785   0.39181   0.64903   0.38820   0.12696   0.03429   0.04170   0.14356   0.24283   0.07519   0.10036   0.06498   0.05092   0.03114   0.00000   1.58639   1.01835   0.82618   0.01933   0.52433   0.50223   1.10875   0.43317   0.24354   0.21668   0.01736   0.20921   0.29215   0.09071   0.04946   0.07518   0.05329   0.01279   1.74156   0.73470   0.90285   0.84546   0.58861  
 88  5.4723  15381.691778  x: 13.00405   0.00000   1.27711   0.84308   0.76393   0.01734   0.73645   0.38769   0.66317   0.38753   0.12723   0.03401   0.04257   0.14396   0.24333   0.07542   0.09964   0.06662   0.05032   0.03112   0.00000   1.58833   0.99178   0.83774   0.01936   0.52733   0.50334   1.09507   0.42656   0.24591   0.21374   0.01675   0.20912   0.29136   0.09116   0.05010   0.07588   0.05320   0.01328   1.75253   0.73414   0.90176   0.84600   0.59113  
 89  2.0785  15380.452094  x: 12.99453   0.00000   1.27158   0.83471   0.75290   0.01627   0.73507   0.39003   0.59933   0.41047   0.12867   0.03279   0.04499   0.14560   0.24559   0.07622   0.09708   0.07241   0.04758   0.03108   0.00000   1.57946   0.97342   0.87212   0.01995   0.52982   0.48444   1.08189   0.43015   0.24705   0.20741   0.01470   0.20891   0.28664   0.09284   0.05230   0.07803   0.05292   0.01485   1.73276   0.73551   0.90187   0.85185   0.59568  
 90  2.9155  15378.286083  x: 12.97396   0.00000   1.28669   0.79758   0.81741   0.01917   0.71662   0.38750   0.66297   0.41209   0.13016   0.03137   0.04943   0.14864   0.24848   0.07778   0.09221   0.08340   0.04365   0.03097   0.00000   1.54726   0.96592   0.89677   0.02459   0.51963   0.47300   1.08202   0.41662   0.25280   0.19573   0.01089   0.20836   0.27921   0.09601   0.05653   0.08193   0.05226   0.01785   1.71138   0.73457   0.89839   0.86051   0.60123  
 91 11.0143  15377.964924  x: 12.97068   0.00000   1.29854   0.79411   0.82150   0.01821   0.72123   0.39316   0.65515   0.41553   0.13052   0.03096   0.05060   0.14912   0.24877   0.07801   0.09160   0.08486   0.04301   0.03096   0.00000   1.52990   0.97371   0.86348   0.02364   0.51964   0.49791   1.09200   0.40039   0.25762   0.18945   0.01021   0.20844   0.27839   0.09646   0.05714   0.08243   0.05223   0.01804   1.73998   0.73487   0.89926   0.86202   0.60437  
 92  8.7130  15377.793979  x: 12.96918   0.00000   1.31975   0.80813   0.80356   0.01893   0.71830   0.39037   0.65611   0.41731   0.13069   0.03104   0.05029   0.14958   0.24907   0.07819   0.09117   0.08576   0.04311   0.03093   0.00000   1.51140   1.01595   0.83838   0.02403   0.51939   0.49080   1.08766   0.40387   0.25674   0.19029   0.01045   0.20829   0.27787   0.09683   0.05756   0.08254   0.05205   0.01797   1.73272   0.73461   0.89872   0.86302   0.60461  
 93  3.7838  15376.788436  x: 12.96241   0.00000   1.35351   0.80113   0.80166   0.02210   0.70261   0.39387   0.65725   0.42647   0.13266   0.03296   0.04426   0.15422   0.25465   0.07961   0.08867   0.09118   0.04663   0.03055   0.00000   1.50801   0.98027   0.86420   0.02425   0.51936   0.49115   1.08918   0.39574   0.25714   0.19755   0.01752   0.20678   0.27672   0.09991   0.06087   0.08161   0.04998   0.01454   1.74929   0.73349   0.90279   0.87007   0.60922  
 94  0.3393  15376.255199  x: 12.88106   0.00000   1.35159   0.80281   0.79453   0.01948   0.70967   0.39016   0.65486   0.42411   0.13642   0.03841   0.04081   0.15896   0.24939   0.08074   0.08733   0.09032   0.04679   0.03018   0.00000   1.46829   0.95898   0.86852   0.02222   0.52113   0.48866   1.09526   0.41154   0.25507   0.19382   0.01485   0.20430   0.27686   0.10206   0.06137   0.08867   0.04847   0.01394   1.73860   0.73326   0.90110   0.86825   0.61376  
 95  0.1110  15376.084920  x: 12.92462   0.00000   1.35185   0.80001   0.79425   0.01995   0.70537   0.38957   0.65477   0.42320   0.13649   0.04006   0.04467   0.15924   0.25032   0.08051   0.08802   0.08947   0.04824   0.02986   0.00000   1.46684   0.96170   0.86976   0.02082   0.52181   0.49296   1.09692   0.41409   0.25484   0.19719   0.01633   0.20281   0.27782   0.10228   0.06258   0.09196   0.04872   0.01637   1.74087   0.73297   0.90259   0.86758   0.61309  
 96  0.0979  15375.995252  x: 13.02243   0.00000   1.34797   0.79811   0.79391   0.02054   0.70039   0.39147   0.65412   0.42198   0.13566   0.04045   0.04387   0.15936   0.25224   0.07972   0.08955   0.08820   0.04752   0.02948   0.00000   1.46912   0.96618   0.86847   0.02183   0.51990   0.49395   1.08610   0.40963   0.25667   0.19578   0.01585   0.20269   0.27742   0.10102   0.06579   0.09521   0.04903   0.01551   1.74155   0.73327   0.90345   0.86661   0.61060  
 97  0.1062  15375.981940  x: 13.06784   0.00000   1.35156   0.79833   0.79496   0.02094   0.70218   0.39206   0.65411   0.42163   0.13506   0.04065   0.04253   0.15900   0.25150   0.07963   0.08952   0.08865   0.04799   0.02925   0.00000   1.47139   0.96471   0.86783   0.02160   0.51935   0.49388   1.08606   0.40960   0.25668   0.19613   0.01573   0.20320   0.27771   0.10074   0.06603   0.09547   0.04925   0.01601   1.74201   0.73279   0.90262   0.86627   0.61003  
 98  0.0738  15375.968394  x: 13.14832   0.00000   1.35399   0.79891   0.79634   0.02104   0.70474   0.39197   0.65424   0.42096   0.13451   0.04173   0.04334   0.15824   0.25081   0.07963   0.08921   0.08924   0.04810   0.02880   0.00000   1.47544   0.96381   0.86639   0.02180   0.51925   0.49257   1.08875   0.40929   0.25597   0.19661   0.01567   0.20403   0.27815   0.10057   0.06599   0.09597   0.04944   0.01554   1.74201   0.73264   0.90194   0.86607   0.60957  
 99  0.0854  15375.955319  x: 13.24518   0.00000   1.35467   0.79904   0.79569   0.02028   0.70210   0.39128   0.65429   0.42038   0.13421   0.04213   0.04301   0.15714   0.25142   0.07980   0.08894   0.08931   0.04738   0.02801   0.00000   1.47501   0.96361   0.86687   0.02191   0.51965   0.49239   1.08919   0.40922   0.25480   0.19592   0.01590   0.20428   0.27772   0.10077   0.06575   0.09601   0.04937   0.01576   1.74279   0.73305   0.90291   0.86666   0.61015  
100  0.0472  15375.941756  x: 13.37199   0.00000   1.35251   0.79876   0.79463   0.02070   0.70245   0.39172   0.65402   0.42112   0.13470   0.04142   0.04334   0.15679   0.25083   0.07992   0.08913   0.08900   0.04807   0.02699   0.00000   1.47225   0.96459   0.86814   0.02162   0.51940   0.49303   1.08799   0.40985   0.25464   0.19653   0.01561   0.20393   0.27778   0.10100   0.06624   0.09545   0.04913   0.01568   1.74208   0.73241   0.90263   0.86677   0.61057  
101  0.0712  15375.937364  x: 13.44591   0.00000   1.35139   0.79881   0.79537   0.02082   0.70337   0.39158   0.65411   0.42122   0.13490   0.04130   0.04326   0.15744   0.25131   0.07971   0.08930   0.08887   0.04785   0.02671   0.00000   1.47196   0.96428   0.86725   0.02189   0.51943   0.49257   1.08901   0.40907   0.25618   0.19646   0.01577   0.20349   0.27783   0.10085   0.06589   0.09510   0.04923   0.01571   1.74199   0.73293   0.90238   0.86631   0.61025  
102  0.0512  15375.935440  x: 13.52082   0.00000   1.35273   0.79858   0.79572   0.02075   0.70303   0.39179   0.65438   0.42123   0.13483   0.04131   0.04322   0.15831   0.25120   0.07968   0.08919   0.08898   0.04788   0.02665   0.00000   1.47357   0.96448   0.86758   0.02160   0.51973   0.49376   1.08728   0.40985   0.25599   0.19601   0.01575   0.20358   0.27788   0.10074   0.06574   0.09504   0.04934   0.01566   1.74243   0.73295   0.90261   0.86632   0.61002  
103  0.0411  15375.932270  x: 13.71949   0.00000   1.35293   0.79893   0.79484   0.02058   0.70276   0.39166   0.65423   0.42131   0.13460   0.04125   0.04318   0.15909   0.25134   0.07982   0.08907   0.08885   0.04791   0.02663   0.00000   1.47301   0.96396   0.86683   0.02187   0.51937   0.49193   1.09013   0.40965   0.25546   0.19648   0.01569   0.20407   0.27774   0.10079   0.06580   0.09543   0.04924   0.01571   1.74202   0.73246   0.90240   0.86670   0.61005  
104  0.0477  15375.921340  x: 14.52854   0.00000   1.35043   0.79835   0.79550   0.02111   0.70342   0.39203   0.65384   0.42087   0.13430   0.04109   0.04335   0.15836   0.25106   0.07985   0.08945   0.08886   0.04797   0.02687   0.00000   1.46952   0.96485   0.86825   0.02215   0.51898   0.49334   1.08590   0.40825   0.25508   0.19637   0.01582   0.20414   0.27785   0.10086   0.06520   0.09577   0.04930   0.01572   1.74270   0.73328   0.90251   0.86664   0.61072  
105  0.1299  15375.915170  x: 15.07534   0.00000   1.35307   0.79879   0.79545   0.02077   0.70308   0.39120   0.65406   0.42084   0.13467   0.04071   0.04327   0.15786   0.25115   0.07971   0.08929   0.08913   0.04794   0.02696   0.00000   1.47197   0.96336   0.86805   0.02142   0.51954   0.49256   1.08911   0.40972   0.25543   0.19677   0.01575   0.20342   0.27799   0.10071   0.06541   0.09573   0.04929   0.01560   1.74339   0.73270   0.90297   0.86605   0.61005  
106  0.3485  15375.912010  x: 15.64473   0.00000   1.35332   0.79829   0.79514   0.02073   0.70249   0.39228   0.65442   0.42133   0.13506   0.04099   0.04319   0.15791   0.25117   0.07972   0.08902   0.08898   0.04793   0.02694   0.00000   1.47214   0.96415   0.86767   0.02184   0.51947   0.49311   1.08830   0.40988   0.25597   0.19619   0.01573   0.20367   0.27768   0.10083   0.06541   0.09575   0.04927   0.01564   1.74287   0.73284   0.90219   0.86665   0.61010  
107  0.2571  15375.909828  x: 16.34980   0.00000   1.35221   0.79866   0.79562   0.02082   0.70363   0.39146   0.65422   0.42138   0.13473   0.04116   0.04327   0.15794   0.25133   0.07975   0.08932   0.08890   0.04787   0.02700   0.00000   1.47171   0.96399   0.86763   0.02155   0.51966   0.49325   1.08790   0.40988   0.25590   0.19609   0.01580   0.20375   0.27788   0.10085   0.06574   0.09538   0.04925   0.01568   1.74328   0.73285   0.90280   0.86640   0.61017  
108  0.2642  15375.909413  x: 16.59863   0.00000   1.35259   0.79850   0.79529   0.02079   0.70285   0.39172   0.65421   0.42124   0.13475   0.04128   0.04325   0.15798   0.25119   0.07974   0.08919   0.08890   0.04791   0.02701   0.00000   1.47214   0.96401   0.86785   0.02166   0.51945   0.49300   1.08834   0.40962   0.25581   0.19633   0.01574   0.20367   0.27787   0.10080   0.06575   0.09519   0.04926   0.01568   1.74333   0.73285   0.90264   0.86638   0.61011  
109  0.1774  15375.909385  x: 16.67703   0.00000   1.35252   0.79851   0.79536   0.02078   0.70301   0.39175   0.65422   0.42116   0.13475   0.04129   0.04324   0.15799   0.25123   0.07974   0.08919   0.08891   0.04789   0.02701   0.00000   1.47185   0.96402   0.86781   0.02167   0.51949   0.49301   1.08839   0.40970   0.25573   0.19632   0.01575   0.20366   0.27784   0.10079   0.06579   0.09517   0.04928   0.01568   1.74330   0.73283   0.90258   0.86640   0.61012  
110  0.0658  15375.909379  x: 16.74105   0.00000   1.35254   0.79852   0.79535   0.02079   0.70301   0.39170   0.65421   0.42115   0.13476   0.04129   0.04324   0.15799   0.25121   0.07974   0.08921   0.08891   0.04789   0.02701   0.00000   1.47190   0.96403   0.86784   0.02165   0.51949   0.49301   1.08837   0.40964   0.25574   0.19632   0.01575   0.20366   0.27785   0.10080   0.06578   0.09517   0.04928   0.01568   1.74332   0.73283   0.90261   0.86640   0.61013  
111  0.0293  15375.909377  x: 16.77230   0.00000   1.35255   0.79851   0.79535   0.02079   0.70300   0.39173   0.65421   0.42115   0.13476   0.04128   0.04324   0.15799   0.25122   0.07974   0.08920   0.08891   0.04789   0.02701   0.00000   1.47191   0.96402   0.86783   0.02167   0.51949   0.49301   1.08838   0.40967   0.25573   0.19632   0.01575   0.20366   0.27785   0.10080   0.06577   0.09519   0.04928   0.01568   1.74332   0.73283   0.90260   0.86640   0.61013  
112  0.0171  15375.909377  x: 16.77474   0.00000   1.35255   0.79852   0.79535   0.02079   0.70300   0.39173   0.65421   0.42116   0.13476   0.04128   0.04324   0.15799   0.25122   0.07974   0.08920   0.08891   0.04789   0.02701   0.00000   1.47190   0.96402   0.86783   0.02166   0.51949   0.49301   1.08837   0.40967   0.25574   0.19632   0.01575   0.20366   0.27784   0.10080   0.06577   0.09519   0.04928   0.01568   1.74332   0.73283   0.90260   0.86640   0.61013  
113  0.0021  15375.909377  x: 16.77508   0.00000   1.35255   0.79852   0.79535   0.02079   0.70300   0.39173   0.65421   0.42116   0.13476   0.04128   0.04324   0.15799   0.25122   0.07974   0.08920   0.08891   0.04789   0.02701   0.00000   1.47190   0.96402   0.86783   0.02166   0.51949   0.49301   1.08837   0.40967   0.25574   0.19632   0.01575   0.20366   0.27784   0.10080   0.06577   0.09519   0.04928   0.01568   1.74332   0.73283   0.90260   0.86640   0.61012  
114  0.0004  15375.909377  x: 16.77517   0.00000   1.35255   0.79852   0.79535   0.02079   0.70300   0.39173   0.65421   0.42116   0.13476   0.04128   0.04324   0.15799   0.25122   0.07974   0.08920   0.08891   0.04789   0.02701   0.00000   1.47190   0.96402   0.86783   0.02166   0.51949   0.49301   1.08837   0.40967   0.25574   0.19632   0.01575   0.20366   0.27784   0.10080   0.06577   0.09519   0.04928   0.01568   1.74332   0.73283   0.90260   0.86640   0.61012  