

TREE # 1

  0  0.0000   2424.209305  x:  0.34550   0.10581   0.16992   0.01760   0.05354   0.03275   0.01712   0.01464   0.01730   0.00997   0.00403   0.01492   0.01780   0.00483   0.04340   0.12925   0.03632   0.06519   0.03688   0.00725   0.00505   0.02575   0.01316   0.10001   0.08998   0.16282   0.00605   0.05206   0.00969   0.00978   0.01299   0.01061   0.01260   0.00000   0.01295   0.03115   0.01700   0.01495   0.16877   0.02538   0.04907   0.03842   0.04027   0.00214   0.00664   0.00975   0.10924   8.40433   0.97985   0.85778   0.99671   1.00000  
  1 99.0000   2424.207721  x:  0.34550   0.10581   0.16992   0.01760   0.05354   0.03275   0.01712   0.01464   0.01730   0.00997   0.00403   0.01492   0.01780   0.00483   0.04340   0.12925   0.03632   0.06519   0.03688   0.00725   0.00505   0.02575   0.01316   0.10001   0.08998   0.16282   0.00605   0.05206   0.00969   0.00978   0.01299   0.01061   0.01260   0.00000   0.01295   0.03115   0.01700   0.01495   0.16877   0.02538   0.04907   0.03842   0.04027   0.00214   0.00664   0.00975   0.10924   8.40433   0.97985   0.85778   0.99671   1.00000  
  2 550.7664   2420.983253  x:  0.34568   0.10619   0.17025   0.01752   0.05335   0.03275   0.01645   0.01473   0.01661   0.01026   0.00187   0.01448   0.01774   0.00266   0.04331   0.12934   0.03621   0.06495   0.03680   0.00508   0.00288   0.02556   0.01320   0.10023   0.09032   0.16310   0.00392   0.05209   0.01002   0.00764   0.01299   0.00990   0.01248   0.00000   0.01279   0.03118   0.01633   0.01285   0.16887   0.02522   0.04879   0.03846   0.04005   0.00000   0.00447   0.01012   0.10934   8.40416   0.97983   0.85782   0.99679   1.00010  
  3 2884.3874   2418.595581  x:  0.34582   0.10645   0.17051   0.01745   0.05324   0.03275   0.01614   0.01479   0.01629   0.01046   0.00000   0.01437   0.01780   0.00079   0.04327   0.12940   0.03616   0.06478   0.03677   0.00321   0.00102   0.02551   0.01321   0.10037   0.09056   0.16332   0.00210   0.05210   0.01019   0.00580   0.01299   0.01014   0.01257   0.00000   0.01286   0.03118   0.01603   0.01105   0.16894   0.02520   0.04861   0.03847   0.03994   0.00000   0.00261   0.01032   0.10940   8.40400   0.97980   0.85784   0.99686   1.00018  
  4 10985.1444   2417.727019  x:  0.34587   0.10654   0.17061   0.01745   0.05321   0.03275   0.01607   0.01480   0.01621   0.01048   0.00000   0.01436   0.01781   0.00000   0.04326   0.12942   0.03615   0.06472   0.03677   0.00242   0.00024   0.02550   0.01322   0.10043   0.09065   0.16340   0.00133   0.05211   0.01019   0.00503   0.01299   0.01014   0.01260   0.00000   0.01289   0.03118   0.01597   0.01029   0.16896   0.02520   0.04855   0.03847   0.03991   0.00000   0.00182   0.01032   0.10943   8.40394   0.97980   0.85784   0.99688   1.00021  
  5 46367.5196   2417.505007  x:  0.34589   0.10657   0.17064   0.01745   0.05319   0.03275   0.01604   0.01480   0.01618   0.01048   0.00000   0.01436   0.01782   0.00000   0.04325   0.12943   0.03615   0.06470   0.03676   0.00219   0.00000   0.02550   0.01321   0.10045   0.09068   0.16343   0.00110   0.05211   0.01018   0.00480   0.01299   0.01014   0.01262   0.00000   0.01291   0.03118   0.01594   0.01007   0.16897   0.02520   0.04853   0.03847   0.03990   0.00000   0.00159   0.01031   0.10943   8.40392   0.97979   0.85784   0.99689   1.00022  
  6 146412.3296   2416.557343  x:  0.34607   0.10703   0.17105   0.01755   0.05303   0.03274   0.01601   0.01471   0.01611   0.01017   0.00000   0.01459   0.01778   0.00000   0.04323   0.12953   0.03615   0.06440   0.03676   0.00104   0.00000   0.02559   0.01334   0.10071   0.09110   0.16377   0.00000   0.05212   0.01038   0.00362   0.01298   0.01015   0.01256   0.00000   0.01292   0.03116   0.01593   0.00898   0.16911   0.02532   0.04823   0.03847   0.03982   0.00000   0.00038   0.01043   0.10955   8.40381   0.97971   0.85788   0.99700   1.00027  
  7 2887.6259   2416.319736  x:  0.34614   0.10718   0.17122   0.01752   0.05300   0.03274   0.01604   0.01474   0.01614   0.01026   0.00000   0.01460   0.01775   0.00000   0.04322   0.12957   0.03616   0.06428   0.03676   0.00071   0.00000   0.02560   0.01327   0.10079   0.09125   0.16391   0.00000   0.05212   0.01035   0.00325   0.01299   0.01015   0.01250   0.00000   0.01286   0.03116   0.01596   0.00866   0.16916   0.02533   0.04814   0.03847   0.03981   0.00000   0.00000   0.01043   0.10959   8.40377   0.97968   0.85790   0.99704   1.00029  
  8 1854.1562   2415.954043  x:  0.34629   0.10732   0.17155   0.01752   0.05305   0.03275   0.01609   0.01474   0.01623   0.01031   0.00000   0.01436   0.01782   0.00000   0.04325   0.12963   0.03616   0.06412   0.03677   0.00000   0.00000   0.02550   0.01351   0.10086   0.09139   0.16416   0.00000   0.05212   0.01033   0.00244   0.01297   0.01015   0.01258   0.00000   0.01287   0.03118   0.01600   0.00800   0.16926   0.02523   0.04812   0.03848   0.03987   0.00000   0.00000   0.01039   0.10964   8.40368   0.97956   0.85797   0.99718   1.00032  
  9 780.1268   2415.217890  x:  0.34669   0.10737   0.17229   0.01758   0.05324   0.03276   0.01605   0.01468   0.01626   0.01010   0.00000   0.01400   0.01794   0.00000   0.04329   0.12973   0.03614   0.06386   0.03676   0.00000   0.00000   0.02535   0.01314   0.10085   0.09148   0.16469   0.00000   0.05212   0.01044   0.00000   0.01301   0.01015   0.01275   0.00000   0.01304   0.03120   0.01590   0.00604   0.16948   0.02510   0.04826   0.03851   0.03999   0.00000   0.00000   0.01047   0.10970   8.40341   0.97923   0.85815   0.99757   1.00041  
 10 1132.2868   2414.155955  x:  0.34769   0.10715   0.17379   0.01750   0.05352   0.03274   0.01558   0.01477   0.01578   0.01021   0.00000   0.01440   0.01780   0.00000   0.04328   0.12987   0.03607   0.06354   0.03671   0.00000   0.00000   0.02544   0.01328   0.10066   0.09138   0.16570   0.00000   0.05215   0.01031   0.00000   0.01297   0.01016   0.01258   0.00000   0.01318   0.03114   0.01544   0.00000   0.16988   0.02530   0.04861   0.03851   0.03998   0.00000   0.00000   0.01049   0.10973   8.40260   0.97838   0.85864   0.99862   1.00069  
 11 877.3926   2413.261515  x:  0.35844   0.10715   0.17869   0.01973   0.04551   0.03261   0.01376   0.01238   0.01086   0.01287   0.00000   0.01289   0.02275   0.00000   0.04097   0.12959   0.03596   0.06509   0.03624   0.00000   0.00000   0.02661   0.01283   0.10180   0.09175   0.16844   0.00000   0.05357   0.01417   0.00000   0.01506   0.01016   0.01541   0.00000   0.00907   0.03203   0.01552   0.00000   0.16972   0.02830   0.04180   0.03798   0.03334   0.00000   0.00000   0.00616   0.10935   8.38680   0.97075   0.86377   1.01025   1.00669  
 12 58.5644   2412.481583  x:  0.36776   0.10990   0.17818   0.01895   0.03737   0.03265   0.01203   0.01452   0.00928   0.01112   0.00000   0.01011   0.02437   0.00000   0.03903   0.12893   0.03582   0.06728   0.03580   0.00000   0.00000   0.02620   0.01296   0.10487   0.09419   0.16774   0.00000   0.05462   0.00936   0.00000   0.01311   0.01028   0.01660   0.00000   0.01060   0.03252   0.01444   0.00000   0.16800   0.02820   0.03321   0.03801   0.02879   0.00000   0.00000   0.01141   0.10924   8.36913   0.96495   0.86840   1.02087   1.01355  
 13 129.8276   2411.659485  x:  0.37544   0.11841   0.17115   0.01589   0.03680   0.03277   0.00828   0.01494   0.01095   0.01134   0.00000   0.01127   0.02167   0.00000   0.03875   0.12835   0.03511   0.06829   0.03528   0.00000   0.00000   0.02393   0.01291   0.11128   0.10131   0.16361   0.00000   0.05466   0.01224   0.00000   0.01318   0.01026   0.01654   0.00000   0.01485   0.03184   0.00831   0.00000   0.16481   0.02397   0.02776   0.03916   0.03188   0.00000   0.00000   0.00801   0.11024   8.34691   0.96172   0.87262   1.03073   1.02228  
 14 97.0748   2411.199097  x:  0.37821   0.12540   0.16541   0.01873   0.04006   0.03270   0.00851   0.01393   0.00574   0.01268   0.00000   0.01140   0.02083   0.00000   0.03928   0.12845   0.03434   0.06727   0.03494   0.00000   0.00000   0.02355   0.01292   0.11567   0.10702   0.16092   0.00000   0.05429   0.01136   0.00000   0.01391   0.01032   0.01775   0.00000   0.01530   0.03139   0.00848   0.00000   0.16307   0.02290   0.03027   0.03975   0.03290   0.00000   0.00000   0.00896   0.11147   8.33245   0.96187   0.87457   1.03527   1.02795  
 15 105.9054   2411.020446  x:  0.37825   0.12872   0.16283   0.01935   0.04142   0.03251   0.00614   0.01384   0.00744   0.01281   0.00000   0.01102   0.02169   0.00000   0.03924   0.12883   0.03359   0.06580   0.03461   0.00000   0.00000   0.02437   0.01289   0.11717   0.10944   0.16014   0.00000   0.05413   0.01083   0.00000   0.01368   0.01034   0.01884   0.00000   0.01392   0.03141   0.00744   0.00000   0.16274   0.02459   0.03359   0.03958   0.03072   0.00000   0.00000   0.00958   0.11225   8.32450   0.96349   0.87517   1.03654   1.03106  
 16 73.9980   2410.909320  x:  0.37717   0.13039   0.16166   0.01716   0.04160   0.03239   0.00766   0.01485   0.00682   0.01186   0.00000   0.01051   0.02224   0.00000   0.03898   0.12935   0.03297   0.06418   0.03435   0.00000   0.00000   0.02462   0.01288   0.11731   0.11025   0.16014   0.00000   0.05405   0.01131   0.00000   0.01300   0.01031   0.01920   0.00000   0.01344   0.03153   0.00611   0.00000   0.16302   0.02566   0.03559   0.03920   0.02890   0.00000   0.00000   0.00910   0.11278   8.31761   0.96605   0.87539   1.03673   1.03373  
 17 59.1647   2410.776700  x:  0.37471   0.13165   0.16102   0.01487   0.04106   0.03235   0.00627   0.01565   0.00583   0.01104   0.00000   0.01016   0.02236   0.00000   0.03858   0.13018   0.03244   0.06190   0.03413   0.00000   0.00000   0.02419   0.01294   0.11655   0.11025   0.16065   0.00000   0.05402   0.01193   0.00000   0.01292   0.01028   0.01901   0.00000   0.01386   0.03168   0.00824   0.00000   0.16388   0.02577   0.03661   0.03872   0.02808   0.00000   0.00000   0.00848   0.11332   8.30719   0.97077   0.87552   1.03635   1.03774  
 18 74.0882   2409.873742  x:  0.35484   0.13665   0.16056   0.01829   0.03450   0.03238   0.00589   0.01523   0.00566   0.01296   0.00000   0.01093   0.02238   0.00000   0.03616   0.13583   0.03071   0.04774   0.03342   0.00000   0.00000   0.02117   0.01318   0.10877   0.10685   0.16582   0.00000   0.05436   0.01223   0.00000   0.01590   0.01026   0.01682   0.00000   0.01714   0.03233   0.00626   0.00000   0.17096   0.02391   0.03613   0.03617   0.02732   0.00000   0.00000   0.00868   0.11617   8.23064   1.00737   0.87599   1.03178   1.06693  
 19 146.1519   2409.216359  x:  0.34172   0.13877   0.16439   0.01784   0.03776   0.03239   0.00464   0.01227   0.00443   0.01369   0.00000   0.00986   0.02277   0.00000   0.03706   0.13800   0.03239   0.04765   0.03436   0.00000   0.00000   0.02478   0.01259   0.10644   0.10630   0.16951   0.00000   0.05490   0.01243   0.00000   0.01022   0.01024   0.01835   0.00000   0.01526   0.03141   0.00516   0.00000   0.17475   0.02423   0.03060   0.03859   0.02854   0.00000   0.00000   0.00908   0.11683   8.17310   1.03375   0.87682   1.02855   1.08827  
 20 194.5729   2408.648234  x:  0.33114   0.13990   0.17075   0.01700   0.04185   0.03225   0.00411   0.01531   0.00410   0.01249   0.00000   0.00941   0.02204   0.00000   0.03796   0.13837   0.03263   0.05409   0.03453   0.00000   0.00000   0.02634   0.01337   0.10743   0.10800   0.17294   0.00000   0.05546   0.01207   0.00000   0.01644   0.01021   0.02045   0.00000   0.01345   0.03034   0.00432   0.00000   0.17695   0.02440   0.02666   0.04195   0.02708   0.00000   0.00000   0.00996   0.11647   8.11379   1.05914   0.87843   1.02614   1.10974  
 21 282.8128   2407.852375  x:  0.32377   0.13919   0.18120   0.01918   0.03974   0.03196   0.00473   0.01568   0.00474   0.01363   0.00000   0.01108   0.01907   0.00000   0.03648   0.13571   0.02853   0.06662   0.03197   0.00000   0.00000   0.02076   0.01299   0.11368   0.11343   0.17641   0.00000   0.05596   0.01352   0.00000   0.01303   0.01016   0.02057   0.00000   0.01530   0.03074   0.00538   0.00000   0.17657   0.02263   0.03029   0.04350   0.02272   0.00000   0.00000   0.00902   0.11449   8.03193   1.08960   0.88255   1.02552   1.13830  
 22 223.5838   2407.149209  x:  0.32383   0.13635   0.18823   0.01667   0.03359   0.03213   0.00437   0.01259   0.00423   0.01365   0.00000   0.00987   0.02147   0.00000   0.03558   0.13155   0.02986   0.07250   0.03137   0.00000   0.00000   0.02159   0.01323   0.12075   0.11848   0.17717   0.00000   0.05548   0.01308   0.00000   0.01437   0.01012   0.01847   0.00000   0.01528   0.03245   0.00436   0.00000   0.17333   0.02529   0.03568   0.03908   0.02993   0.00000   0.00000   0.01018   0.11222   7.95422   1.11312   0.88818   1.02764   1.16367  
 23 227.0091   2405.584209  x:  0.33922   0.12517   0.19525   0.02175   0.03722   0.03282   0.00391   0.02119   0.00411   0.01328   0.00000   0.00737   0.02541   0.00000   0.03661   0.12230   0.03560   0.06556   0.03337   0.00000   0.00000   0.02689   0.01308   0.13122   0.12350   0.17365   0.00000   0.05345   0.01593   0.00000   0.01197   0.00999   0.01203   0.00000   0.01739   0.03171   0.00497   0.00000   0.16248   0.02303   0.03507   0.02890   0.02949   0.00000   0.00000   0.00810   0.10817   7.77234   1.15474   0.90565   1.03993   1.21893  
 24 245.2963   2402.800085  x:  0.37156   0.10771   0.20114   0.01564   0.04370   0.03296   0.00583   0.01115   0.00579   0.01333   0.00000   0.01016   0.02565   0.00000   0.03751   0.11138   0.03588   0.04683   0.03424   0.00000   0.00000   0.02367   0.01377   0.14148   0.12697   0.16653   0.00000   0.05172   0.01462   0.00000   0.01542   0.00995   0.01157   0.00000   0.01377   0.03093   0.00582   0.00000   0.14627   0.01851   0.03147   0.03484   0.02402   0.00000   0.00000   0.01212   0.10420   7.46072   1.21699   0.93795   1.06558   1.31028  
 25 735.2464   2400.734058  x:  0.39856   0.10334   0.20006   0.01874   0.04145   0.03213   0.00614   0.01902   0.00621   0.01179   0.00000   0.00864   0.01838   0.00000   0.03880   0.11281   0.03110   0.03953   0.03377   0.00000   0.00000   0.01935   0.01378   0.14017   0.12549   0.16234   0.00000   0.05313   0.01651   0.00000   0.01288   0.00986   0.01846   0.00000   0.00707   0.03194   0.00694   0.00000   0.14172   0.02836   0.02986   0.04634   0.03367   0.00000   0.00000   0.01177   0.10585   7.20450   1.25826   0.96570   1.09058   1.38064  
 26 698.1275   2397.447674  x:  0.43077   0.11299   0.19356   0.01901   0.04043   0.03205   0.00810   0.01604   0.00780   0.01287   0.00000   0.00197   0.01221   0.00000   0.04095   0.12588   0.03128   0.04817   0.03481   0.00000   0.00000   0.02706   0.01425   0.12821   0.12032   0.16166   0.00000   0.05580   0.01837   0.00000   0.01454   0.00980   0.01341   0.00000   0.01183   0.03305   0.00863   0.00000   0.14865   0.03031   0.03200   0.05010   0.03342   0.00000   0.00000   0.01161   0.11298   6.87583   1.29848   1.00234   1.12729   1.46436  
 27 760.0459   2393.049268  x:  0.48242   0.13330   0.18140   0.01795   0.04033   0.03362   0.00949   0.01741   0.00957   0.01085   0.00000   0.00691   0.02061   0.00000   0.04539   0.14961   0.03621   0.06672   0.03765   0.00000   0.00000   0.02767   0.01460   0.10590   0.11074   0.16266   0.00000   0.05909   0.01938   0.00000   0.01369   0.00972   0.00764   0.00000   0.00402   0.03881   0.00992   0.00000   0.16402   0.01887   0.03608   0.04986   0.03702   0.00000   0.00000   0.01411   0.12543   6.32099   1.36215   1.06438   1.19058   1.60304  
 28 3508.7220   2391.598495  x:  0.48569   0.13961   0.17623   0.01683   0.04701   0.03327   0.01001   0.01435   0.00991   0.01082   0.00000   0.00642   0.01976   0.00000   0.04262   0.15016   0.04027   0.07122   0.03797   0.00000   0.00000   0.01541   0.01480   0.10411   0.10584   0.16633   0.00000   0.05416   0.01894   0.00000   0.01397   0.00975   0.00670   0.00000   0.00292   0.03495   0.01012   0.00000   0.17101   0.02767   0.03152   0.03918   0.03703   0.00000   0.00000   0.01540   0.12357   6.15122   1.37088   1.08214   1.21106   1.63711  
 29 449.9650   2389.745153  x:  0.47273   0.14336   0.17184   0.01696   0.04741   0.03297   0.01032   0.01481   0.01031   0.01011   0.00000   0.00602   0.01818   0.00000   0.03841   0.14165   0.03899   0.07001   0.03641   0.00000   0.00000   0.01844   0.01494   0.10988   0.10013   0.17430   0.00000   0.04784   0.01914   0.00000   0.01393   0.00982   0.00709   0.00000   0.00078   0.03753   0.01047   0.00000   0.17833   0.02474   0.03164   0.04006   0.03825   0.00000   0.00000   0.01566   0.11518   5.96389   1.36672   1.10012   1.23516   1.66345  
 30 346.9761   2388.090837  x:  0.45906   0.14696   0.16746   0.01771   0.04885   0.03291   0.01051   0.01565   0.01045   0.00967   0.00000   0.00552   0.02146   0.00000   0.03612   0.13325   0.03901   0.06875   0.03587   0.00000   0.00000   0.01880   0.01503   0.11580   0.09518   0.18174   0.00000   0.04291   0.01957   0.00000   0.01381   0.00989   0.00220   0.00000   0.00144   0.04356   0.01078   0.00000   0.18488   0.02547   0.03143   0.04600   0.03912   0.00000   0.00000   0.01552   0.10724   5.77983   1.36240   1.11789   1.25882   1.68873  
 31 4090.0519   2385.931949  x:  0.43150   0.14881   0.16460   0.01779   0.04682   0.03654   0.00987   0.01593   0.01007   0.00908   0.00000   0.00608   0.01237   0.00000   0.04773   0.12210   0.05641   0.06482   0.04406   0.00000   0.00000   0.01472   0.01521   0.12246   0.09356   0.18976   0.00000   0.05119   0.02042   0.00000   0.01390   0.00994   0.00417   0.00000   0.00168   0.06416   0.01017   0.00000   0.18956   0.02602   0.03476   0.04910   0.03479   0.00000   0.00000   0.01496   0.10074   5.47934   1.35325   1.14724   1.29711   1.72468  
 32 777.0003   2383.686712  x:  0.40182   0.14239   0.17103   0.01751   0.04644   0.03363   0.00997   0.01554   0.01020   0.00830   0.00000   0.00551   0.01354   0.00000   0.05569   0.12303   0.05625   0.06132   0.04354   0.00000   0.00000   0.01271   0.01532   0.12011   0.10431   0.18589   0.00000   0.06686   0.02022   0.00000   0.01391   0.00997   0.00116   0.00000   0.00098   0.06137   0.01024   0.00000   0.18147   0.02590   0.03502   0.04759   0.03494   0.00000   0.00000   0.01495   0.11031   5.22472   1.34107   1.16973   1.32701   1.74539  
 33 451.0884   2380.349834  x:  0.35387   0.12877   0.18913   0.01800   0.05268   0.03414   0.01026   0.01499   0.01048   0.00678   0.00000   0.00583   0.00863   0.00000   0.04177   0.14040   0.06245   0.05805   0.03758   0.00000   0.00000   0.01351   0.01549   0.10668   0.13091   0.17041   0.00000   0.04977   0.01926   0.00000   0.01426   0.00999   0.00187   0.00000   0.00113   0.08716   0.01052   0.00000   0.15886   0.02701   0.03113   0.04457   0.03462   0.00000   0.00000   0.01469   0.13511   4.76421   1.32892   1.21449   1.37837   1.77602  
 34 507.3270   2374.637716  x:  0.32295   0.13532   0.20817   0.01804   0.04365   0.05336   0.01063   0.01395   0.01069   0.00390   0.00000   0.00595   0.00951   0.00000   0.05727   0.16611   0.04917   0.05194   0.07530   0.00000   0.00000   0.01354   0.01544   0.11101   0.14015   0.15394   0.00000   0.02712   0.01607   0.00000   0.01434   0.00958   0.00133   0.00000   0.00099   0.06698   0.01085   0.00000   0.15717   0.02744   0.03472   0.04574   0.03363   0.00000   0.00000   0.01242   0.11280   3.94502   1.35386   1.28624   1.43910   1.79278  
 35 227.8400   2367.551661  x:  0.30201   0.14583   0.21841   0.01807   0.04821   0.04968   0.01222   0.01297   0.01208   0.00044   0.00000   0.00629   0.00984   0.00000   0.04337   0.17905   0.04456   0.04539   0.08288   0.00000   0.00000   0.01646   0.01541   0.11904   0.14289   0.14844   0.00000   0.04472   0.01182   0.00000   0.01478   0.00902   0.00179   0.00000   0.00125   0.06174   0.01227   0.00000   0.16155   0.02699   0.03462   0.04220   0.03732   0.00000   0.00000   0.01095   0.09071   3.11070   1.38806   1.35866   1.49737   1.80636  
 36 1721.9207   2366.290957  x:  0.30026   0.14657   0.21714   0.01819   0.04590   0.04256   0.01236   0.01299   0.01218   0.00000   0.00000   0.00632   0.00980   0.00000   0.05067   0.17439   0.04788   0.04522   0.07610   0.00000   0.00000   0.01663   0.01538   0.12024   0.14233   0.15271   0.00000   0.04003   0.01122   0.00000   0.01473   0.00894   0.00195   0.00000   0.00130   0.05809   0.01244   0.00000   0.16305   0.02659   0.03473   0.04304   0.03705   0.00000   0.00000   0.01042   0.09663   2.95166   1.39655   1.37121   1.50724   1.80591  
 37 617.1484   2362.721523  x:  0.28855   0.14509   0.21201   0.01755   0.04600   0.03166   0.01319   0.01104   0.01271   0.00035   0.00000   0.00664   0.01059   0.00000   0.07695   0.16619   0.03435   0.04457   0.05799   0.00000   0.00000   0.01984   0.01541   0.12374   0.14367   0.16278   0.00000   0.03514   0.00910   0.00000   0.01515   0.00898   0.00257   0.00000   0.00156   0.06114   0.01311   0.00000   0.16999   0.02732   0.02865   0.03365   0.03834   0.00000   0.00000   0.01022   0.10250   2.41207   1.43914   1.44303   1.56018   1.79318  
 38 284.5329   2360.904250  x:  0.28465   0.14541   0.20960   0.01819   0.04221   0.04739   0.01330   0.01244   0.01288   0.00045   0.00000   0.00638   0.01077   0.00000   0.07092   0.15755   0.04838   0.04432   0.04878   0.00000   0.00000   0.01944   0.01539   0.12277   0.14572   0.16929   0.00000   0.03520   0.00888   0.00000   0.01478   0.00905   0.00248   0.00000   0.00155   0.04514   0.01335   0.00000   0.17107   0.02662   0.03268   0.04148   0.03813   0.00000   0.00000   0.00921   0.11130   2.13535   1.46117   1.47447   1.58491   1.78025  
 39 502.0215   2360.341426  x:  0.28819   0.14781   0.21074   0.01848   0.04101   0.03649   0.01298   0.01300   0.01269   0.00049   0.00000   0.00631   0.00997   0.00000   0.06243   0.15161   0.05118   0.04517   0.06373   0.00000   0.00000   0.01824   0.01538   0.11934   0.14609   0.17070   0.00000   0.03413   0.00892   0.00000   0.01457   0.00915   0.00247   0.00000   0.00153   0.04314   0.01307   0.00000   0.16841   0.02527   0.03497   0.04447   0.03788   0.00000   0.00000   0.00886   0.11591   2.05165   1.46744   1.47191   1.58664   1.76728  
 40 96.5531   2359.631595  x:  0.30233   0.15199   0.21313   0.01838   0.04413   0.04572   0.01260   0.01226   0.01236   0.00042   0.00000   0.00631   0.00859   0.00000   0.06019   0.14306   0.04258   0.04645   0.06920   0.00000   0.00000   0.01801   0.01541   0.11389   0.14392   0.17168   0.00000   0.03536   0.00844   0.00000   0.01469   0.00939   0.00211   0.00000   0.00144   0.05325   0.01257   0.00000   0.16373   0.02595   0.03268   0.04096   0.03793   0.00000   0.00000   0.00900   0.12127   1.94571   1.47409   1.44465   1.57684   1.73558  
 41 69.9022   2358.998916  x:  0.31567   0.15171   0.21807   0.01853   0.04417   0.04137   0.01197   0.01233   0.01188   0.00042   0.00000   0.00625   0.00696   0.00000   0.06216   0.15646   0.04871   0.04507   0.06044   0.00000   0.00000   0.01641   0.01541   0.11505   0.14380   0.16427   0.00000   0.03335   0.00838   0.00000   0.01458   0.00967   0.00174   0.00000   0.00131   0.05827   0.01195   0.00000   0.16314   0.02520   0.03313   0.04204   0.03647   0.00000   0.00000   0.00876   0.10789   1.85790   1.47820   1.41409   1.56652   1.70245  
 42 75.7647   2358.856199  x:  0.31772   0.14398   0.21522   0.01854   0.04462   0.04201   0.01184   0.01224   0.01179   0.00042   0.00000   0.00630   0.00679   0.00000   0.06049   0.16321   0.04832   0.04518   0.06265   0.00000   0.00000   0.01613   0.01540   0.12458   0.14310   0.16508   0.00000   0.03382   0.00830   0.00000   0.01456   0.00971   0.00172   0.00000   0.00132   0.05932   0.01179   0.00000   0.16955   0.02491   0.03288   0.04192   0.03632   0.00000   0.00000   0.00875   0.11334   1.84913   1.47881   1.40727   1.56600   1.69469  
 43  9.5041   2356.569242  x:  0.32943   0.11517   0.19077   0.01888   0.04390   0.04321   0.01106   0.01253   0.01120   0.00041   0.00000   0.00557   0.00783   0.00000   0.05914   0.16464   0.04438   0.04753   0.06477   0.00000   0.00000   0.01514   0.01529   0.10702   0.18465   0.19880   0.00000   0.03412   0.00689   0.00000   0.01414   0.01026   0.00192   0.00000   0.00135   0.05595   0.01096   0.00000   0.17710   0.02263   0.03038   0.04286   0.03639   0.00000   0.00000   0.00787   0.09731   1.86531   1.48457   1.33057   1.58775   1.58631  
 44  5.2566   2347.714637  x:  0.35056   0.13308   0.22289   0.01922   0.04355   0.03992   0.00839   0.01341   0.00923   0.00050   0.00000   0.00360   0.01281   0.00000   0.05838   0.14660   0.04061   0.04167   0.04882   0.00000   0.00000   0.01017   0.01492   0.11908   0.15336   0.18159   0.00000   0.03584   0.00197   0.00000   0.01300   0.01217   0.00289   0.00000   0.00150   0.04638   0.00812   0.00000   0.16941   0.01464   0.03400   0.04446   0.03548   0.00000   0.00000   0.00511   0.11079   1.95025   1.49357   1.10297   1.65279   1.20969  
 45 77.4877   2343.673684  x:  0.38100   0.13151   0.22118   0.01967   0.04249   0.03978   0.00557   0.01396   0.00702   0.00054   0.00000   0.00282   0.01266   0.00000   0.05533   0.15549   0.03738   0.04197   0.04379   0.00000   0.00000   0.00663   0.01467   0.12374   0.14656   0.20624   0.00000   0.03759   0.00120   0.00000   0.01225   0.01340   0.00297   0.00000   0.00154   0.04502   0.00523   0.00000   0.15084   0.00939   0.03455   0.04509   0.03316   0.00000   0.00000   0.00399   0.11098   1.99476   1.44827   1.15429   1.48448   1.00011  
 46 26.6390   2343.053783  x:  0.38774   0.12752   0.22670   0.01981   0.04224   0.03943   0.00509   0.01415   0.00662   0.00054   0.00000   0.00257   0.01264   0.00000   0.05447   0.14256   0.03703   0.04012   0.04195   0.00000   0.00000   0.00634   0.01460   0.11734   0.15665   0.18954   0.00000   0.03725   0.00131   0.00000   0.01215   0.01365   0.00302   0.00000   0.00155   0.04534   0.00477   0.00000   0.17533   0.00881   0.03472   0.04566   0.03264   0.00000   0.00000   0.00380   0.11139   2.00186   1.43655   1.15999   1.45490   0.97156  
 47 34.3208   2338.127208  x:  0.40821   0.12351   0.22270   0.01997   0.03982   0.03886   0.00269   0.01364   0.00464   0.00058   0.00000   0.00308   0.00759   0.00000   0.05215   0.14107   0.02957   0.04265   0.03382   0.00000   0.00000   0.00830   0.01354   0.11857   0.13103   0.20526   0.00000   0.04045   0.00652   0.00000   0.01186   0.01676   0.00293   0.00000   0.00185   0.03026   0.00227   0.00000   0.16159   0.00565   0.03824   0.04315   0.03081   0.00000   0.00000   0.00365   0.11268   2.06111   1.23317   1.00402   1.25425   0.98733  
 48  6.6475   2335.691056  x:  0.42109   0.12410   0.22340   0.02056   0.04027   0.03738   0.00295   0.01285   0.00424   0.00058   0.00000   0.00362   0.00787   0.00000   0.04916   0.13889   0.03094   0.04108   0.03160   0.00000   0.00000   0.01084   0.01301   0.11711   0.13233   0.20877   0.00000   0.04173   0.00470   0.00000   0.01223   0.01798   0.00285   0.00000   0.00189   0.03059   0.00277   0.00000   0.16834   0.01097   0.03808   0.04435   0.02957   0.00000   0.00000   0.00242   0.11378   2.07351   1.08696   0.91095   1.06881   1.03778  
 49  6.0694   2334.279289  x:  0.42103   0.12695   0.22559   0.02069   0.04075   0.03571   0.00344   0.01268   0.00403   0.00060   0.00000   0.00399   0.00945   0.00000   0.04648   0.13956   0.03119   0.04107   0.03031   0.00000   0.00000   0.01326   0.01273   0.12010   0.12906   0.21136   0.00000   0.04357   0.00666   0.00000   0.01263   0.01860   0.00296   0.00000   0.00198   0.03000   0.00355   0.00000   0.16380   0.01503   0.03811   0.04437   0.02893   0.00000   0.00000   0.00427   0.11394   2.04512   1.13444   0.93737   1.10762   0.88634  
 50  2.7606   2331.970527  x:  0.39448   0.11886   0.21938   0.01978   0.04462   0.03231   0.00434   0.01371   0.00419   0.00059   0.00000   0.00357   0.01509   0.00000   0.03759   0.13844   0.02751   0.04612   0.02883   0.00000   0.00000   0.01313   0.01216   0.11639   0.11084   0.19360   0.00000   0.04792   0.00588   0.00000   0.01260   0.01953   0.00356   0.00000   0.00227   0.03121   0.00458   0.00000   0.16705   0.01362   0.04059   0.04216   0.03080   0.00000   0.00000   0.00840   0.10936   1.86390   1.02568   0.91008   1.06994   0.94853  
 51  1.1980   2331.169918  x:  0.38129   0.12131   0.21458   0.01928   0.04395   0.03169   0.00565   0.01309   0.00547   0.00064   0.00000   0.00484   0.01107   0.00000   0.03563   0.13046   0.02758   0.04718   0.03105   0.00000   0.00000   0.01681   0.01228   0.11329   0.10928   0.19020   0.00000   0.05009   0.00438   0.00000   0.01288   0.01814   0.00351   0.00000   0.00262   0.02421   0.00553   0.00000   0.17459   0.01335   0.04084   0.03882   0.03211   0.00000   0.00000   0.00772   0.10920   1.86571   1.02768   0.92430   1.10674   0.93451  
 52  0.2673   2330.305850  x:  0.35940   0.12703   0.20921   0.01907   0.04557   0.03003   0.00691   0.01339   0.00721   0.00072   0.00000   0.00546   0.01254   0.00000   0.03571   0.13014   0.03377   0.04753   0.03525   0.00000   0.00000   0.01837   0.01271   0.11277   0.11013   0.18856   0.00000   0.05232   0.00578   0.00000   0.01281   0.01609   0.00387   0.00000   0.00290   0.03512   0.00619   0.00000   0.17321   0.01376   0.03938   0.03895   0.03283   0.00000   0.00000   0.00548   0.11239   1.83782   1.02973   0.92983   1.12738   0.90012  
 53  0.2116   2329.878986  x:  0.35479   0.12614   0.20240   0.01904   0.04445   0.03240   0.00658   0.01299   0.00703   0.00084   0.00000   0.00620   0.01267   0.00000   0.04488   0.13138   0.03274   0.05081   0.03435   0.00000   0.00000   0.01750   0.01294   0.11105   0.10980   0.18118   0.00000   0.05409   0.00644   0.00000   0.01284   0.01340   0.00451   0.00000   0.00323   0.03377   0.00605   0.00000   0.17257   0.01743   0.03943   0.03980   0.03210   0.00000   0.00000   0.00619   0.11457   1.85085   1.03825   0.94778   1.14755   0.92167  
 54  0.0670   2329.644646  x:  0.35592   0.13241   0.20117   0.01918   0.04534   0.03408   0.00706   0.01267   0.00732   0.00096   0.00000   0.00659   0.01247   0.00000   0.04326   0.13349   0.03451   0.04849   0.03504   0.00000   0.00000   0.01774   0.01319   0.11228   0.11788   0.18570   0.00000   0.05372   0.00668   0.00000   0.01308   0.01225   0.00490   0.00000   0.00360   0.03294   0.00688   0.00000   0.17562   0.01800   0.03803   0.03998   0.03282   0.00000   0.00000   0.00749   0.11545   1.88352   1.01853   0.92599   1.10644   0.93049  
 55  0.1094   2329.388678  x:  0.35567   0.13024   0.19971   0.01933   0.04653   0.03375   0.00633   0.01299   0.00633   0.00115   0.00000   0.00711   0.01348   0.00000   0.03688   0.13478   0.03255   0.04877   0.03331   0.00000   0.00000   0.01905   0.01299   0.11374   0.11550   0.18337   0.00000   0.05295   0.00691   0.00000   0.01315   0.01096   0.00560   0.00000   0.00424   0.03151   0.00647   0.00000   0.17586   0.02071   0.03812   0.04101   0.03266   0.00000   0.00000   0.00662   0.11431   1.86732   1.02488   0.92282   1.11063   0.90806  
 56  0.0356   2329.170927  x:  0.35653   0.12844   0.20463   0.01867   0.04577   0.03072   0.00635   0.01352   0.00573   0.00144   0.00000   0.00728   0.01320   0.00000   0.04071   0.13249   0.03180   0.04687   0.03243   0.00000   0.00000   0.02163   0.01262   0.11287   0.11292   0.18551   0.00000   0.05211   0.00653   0.00000   0.01317   0.01367   0.00639   0.00000   0.00505   0.03264   0.00667   0.00000   0.17651   0.02166   0.03831   0.03958   0.03233   0.00000   0.00000   0.00680   0.11425   1.86391   1.02226   0.91917   1.09689   0.91394  
 57  0.0142   2329.043191  x:  0.35579   0.12836   0.20669   0.01880   0.04517   0.03333   0.00655   0.01289   0.00617   0.00172   0.00000   0.00693   0.01337   0.00000   0.03963   0.13350   0.03289   0.04785   0.03652   0.00000   0.00000   0.02127   0.01285   0.11184   0.11279   0.18702   0.00000   0.05215   0.00706   0.00000   0.01284   0.01420   0.00706   0.00000   0.00574   0.03168   0.00690   0.00000   0.17350   0.02264   0.03814   0.03904   0.03244   0.00000   0.00000   0.00632   0.11351   1.86428   1.02940   0.92561   1.10991   0.93129  
 58  0.0189   2328.940488  x:  0.35422   0.12748   0.20500   0.01919   0.04520   0.03383   0.00673   0.01236   0.00667   0.00202   0.00000   0.00672   0.01251   0.00000   0.03978   0.13173   0.03423   0.04934   0.03203   0.00000   0.00000   0.02123   0.01313   0.11125   0.11462   0.18751   0.00000   0.05175   0.00686   0.00000   0.01279   0.01323   0.00754   0.00000   0.00645   0.03295   0.00699   0.00000   0.17361   0.02247   0.03795   0.03924   0.03291   0.00000   0.00000   0.00614   0.11342   1.87309   1.02529   0.92286   1.11642   0.93464  
 59  0.0140   2328.817417  x:  0.35540   0.12678   0.20355   0.01978   0.04542   0.03286   0.00669   0.01271   0.00683   0.00245   0.00000   0.00633   0.01242   0.00000   0.04116   0.13325   0.03160   0.04905   0.03459   0.00000   0.00000   0.02078   0.01314   0.11183   0.11705   0.18426   0.00000   0.05272   0.00648   0.00000   0.01301   0.01205   0.00820   0.00000   0.00737   0.03343   0.00658   0.00000   0.17489   0.02145   0.03797   0.04021   0.03306   0.00000   0.00000   0.00600   0.11282   1.85673   1.01587   0.92037   1.10212   0.91427  
 60  0.0262   2328.729917  x:  0.36031   0.12887   0.20304   0.01969   0.04593   0.03168   0.00661   0.01331   0.00662   0.00284   0.00000   0.00601   0.01277   0.00000   0.03937   0.13347   0.03338   0.04820   0.03396   0.00000   0.00000   0.01935   0.01277   0.11305   0.11261   0.18347   0.00000   0.05233   0.00641   0.00000   0.01324   0.01259   0.00848   0.00000   0.00807   0.03264   0.00641   0.00000   0.17490   0.02019   0.03845   0.04027   0.03263   0.00000   0.00000   0.00639   0.11413   1.86922   1.02777   0.93014   1.10575   0.92343  
 61  0.0206   2328.691644  x:  0.35729   0.12878   0.20387   0.01929   0.04591   0.03278   0.00643   0.01316   0.00630   0.00306   0.00000   0.00593   0.01274   0.00000   0.03957   0.13306   0.03246   0.04757   0.03376   0.00000   0.00000   0.01851   0.01277   0.11289   0.11329   0.18494   0.00000   0.05239   0.00630   0.00000   0.01316   0.01340   0.00847   0.00000   0.00841   0.03253   0.00647   0.00000   0.17448   0.01931   0.03832   0.03972   0.03240   0.00000   0.00000   0.00649   0.11381   1.86206   1.02524   0.91990   1.11091   0.91803  
 62  0.0160   2328.662904  x:  0.35639   0.12768   0.20446   0.01896   0.04555   0.03322   0.00632   0.01274   0.00616   0.00328   0.00000   0.00625   0.01295   0.00000   0.03984   0.13293   0.03211   0.04841   0.03350   0.00000   0.00000   0.01902   0.01299   0.11204   0.11546   0.18613   0.00000   0.05257   0.00611   0.00000   0.01290   0.01332   0.00822   0.00000   0.00866   0.03306   0.00649   0.00000   0.17441   0.01840   0.03805   0.03951   0.03216   0.00000   0.00000   0.00653   0.11369   1.86392   1.03213   0.93248   1.11517   0.92041  
 63  0.0113   2328.613556  x:  0.35404   0.12766   0.20463   0.01886   0.04516   0.03196   0.00646   0.01281   0.00647   0.00368   0.00000   0.00697   0.01315   0.00000   0.04076   0.13306   0.03310   0.04971   0.03425   0.00000   0.00000   0.01917   0.01303   0.11175   0.11302   0.18710   0.00000   0.05301   0.00640   0.00000   0.01264   0.01257   0.00742   0.00000   0.00884   0.03228   0.00631   0.00000   0.17350   0.01826   0.03766   0.03956   0.03245   0.00000   0.00000   0.00662   0.11402   1.87763   1.02723   0.92379   1.11223   0.91824  
 64  0.0073   2328.560257  x:  0.35502   0.12992   0.20484   0.01917   0.04583   0.03291   0.00652   0.01329   0.00669   0.00409   0.00000   0.00740   0.01330   0.00000   0.03988   0.13318   0.03203   0.04739   0.03363   0.00000   0.00000   0.01959   0.01281   0.11316   0.11376   0.18649   0.00000   0.05292   0.00689   0.00000   0.01317   0.01293   0.00634   0.00000   0.00882   0.03199   0.00624   0.00000   0.17417   0.01885   0.03781   0.03971   0.03310   0.00000   0.00000   0.00650   0.11319   1.86481   1.02742   0.92812   1.11357   0.91926  
 65  0.0075   2328.536857  x:  0.35714   0.12782   0.20345   0.01934   0.04563   0.03300   0.00626   0.01297   0.00632   0.00430   0.00000   0.00723   0.01278   0.00000   0.03914   0.13228   0.03247   0.04791   0.03428   0.00000   0.00000   0.01979   0.01280   0.11231   0.11405   0.18445   0.00000   0.05260   0.00680   0.00000   0.01332   0.01309   0.00587   0.00000   0.00876   0.03266   0.00623   0.00000   0.17471   0.01914   0.03844   0.03978   0.03252   0.00000   0.00000   0.00674   0.11367   1.86672   1.02561   0.92456   1.11149   0.92129  
 66  0.0072   2328.513333  x:  0.35831   0.12751   0.20339   0.01935   0.04556   0.03255   0.00644   0.01269   0.00625   0.00456   0.00000   0.00647   0.01278   0.00000   0.04015   0.13333   0.03276   0.04855   0.03362   0.00000   0.00000   0.01944   0.01301   0.11255   0.11452   0.18434   0.00000   0.05246   0.00693   0.00000   0.01299   0.01322   0.00569   0.00000   0.00868   0.03225   0.00660   0.00000   0.17435   0.01928   0.03842   0.03971   0.03239   0.00000   0.00000   0.00631   0.11351   1.85399   1.02773   0.92454   1.10927   0.91905  
 67  0.0105   2328.495526  x:  0.35691   0.12847   0.20419   0.01923   0.04576   0.03261   0.00650   0.01306   0.00639   0.00479   0.00000   0.00588   0.01251   0.00000   0.04022   0.13282   0.03203   0.04847   0.03379   0.00000   0.00000   0.01922   0.01294   0.11252   0.11345   0.18544   0.00000   0.05223   0.00674   0.00000   0.01272   0.01307   0.00574   0.00000   0.00855   0.03310   0.00653   0.00000   0.17463   0.01968   0.03817   0.03968   0.03246   0.00000   0.00000   0.00640   0.11347   1.86753   1.02570   0.92626   1.10971   0.92179  
 68  0.0093   2328.467602  x:  0.35508   0.12885   0.20560   0.01900   0.04567   0.03263   0.00636   0.01314   0.00650   0.00523   0.00000   0.00588   0.01355   0.00000   0.04010   0.13364   0.03303   0.04750   0.03386   0.00000   0.00000   0.01958   0.01262   0.11220   0.11488   0.18536   0.00000   0.05283   0.00621   0.00000   0.01318   0.01283   0.00578   0.00000   0.00804   0.03275   0.00623   0.00000   0.17525   0.02006   0.03778   0.03989   0.03223   0.00000   0.00000   0.00656   0.11352   1.86344   1.02299   0.92468   1.11062   0.92161  
 69  0.0025   2328.432021  x:  0.35582   0.12894   0.20411   0.01896   0.04563   0.03286   0.00655   0.01294   0.00629   0.00577   0.00000   0.00644   0.01355   0.00000   0.03949   0.13295   0.03209   0.04875   0.03398   0.00000   0.00000   0.01930   0.01296   0.11288   0.11361   0.18612   0.00000   0.05287   0.00596   0.00000   0.01345   0.01289   0.00594   0.00000   0.00713   0.03259   0.00668   0.00000   0.17474   0.02032   0.03773   0.03981   0.03299   0.00000   0.00000   0.00647   0.11408   1.87067   1.03082   0.92550   1.11078   0.91931  
 70  0.0056   2328.413606  x:  0.35703   0.12802   0.20370   0.01929   0.04549   0.03258   0.00659   0.01290   0.00628   0.00605   0.00000   0.00644   0.01299   0.00000   0.03977   0.13320   0.03262   0.04823   0.03379   0.00000   0.00000   0.01894   0.01301   0.11262   0.11424   0.18556   0.00000   0.05281   0.00598   0.00000   0.01290   0.01319   0.00630   0.00000   0.00662   0.03252   0.00669   0.00000   0.17408   0.02011   0.03822   0.03945   0.03258   0.00000   0.00000   0.00645   0.11352   1.86216   1.02638   0.92745   1.11160   0.91784  
 71  0.0064   2328.406855  x:  0.35762   0.12831   0.20425   0.01928   0.04573   0.03274   0.00655   0.01296   0.00653   0.00621   0.00000   0.00653   0.01288   0.00000   0.04018   0.13300   0.03243   0.04806   0.03380   0.00000   0.00000   0.01921   0.01279   0.11237   0.11394   0.18490   0.00000   0.05247   0.00625   0.00000   0.01289   0.01306   0.00639   0.00000   0.00651   0.03284   0.00659   0.00000   0.17434   0.01957   0.03825   0.03967   0.03245   0.00000   0.00000   0.00645   0.11340   1.86278   1.02754   0.92550   1.11144   0.92068  
 72  0.0023   2328.404432  x:  0.35648   0.12825   0.20419   0.01919   0.04578   0.03264   0.00648   0.01297   0.00642   0.00631   0.00000   0.00650   0.01290   0.00000   0.03986   0.13292   0.03245   0.04824   0.03387   0.00000   0.00000   0.01933   0.01292   0.11251   0.11405   0.18542   0.00000   0.05240   0.00647   0.00000   0.01305   0.01305   0.00645   0.00000   0.00649   0.03262   0.00649   0.00000   0.17435   0.01947   0.03812   0.03969   0.03243   0.00000   0.00000   0.00645   0.11353   1.86396   1.02616   0.92592   1.11091   0.92007  
 73  0.0017   2328.404167  x:  0.35667   0.12824   0.20410   0.01919   0.04570   0.03269   0.00647   0.01296   0.00637   0.00633   0.00000   0.00644   0.01291   0.00000   0.03986   0.13311   0.03244   0.04828   0.03381   0.00000   0.00000   0.01939   0.01290   0.11246   0.11404   0.18530   0.00000   0.05249   0.00649   0.00000   0.01302   0.01305   0.00648   0.00000   0.00648   0.03261   0.00648   0.00000   0.17452   0.01949   0.03810   0.03960   0.03248   0.00000   0.00000   0.00646   0.11355   1.86398   1.02681   0.92573   1.11086   0.92012  
 74  0.0007   2328.404149  x:  0.35668   0.12828   0.20409   0.01920   0.04568   0.03267   0.00646   0.01294   0.00638   0.00634   0.00000   0.00644   0.01291   0.00000   0.03988   0.13305   0.03243   0.04826   0.03381   0.00000   0.00000   0.01939   0.01289   0.11246   0.11404   0.18533   0.00000   0.05253   0.00650   0.00000   0.01301   0.01305   0.00648   0.00000   0.00648   0.03262   0.00648   0.00000   0.17452   0.01949   0.03810   0.03962   0.03252   0.00000   0.00000   0.00646   0.11356   1.86392   1.02678   0.92579   1.11097   0.92020  
 75  0.0002   2328.404148  x:  0.35668   0.12828   0.20408   0.01920   0.04568   0.03267   0.00646   0.01295   0.00638   0.00634   0.00000   0.00644   0.01291   0.00000   0.03988   0.13304   0.03244   0.04826   0.03381   0.00000   0.00000   0.01939   0.01290   0.11247   0.11403   0.18533   0.00000   0.05254   0.00650   0.00000   0.01301   0.01305   0.00647   0.00000   0.00648   0.03262   0.00648   0.00000   0.17451   0.01949   0.03811   0.03961   0.03252   0.00000   0.00000   0.00647   0.11356   1.86396   1.02674   0.92579   1.11094   0.92016  
 76  0.0001   2328.404148  x:  0.35668   0.12827   0.20408   0.01920   0.04568   0.03267   0.00646   0.01295   0.00638   0.00634   0.00000   0.00644   0.01291   0.00000   0.03988   0.13305   0.03244   0.04826   0.03381   0.00000   0.00000   0.01939   0.01290   0.11247   0.11403   0.18533   0.00000   0.05254   0.00650   0.00000   0.01301   0.01305   0.00648   0.00000   0.00648   0.03262   0.00648   0.00000   0.17451   0.01949   0.03811   0.03961   0.03252   0.00000   0.00000   0.00647   0.11356   1.86398   1.02675   0.92579   1.11095   0.92016  
 77  0.0000   2328.404148  x:  0.35668   0.12827   0.20408   0.01920   0.04568   0.03267   0.00646   0.01295   0.00638   0.00634   0.00000   0.00644   0.01291   0.00000   0.03988   0.13305   0.03244   0.04826   0.03381   0.00000   0.00000   0.01939   0.01290   0.11247   0.11403   0.18533   0.00000   0.05254   0.00650   0.00000   0.01301   0.01305   0.00648   0.00000   0.00648   0.03262   0.00648   0.00000   0.17451   0.01949   0.03811   0.03961   0.03252   0.00000   0.00000   0.00647   0.11356   1.86397   1.02675   0.92579   1.11095   0.92016  
 78  0.0000   2328.404148  x:  0.35668   0.12827   0.20408   0.01920   0.04568   0.03267   0.00646   0.01295   0.00638   0.00634   0.00000   0.00644   0.01291   0.00000   0.03988   0.13305   0.03244   0.04826   0.03381   0.00000   0.00000   0.01939   0.01290   0.11247   0.11403   0.18533   0.00000   0.05254   0.00650   0.00000   0.01301   0.01305   0.00648   0.00000   0.00648   0.03262   0.00648   0.00000   0.17451   0.01949   0.03811   0.03961   0.03252   0.00000   0.00000   0.00647   0.11356   1.86397   1.02675   0.92579   1.11095   0.92016  

TREE # 2

  0  0.0000   2344.036855  x:  0.09020   0.16917   0.00000   0.05650   0.01436   0.00987   0.01720   0.01094   0.01257   0.00446   0.01319   0.03722   0.01016   0.01309   0.16412   0.02535   0.05447   0.03959   0.04065   0.00678   0.00678   0.00903   0.11186   0.10688   0.17493   0.02006   0.05057   0.03416   0.01129   0.01090   0.01640   0.00991   0.00860   0.00883   0.01503   0.00881   0.03629   0.13200   0.03919   0.06581   0.04186   0.00346   0.00894   0.02563   0.01260   0.10635   0.35618   1.86397   1.01592   0.90492   1.06068   0.92016  
  1 99.0000   2344.035334  x:  0.09020   0.16917   0.00000   0.05650   0.01436   0.00986   0.01720   0.01094   0.01257   0.00446   0.01319   0.03722   0.01016   0.01309   0.16412   0.02535   0.05447   0.03959   0.04065   0.00678   0.00678   0.00903   0.11186   0.10688   0.17493   0.02006   0.05057   0.03416   0.01129   0.01090   0.01640   0.00991   0.00860   0.00883   0.01503   0.00881   0.03629   0.13200   0.03919   0.06581   0.04186   0.00346   0.00894   0.02563   0.01260   0.10635   0.35618   1.86397   1.01592   0.90492   1.06068   0.92016  
  2 539.8089   2339.009915  x:  0.09072   0.16943   0.00000   0.05634   0.01359   0.00644   0.01706   0.01034   0.01217   0.00104   0.01266   0.03699   0.01039   0.00973   0.16430   0.02502   0.05382   0.03959   0.04022   0.00337   0.00333   0.00953   0.11191   0.10737   0.17532   0.02005   0.05035   0.03408   0.01121   0.01026   0.01525   0.01017   0.00515   0.00936   0.01507   0.00535   0.03644   0.13202   0.03884   0.06534   0.04145   0.00000   0.00549   0.02526   0.01257   0.10650   0.35621   1.86397   1.01588   0.90492   1.06080   0.92016  
  3 3123.6669   2337.690848  x:  0.09085   0.16950   0.00000   0.05631   0.01352   0.00540   0.01708   0.01042   0.01218   0.00000   0.01266   0.03695   0.01046   0.00871   0.16435   0.02500   0.05367   0.03959   0.04014   0.00233   0.00228   0.00958   0.11192   0.10749   0.17543   0.02005   0.05031   0.03408   0.01128   0.01035   0.01509   0.01024   0.00410   0.00940   0.01509   0.00430   0.03646   0.13203   0.03878   0.06522   0.04137   0.00000   0.00445   0.02522   0.01257   0.10654   0.35622   1.86396   1.01586   0.90492   1.06084   0.92017  
  4 13098.5718   2335.206540  x:  0.09109   0.16964   0.00000   0.05626   0.01349   0.00316   0.01711   0.01042   0.01221   0.00000   0.01269   0.03690   0.01049   0.00650   0.16444   0.02500   0.05339   0.03959   0.04003   0.00008   0.00000   0.00955   0.11193   0.10771   0.17565   0.02005   0.05025   0.03407   0.01134   0.01034   0.01490   0.01027   0.00183   0.00936   0.01511   0.00203   0.03648   0.13204   0.03869   0.06499   0.04126   0.00000   0.00218   0.02518   0.01258   0.10661   0.35623   1.86396   1.01584   0.90490   1.06092   0.92017  
  5 70589.6391   2335.206540  x:  0.09109   0.16964   0.00000   0.05626   0.01349   0.00316   0.01711   0.01042   0.01221   0.00000   0.01269   0.03690   0.01049   0.00650   0.16444   0.02500   0.05339   0.03959   0.04003   0.00008   0.00000   0.00955   0.11193   0.10771   0.17565   0.02005   0.05025   0.03407   0.01134   0.01034   0.01490   0.01027   0.00183   0.00936   0.01511   0.00203   0.03648   0.13204   0.03869   0.06499   0.04126   0.00000   0.00218   0.02518   0.01258   0.10661   0.35623   1.86396   1.01584   0.90490   1.06092   0.92017  
  6 7702759.8727   2335.106045  x:  0.09110   0.16965   0.00000   0.05625   0.01345   0.00308   0.01709   0.01044   0.01217   0.00000   0.01265   0.03689   0.01046   0.00643   0.16444   0.02498   0.05337   0.03959   0.04001   0.00000   0.00000   0.00952   0.11194   0.10772   0.17566   0.02005   0.05024   0.03407   0.01130   0.01036   0.01485   0.01024   0.00176   0.00933   0.01510   0.00195   0.03649   0.13204   0.03868   0.06498   0.04124   0.00000   0.00210   0.02516   0.01258   0.10661   0.35623   1.86396   1.01584   0.90490   1.06092   0.92017  
  7 443.0193   2333.638580  x:  0.09136   0.16977   0.00000   0.05617   0.01310   0.00134   0.01700   0.01003   0.01196   0.00000   0.01240   0.03678   0.01048   0.00473   0.16453   0.02481   0.05305   0.03959   0.03980   0.00000   0.00000   0.00965   0.11196   0.10796   0.17585   0.02004   0.05014   0.03403   0.01120   0.00991   0.01436   0.01027   0.00000   0.00949   0.01509   0.00019   0.03657   0.13205   0.03851   0.06474   0.04104   0.00000   0.00035   0.02497   0.01257   0.10669   0.35625   1.86396   1.01582   0.90490   1.06098   0.92017  
  8 1489.0631   2333.519790  x:  0.09138   0.16979   0.00000   0.05617   0.01309   0.00116   0.01700   0.01004   0.01196   0.00000   0.01240   0.03677   0.01049   0.00455   0.16454   0.02481   0.05303   0.03959   0.03979   0.00000   0.00000   0.00967   0.11196   0.10799   0.17587   0.02004   0.05013   0.03403   0.01121   0.00992   0.01434   0.01028   0.00000   0.00950   0.01509   0.00000   0.03657   0.13205   0.03850   0.06472   0.04103   0.00000   0.00017   0.02496   0.01257   0.10669   0.35625   1.86396   1.01582   0.90490   1.06099   0.92017  
  9 4573.1288   2333.443153  x:  0.09140   0.16979   0.00000   0.05617   0.01309   0.00099   0.01700   0.01004   0.01196   0.00000   0.01240   0.03677   0.01049   0.00439   0.16454   0.02481   0.05301   0.03959   0.03978   0.00000   0.00000   0.00966   0.11196   0.10800   0.17588   0.02004   0.05012   0.03403   0.01121   0.00992   0.01434   0.01028   0.00000   0.00950   0.01510   0.00000   0.03657   0.13205   0.03850   0.06471   0.04102   0.00000   0.00000   0.02496   0.01257   0.10670   0.35625   1.86396   1.01582   0.90490   1.06099   0.92017  
 10 11017.8326   2333.133553  x:  0.09146   0.16985   0.00000   0.05616   0.01310   0.00000   0.01700   0.01002   0.01195   0.00000   0.01240   0.03676   0.01048   0.00342   0.16457   0.02483   0.05294   0.03959   0.03977   0.00000   0.00000   0.00967   0.11197   0.10806   0.17596   0.02004   0.05011   0.03403   0.01120   0.00993   0.01435   0.01027   0.00000   0.00951   0.01509   0.00000   0.03657   0.13206   0.03849   0.06464   0.04101   0.00000   0.00000   0.02496   0.01257   0.10672   0.35626   1.86395   1.01581   0.90490   1.06103   0.92017  
 11 28957.8388   2332.583363  x:  0.09166   0.17000   0.00000   0.05616   0.01309   0.00000   0.01698   0.01009   0.01188   0.00000   0.01238   0.03676   0.01047   0.00000   0.16465   0.02488   0.05275   0.03959   0.03975   0.00000   0.00000   0.00969   0.11198   0.10824   0.17621   0.02004   0.05009   0.03403   0.01117   0.00988   0.01436   0.01026   0.00000   0.00954   0.01508   0.00000   0.03657   0.13207   0.03847   0.06443   0.04097   0.00000   0.00000   0.02496   0.01256   0.10678   0.35627   1.86395   1.01579   0.90488   1.06115   0.92018  
 12 32393.2542   2331.807032  x:  0.09690   0.17625   0.00000   0.05698   0.00980   0.00000   0.01707   0.00720   0.01018   0.00000   0.01104   0.03628   0.01371   0.00000   0.16674   0.02588   0.04865   0.03965   0.03925   0.00000   0.00000   0.00748   0.11246   0.11269   0.18586   0.02010   0.04982   0.03370   0.01398   0.01171   0.01001   0.01341   0.00000   0.00532   0.01635   0.00000   0.03704   0.13242   0.03807   0.05830   0.04057   0.00000   0.00000   0.02363   0.01316   0.10845   0.35655   1.86377   1.01494   0.90387   1.06687   0.92029  
 13 118.6496   2331.590640  x:  0.09762   0.17778   0.00000   0.05686   0.00990   0.00000   0.01755   0.00681   0.01227   0.00000   0.01189   0.03536   0.01270   0.00000   0.16695   0.02417   0.04823   0.03956   0.03801   0.00000   0.00000   0.00541   0.11252   0.11321   0.18826   0.02004   0.04936   0.03341   0.01500   0.01192   0.00725   0.01223   0.00000   0.00728   0.01602   0.00000   0.03765   0.13247   0.03702   0.05744   0.03964   0.00000   0.00000   0.02254   0.01340   0.10861   0.35654   1.86369   1.01468   0.90358   1.06903   0.92033  
 14 60.3226   2331.447084  x:  0.09778   0.17858   0.00000   0.05632   0.01012   0.00000   0.01795   0.00655   0.01415   0.00000   0.01264   0.03416   0.01126   0.00000   0.16687   0.02177   0.04806   0.03942   0.03615   0.00000   0.00000   0.00748   0.11252   0.11327   0.18955   0.01996   0.04862   0.03310   0.01564   0.01205   0.00631   0.01066   0.00000   0.00627   0.01559   0.00000   0.03841   0.13248   0.03544   0.05737   0.03811   0.00000   0.00000   0.02137   0.01343   0.10856   0.35649   1.86362   1.01450   0.90341   1.07082   0.92035  
 15 69.3356   2331.391662  x:  0.09770   0.17852   0.00000   0.05552   0.00962   0.00000   0.01792   0.00638   0.01429   0.00000   0.01242   0.03326   0.01132   0.00000   0.16664   0.02044   0.04771   0.03932   0.03448   0.00000   0.00000   0.00705   0.11248   0.11320   0.18953   0.01996   0.04785   0.03292   0.01580   0.01216   0.00802   0.01085   0.00000   0.00633   0.01568   0.00000   0.03899   0.13245   0.03404   0.05778   0.03656   0.00000   0.00000   0.02082   0.01323   0.10843   0.35643   1.86358   1.01443   0.90344   1.07179   0.92036  
 16 36.6257   2331.361692  x:  0.09752   0.17778   0.00000   0.05429   0.01067   0.00000   0.01778   0.00632   0.01354   0.00000   0.01243   0.03295   0.01152   0.00000   0.16624   0.02134   0.04700   0.03928   0.03328   0.00000   0.00000   0.00696   0.11242   0.11309   0.18849   0.01998   0.04696   0.03297   0.01523   0.01219   0.00759   0.01119   0.00000   0.00626   0.01577   0.00000   0.03927   0.13239   0.03303   0.05864   0.03503   0.00000   0.00000   0.02165   0.01317   0.10824   0.35634   1.86353   1.01440   0.90367   1.07282   0.92036  
 17 17.2836   2331.346541  x:  0.09781   0.17665   0.00000   0.05334   0.00965   0.00000   0.01806   0.00630   0.01371   0.00000   0.01298   0.03331   0.01148   0.00000   0.16591   0.02189   0.04567   0.03935   0.03353   0.00000   0.00000   0.00704   0.11239   0.11347   0.18682   0.01999   0.04648   0.03310   0.01518   0.01221   0.00759   0.01091   0.00000   0.00632   0.01571   0.00000   0.03916   0.13233   0.03319   0.05920   0.03468   0.00000   0.00000   0.02166   0.01354   0.10823   0.35626   1.86346   1.01441   0.90414   1.07410   0.92036  
 18  9.5372   2331.331985  x:  0.09848   0.17526   0.00000   0.05289   0.01015   0.00000   0.01796   0.00625   0.01377   0.00000   0.01261   0.03351   0.01146   0.00000   0.16563   0.02127   0.04426   0.03944   0.03401   0.00000   0.00000   0.00694   0.11239   0.11424   0.18465   0.01999   0.04640   0.03310   0.01526   0.01224   0.00752   0.01103   0.00000   0.00623   0.01572   0.00000   0.03900   0.13229   0.03361   0.05943   0.03501   0.00000   0.00000   0.02115   0.01286   0.10836   0.35619   1.86336   1.01446   0.90491   1.07598   0.92036  
 19 12.3366   2331.321508  x:  0.09913   0.17435   0.00000   0.05335   0.01043   0.00000   0.01777   0.00623   0.01370   0.00000   0.01228   0.03319   0.01141   0.00000   0.16557   0.02097   0.04409   0.03946   0.03383   0.00000   0.00000   0.00697   0.11242   0.11497   0.18306   0.01999   0.04673   0.03298   0.01538   0.01225   0.00756   0.01108   0.00000   0.00628   0.01575   0.00000   0.03903   0.13228   0.03350   0.05917   0.03539   0.00000   0.00000   0.02132   0.01388   0.10855   0.35616   1.86325   1.01457   0.90579   1.07789   0.92036  
 20 10.4962   2331.303336  x:  0.10011   0.17323   0.00000   0.05457   0.00994   0.00000   0.01779   0.00624   0.01369   0.00000   0.01254   0.03261   0.01133   0.00000   0.16569   0.02139   0.04491   0.03941   0.03315   0.00000   0.00000   0.00698   0.11251   0.11610   0.18085   0.02000   0.04734   0.03283   0.01544   0.01226   0.00750   0.01088   0.00000   0.00629   0.01570   0.00000   0.03922   0.13229   0.03299   0.05836   0.03564   0.00000   0.00000   0.02183   0.01311   0.10887   0.35612   1.86302   1.01490   0.90761   1.08171   0.92037  
 21 15.0802   2331.268742  x:  0.10051   0.17301   0.00000   0.05486   0.01023   0.00000   0.01824   0.00627   0.01337   0.00000   0.01283   0.03374   0.01157   0.00000   0.16637   0.02161   0.04706   0.03923   0.03353   0.00000   0.00000   0.00696   0.11265   0.11683   0.17959   0.01995   0.04682   0.03327   0.01455   0.01227   0.00749   0.01109   0.00000   0.00627   0.01562   0.00000   0.03938   0.13238   0.03303   0.05719   0.03427   0.00000   0.00000   0.02013   0.01337   0.10908   0.35607   1.86250   1.01606   0.91180   1.08990   0.92036  
 22 11.3206   2331.175254  x:  0.09953   0.17431   0.00000   0.05288   0.00966   0.00000   0.01740   0.00633   0.01375   0.00000   0.01163   0.03446   0.01121   0.00000   0.16812   0.02005   0.04891   0.03911   0.03469   0.00000   0.00000   0.00698   0.11284   0.11664   0.18011   0.02002   0.04511   0.03337   0.01478   0.01232   0.00734   0.01104   0.00000   0.00631   0.01608   0.00000   0.03916   0.13262   0.03394   0.05640   0.03349   0.00000   0.00000   0.02285   0.01320   0.10906   0.35594   1.86098   1.02017   0.92383   1.11271   0.92032  
 23 30.1321   2331.043270  x:  0.09689   0.17644   0.00000   0.05147   0.00972   0.00000   0.01704   0.00653   0.01256   0.00000   0.01141   0.03221   0.01125   0.00000   0.16936   0.02162   0.04744   0.03933   0.03378   0.00000   0.00000   0.00708   0.11277   0.11453   0.18279   0.01986   0.04573   0.03245   0.01520   0.01230   0.00742   0.01058   0.00000   0.00655   0.01494   0.00000   0.03891   0.13273   0.03372   0.05829   0.03631   0.00000   0.00000   0.02089   0.01321   0.10849   0.35571   1.85881   1.02713   0.94055   1.14361   0.92025  
 24 66.2882   2330.995620  x:  0.09635   0.17688   0.00000   0.05345   0.00953   0.00000   0.01771   0.00658   0.01238   0.00000   0.01194   0.03301   0.01093   0.00000   0.16862   0.02091   0.04548   0.03944   0.03343   0.00000   0.00000   0.00708   0.11254   0.11346   0.18431   0.01993   0.04734   0.03295   0.01352   0.01233   0.00727   0.01102   0.00000   0.00654   0.01649   0.00000   0.03912   0.13256   0.03323   0.05976   0.03614   0.00000   0.00000   0.02108   0.01320   0.10813   0.35569   1.85802   1.03093   0.94611   1.15314   0.92020  
 25 34.7649   2330.963043  x:  0.09678   0.17675   0.00000   0.05525   0.00949   0.00000   0.01726   0.00660   0.01276   0.00000   0.01125   0.03373   0.01164   0.00000   0.16710   0.02091   0.04447   0.03943   0.03365   0.00000   0.00000   0.00710   0.11229   0.11292   0.18540   0.01987   0.04787   0.03323   0.01363   0.01234   0.00730   0.01073   0.00000   0.00655   0.01475   0.00000   0.03936   0.13229   0.03316   0.06057   0.03485   0.00000   0.00000   0.02139   0.01317   0.10792   0.35577   1.85749   1.03493   0.94921   1.15749   0.92016  
 26 19.8843   2330.883450  x:  0.09923   0.17567   0.00000   0.05656   0.00950   0.00000   0.01614   0.00671   0.01181   0.00000   0.01068   0.03308   0.01013   0.00000   0.16236   0.02178   0.04459   0.03934   0.03440   0.00000   0.00000   0.00724   0.11174   0.11253   0.18759   0.01973   0.04663   0.03266   0.01528   0.01233   0.00738   0.01024   0.00000   0.00687   0.01623   0.00000   0.03939   0.13154   0.03386   0.06086   0.03342   0.00000   0.00000   0.02069   0.01307   0.10787   0.35613   1.85621   1.04775   0.95537   1.16361   0.92001  
 27 20.1838   2330.742032  x:  0.10286   0.17392   0.00000   0.05481   0.00918   0.00000   0.01761   0.00679   0.01074   0.00000   0.01140   0.03193   0.01098   0.00000   0.15600   0.02030   0.04599   0.03933   0.03410   0.00000   0.00000   0.00718   0.11125   0.11282   0.19050   0.01989   0.04490   0.03226   0.01244   0.01245   0.00710   0.01063   0.00000   0.00688   0.01502   0.00000   0.03893   0.13064   0.03408   0.05952   0.03544   0.00000   0.00000   0.02118   0.01311   0.10827   0.35678   1.85398   1.07162   0.96521   1.17152   0.91975  
 28 51.1951   2330.641063  x:  0.10274   0.17340   0.00000   0.05235   0.00879   0.00000   0.01631   0.00683   0.01269   0.00000   0.00940   0.03352   0.01093   0.00000   0.15598   0.02131   0.04629   0.03937   0.03275   0.00000   0.00000   0.00726   0.11158   0.11354   0.19080   0.01978   0.04666   0.03330   0.01132   0.01254   0.00705   0.01050   0.00000   0.00684   0.01574   0.00000   0.03914   0.13081   0.03266   0.05773   0.03657   0.00000   0.00000   0.02061   0.01308   0.10859   0.35705   1.85245   1.08866   0.97138   1.17507   0.91958  
 29 42.3257   2330.507105  x:  0.10011   0.17373   0.00000   0.05101   0.00861   0.00000   0.01552   0.00692   0.00968   0.00000   0.01059   0.03472   0.01015   0.00000   0.16062   0.02007   0.04537   0.03938   0.03258   0.00000   0.00000   0.00727   0.11250   0.11484   0.18948   0.01974   0.04924   0.03380   0.01267   0.01261   0.00683   0.01016   0.00000   0.00717   0.01492   0.00000   0.03977   0.13177   0.03193   0.05574   0.03579   0.00000   0.00000   0.02072   0.01303   0.10888   0.35716   1.85055   1.11000   0.97855   1.17790   0.91938  
 30 52.7269   2330.397696  x:  0.09760   0.17492   0.00000   0.05262   0.00846   0.00000   0.01723   0.00696   0.00993   0.00000   0.00905   0.03224   0.01031   0.00000   0.16685   0.02043   0.04399   0.03935   0.03354   0.00000   0.00000   0.00732   0.11326   0.11623   0.18759   0.01979   0.04823   0.03234   0.01122   0.01272   0.00676   0.00980   0.00000   0.00724   0.01514   0.00000   0.03986   0.13282   0.03318   0.05555   0.03423   0.00000   0.00000   0.02065   0.01300   0.10898   0.35708   1.84910   1.12604   0.98377   1.17912   0.91926  
 31 49.7739   2330.362098  x:  0.09771   0.17583   0.00000   0.05379   0.00826   0.00000   0.01537   0.00697   0.01026   0.00000   0.00984   0.03212   0.01026   0.00000   0.16908   0.02034   0.04374   0.03937   0.03331   0.00000   0.00000   0.00730   0.11325   0.11676   0.18695   0.01973   0.04641   0.03242   0.01036   0.01275   0.00669   0.01037   0.00000   0.00717   0.01501   0.00000   0.03949   0.13303   0.03323   0.05660   0.03472   0.00000   0.00000   0.02040   0.01302   0.10897   0.35698   1.84873   1.12948   0.98492   1.17893   0.91925  
 32 19.7830   2330.321641  x:  0.09916   0.17734   0.00000   0.05466   0.00826   0.00000   0.01614   0.00700   0.00960   0.00000   0.00911   0.03340   0.01029   0.00000   0.17108   0.02021   0.04392   0.03943   0.03241   0.00000   0.00000   0.00733   0.11283   0.11722   0.18631   0.01977   0.04447   0.03331   0.01097   0.01277   0.00665   0.00964   0.00000   0.00731   0.01512   0.00000   0.03907   0.13295   0.03245   0.05868   0.03591   0.00000   0.00000   0.02040   0.01298   0.10889   0.35680   1.84849   1.13060   0.98544   1.17793   0.91931  
 33 12.2585   2330.182366  x:  0.10541   0.18229   0.00000   0.05264   0.00770   0.00000   0.01641   0.00710   0.00926   0.00000   0.00836   0.03298   0.00835   0.00000   0.17352   0.02020   0.04518   0.03933   0.03336   0.00000   0.00000   0.00737   0.11084   0.11731   0.18488   0.01983   0.04712   0.03247   0.01014   0.01289   0.00647   0.01135   0.00000   0.00741   0.01407   0.00000   0.04015   0.13180   0.03224   0.06307   0.03507   0.00000   0.00000   0.02037   0.01294   0.10841   0.35608   1.84825   1.12493   0.98450   1.17226   0.91969  
 34  9.6165   2330.061799  x:  0.10887   0.18547   0.00000   0.05134   0.00772   0.00000   0.01508   0.00719   0.00848   0.00000   0.00854   0.03221   0.01072   0.00000   0.17427   0.01961   0.04556   0.03925   0.03383   0.00000   0.00000   0.00735   0.10970   0.11682   0.18395   0.01962   0.04895   0.03196   0.00900   0.01299   0.00633   0.00874   0.00000   0.00752   0.01523   0.00000   0.04066   0.13097   0.03271   0.06444   0.03422   0.00000   0.00000   0.02016   0.01293   0.10814   0.35549   1.84814   1.11853   0.98316   1.16711   0.92003  
 35 44.7844   2329.453910  x:  0.10871   0.19103   0.00000   0.05252   0.00638   0.00000   0.01405   0.00769   0.00567   0.00000   0.00618   0.03156   0.00873   0.00000   0.16933   0.01896   0.04149   0.03928   0.03031   0.00000   0.00000   0.00758   0.10974   0.11153   0.18227   0.01931   0.04705   0.03461   0.00616   0.01339   0.00573   0.00860   0.00000   0.00821   0.01420   0.00000   0.03833   0.12932   0.03493   0.05411   0.03364   0.00000   0.00000   0.01940   0.01274   0.10823   0.35297   1.84820   1.08013   0.97346   1.14150   0.92173  
 36 36.0281   2329.320015  x:  0.10708   0.18897   0.00000   0.05294   0.00618   0.00000   0.01369   0.00780   0.00507   0.00000   0.00575   0.03269   0.00857   0.00000   0.16828   0.01897   0.04110   0.03951   0.03315   0.00000   0.00000   0.00764   0.11118   0.11374   0.18456   0.01997   0.04574   0.03165   0.00532   0.01349   0.00567   0.00827   0.00000   0.00836   0.01415   0.00000   0.04049   0.13028   0.03084   0.05347   0.03458   0.00000   0.00000   0.01937   0.01269   0.10904   0.35282   1.84832   1.07074   0.97007   1.13596   0.92207  
 37 36.3148   2329.234467  x:  0.10551   0.18390   0.00000   0.05263   0.00597   0.00000   0.01355   0.00787   0.00465   0.00000   0.00542   0.03235   0.00844   0.00000   0.16858   0.01876   0.04224   0.03953   0.03219   0.00000   0.00000   0.00764   0.11295   0.11908   0.18914   0.01828   0.04626   0.03269   0.00493   0.01356   0.00555   0.00821   0.00000   0.00842   0.01407   0.00000   0.04125   0.13222   0.03249   0.05612   0.03430   0.00000   0.00000   0.01932   0.01267   0.11014   0.35343   1.84852   1.06446   0.96621   1.13305   0.92218  
 38 21.3339   2329.223646  x:  0.10544   0.18288   0.00000   0.05257   0.00593   0.00000   0.01345   0.00788   0.00461   0.00000   0.00536   0.03223   0.00842   0.00000   0.16891   0.01872   0.04244   0.03944   0.03200   0.00000   0.00000   0.00764   0.11289   0.11963   0.18990   0.01981   0.04647   0.03285   0.00490   0.01357   0.00552   0.00813   0.00000   0.00843   0.01405   0.00000   0.04063   0.13239   0.03269   0.05645   0.03410   0.00000   0.00000   0.01922   0.01267   0.11011   0.35370   1.84858   1.06374   0.96524   1.13288   0.92216  
 39 12.6264   2329.213324  x:  0.10582   0.18134   0.00000   0.05254   0.00588   0.00000   0.01345   0.00789   0.00458   0.00000   0.00532   0.03220   0.00842   0.00000   0.16992   0.01863   0.04254   0.03926   0.03216   0.00000   0.00000   0.00763   0.11194   0.11922   0.19069   0.01938   0.04669   0.03252   0.00486   0.01358   0.00549   0.00813   0.00000   0.00842   0.01404   0.00000   0.03901   0.13215   0.03214   0.05630   0.03386   0.00000   0.00000   0.01919   0.01267   0.10955   0.35449   1.84876   1.06339   0.96297   1.13336   0.92201  
 40  5.9849   2329.197837  x:  0.10668   0.17929   0.00000   0.05256   0.00589   0.00000   0.01343   0.00793   0.00455   0.00000   0.00531   0.03227   0.00837   0.00000   0.17162   0.01869   0.04240   0.03942   0.03203   0.00000   0.00000   0.00762   0.11038   0.11775   0.19152   0.01941   0.04637   0.03266   0.00478   0.01359   0.00551   0.00808   0.00000   0.00842   0.01402   0.00000   0.04049   0.13149   0.03253   0.05563   0.03416   0.00000   0.00000   0.01921   0.01266   0.10867   0.35613   1.84917   1.06329   0.95797   1.13481   0.92162  
 41  7.8352   2329.168109  x:  0.10698   0.18127   0.00000   0.05251   0.00590   0.00000   0.01337   0.00803   0.00452   0.00000   0.00528   0.03186   0.00826   0.00000   0.17097   0.01869   0.04222   0.03949   0.03246   0.00000   0.00000   0.00761   0.11319   0.11717   0.19050   0.01940   0.04644   0.03336   0.00468   0.01359   0.00554   0.00794   0.00000   0.00842   0.01398   0.00000   0.04020   0.13131   0.03219   0.05604   0.03405   0.00000   0.00000   0.01922   0.01266   0.11050   0.35885   1.85039   1.06408   0.94575   1.13888   0.92036  
 42  4.7280   2329.160433  x:  0.10671   0.18202   0.00000   0.05251   0.00591   0.00000   0.01337   0.00806   0.00452   0.00000   0.00530   0.03255   0.00822   0.00000   0.17053   0.01868   0.04217   0.03934   0.03178   0.00000   0.00000   0.00761   0.11307   0.11767   0.19020   0.01940   0.04649   0.03218   0.00465   0.01359   0.00556   0.00790   0.00000   0.00842   0.01395   0.00000   0.04008   0.13149   0.03271   0.05607   0.03405   0.00000   0.00000   0.01923   0.01265   0.11038   0.35905   1.85075   1.06422   0.94321   1.13969   0.92000  
 43  7.5055   2329.140806  x:  0.10537   0.18392   0.00000   0.05255   0.00594   0.00000   0.01334   0.00814   0.00455   0.00000   0.00532   0.03220   0.00811   0.00000   0.16909   0.01872   0.04205   0.03924   0.03216   0.00000   0.00000   0.00759   0.11031   0.12033   0.18970   0.01940   0.04645   0.03288   0.00464   0.01359   0.00559   0.00779   0.00000   0.00839   0.01392   0.00000   0.04012   0.13240   0.03244   0.05574   0.03417   0.00000   0.00000   0.01925   0.01265   0.10846   0.35789   1.85182   1.06418   0.93903   1.14080   0.91892  
 44  4.9087   2329.000226  x:  0.10724   0.18239   0.00000   0.05248   0.00612   0.00000   0.01328   0.00870   0.00511   0.00000   0.00560   0.03229   0.00739   0.00000   0.17049   0.01870   0.04174   0.04499   0.03189   0.00000   0.00000   0.00728   0.11094   0.12100   0.19296   0.01937   0.04638   0.03257   0.00477   0.01367   0.00576   0.00695   0.00000   0.00802   0.01366   0.00000   0.03955   0.13122   0.03240   0.05417   0.03367   0.00000   0.00000   0.01929   0.01272   0.11008   0.34235   1.86032   1.05949   0.93301   1.13876   0.91099  
 45  2.1503   2328.883602  x:  0.10901   0.18098   0.00000   0.05238   0.00628   0.00000   0.01325   0.00914   0.00555   0.00000   0.00586   0.03227   0.00680   0.00000   0.17176   0.01880   0.04087   0.03873   0.03204   0.00000   0.00000   0.00705   0.11229   0.12098   0.19551   0.01929   0.04617   0.03287   0.00486   0.01373   0.00591   0.00628   0.00000   0.00772   0.01348   0.00000   0.04004   0.13080   0.03235   0.05303   0.03401   0.00000   0.00000   0.01937   0.01278   0.11126   0.33307   1.86696   1.05539   0.92982   1.13648   0.90508  
 46 27.0175   2328.654167  x:  0.11150   0.18155   0.00000   0.05220   0.00659   0.00000   0.01318   0.01006   0.00650   0.00000   0.00639   0.03227   0.00562   0.00000   0.17215   0.01886   0.03955   0.03964   0.03189   0.00000   0.00000   0.00654   0.11508   0.12269   0.19803   0.01922   0.04591   0.03292   0.00514   0.01386   0.00617   0.00491   0.00000   0.00708   0.01309   0.00000   0.03989   0.13685   0.03216   0.05123   0.03387   0.00000   0.00000   0.01946   0.01290   0.10799   0.35295   1.87891   1.04391   0.93509   1.12690   0.89798  
 47  6.8632   2328.623769  x:  0.10988   0.18189   0.00000   0.05220   0.00662   0.00000   0.01316   0.01019   0.00663   0.00000   0.00645   0.03228   0.00547   0.00000   0.17220   0.01886   0.03942   0.03956   0.03187   0.00000   0.00000   0.00647   0.11255   0.12415   0.19836   0.01921   0.04585   0.03292   0.00521   0.01387   0.00620   0.00474   0.00000   0.00699   0.01303   0.00000   0.03990   0.13283   0.03214   0.05133   0.03374   0.00000   0.00000   0.01946   0.01292   0.11199   0.35659   1.87996   1.04230   0.93595   1.12549   0.89881  
 48  7.7100   2328.610175  x:  0.10961   0.18192   0.00000   0.05220   0.00660   0.00000   0.01314   0.01029   0.00667   0.00000   0.00645   0.03227   0.00545   0.00000   0.17230   0.01884   0.03940   0.03954   0.03186   0.00000   0.00000   0.00643   0.11413   0.12526   0.19860   0.01920   0.04582   0.03291   0.00528   0.01385   0.00619   0.00473   0.00000   0.00694   0.01302   0.00000   0.03992   0.12975   0.03214   0.05120   0.03379   0.00000   0.00000   0.01944   0.01293   0.10978   0.35678   1.87822   1.04164   0.93535   1.12497   0.90624  
 49  2.0496   2328.568659  x:  0.11013   0.18160   0.00000   0.05215   0.00651   0.00000   0.01308   0.01064   0.00680   0.00000   0.00644   0.03219   0.00543   0.00000   0.17224   0.01875   0.03915   0.03952   0.03180   0.00000   0.00000   0.00631   0.11309   0.12464   0.19900   0.01918   0.04572   0.03283   0.00555   0.01376   0.00614   0.00474   0.00000   0.00677   0.01299   0.00000   0.04004   0.13293   0.03203   0.05096   0.03365   0.00000   0.00000   0.01936   0.01296   0.11151   0.35583   1.87109   1.03963   0.93259   1.12348   0.93362  
 50  7.0426   2328.491186  x:  0.11000   0.18114   0.00000   0.05209   0.00593   0.00000   0.01280   0.01178   0.00686   0.00000   0.00611   0.03189   0.00608   0.00000   0.17204   0.01830   0.03885   0.03935   0.03159   0.00000   0.00000   0.00604   0.11331   0.12530   0.19928   0.01913   0.04536   0.03243   0.00669   0.01330   0.00574   0.00564   0.00000   0.00635   0.01307   0.00000   0.04068   0.13287   0.03160   0.05073   0.03335   0.00000   0.00000   0.01891   0.01303   0.11166   0.35757   1.85142   1.03177   0.92648   1.11741   0.91791  
 51  0.4154   2328.431377  x:  0.11212   0.18293   0.00000   0.05219   0.00657   0.00000   0.01291   0.01213   0.00658   0.00000   0.00652   0.03224   0.00647   0.00000   0.17342   0.01903   0.03801   0.03943   0.03198   0.00000   0.00000   0.00630   0.11349   0.12717   0.20196   0.01922   0.04545   0.03260   0.00670   0.01354   0.00627   0.00658   0.00000   0.00648   0.01289   0.00000   0.04019   0.13292   0.03197   0.04897   0.03349   0.00000   0.00000   0.01925   0.01295   0.11233   0.35877   1.88976   1.02802   0.92672   1.11378   0.92441  
 52  0.1544   2328.419607  x:  0.11284   0.18350   0.00000   0.05223   0.00679   0.00000   0.01299   0.01216   0.00653   0.00000   0.00667   0.03238   0.00647   0.00000   0.17384   0.01929   0.03782   0.03948   0.03213   0.00000   0.00000   0.00639   0.11352   0.12764   0.20280   0.01923   0.04551   0.03270   0.00658   0.01361   0.00646   0.00664   0.00000   0.00653   0.01284   0.00000   0.03998   0.13290   0.03213   0.04840   0.03356   0.00000   0.00000   0.01940   0.01293   0.11248   0.35852   1.86181   1.02596   0.92595   1.11235   0.92107  
 53  0.4162   2328.406209  x:  0.11406   0.18543   0.00000   0.05249   0.00643   0.00000   0.01314   0.01275   0.00643   0.00000   0.00652   0.03261   0.00667   0.00000   0.17452   0.01959   0.03809   0.03963   0.03248   0.00000   0.00000   0.00639   0.11351   0.12809   0.20356   0.01922   0.04566   0.03270   0.00649   0.01310   0.00644   0.00632   0.00000   0.00628   0.01293   0.00000   0.03986   0.13298   0.03246   0.04809   0.03376   0.00000   0.00000   0.01943   0.01293   0.11244   0.35677   1.86412   1.02698   0.92641   1.11068   0.92037  
 54  0.0063   2328.404422  x:  0.11415   0.18554   0.00000   0.05256   0.00649   0.00000   0.01300   0.01292   0.00649   0.00000   0.00642   0.03264   0.00646   0.00000   0.17458   0.01952   0.03814   0.03963   0.03255   0.00000   0.00000   0.00649   0.11356   0.12826   0.20392   0.01920   0.04567   0.03267   0.00648   0.01297   0.00637   0.00638   0.00000   0.00641   0.01294   0.00000   0.03988   0.13305   0.03248   0.04822   0.03382   0.00000   0.00000   0.01939   0.01289   0.11245   0.35656   1.86399   1.02655   0.92571   1.11030   0.92011  
 55  0.0018   2328.404194  x:  0.11408   0.18540   0.00000   0.05255   0.00650   0.00000   0.01302   0.01301   0.00647   0.00000   0.00650   0.03263   0.00647   0.00000   0.17454   0.01947   0.03812   0.03962   0.03253   0.00000   0.00000   0.00647   0.11356   0.12828   0.20402   0.01920   0.04567   0.03267   0.00646   0.01292   0.00636   0.00636   0.00000   0.00643   0.01291   0.00000   0.03989   0.13305   0.03243   0.04830   0.03380   0.00000   0.00000   0.01938   0.01289   0.11246   0.35660   1.86391   1.02668   0.92571   1.11067   0.92011  
 56  0.0008   2328.404156  x:  0.11405   0.18534   0.00000   0.05254   0.00650   0.00000   0.01301   0.01303   0.00647   0.00000   0.00648   0.03262   0.00649   0.00000   0.17452   0.01948   0.03810   0.03961   0.03252   0.00000   0.00000   0.00647   0.11356   0.12829   0.20408   0.01920   0.04568   0.03267   0.00646   0.01293   0.00637   0.00633   0.00000   0.00645   0.01290   0.00000   0.03989   0.13305   0.03243   0.04827   0.03381   0.00000   0.00000   0.01939   0.01289   0.11247   0.35666   1.86393   1.02674   0.92575   1.11092   0.92013  
 57  0.0004   2328.404149  x:  0.11404   0.18533   0.00000   0.05254   0.00650   0.00000   0.01302   0.01304   0.00648   0.00000   0.00648   0.03262   0.00648   0.00000   0.17451   0.01949   0.03810   0.03961   0.03252   0.00000   0.00000   0.00646   0.11356   0.12828   0.20409   0.01920   0.04568   0.03267   0.00646   0.01294   0.00638   0.00634   0.00000   0.00644   0.01291   0.00000   0.03988   0.13305   0.03244   0.04826   0.03381   0.00000   0.00000   0.01939   0.01290   0.11247   0.35668   1.86396   1.02678   0.92581   1.11099   0.92016  
 58  0.0002   2328.404148  x:  0.11404   0.18533   0.00000   0.05254   0.00650   0.00000   0.01301   0.01305   0.00647   0.00000   0.00648   0.03262   0.00648   0.00000   0.17451   0.01949   0.03811   0.03961   0.03252   0.00000   0.00000   0.00647   0.11356   0.12828   0.20409   0.01920   0.04568   0.03267   0.00646   0.01295   0.00638   0.00634   0.00000   0.00644   0.01291   0.00000   0.03988   0.13305   0.03244   0.04826   0.03381   0.00000   0.00000   0.01939   0.01290   0.11247   0.35668   1.86398   1.02674   0.92579   1.11095   0.92016  
 59  0.0001   2328.404148  x:  0.11403   0.18533   0.00000   0.05254   0.00650   0.00000   0.01301   0.01305   0.00648   0.00000   0.00648   0.03262   0.00648   0.00000   0.17451   0.01949   0.03811   0.03961   0.03252   0.00000   0.00000   0.00647   0.11356   0.12827   0.20409   0.01920   0.04568   0.03267   0.00646   0.01295   0.00638   0.00634   0.00000   0.00644   0.01291   0.00000   0.03988   0.13304   0.03244   0.04826   0.03381   0.00000   0.00000   0.01939   0.01290   0.11247   0.35668   1.86398   1.02674   0.92579   1.11095   0.92016  
 60  0.0000   2328.404148  x:  0.11403   0.18533   0.00000   0.05254   0.00650   0.00000   0.01301   0.01305   0.00648   0.00000   0.00648   0.03262   0.00648   0.00000   0.17451   0.01949   0.03811   0.03961   0.03252   0.00000   0.00000   0.00647   0.11356   0.12827   0.20408   0.01920   0.04568   0.03267   0.00646   0.01295   0.00638   0.00634   0.00000   0.00644   0.01291   0.00000   0.03988   0.13305   0.03244   0.04826   0.03381   0.00000   0.00000   0.01939   0.01290   0.11247   0.35668   1.86397   1.02675   0.92579   1.11095   0.92016  
 61  0.0000   2328.404148  x:  0.11403   0.18533   0.00000   0.05254   0.00650   0.00000   0.01301   0.01305   0.00648   0.00000   0.00648   0.03262   0.00648   0.00000   0.17451   0.01949   0.03811   0.03961   0.03252   0.00000   0.00000   0.00647   0.11356   0.12827   0.20408   0.01920   0.04568   0.03267   0.00646   0.01295   0.00638   0.00634   0.00000   0.00644   0.01291   0.00000   0.03988   0.13305   0.03244   0.04826   0.03381   0.00000   0.00000   0.01939   0.01290   0.11247   0.35668   1.86397   1.02675   0.92579   1.11095   0.92016  
 62  0.0000   2328.404148  x:  0.11403   0.18533   0.00000   0.05254   0.00650   0.00000   0.01301   0.01305   0.00648   0.00000   0.00648   0.03262   0.00648   0.00000   0.17451   0.01949   0.03811   0.03961   0.03252   0.00000   0.00000   0.00647   0.11356   0.12827   0.20408   0.01920   0.04568   0.03267   0.00646   0.01295   0.00638   0.00634   0.00000   0.00644   0.01291   0.00000   0.03988   0.13305   0.03244   0.04826   0.03381   0.00000   0.00000   0.01939   0.01290   0.11247   0.35668   1.86397   1.02675   0.92579   1.11095   0.92016  