-6.718712221018640074e-01
-8.084272649536506927e-01
-5.684793503934733039e-01
6.271750607576678238e-01
-5.031033257230370648e-01
3.875313545320758779e-01
8.772273924735095596e-01
1.885757890435898698e+00
-3.624367338099265257e-01
-3.676747880932789703e-01
-3.011140199835526943e-01
-5.214625637207234155e-01
-1.215541853772039937e+00
-5.851244968534150548e-01
-9.784091352974936262e-01
-7.845618228808944883e-01
-2.947217967266248184e+00
-1.837262473976671640e+00
-2.299991801514615908e+00
-3.408993028702103079e+00
-1.975426513704242604e+00
-1.516657346728002453e+00
-2.388978552846764192e+00
-2.489017836705091025e+00
-2.889578996340737227e+00
-3.282542101063140372e+00
