-6.322005578197037456e-01
-7.550179057716361886e-01
-5.844571361958585953e-01
5.899137377446378450e-01
-5.715981875585968153e-01
-5.904760809732276350e+00
2.697834455150338040e-01
2.253032329333326533e+00
-2.618907088645435755e-01
-3.917847247587161741e-01
-3.176133235787188536e-01
-3.578166738143188641e-01
-1.304241904133528918e+00
-6.276279781173754735e-01
-9.736332872560360396e-01
-8.529790061033113435e-01
-3.455201700488940375e+00
-1.981085835154883901e+00
-2.282417086378979665e+00
-3.674592707291716831e+00
-1.941754554532118870e+00
-1.491062230845649150e+00
-2.261737231210593002e+00
-2.686869318718081434e+00
-3.011457995669670762e+00
-3.109000493235399176e+00
