

TREE # 1

  0  0.0000   2265.045337  x:  0.01972   0.20925   0.02571   0.03211   0.02495   0.05815   0.02188   0.05666   0.08536   0.02661   0.17168   0.01972   0.20925   0.02571   0.03211   0.02495   0.05815   0.02188   0.05666   0.08536   0.02661   0.17168   0.21568   8.40433   1.57657   1.42494   1.47139   1.00000  
  1 99.0000   2128.998530  x:  0.01488   0.20647   0.19532   0.09588   0.01042   0.14244   0.05937   0.06072   0.06482   0.09787   0.14516   0.00000   0.19434   0.23907   0.12379   0.08341   0.06482   0.02693   0.07601   0.08252   0.12032   0.14696   0.18787   8.40418   1.57729   1.42242   1.47315   0.99912  
  2 1631.1348   2125.982105  x:  0.01641   0.20514   0.20613   0.10111   0.00861   0.15356   0.05916   0.06012   0.05729   0.10102   0.13526   0.04499   0.18882   0.25321   0.13016   0.08532   0.06603   0.02640   0.07981   0.07922   0.12505   0.13814   0.17725   8.40413   1.57774   1.42154   1.47354   0.99871  
  3 815.6456   2089.979297  x:  0.02265   0.19443   0.20440   0.11007   0.00908   0.20085   0.03439   0.05197   0.00000   0.08613   0.05583   0.04437   0.14316   0.25753   0.13268   0.06655   0.07194   0.01972   0.10020   0.05010   0.11035   0.06533   0.09279   8.40377   1.58170   1.41502   1.47559   0.99517  
  4 314.3573   2077.368900  x:  0.02763   0.18848   0.20375   0.11862   0.01051   0.22348   0.02640   0.04865   0.01640   0.07842   0.00896   0.04436   0.11744   0.25865   0.13368   0.05732   0.07381   0.02215   0.10877   0.03670   0.10219   0.02469   0.04130   8.40354   1.58407   1.41085   1.47704   0.99326  
  5 882.9924   2075.338610  x:  0.03276   0.18661   0.20209   0.12029   0.01050   0.22823   0.03548   0.04962   0.01593   0.07598   0.01223   0.04420   0.10793   0.25794   0.13404   0.05696   0.07249   0.02600   0.10859   0.03887   0.09964   0.02584   0.01718   8.40339   1.58529   1.40811   1.47819   0.99234  
  6 157.2680   2075.102455  x:  0.03204   0.18534   0.20091   0.12118   0.00811   0.23068   0.03688   0.05062   0.01591   0.07513   0.00879   0.04414   0.10131   0.25758   0.13439   0.05803   0.07107   0.02499   0.10729   0.04169   0.09881   0.03045   0.01672   8.40321   1.58649   1.40520   1.47946   0.99145  
  7 46.9939   2074.834263  x:  0.03139   0.18276   0.19898   0.12326   0.00971   0.23653   0.03663   0.05196   0.01675   0.07369   0.01129   0.04416   0.08822   0.25718   0.13498   0.05954   0.06904   0.02341   0.10516   0.04476   0.09773   0.03083   0.01952   8.40283   1.58918   1.39870   1.48228   0.98943  
  8 61.8326   2074.764681  x:  0.03105   0.18178   0.19779   0.12320   0.00769   0.23791   0.03583   0.05146   0.01660   0.07456   0.01187   0.04413   0.08649   0.25654   0.13458   0.06044   0.06920   0.02636   0.10320   0.04488   0.09939   0.03012   0.01997   8.40248   1.59136   1.39319   1.48471   0.98775  
  9 22.4133   2074.630834  x:  0.03042   0.17978   0.19518   0.12264   0.01076   0.24013   0.03591   0.05054   0.01610   0.07735   0.01052   0.04417   0.08585   0.25509   0.13347   0.06227   0.06987   0.02854   0.09865   0.04481   0.10421   0.03049   0.01978   8.40151   1.59716   1.37831   1.49127   0.98319  
 10 50.4872   2074.441353  x:  0.03114   0.17738   0.19245   0.12201   0.00914   0.24289   0.03539   0.04974   0.01680   0.08030   0.01137   0.04402   0.08703   0.25367   0.13222   0.06303   0.07057   0.02339   0.09480   0.04408   0.10967   0.03002   0.01838   8.39999   1.60597   1.35551   1.50132   0.97609  
 11 77.8543   2074.176398  x:  0.03318   0.17618   0.19261   0.12213   0.00857   0.24511   0.03905   0.05291   0.01691   0.07791   0.01086   0.04381   0.09135   0.25422   0.13274   0.05844   0.06994   0.02461   0.10190   0.04469   0.10776   0.02974   0.02080   8.39707   1.62079   1.31605   1.51873   0.96307  
 12 44.3790   2074.092410  x:  0.02997   0.17715   0.19427   0.12208   0.00914   0.24379   0.03617   0.05199   0.01725   0.07664   0.01174   0.04388   0.09223   0.25521   0.13334   0.05892   0.06946   0.02505   0.10408   0.04457   0.10472   0.03126   0.01930   8.39592   1.62541   1.30313   1.52451   0.95833  
 13 43.8946   2074.051031  x:  0.03179   0.17921   0.19635   0.12170   0.00926   0.24005   0.03605   0.04997   0.01687   0.07616   0.01121   0.04391   0.09132   0.25605   0.13367   0.06117   0.06917   0.02490   0.10295   0.04434   0.10120   0.03052   0.01940   8.39496   1.62741   1.29640   1.52766   0.95499  
 14 18.1696   2074.041084  x:  0.03087   0.18013   0.19720   0.12172   0.00911   0.23812   0.03671   0.05092   0.01663   0.07612   0.01111   0.04398   0.09054   0.25632   0.13357   0.06055   0.06947   0.02474   0.10178   0.04398   0.10070   0.02980   0.01931   8.39441   1.62753   1.29490   1.52850   0.95348  
 15  8.1215   2074.037338  x:  0.03142   0.18048   0.19763   0.12193   0.00920   0.23724   0.03610   0.05130   0.01660   0.07604   0.01110   0.04398   0.08998   0.25650   0.13348   0.05969   0.06969   0.02485   0.10150   0.04373   0.10108   0.03016   0.01922   8.39387   1.62720   1.29451   1.52887   0.95221  
 16  4.6440   2074.030478  x:  0.03120   0.18067   0.19778   0.12240   0.00920   0.23584   0.03638   0.05016   0.01651   0.07542   0.01107   0.04398   0.08917   0.25635   0.13315   0.05923   0.06948   0.02477   0.10240   0.04407   0.10268   0.03002   0.01922   8.39179   1.62534   1.29445   1.52966   0.94768  
 17  3.4941   2074.017864  x:  0.03136   0.18039   0.19751   0.12274   0.00917   0.23517   0.03615   0.05164   0.01647   0.07548   0.01103   0.04393   0.08911   0.25586   0.13282   0.06102   0.06934   0.02473   0.10345   0.04385   0.10334   0.02986   0.01908   8.38686   1.62093   1.29486   1.53112   0.93765  
 18  7.4033   2073.998842  x:  0.03118   0.17967   0.19738   0.12239   0.00911   0.23688   0.03659   0.05088   0.01668   0.07670   0.01123   0.04385   0.08998   0.25590   0.13325   0.06015   0.06987   0.02479   0.10232   0.04362   0.10148   0.03033   0.01934   8.37859   1.61395   1.29567   1.53306   0.92221  
 19 13.6142   2073.996678  x:  0.03125   0.17984   0.19735   0.12202   0.00915   0.23712   0.03634   0.05103   0.01667   0.07625   0.01118   0.04384   0.09037   0.25611   0.13346   0.06001   0.06938   0.02481   0.10179   0.04442   0.10153   0.03009   0.01925   8.37720   1.61327   1.29565   1.53307   0.92090  
 20  3.6042   2073.992354  x:  0.03123   0.18079   0.19716   0.12111   0.00912   0.23780   0.03656   0.05103   0.01682   0.07475   0.01122   0.04380   0.09050   0.25657   0.13342   0.06022   0.06919   0.02484   0.10127   0.04359   0.10193   0.03034   0.01936   8.37295   1.61241   1.29514   1.53229   0.92005  
 21  2.2444   2073.959632  x:  0.03128   0.18656   0.19519   0.11835   0.00913   0.23892   0.03669   0.05123   0.01721   0.07587   0.01133   0.04347   0.08973   0.25753   0.13264   0.06056   0.07177   0.02472   0.10248   0.04525   0.10258   0.03053   0.01933   8.33641   1.60713   1.29003   1.52451   0.91849  
 22  6.4108   2073.842124  x:  0.03125   0.19221   0.19184   0.12045   0.00903   0.23762   0.03735   0.05138   0.01689   0.08029   0.01172   0.04239   0.09021   0.25795   0.13111   0.05992   0.06486   0.02507   0.10249   0.04404   0.10277   0.03137   0.01938   8.20616   1.58930   1.27184   1.49688   0.91595  
 23 41.1585   2073.556506  x:  0.03131   0.18649   0.19015   0.12774   0.00890   0.23012   0.03850   0.05157   0.01591   0.07625   0.01266   0.03974   0.09369   0.25655   0.13252   0.06196   0.07006   0.02515   0.09853   0.04685   0.10276   0.03299   0.01963   7.88719   1.54611   1.22811   1.43142   0.91191  
 24 148.2109   2073.470295  x:  0.03133   0.18026   0.19513   0.11885   0.00897   0.22709   0.03891   0.05198   0.01630   0.07767   0.01290   0.03897   0.09212   0.25408   0.13271   0.06174   0.06896   0.02517   0.09966   0.04690   0.10361   0.03344   0.01954   7.79069   1.53318   1.21666   1.41607   0.91215  
 25 73.3111   2073.352867  x:  0.03140   0.18382   0.20388   0.12112   0.00882   0.22950   0.03961   0.05205   0.01576   0.07700   0.01325   0.03767   0.09348   0.24564   0.12792   0.06251   0.06894   0.02520   0.09820   0.04884   0.10424   0.03425   0.01966   7.65403   1.51775   1.21688   1.43554   0.92312  
 26 12.6558   2073.221144  x:  0.03139   0.18323   0.19561   0.11952   0.00880   0.22384   0.04015   0.05213   0.01566   0.07780   0.01356   0.03632   0.09317   0.24868   0.13669   0.06230   0.06872   0.02520   0.09827   0.04760   0.10432   0.03472   0.01951   7.49955   1.50717   1.22268   1.46336   0.93491  
 27 44.7349   2073.163280  x:  0.03136   0.18021   0.19224   0.11852   0.00883   0.22137   0.04028   0.05215   0.01565   0.07763   0.01374   0.03580   0.09340   0.25572   0.12909   0.06227   0.06869   0.02525   0.09815   0.04847   0.10282   0.03489   0.01948   7.43276   1.51193   1.22934   1.47373   0.93655  
 28 26.4981   2072.836985  x:  0.03135   0.18264   0.19520   0.11814   0.00870   0.21545   0.04205   0.05260   0.01499   0.07784   0.01485   0.03227   0.09524   0.24919   0.13149   0.06319   0.06832   0.02539   0.09689   0.04992   0.10361   0.03694   0.01962   7.04697   1.60509   1.29259   1.51419   0.91946  
 29 22.8559   2072.274012  x:  0.03195   0.17907   0.18863   0.11949   0.00912   0.23529   0.03953   0.05145   0.01350   0.07437   0.01368   0.02291   0.08849   0.24277   0.13046   0.05960   0.06906   0.02495   0.10195   0.04660   0.09899   0.03379   0.01682   6.72170   1.60517   1.28898   1.50878   0.90943  
 30  0.3848   2071.784085  x:  0.03084   0.17883   0.18666   0.11839   0.00937   0.23246   0.03668   0.05088   0.01409   0.07427   0.01301   0.01397   0.08985   0.23783   0.12918   0.05918   0.06935   0.02420   0.10152   0.04576   0.09980   0.03355   0.01988   7.22745   1.62487   1.30159   1.53042   0.91409  
 31  0.4912   2071.731481  x:  0.03089   0.17967   0.18822   0.11845   0.00939   0.22739   0.03778   0.05127   0.01511   0.07499   0.01328   0.01541   0.09058   0.23944   0.12930   0.05996   0.06903   0.02481   0.10009   0.04656   0.10109   0.03434   0.01942   7.43254   1.61939   1.29584   1.52757   0.91995  
 32  0.2305   2071.725845  x:  0.03092   0.18001   0.18836   0.11847   0.00936   0.22610   0.03799   0.05138   0.01534   0.07518   0.01330   0.01446   0.09077   0.23958   0.12926   0.06012   0.06894   0.02488   0.09977   0.04676   0.10131   0.03456   0.01936   7.42778   1.61462   1.29189   1.52357   0.92080  
 33  0.0109   2071.722150  x:  0.03084   0.17989   0.18941   0.11874   0.00927   0.22694   0.03778   0.05138   0.01557   0.07531   0.01308   0.01450   0.09074   0.24161   0.12983   0.06011   0.06901   0.02474   0.09996   0.04649   0.10155   0.03440   0.01964   7.41821   1.60950   1.28833   1.51802   0.92018  
 34  0.0044   2071.720152  x:  0.03093   0.17976   0.19030   0.11897   0.00931   0.22752   0.03805   0.05136   0.01542   0.07535   0.01316   0.01442   0.09055   0.24280   0.13010   0.06022   0.06900   0.02490   0.10000   0.04649   0.10177   0.03443   0.01935   7.42379   1.61373   1.29173   1.52176   0.92006  
 35  0.0054   2071.719994  x:  0.03088   0.17988   0.19040   0.11899   0.00931   0.22734   0.03799   0.05136   0.01530   0.07543   0.01321   0.01443   0.09063   0.24297   0.13009   0.06025   0.06898   0.02485   0.09997   0.04650   0.10185   0.03447   0.01944   7.42349   1.61414   1.29200   1.52242   0.92031  
 36  0.0009   2071.719986  x:  0.03089   0.17986   0.19039   0.11899   0.00931   0.22739   0.03799   0.05136   0.01528   0.07542   0.01322   0.01442   0.09061   0.24297   0.13011   0.06024   0.06899   0.02485   0.09997   0.04649   0.10184   0.03447   0.01944   7.42483   1.61387   1.29180   1.52218   0.92030  
 37  0.0011   2071.719986  x:  0.03089   0.17986   0.19039   0.11899   0.00931   0.22739   0.03799   0.05136   0.01528   0.07542   0.01322   0.01442   0.09062   0.24297   0.13011   0.06025   0.06899   0.02485   0.09998   0.04649   0.10184   0.03448   0.01944   7.42484   1.61386   1.29179   1.52215   0.92030  
 38  0.0000   2071.719986  x:  0.03089   0.17986   0.19039   0.11899   0.00931   0.22739   0.03799   0.05136   0.01528   0.07542   0.01322   0.01442   0.09062   0.24297   0.13011   0.06025   0.06899   0.02485   0.09998   0.04649   0.10184   0.03448   0.01944   7.42484   1.61386   1.29179   1.52215   0.92030  

TREE # 2

  0  0.0000   2241.125450  x:  0.03089   0.17986   0.19039   0.11899   0.00931   0.22739   0.03799   0.05136   0.01528   0.07542   0.01322   0.01442   0.09062   0.24297   0.13011   0.06025   0.06899   0.02485   0.09998   0.04649   0.10184   0.03448   0.01944   7.42484   1.50587   1.21930   1.39404   0.92030  
  1 99.0000   2147.547610  x:  0.02094   0.15561   0.16798   0.11930   0.15789   0.23191   0.05612   0.09287   0.14685   0.07555   0.13381   0.03789   0.07167   0.21790   0.13924   0.07148   0.11017   0.02083   0.10313   0.05034   0.07836   0.18134   0.05552   7.42485   1.50583   1.21942   1.39533   0.92027  
  2 1578.7934   2100.308629  x:  0.01220   0.07033   0.09208   0.09437   0.14915   0.23542   0.05185   0.12832   0.13743   0.05854   0.10637   0.00789   0.01250   0.13124   0.16367   0.08761   0.17142   0.01360   0.11282   0.05295   0.00000   0.22271   0.03091   7.42491   1.50611   1.22190   1.39693   0.91950  
  3 335.8930   2089.497396  x:  0.01669   0.03637   0.06260   0.08614   0.14445   0.23676   0.04999   0.13908   0.13265   0.05414   0.09549   0.01876   0.00103   0.09651   0.17219   0.09187   0.19048   0.01300   0.11665   0.05429   0.00608   0.23631   0.02816   7.42493   1.50629   1.22277   1.39764   0.91919  
  4 766.2959   2080.623550  x:  0.02032   0.00505   0.03557   0.07884   0.14035   0.23802   0.04829   0.14878   0.12846   0.05032   0.08573   0.02604   0.00799   0.06451   0.18012   0.09562   0.20771   0.01261   0.12007   0.05529   0.00741   0.24891   0.02600   7.42495   1.50648   1.22356   1.39831   0.91890  
  5 2915.3734   2077.002220  x:  0.02351   0.02038   0.02059   0.07655   0.13617   0.23950   0.04627   0.15398   0.12397   0.05193   0.07736   0.02499   0.01071   0.02390   0.18511   0.09453   0.21911   0.01442   0.12271   0.05420   0.00873   0.26030   0.03633   7.42498   1.50699   1.22426   1.39949   0.91865  
  6 210.8448   2076.264883  x:  0.02111   0.01964   0.02662   0.07742   0.13467   0.24021   0.04581   0.15433   0.12266   0.05344   0.07594   0.02528   0.01107   0.01226   0.18581   0.09266   0.22114   0.01411   0.12310   0.05356   0.00898   0.26353   0.03802   7.42499   1.50723   1.22449   1.40002   0.91859  
  7 151.5693   2075.981443  x:  0.01653   0.02015   0.02717   0.08120   0.12967   0.24257   0.04474   0.15420   0.11837   0.05776   0.07304   0.02637   0.01134   0.01435   0.18696   0.08450   0.22696   0.01306   0.12408   0.05177   0.00942   0.27402   0.04039   7.42503   1.50828   1.22518   1.40213   0.91841  
  8 33.0807   2075.858272  x:  0.02066   0.02004   0.02865   0.08368   0.12650   0.24412   0.04453   0.15322   0.11597   0.05931   0.07268   0.02624   0.01133   0.01514   0.18722   0.07942   0.22968   0.01327   0.12446   0.05120   0.00882   0.28043   0.04019   7.42506   1.50914   1.22569   1.40376   0.91829  
  9 54.9090   2075.805219  x:  0.02011   0.02030   0.02793   0.08498   0.12378   0.24527   0.04537   0.15040   0.11469   0.05754   0.07500   0.02492   0.01143   0.01448   0.18641   0.07723   0.22942   0.01419   0.12414   0.05229   0.00996   0.28428   0.03763   7.42510   1.51034   1.22634   1.40589   0.91812  
 10 17.7938   2075.784943  x:  0.01999   0.02055   0.02761   0.08495   0.12210   0.24584   0.04574   0.14835   0.11420   0.05667   0.07580   0.02642   0.01142   0.01423   0.18582   0.07743   0.22854   0.01337   0.12362   0.05251   0.00897   0.28610   0.03754   7.42514   1.51143   1.22692   1.40776   0.91797  
 11 13.8233   2075.757605  x:  0.02014   0.01987   0.02772   0.08379   0.11979   0.24670   0.04590   0.14523   0.11414   0.05627   0.07557   0.02549   0.01127   0.01455   0.18498   0.07986   0.22696   0.01357   0.12300   0.05228   0.00906   0.28943   0.03959   7.42524   1.51412   1.22837   1.41224   0.91760  
 12 12.7708   2075.733704  x:  0.02005   0.02032   0.02791   0.08308   0.11942   0.24710   0.04573   0.14416   0.11463   0.05780   0.07389   0.02595   0.01135   0.01464   0.18444   0.08195   0.22536   0.01469   0.12296   0.05200   0.00901   0.29185   0.03766   7.42538   1.51800   1.23053   1.41853   0.91707  
 13 10.5988   2075.706832  x:  0.02027   0.02037   0.02770   0.08333   0.11994   0.24716   0.04565   0.14436   0.11473   0.05843   0.07266   0.02518   0.01140   0.01449   0.18397   0.08240   0.22333   0.01253   0.12289   0.05205   0.00960   0.29301   0.03667   7.42557   1.52332   1.23359   1.42691   0.91633  
 14 18.1978   2075.576397  x:  0.02009   0.01904   0.02666   0.08610   0.12273   0.24648   0.04557   0.14821   0.11283   0.05683   0.07035   0.02535   0.01104   0.01404   0.18240   0.07990   0.21451   0.01421   0.12424   0.05271   0.00847   0.29359   0.03860   7.42665   1.55218   1.25057   1.47147   0.91245  
 15 40.1697   2075.468127  x:  0.02005   0.02031   0.02875   0.08254   0.12152   0.24534   0.04453   0.15252   0.11115   0.05462   0.07405   0.02581   0.01151   0.01510   0.18441   0.08036   0.21632   0.01386   0.12445   0.05202   0.00921   0.29183   0.03832   7.42762   1.57759   1.26656   1.50875   0.90921  
 16 46.7340   2075.403260  x:  0.02010   0.01969   0.02778   0.08330   0.12026   0.24479   0.04499   0.15026   0.11311   0.05894   0.07770   0.02558   0.01139   0.01456   0.18516   0.07966   0.21960   0.01389   0.12284   0.05144   0.00910   0.28723   0.03882   7.42827   1.59370   1.27777   1.52984   0.90751  
 17 34.6664   2075.358053  x:  0.02010   0.02000   0.02838   0.08538   0.12151   0.24472   0.04613   0.14599   0.11642   0.05709   0.07541   0.02591   0.01155   0.01481   0.18543   0.07934   0.22508   0.01384   0.12186   0.05268   0.00928   0.28424   0.03903   7.42879   1.60558   1.28752   1.54203   0.90676  
 18 20.5139   2075.337745  x:  0.02008   0.01989   0.02821   0.08444   0.12341   0.24482   0.04459   0.14357   0.11600   0.05649   0.07532   0.02586   0.01155   0.01464   0.18404   0.07832   0.22573   0.01372   0.12286   0.05041   0.00935   0.28352   0.03877   7.42913   1.61173   1.29429   1.54369   0.90712  
 19  7.0488   2075.293224  x:  0.02011   0.01986   0.02851   0.08208   0.12574   0.24546   0.04616   0.14205   0.11330   0.05809   0.07566   0.02590   0.01164   0.01479   0.18140   0.07800   0.22553   0.01340   0.12536   0.05312   0.00925   0.28322   0.03917   7.43002   1.62627   1.31166   1.54327   0.90886  
 20 13.1849   2075.234645  x:  0.02014   0.01999   0.02870   0.08581   0.12402   0.24598   0.04786   0.14481   0.11318   0.05768   0.07640   0.02596   0.01173   0.01497   0.18151   0.08056   0.22268   0.01362   0.12386   0.05084   0.00951   0.28377   0.03900   7.43129   1.64547   1.33469   1.53990   0.91208  
 21 16.9442   2075.212697  x:  0.02012   0.02000   0.02875   0.08598   0.12249   0.24567   0.04483   0.14562   0.11511   0.05755   0.07636   0.02600   0.01172   0.01502   0.18269   0.07992   0.22067   0.01380   0.12248   0.05240   0.00943   0.28406   0.03906   7.43179   1.65213   1.34214   1.53837   0.91362  
 22 14.4595   2075.201552  x:  0.02008   0.01999   0.02877   0.08429   0.12174   0.24540   0.04614   0.14555   0.11680   0.05742   0.07576   0.02596   0.01170   0.01500   0.18420   0.07812   0.21916   0.01389   0.12212   0.05186   0.00943   0.28401   0.03901   7.43211   1.65446   1.34348   1.53768   0.91494  
 23  3.7555   2075.112099  x:  0.02001   0.01999   0.02928   0.08609   0.12429   0.24365   0.04648   0.14015   0.11477   0.05795   0.07696   0.02596   0.01174   0.01525   0.19459   0.07876   0.21402   0.01364   0.12561   0.05196   0.00947   0.28295   0.03898   7.43514   1.66392   1.33480   1.53416   0.92907  
 24  2.3214   2074.809412  x:  0.01994   0.01982   0.03067   0.08620   0.12658   0.24203   0.04684   0.13890   0.11446   0.05878   0.07781   0.02651   0.01274   0.01526   0.18030   0.07738   0.20771   0.01465   0.11619   0.05177   0.01022   0.27806   0.03960   7.44556   1.68470   1.30055   1.52470   0.97225  
 25 10.4549   2074.726309  x:  0.01993   0.01992   0.03106   0.08798   0.12257   0.24407   0.04641   0.13940   0.11977   0.05857   0.07883   0.02677   0.01308   0.01531   0.17529   0.07777   0.20523   0.01379   0.12494   0.05145   0.01031   0.27550   0.03982   7.44864   1.68160   1.29589   1.52368   0.97726  
 26  7.1808   2074.244410  x:  0.01979   0.02001   0.03351   0.08955   0.12797   0.25766   0.04672   0.13291   0.12016   0.06021   0.08160   0.02745   0.01431   0.01613   0.17517   0.07612   0.18557   0.01529   0.11815   0.05135   0.01116   0.26524   0.04070   7.46712   1.61221   1.30240   1.52609   0.96046  
 27  6.3068   2074.165221  x:  0.01979   0.01989   0.03400   0.09076   0.12719   0.24163   0.04794   0.13055   0.11984   0.06069   0.08193   0.02753   0.01455   0.01624   0.17305   0.07599   0.18306   0.01541   0.11829   0.05127   0.01129   0.26635   0.04084   7.47026   1.60278   1.30222   1.52471   0.95071  
 28  8.0718   2074.099507  x:  0.01977   0.01981   0.03435   0.09106   0.12749   0.24370   0.04794   0.12972   0.11994   0.06088   0.08214   0.02763   0.01473   0.01631   0.17301   0.07586   0.18106   0.01563   0.11797   0.05126   0.01136   0.26520   0.04095   7.47310   1.61262   1.28906   1.51496   0.91604  
 29  2.9427   2072.528827  x:  0.01957   0.01144   0.03803   0.09168   0.11122   0.24256   0.04621   0.13261   0.10663   0.06204   0.07322   0.02993   0.02287   0.00976   0.18322   0.07352   0.20272   0.01531   0.11994   0.05077   0.01350   0.24470   0.04193   7.49500   1.60513   1.29111   1.52019   0.90916  
 30  0.0264   2071.895072  x:  0.01984   0.01317   0.03723   0.09001   0.10278   0.24328   0.04641   0.13206   0.10118   0.05957   0.06964   0.02815   0.02697   0.01676   0.18199   0.07723   0.19170   0.01518   0.11909   0.05169   0.01193   0.22825   0.03616   7.43760   1.61493   1.29284   1.51888   0.92554  
 31  0.0442   2071.751577  x:  0.01969   0.01491   0.03486   0.09026   0.09966   0.24331   0.04648   0.12872   0.09806   0.05993   0.06785   0.02559   0.02870   0.01375   0.17769   0.07496   0.18755   0.01523   0.11877   0.05138   0.00986   0.22567   0.03768   7.40592   1.61582   1.29139   1.52255   0.92171  
 32  0.0220   2071.737369  x:  0.01953   0.01459   0.03431   0.09072   0.10087   0.24272   0.04647   0.12983   0.09923   0.06031   0.06844   0.02486   0.02875   0.01322   0.17954   0.07545   0.19011   0.01532   0.11903   0.05133   0.00950   0.22374   0.03806   7.41924   1.61365   1.29165   1.52329   0.91917  
 33  0.0123   2071.730735  x:  0.01936   0.01441   0.03427   0.09089   0.10056   0.24295   0.04639   0.13032   0.09915   0.06045   0.06851   0.02476   0.02906   0.01322   0.18069   0.07568   0.19085   0.01534   0.11904   0.05136   0.00934   0.22771   0.03796   7.43096   1.61354   1.29215   1.52234   0.92043  
 34  0.0060   2071.721244  x:  0.01934   0.01439   0.03458   0.09056   0.10253   0.24331   0.04650   0.13003   0.10011   0.06023   0.06908   0.02489   0.03042   0.01334   0.17982   0.07533   0.19035   0.01525   0.11887   0.05140   0.00921   0.22754   0.03777   7.43089   1.61408   1.29167   1.52139   0.92185  
 35  0.0014   2071.720033  x:  0.01942   0.01443   0.03454   0.09061   0.10175   0.24293   0.04650   0.13013   0.10009   0.06023   0.06903   0.02482   0.03084   0.01322   0.17978   0.07541   0.19036   0.01527   0.11899   0.05136   0.00928   0.22740   0.03798   7.42494   1.61379   1.29172   1.52207   0.92015  
 36  0.0057   2071.719990  x:  0.01944   0.01442   0.03450   0.09061   0.10186   0.24296   0.04649   0.13011   0.09994   0.06024   0.06898   0.02484   0.03088   0.01322   0.17986   0.07542   0.19040   0.01528   0.11899   0.05136   0.00931   0.22739   0.03800   7.42469   1.61383   1.29178   1.52215   0.92025  
 37  0.0004   2071.719986  x:  0.01944   0.01442   0.03448   0.09062   0.10184   0.24297   0.04649   0.13010   0.09998   0.06025   0.06899   0.02485   0.03089   0.01322   0.17987   0.07542   0.19039   0.01528   0.11899   0.05136   0.00931   0.22739   0.03799   7.42481   1.61388   1.29181   1.52216   0.92032  
 38  0.0001   2071.719986  x:  0.01944   0.01442   0.03448   0.09062   0.10184   0.24297   0.04649   0.13011   0.09998   0.06025   0.06899   0.02485   0.03089   0.01322   0.17986   0.07542   0.19039   0.01528   0.11899   0.05136   0.00931   0.22739   0.03799   7.42484   1.61386   1.29179   1.52215   0.92030  
 39  0.0000   2071.719986  x:  0.01944   0.01442   0.03448   0.09062   0.10184   0.24297   0.04649   0.13011   0.09998   0.06025   0.06899   0.02485   0.03089   0.01322   0.17986   0.07542   0.19039   0.01528   0.11899   0.05136   0.00931   0.22739   0.03799   7.42484   1.61386   1.29179   1.52215   0.92030  