

TREE # 1

  0  0.0000  16678.998187  x:  0.38917   0.42198   0.46997   0.31074   0.13825   0.30076   0.29668   0.30595   0.15770   0.07586   0.07477   0.05529   0.10513   0.09714   0.07781   0.04250   0.06541   0.03584   0.07837   0.01758   0.27337   0.43141   0.52161   0.63769   0.37721   0.00000   0.26077   0.30087   0.11083   0.03512   0.05389   0.11489   0.12777   0.11919   0.02184   0.06113   0.02963   0.06618   3.27527   8.40433   0.65228   0.92293   0.73364   1.00000  
  1 99.0000  16233.482993  x:  0.42913   0.47121   0.52211   0.39731   0.26626   0.37176   0.34499   0.35838   0.23340   0.15199   0.05160   0.02487   0.14611   0.16977   0.11441   0.05509   0.08129   0.08827   0.02520   0.11071   0.33567   0.50202   0.57072   0.69933   0.46075   0.72247   0.36762   0.34881   0.12226   0.03726   0.00000   0.11709   0.19171   0.10438   0.24433   0.10832   0.06528   0.03508   3.29778   8.36357   0.64170   0.95870   0.70909   0.98698  
  2 3121.8389  16129.031618  x:  0.47303   0.53230   0.59975   0.51065   0.39815   0.45203   0.41330   0.42107   0.30383   0.16711   0.01130   0.03886   0.16017   0.19500   0.11430   0.03397   0.07909   0.04498   0.02765   0.20127   0.40005   0.60561   0.64711   0.77324   0.48939   0.79029   0.45988   0.39460   0.12982   0.03402   0.31074   0.12945   0.22716   0.07704   0.17784   0.10535   0.01285   0.06072   3.33889   8.28936   0.63359   0.99131   0.71058   0.95464  
  3 1016.0492  16067.434535  x:  0.51146   0.58847   0.67468   0.61334   0.51096   0.52111   0.47486   0.47399   0.35827   0.17674   0.06367   0.02443   0.16272   0.20451   0.11138   0.05367   0.07775   0.05109   0.03138   0.27998   0.45887   0.70582   0.72272   0.84846   0.50891   0.78580   0.53924   0.43087   0.13371   0.02008   0.41346   0.12099   0.24692   0.07033   0.08170   0.09348   0.19716   0.04926   3.38599   8.20327   0.64013   1.01184   0.72924   0.91781  
  4 1244.3911  15966.102399  x:  0.55186   0.65147   0.76349   0.72421   0.62635   0.58721   0.53720   0.52070   0.39327   0.15832   0.02159   0.03247   0.15344   0.19328   0.10677   0.04071   0.07916   0.09038   0.01005   0.36450   0.52592   0.82638   0.81624   0.95052   0.52292   0.72300   0.62020   0.45861   0.14059   0.02536   0.30790   0.08785   0.24861   0.11970   0.02436   0.08921   0.16174   0.00765   3.46178   8.06164   0.68685   1.01109   0.78368   0.86355  
  5 632.0982  15905.997035  x:  0.58157   0.69795   0.82908   0.80578   0.71107   0.63537   0.58291   0.55452   0.41809   0.14653   0.00000   0.03501   0.14674   0.18507   0.10402   0.03579   0.08045   0.11238   0.02169   0.42671   0.57535   0.91560   0.88552   1.02662   0.53249   0.67007   0.67927   0.47827   0.14483   0.02715   0.22430   0.06716   0.24993   0.15111   0.01251   0.08763   0.13773   0.04287   3.51914   7.95417   0.71957   1.01177   0.82272   0.82350  
  6 5522.4211  15807.070826  x:  0.65100   0.80663   0.98245   0.99645   0.90896   0.74725   0.68954   0.63290   0.47556   0.12386   0.05444   0.04247   0.13196   0.16627   0.09806   0.02576   0.08298   0.14973   0.03637   0.57199   0.69075   1.12449   1.04773   1.20512   0.55294   0.52760   0.81608   0.52314   0.15367   0.03005   0.04459   0.03083   0.25395   0.21870   0.04922   0.08366   0.05185   0.08051   3.65493   7.69926   0.79246   1.01613   0.91090   0.73040  
  7 9566.9522  15777.052831  x:  0.66587   0.82998   1.01516   1.03685   0.95126   0.76969   0.71127   0.64774   0.48493   0.12327   0.05304   0.03813   0.13208   0.16510   0.10000   0.03991   0.08246   0.14598   0.03520   0.60345   0.71568   1.16967   1.08281   1.24516   0.55663   0.49315   0.84402   0.53074   0.15324   0.02672   0.00000   0.07273   0.25390   0.22240   0.05877   0.08625   0.03554   0.08234   3.68737   7.63742   0.80123   1.02252   0.92351   0.71250  
  8 2394.8429  15760.300313  x:  0.67172   0.84256   1.03528   1.05312   0.96512   0.76840   0.71401   0.63974   0.46241   0.12545   0.01677   0.01781   0.13268   0.15940   0.10895   0.05106   0.08418   0.15514   0.02303   0.61885   0.73102   1.20073   1.10867   1.28600   0.55465   0.46239   0.85008   0.51947   0.14796   0.02545   0.00591   0.07418   0.23636   0.22994   0.11479   0.10627   0.05137   0.06879   3.73214   7.54818   0.81255   1.02604   0.93357   0.70087  
  9 392.7332  15746.388259  x:  0.67476   0.85065   1.04814   1.06074   0.97156   0.76063   0.71071   0.62628   0.43526   0.14301   0.00000   0.03563   0.13947   0.16349   0.11552   0.04386   0.08644   0.14465   0.02943   0.62920   0.74192   1.22295   1.12742   1.32141   0.55280   0.44922   0.84933   0.50447   0.14162   0.02332   0.00088   0.06571   0.21934   0.21579   0.13566   0.11809   0.06060   0.05723   3.77555   7.45944   0.80800   1.03917   0.92725   0.69844  
 10 642.3618  15717.888678  x:  0.67666   0.85962   1.06390   1.06518   0.97308   0.74275   0.70050   0.60053   0.38706   0.16230   0.00288   0.03556   0.14615   0.16540   0.12596   0.03866   0.08976   0.14692   0.02723   0.64017   0.75566   1.25206   1.15279   1.37459   0.55012   0.44784   0.84329   0.47769   0.13376   0.02687   0.00000   0.06546   0.19003   0.20740   0.13179   0.13969   0.05897   0.05917   3.84303   7.32090   0.81013   1.05151   0.92358   0.69489  
 11 1261.1193  15643.039657  x:  0.67536   0.89412   1.13002   1.06673   0.95672   0.63902   0.63940   0.47733   0.16443   0.18234   0.00597   0.07303   0.13014   0.17011   0.09295   0.08010   0.08464   0.18722   0.10933   0.67815   0.81283   1.38310   1.26831   1.63916   0.53708   0.47174   0.80126   0.34408   0.13564   0.05860   0.01954   0.09108   0.14788   0.18254   0.13194   0.07551   0.05104   0.03331   4.19283   6.58723   0.83910   1.07232   0.93090   0.68052  
 12 1779.0052  15570.667035  x:  0.66291   0.90997   1.16490   1.04699   0.92425   0.54819   0.58580   0.41644   0.09042   0.14454   0.00409   0.02670   0.12194   0.17805   0.06951   0.05477   0.06214   0.14633   0.07514   0.69212   0.84388   1.46862   1.34328   1.84416   0.52183   0.48015   0.75591   0.25190   0.13874   0.02798   0.00941   0.07259   0.22668   0.11989   0.12862   0.02597   0.04847   0.04044   4.48613   5.94786   0.82060   1.08715   0.92039   0.68547  
 13 1401.7208  15504.634054  x:  0.63898   0.92029   1.19575   1.00767   0.86756   0.43529   0.51985   0.36666   0.08238   0.07643   0.00835   0.03973   0.09997   0.18124   0.04123   0.05745   0.05342   0.10994   0.07546   0.69496   0.87079   1.55856   1.42272   2.08621   0.50163   0.49199   0.69579   0.15683   0.16311   0.01792   0.00651   0.06613   0.33916   0.06796   0.11900   0.09594   0.05126   0.03711   4.84458   5.15318   0.80921   1.07683   0.92338   0.68922  
 14 3601.7844  15396.130216  x:  0.58590   0.92298   1.22743   0.91926   0.74876   0.25550   0.41514   0.31856   0.18488   0.08657   0.00963   0.06919   0.10145   0.17859   0.15662   0.06404   0.09197   0.06401   0.06838   0.67777   0.89774   1.68338   1.53392   2.47095   0.46428   0.49845   0.59553   0.06045   0.19197   0.05103   0.01026   0.06877   0.47315   0.05675   0.10869   0.08747   0.05706   0.03902   5.43338   3.82990   0.79512   1.04127   0.93070   0.68640  
 15 3922.2635  15282.768156  x:  0.51431   0.90799   1.23029   0.80588   0.60958   0.13804   0.34349   0.29513   0.25552   0.16323   0.00754   0.08084   0.13839   0.18000   0.09440   0.03519   0.08096   0.04798   0.05929   0.63276   0.89928   1.77141   1.61195   2.82386   0.42948   0.50210   0.52578   0.18922   0.17976   0.02821   0.01637   0.08889   0.53673   0.09483   0.10639   0.09112   0.06221   0.04340   6.00231   2.52741   0.76241   1.00775   0.91322   0.66311  
 16 2916.5787  15225.473674  x:  0.45704   0.88780   1.20409   0.73008   0.53184   0.23035   0.38156   0.32063   0.28039   0.15240   0.00748   0.07653   0.13786   0.19285   0.09182   0.08312   0.07645   0.06668   0.05617   0.58483   0.87572   1.78362   1.62017   2.98364   0.40339   0.50667   0.50072   0.20980   0.15227   0.02922   0.01521   0.06561   0.51789   0.03802   0.10033   0.08506   0.04681   0.04189   6.29087   1.86325   0.72569   0.99492   0.87322   0.61495  
 17 1430.5901  15209.102123  x:  0.43146   0.87954   1.18846   0.70741   0.51388   0.27732   0.40204   0.33648   0.27529   0.12911   0.00840   0.08174   0.12807   0.20013   0.09145   0.04981   0.07644   0.04167   0.05962   0.56371   0.86079   1.77926   1.61303   3.03107   0.39390   0.51500   0.50384   0.18961   0.14654   0.03298   0.01687   0.08172   0.50540   0.07306   0.10258   0.08180   0.05720   0.04149   6.38652   1.66055   0.71334   0.98639   0.85650   0.58400  
 18 859.4056  15206.281092  x:  0.42101   0.87740   1.18160   0.70746   0.51843   0.27766   0.40131   0.34438   0.27406   0.12975   0.00832   0.08369   0.12775   0.19994   0.09200   0.03204   0.07827   0.05235   0.06062   0.55614   0.85275   1.77422   1.60548   3.03974   0.39186   0.51430   0.51670   0.18327   0.15136   0.02934   0.01798   0.09023   0.50425   0.06293   0.10449   0.08105   0.05964   0.04151   6.41067   1.63183   0.71427   0.97669   0.85772   0.56991  
 19 193.7290  15199.879579  x:  0.38308   0.87119   1.15686   0.71737   0.54806   0.26223   0.39071   0.36823   0.25996   0.14116   0.00817   0.08675   0.13248   0.19948   0.08982   0.03824   0.07718   0.03583   0.05338   0.53065   0.82232   1.75403   1.57433   3.06355   0.38762   0.51478   0.57270   0.16915   0.16930   0.02181   0.01791   0.08746   0.49976   0.05389   0.10266   0.08092   0.06035   0.04316   6.48760   1.57574   0.71614   0.94651   0.86238   0.52528  
 20 229.5528  15193.417549  x:  0.33093   0.86384   1.12392   0.74053   0.60430   0.24119   0.37855   0.38962   0.24723   0.14222   0.00822   0.08841   0.13997   0.20653   0.09147   0.04683   0.07016   0.05386   0.04804   0.49927   0.77986   1.72687   1.52881   3.09503   0.38496   0.50515   0.64134   0.15547   0.17805   0.03489   0.01751   0.08394   0.50995   0.06584   0.10311   0.08324   0.05874   0.04586   6.59533   1.52436   0.68305   0.94764   0.83994   0.51400  
 21 273.1547  15183.570283  x:  0.24149   0.84766   1.07397   0.78302   0.70533   0.22638   0.37414   0.39211   0.24182   0.13304   0.00828   0.07006   0.12554   0.19877   0.10371   0.04864   0.09517   0.05336   0.07319   0.44805   0.70816   1.68556   1.45253   3.15416   0.39062   0.49993   0.72141   0.15659   0.16210   0.01557   0.01635   0.07919   0.50790   0.06922   0.09925   0.08679   0.05377   0.03540   6.78596   1.46984   0.68590   0.93875   0.82128   0.55970  
 22 297.9816  15177.197660  x:  0.16992   0.83092   1.03764   0.81543   0.78550   0.22284   0.37776   0.38211   0.24633   0.13042   0.00729   0.06088   0.12035   0.19015   0.09854   0.04127   0.09440   0.04239   0.07515   0.40874   0.65147   1.65577   1.39243   3.20523   0.39793   0.49627   0.76430   0.15963   0.15174   0.04946   0.01431   0.07944   0.50334   0.05678   0.10000   0.08666   0.05701   0.03343   6.94368   1.43855   0.69917   0.93090   0.82259   0.59518  
 23 661.3645  15161.866586  x:  0.02207   0.78379   0.97124   0.87490   0.94843   0.23135   0.39951   0.34095   0.27744   0.13776   0.00813   0.09139   0.13486   0.18134   0.08613   0.04546   0.05803   0.04846   0.04619   0.33286   0.53594   1.60196   1.26879   3.32144   0.41691   0.49160   0.79395   0.13433   0.13121   0.03539   0.01777   0.08503   0.49465   0.06055   0.10266   0.07997   0.06175   0.04609   7.28707   1.40249   0.71986   0.93195   0.85653   0.64162  
 24 589.3604  15157.780796  x:  0.00000   0.77319   0.96299   0.88144   0.97281   0.23188   0.40319   0.33597   0.28041   0.13792   0.00803   0.09032   0.13571   0.18315   0.08343   0.04550   0.06500   0.04822   0.04569   0.32329   0.51901   1.59527   1.24943   3.34201   0.42049   0.49072   0.78969   0.13553   0.13525   0.03525   0.01771   0.08487   0.49504   0.06057   0.10250   0.07959   0.06170   0.04614   7.34533   1.40211   0.71779   0.93833   0.86184   0.63795  
 25 511.7387  15146.133881  x:  0.00000   0.70330   0.92103   0.90805   1.10943   0.22650   0.41930   0.32833   0.28916   0.13448   0.00788   0.07026   0.12530   0.19427   0.10513   0.04004   0.03729   0.04445   0.07236   0.27994   0.42849   1.55959   1.13641   3.46512   0.44045   0.48779   0.75171   0.16087   0.15585   0.03151   0.01613   0.08179   0.49960   0.05901   0.09845   0.08546   0.05871   0.03501   7.69380   1.41224   0.71796   0.96871   0.86988   0.60203  
 26 912.9045  15130.568459  x:  0.00000   0.59026   0.88125   0.91395   1.28686   0.21387   0.43300   0.38852   0.27403   0.12528   0.00900   0.08617   0.12014   0.20001   0.11305   0.04388   0.04867   0.04975   0.05884   0.26231   0.33141   1.51720   0.97883   3.63911   0.45502   0.48034   0.68233   0.18933   0.12430   0.03622   0.01720   0.08333   0.52627   0.06042   0.09781   0.08487   0.06188   0.04080   8.19938   1.45218   0.75651   0.95403   0.80462   0.56606  
 27 527.4152  15114.639955  x:  0.00000   0.47220   0.86383   0.87561   1.43052   0.22628   0.44852   0.47965   0.25490   0.14814   0.00815   0.07317   0.12779   0.18022   0.10682   0.04257   0.04881   0.04886   0.07187   0.29657   0.27657   1.47520   0.82616   3.79637   0.44540   0.47597   0.63826   0.18650   0.11913   0.03857   0.01647   0.08164   0.53235   0.06599   0.09510   0.08922   0.05982   0.03504   8.69918   1.50778   0.69486   0.87857   0.81502   0.59979  
 28 435.9624  15103.257088  x:  0.00000   0.37937   0.87130   0.79293   1.50379   0.22947   0.44719   0.49147   0.27754   0.10915   0.00923   0.08880   0.11728   0.18151   0.10680   0.04286   0.04636   0.04696   0.04947   0.37709   0.27254   1.42638   0.70110   3.89900   0.41108   0.47279   0.68532   0.20754   0.17870   0.02931   0.01680   0.08345   0.47807   0.06195   0.09885   0.07582   0.06470   0.04367   9.11914   1.56615   0.67723   0.86142   0.79477   0.63353  
 29 271.7709  15092.860734  x:  0.00000   0.30371   0.88823   0.69400   1.54385   0.24406   0.44746   0.46956   0.32896   0.12644   0.00753   0.06560   0.11996   0.19590   0.07829   0.04211   0.04481   0.04711   0.06775   0.47162   0.28041   1.36615   0.58588   3.96410   0.36834   0.46369   0.76519   0.18000   0.16017   0.03025   0.01554   0.07987   0.47738   0.06714   0.09589   0.07597   0.06080   0.03565   9.50919   1.62581   0.69311   0.87930   0.78021   0.62532  
 30 340.3278  15088.210324  x:  0.00000   0.27895   0.90090   0.64713   1.55033   0.25677   0.44847   0.44695   0.32089   0.11609   0.00887   0.07578   0.12138   0.19267   0.09519   0.04120   0.04922   0.04600   0.06621   0.51839   0.28125   1.33205   0.53804   3.97456   0.35802   0.46140   0.81277   0.19750   0.12570   0.03368   0.01679   0.08224   0.50378   0.06604   0.09434   0.07815   0.06262   0.03666   9.69453   1.65359   0.68814   0.88937   0.80746   0.61252  
 31 262.6522  15085.774016  x:  0.00000   0.28469   0.91397   0.63224   1.53956   0.28125   0.45568   0.44063   0.30385   0.13745   0.00848   0.07985   0.11443   0.18311   0.10432   0.04095   0.05060   0.04738   0.06001   0.54283   0.27027   1.30789   0.52747   3.94731   0.37016   0.45575   0.83142   0.20278   0.14621   0.03261   0.01702   0.08307   0.53513   0.06963   0.09365   0.08438   0.06334   0.03915   9.80747   1.66736   0.70089   0.89759   0.80683   0.62035  
 32 98.9525  15081.619025  x:  0.00000   0.32231   0.94745   0.63231   1.50209   0.30111   0.45161   0.45471   0.29706   0.12763   0.00898   0.07465   0.16383   0.18429   0.10914   0.03961   0.05155   0.04656   0.06886   0.58402   0.23156   1.26715   0.54358   3.84861   0.41841   0.45142   0.84910   0.20319   0.15931   0.03199   0.01687   0.08308   0.54252   0.07189   0.09274   0.08597   0.06305   0.03588  10.03147   1.69490   0.71709   0.90529   0.80813   0.62851  
 33 120.1275  15063.030947  x:  0.00000   0.49528   1.08803   0.66819   1.33751   0.33381   0.40892   0.53347   0.32133   0.13074   0.00787   0.07264   0.11955   0.20473   0.09267   0.03842   0.04967   0.04501   0.05692   0.75280   0.05066   1.11690   0.65644   3.37695   0.62429   0.44611   0.90605   0.19174   0.13473   0.03079   0.01765   0.08439   0.50063   0.07148   0.09408   0.08047   0.06119   0.03953  10.98366   1.81413   0.70820   0.94101   0.82989   0.63046  
 34 422.5663  15053.553143  x:  0.00000   0.52005   1.08787   0.69833   1.31477   0.34273   0.42262   0.49543   0.33461   0.12960   0.00754   0.06819   0.12011   0.18213   0.09276   0.03812   0.05086   0.04595   0.05879   0.80822   0.00000   1.11820   0.72078   3.16628   0.61454   0.45244   0.91278   0.19774   0.13247   0.03060   0.01697   0.08327   0.49723   0.07381   0.09344   0.08097   0.05987   0.03847  11.29280   1.84807   0.68466   0.90370   0.80058   0.61017  
 35 167.9870  15039.832694  x:  0.00000   0.53518   1.02932   0.77201   1.28896   0.35508   0.46347   0.48303   0.32727   0.13518   0.00674   0.05864   0.11686   0.29279   0.10351   0.03789   0.05433   0.05081   0.05322   0.94614   0.00000   1.15340   0.86584   2.57512   0.50135   0.46226   0.91590   0.22114   0.13683   0.03171   0.01596   0.08115   0.49663   0.08082   0.09336   0.08627   0.05871   0.04012  12.05080   1.90603   0.69752   0.86454   0.81790   0.61749  
 36 368.9676  15024.411906  x:  0.00000   0.52000   0.94785   0.84455   1.27973   0.35066   0.48975   0.54896   0.32059   0.13270   0.00668   0.05860   0.12364   0.23737   0.10036   0.03728   0.05445   0.04816   0.05093   1.07485   0.00000   1.20092   0.98501   1.94921   0.35827   0.49220   0.91176   0.22926   0.13869   0.02991   0.01636   0.08251   0.47500   0.08041   0.09290   0.08421   0.05867   0.04077  12.79557   1.94524   0.73433   0.94930   0.86245   0.62162  
 37 497.3007  15017.765323  x:  0.00000   0.43627   0.89548   0.88282   1.34154   0.36471   0.45771   0.53339   0.32347   0.13290   0.00583   0.05172   0.12167   0.23799   0.09783   0.03920   0.05594   0.05226   0.04782   1.09930   0.00000   1.21645   0.91420   1.61907   0.49491   0.47847   0.89442   0.22370   0.13957   0.03019   0.01508   0.08013   0.45284   0.08318   0.09377   0.08426   0.05775   0.04150  13.04764   1.90672   0.74217   0.94375   0.87159   0.60913  
 38 44.5851  15012.254405  x:  0.00000   0.42217   0.91136   0.93618   1.35703   0.37038   0.45467   0.52983   0.32441   0.13365   0.00504   0.04642   0.12059   0.24497   0.09745   0.03955   0.05629   0.05400   0.04344   0.96626   0.29862   1.17109   0.88160   1.42899   0.51850   0.47892   0.87604   0.22607   0.13888   0.02991   0.01453   0.07928   0.43397   0.08459   0.09438   0.08474   0.05590   0.04267  13.23150   1.89919   0.74313   0.93616   0.87413   0.60217  
 39 28.3630  15002.319020  x:  0.00000   0.54253   0.94281   0.99650   1.30239   0.35689   0.51118   0.54412   0.32419   0.13594   0.00388   0.04067   0.11963   0.26400   0.09836   0.03827   0.05490   0.05390   0.03426   0.53243   0.34927   1.10849   0.85842   1.27078   0.46520   0.49328   0.86239   0.23460   0.13395   0.02877   0.01474   0.08006   0.40825   0.08519   0.09518   0.08576   0.05175   0.04534  13.46991   1.94210   0.73680   0.92480   0.87149   0.60065  
 40 30.5458  14998.548665  x:  0.00000   0.63951   0.78723   0.92600   1.29417   0.36895   0.50437   0.55633   0.32763   0.13724   0.00325   0.03716   0.11961   0.26339   0.09692   0.03791   0.05540   0.05395   0.03056   0.44354   0.38770   1.14240   0.90992   1.29882   0.50599   0.48940   0.86287   0.23612   0.13220   0.02805   0.01480   0.08051   0.39560   0.08583   0.09542   0.08590   0.04981   0.04633  13.54635   1.97398   0.73708   0.93136   0.87591   0.59908  
 41 18.8194  14990.652522  x:  0.00000   0.76581   0.73886   0.95254   1.29662   0.39476   0.46089   0.54940   0.33347   0.13496   0.00147   0.02070   0.11849   0.25327   0.09659   0.03877   0.06028   0.05645   0.02665   0.52298   0.36324   1.09830   0.78328   1.40792   0.43700   0.49598   0.76676   0.25763   0.13725   0.02682   0.01332   0.07867   0.34644   0.08718   0.09556   0.08654   0.04448   0.04639  13.63503   1.94307   0.73118   0.92156   0.87547   0.57446  
 42  8.4734  14981.455134  x:  0.00000   0.61630   0.78277   0.95389   1.23884   0.38448   0.50376   0.55461   0.33056   0.13674   0.00000   0.00899   0.12302   0.24582   0.09865   0.03847   0.06318   0.05636   0.02200   0.51575   0.32946   1.12904   0.80084   1.52578   0.45951   0.49986   0.78331   0.25746   0.13845   0.02582   0.01310   0.07901   0.31213   0.08642   0.09560   0.08869   0.03893   0.04697  13.70932   1.93190   0.72911   0.93250   0.87407   0.57829  
 43 20.9311  14981.455134  x:  0.00000   0.61630   0.78277   0.95389   1.23884   0.38448   0.50376   0.55461   0.33056   0.13674   0.00000   0.00899   0.12302   0.24582   0.09865   0.03847   0.06318   0.05636   0.02200   0.51575   0.32946   1.12904   0.80084   1.52578   0.45951   0.49986   0.78331   0.25746   0.13845   0.02582   0.01310   0.07901   0.31213   0.08642   0.09560   0.08869   0.03893   0.04697  13.70932   1.93190   0.72911   0.93250   0.87407   0.57829  
 44 13.6747  14969.293160  x:  0.00000   0.61526   0.78290   0.95233   1.23770   0.38668   0.50482   0.55376   0.33145   0.14240   0.04543   0.02636   0.12697   0.24314   0.10069   0.04118   0.06760   0.05787   0.02449   0.51547   0.32933   1.12882   0.80068   1.52594   0.45919   0.49927   0.78262   0.25994   0.13765   0.02660   0.01142   0.08606   0.30841   0.08645   0.09428   0.09012   0.03999   0.04539  13.70932   1.93098   0.72775   0.93382   0.87227   0.57925  
 45 1126.1390  14958.851589  x:  0.00000   0.60597   0.78414   0.93839   1.22747   0.40544   0.51309   0.54588   0.33313   0.15712   0.03746   0.03249   0.15324   0.21740   0.11576   0.05629   0.09167   0.06733   0.03237   0.51294   0.32817   1.12690   0.79929   1.52739   0.45634   0.49402   0.77636   0.28143   0.13085   0.03179   0.00123   0.13523   0.27621   0.08683   0.08396   0.10084   0.04600   0.03515  13.70926   1.92311   0.71617   0.94404   0.85776   0.58770  
 46 245.3027  14956.482978  x:  0.00000   0.60062   0.78491   0.93039   1.22152   0.41534   0.51723   0.54151   0.33404   0.16295   0.03747   0.03028   0.16060   0.20549   0.11852   0.05424   0.09410   0.06664   0.02699   0.51149   0.32747   1.12579   0.79847   1.52821   0.45477   0.49094   0.77256   0.29224   0.12820   0.03205   0.01727   0.14652   0.26101   0.08734   0.08207   0.10314   0.04432   0.03962  13.70922   1.91879   0.71192   0.94708   0.85151   0.59086  
 47 312.4645  14952.454249  x:  0.00000   0.58892   0.78671   0.91297   1.20841   0.43531   0.52510   0.53232   0.33583   0.17092   0.04006   0.02300   0.16658   0.18544   0.11771   0.04194   0.08750   0.06047   0.01733   0.50838   0.32591   1.12334   0.79663   1.52997   0.45147   0.48403   0.76394   0.31290   0.12464   0.02879   0.00900   0.14740   0.23240   0.08848   0.08332   0.10155   0.03831   0.04901  13.70914   1.90965   0.70634   0.94926   0.84156   0.59528  
 48 270.9428  14949.995292  x:  0.00000   0.57678   0.78874   0.89493   1.19467   0.45438   0.53203   0.52322   0.33740   0.17504   0.03954   0.02375   0.16737   0.17170   0.11481   0.03712   0.07877   0.05726   0.03291   0.50520   0.32427   1.12081   0.79468   1.53179   0.44822   0.47677   0.75476   0.33184   0.12375   0.02787   0.01004   0.13941   0.20960   0.08913   0.08617   0.09862   0.03811   0.05029  13.70906   1.90039   0.70316   0.94815   0.83465   0.59793  
 49 325.5071  14947.043720  x:  0.00000   0.55822   0.79225   0.86737   1.17331   0.48063   0.54037   0.51027   0.33930   0.17623   0.03647   0.03359   0.16373   0.16354   0.11109   0.04995   0.07177   0.05906   0.02659   0.50049   0.32177   1.11695   0.79164   1.53460   0.44368   0.46557   0.74040   0.35648   0.12603   0.03040   0.01203   0.12286   0.18866   0.08894   0.08938   0.09520   0.04473   0.04040  13.70893   1.88655   0.70134   0.94234   0.82936   0.59944  
 50 264.5351  14942.775481  x:  0.00000   0.51700   0.80191   0.80616   1.12438   0.52960   0.55119   0.48562   0.34278   0.17039   0.04018   0.02296   0.15208   0.17831   0.11134   0.05116   0.09461   0.07299   0.02763   0.49075   0.31643   1.10858   0.78466   1.54113   0.43569   0.44073   0.70761   0.39748   0.13205   0.03032   0.01233   0.11104   0.19192   0.08647   0.08557   0.09913   0.03719   0.04026  13.70862   1.85620   0.70065   0.92469   0.83025   0.59807  
 51 167.3610  14940.355443  x:  0.00000   0.48891   0.81026   0.76419   1.08948   0.55805   0.55384   0.47200   0.34498   0.16492   0.03681   0.03351   0.14947   0.19031   0.11290   0.04291   0.09457   0.06408   0.02665   0.48481   0.31311   1.10307   0.77970   1.54601   0.43228   0.42426   0.68515   0.41827   0.13249   0.02574   0.01113   0.11845   0.20729   0.08725   0.08454   0.10069   0.04722   0.04624  13.70839   1.83505   0.69925   0.91693   0.83186   0.59704  
 52 251.1472  14938.974046  x:  0.00000   0.47142   0.81765   0.73762   1.06563   0.57140   0.55071   0.46701   0.34640   0.16323   0.03873   0.02866   0.15197   0.19445   0.11399   0.04739   0.08162   0.05620   0.02731   0.48193   0.31146   1.09986   0.77631   1.54964   0.43267   0.41465   0.67138   0.42468   0.13158   0.02746   0.01096   0.12737   0.22093   0.08862   0.08610   0.09920   0.04118   0.03982  13.70821   1.82110   0.69804   0.91723   0.83222   0.59713  
 53 174.1115  14938.253238  x:  0.00000   0.45991   0.82607   0.71929   1.04628   0.57472   0.54187   0.46862   0.34726   0.16425   0.03903   0.02776   0.15655   0.19137   0.11282   0.04874   0.07417   0.06711   0.02738   0.48132   0.31102   1.09807   0.77350   1.55303   0.43687   0.40930   0.66288   0.42031   0.12971   0.02993   0.01027   0.12804   0.22794   0.08809   0.08734   0.09683   0.04290   0.04462  13.70805   1.81045   0.69842   0.92280   0.83169   0.59864  
 54 85.9619  14937.149980  x:  0.00000   0.44165   0.84424   0.68891   1.01027   0.57472   0.52001   0.47632   0.34826   0.16726   0.03764   0.03107   0.16174   0.18210   0.11029   0.04381   0.08109   0.06690   0.02663   0.48199   0.31114   1.09567   0.76815   1.55981   0.44840   0.40181   0.65061   0.40452   0.12605   0.02869   0.01131   0.12138   0.23106   0.08629   0.08724   0.09567   0.04049   0.03833  13.70770   1.79148   0.70205   0.93373   0.83190   0.60246  
 55 107.1162  14936.641623  x:  0.00000   0.43343   0.85472   0.67443   0.99118   0.57395   0.50755   0.48097   0.34832   0.16833   0.03844   0.02831   0.16069   0.17954   0.11116   0.04909   0.08480   0.06103   0.02753   0.48299   0.31154   1.09476   0.76516   1.56358   0.45545   0.39846   0.64609   0.39566   0.12658   0.03008   0.01092   0.11924   0.22747   0.08668   0.08637   0.09740   0.04330   0.04318  13.70749   1.78182   0.70496   0.93653   0.83397   0.60423  
 56 132.4935  14936.257764  x:  0.00000   0.42907   0.86594   0.66455   0.97360   0.57330   0.49558   0.48522   0.34726   0.16709   0.03832   0.02934   0.15443   0.18356   0.11402   0.04694   0.08175   0.06299   0.02713   0.48510   0.31249   1.09467   0.76202   1.56742   0.46321   0.39616   0.64632   0.38889   0.12962   0.03035   0.01099   0.12429   0.21630   0.08899   0.08546   0.10033   0.04186   0.04244  13.70724   1.77369   0.70775   0.93319   0.83909   0.60487  
 57 57.9297  14936.184339  x:  0.00000   0.43005   0.87003   0.66402   0.96844   0.57433   0.49274   0.48576   0.34631   0.16639   0.03884   0.02794   0.15493   0.18560   0.11307   0.04719   0.08192   0.06326   0.02712   0.48638   0.31308   1.09515   0.76078   1.56879   0.46568   0.39546   0.64928   0.38922   0.12856   0.02785   0.01123   0.12536   0.21449   0.08742   0.08632   0.09781   0.04328   0.04174  13.70712   1.77177   0.70641   0.93189   0.83925   0.60439  
 58 21.6628  14936.096271  x:  0.00000   0.43285   0.87652   0.66460   0.96068   0.57674   0.48904   0.48613   0.34464   0.16538   0.03845   0.02920   0.15675   0.18785   0.11168   0.04743   0.08265   0.06266   0.02717   0.48863   0.31412   1.09619   0.75874   1.57100   0.46933   0.39419   0.65522   0.39107   0.12814   0.02997   0.01113   0.12552   0.21379   0.08600   0.08718   0.09544   0.04160   0.04289  13.70689   1.76920   0.70387   0.93008   0.83809   0.60342  
 59 33.9293  14936.003976  x:  0.00000   0.43753   0.88450   0.66656   0.95104   0.58069   0.48528   0.48623   0.34278   0.16527   0.03888   0.02817   0.15785   0.18759   0.11210   0.04643   0.08216   0.06267   0.02709   0.49158   0.31551   1.09779   0.75610   1.57387   0.47343   0.39208   0.66322   0.39390   0.12816   0.03109   0.01110   0.12392   0.21574   0.08788   0.08643   0.09829   0.04321   0.04183  13.70656   1.76651   0.70190   0.92815   0.83501   0.60237  
 60 32.2651  14935.974325  x:  0.00000   0.43950   0.88711   0.66755   0.94756   0.58239   0.48429   0.48622   0.34239   0.16556   0.03862   0.02889   0.15734   0.18664   0.11281   0.04734   0.08187   0.06289   0.02720   0.49259   0.31600   1.09848   0.75516   1.57493   0.47461   0.39100   0.66581   0.39464   0.12809   0.02914   0.01105   0.12353   0.21689   0.08832   0.08600   0.09915   0.04215   0.04237  13.70642   1.76582   0.70191   0.92755   0.83400   0.60216  
 61 28.4382  14935.955701  x:  0.00000   0.44169   0.88857   0.66887   0.94449   0.58439   0.48425   0.48620   0.34280   0.16638   0.03857   0.02886   0.15543   0.18475   0.11328   0.04718   0.08203   0.06290   0.02716   0.49323   0.31637   1.09930   0.75440   1.57588   0.47491   0.38928   0.66710   0.39444   0.12923   0.02935   0.01103   0.12427   0.21806   0.08733   0.08607   0.09794   0.04236   0.04225  13.70622   1.76594   0.70305   0.92745   0.83409   0.60232  
 62 10.1930  14935.938052  x:  0.00000   0.44528   0.88896   0.67121   0.93990   0.58763   0.48524   0.48613   0.34433   0.16657   0.03851   0.02887   0.15542   0.18476   0.11190   0.04732   0.08230   0.06294   0.02715   0.49357   0.31682   1.10080   0.75353   1.57727   0.47446   0.38589   0.66700   0.39266   0.12908   0.02934   0.01101   0.12457   0.21795   0.08832   0.08691   0.09831   0.04233   0.04229  13.70580   1.76736   0.70351   0.92919   0.83649   0.60253  
 63  6.2532  14935.929530  x:  0.00000   0.44724   0.88862   0.67247   0.93722   0.58918   0.48574   0.48600   0.34502   0.16625   0.03853   0.02885   0.15605   0.18545   0.11264   0.04722   0.08193   0.06285   0.02716   0.49355   0.31709   1.10168   0.75317   1.57806   0.47438   0.38423   0.66659   0.39166   0.12870   0.02946   0.01103   0.12413   0.21753   0.08750   0.08581   0.09839   0.04234   0.04227  13.70551   1.76843   0.70415   0.93027   0.83712   0.60248  
 64  9.4208  14935.925820  x:  0.00000   0.44818   0.88763   0.67303   0.93548   0.58947   0.48574   0.48580   0.34491   0.16595   0.03855   0.02882   0.15630   0.18583   0.11341   0.04716   0.08206   0.06286   0.02715   0.49322   0.31734   1.10221   0.75319   1.57852   0.47486   0.38392   0.66605   0.39141   0.12865   0.02949   0.01105   0.12404   0.21737   0.08787   0.08652   0.09809   0.04235   0.04228  13.70525   1.76934   0.70476   0.93053   0.83648   0.60236  
 65  3.6648  14935.915867  x:  0.00000   0.45067   0.88324   0.67446   0.92977   0.58922   0.48525   0.48515   0.34381   0.16575   0.03857   0.02882   0.15593   0.18585   0.11223   0.04724   0.08201   0.06285   0.02715   0.49168   0.31838   1.10382   0.75375   1.57997   0.47727   0.38416   0.66414   0.39145   0.12900   0.02940   0.01100   0.12439   0.21739   0.08768   0.08611   0.09838   0.04233   0.04228  13.70423   1.77245   0.70453   0.93024   0.83525   0.60230  
 66  4.7154  14935.911529  x:  0.00000   0.45162   0.88114   0.67507   0.92726   0.58886   0.48502   0.48520   0.34355   0.16611   0.03853   0.02885   0.15593   0.18548   0.11294   0.04720   0.08201   0.06286   0.02715   0.49093   0.31903   1.10439   0.75417   1.58055   0.47825   0.38434   0.66356   0.39177   0.12880   0.02946   0.01100   0.12411   0.21763   0.08774   0.08621   0.09821   0.04234   0.04226  13.70367   1.77361   0.70344   0.92966   0.83607   0.60262  
 67  5.9172  14935.907774  x:  0.00000   0.45190   0.87942   0.67563   0.92553   0.58802   0.48501   0.48639   0.34436   0.16642   0.03848   0.02883   0.15645   0.18547   0.11271   0.04719   0.08194   0.06284   0.02714   0.49024   0.32020   1.10417   0.75499   1.58075   0.47810   0.38416   0.66421   0.39263   0.12841   0.02953   0.01098   0.12409   0.21774   0.08762   0.08630   0.09836   0.04233   0.04226  13.70278   1.77347   0.70441   0.92892   0.83645   0.60302  
 68  1.5813  14935.900764  x:  0.00000   0.45209   0.87667   0.67674   0.92286   0.58636   0.48519   0.48838   0.34556   0.16603   0.03847   0.02882   0.15588   0.18581   0.11277   0.04720   0.08198   0.06283   0.02713   0.48900   0.32251   1.10313   0.75662   1.58077   0.47716   0.38358   0.66576   0.39375   0.12899   0.02935   0.01095   0.12406   0.21774   0.08799   0.08598   0.09800   0.04234   0.04226  13.70085   1.77241   0.70404   0.93018   0.83624   0.60272  
 69  3.7721  14935.895295  x:  0.00000   0.45227   0.87546   0.67774   0.92156   0.58550   0.48554   0.48829   0.34495   0.16581   0.03847   0.02883   0.15568   0.18567   0.11292   0.04718   0.08191   0.06281   0.02711   0.48824   0.32400   1.10183   0.75764   1.58043   0.47643   0.38328   0.66651   0.39332   0.12898   0.02935   0.01090   0.12408   0.21770   0.08699   0.08688   0.09887   0.04232   0.04225  13.69910   1.77127   0.70388   0.93055   0.83638   0.60213  
 70  2.9351  14935.874963  x:  0.00000   0.45319   0.87247   0.68157   0.91792   0.58317   0.48711   0.48610   0.34130   0.16579   0.03843   0.02877   0.15597   0.18510   0.11276   0.04716   0.08194   0.06279   0.02706   0.48585   0.32881   1.09653   0.76096   1.57869   0.47433   0.38281   0.66837   0.39027   0.12836   0.02953   0.01080   0.12407   0.21769   0.08786   0.08611   0.09811   0.04230   0.04224  13.69230   1.76697   0.70458   0.93009   0.83712   0.60112  
 71  7.4654  14935.857712  x:  0.00000   0.45467   0.87189   0.68428   0.91646   0.58268   0.48837   0.48539   0.34120   0.16668   0.03825   0.02874   0.15613   0.18641   0.11274   0.04711   0.08176   0.06269   0.02704   0.48459   0.33096   1.09236   0.76264   1.57669   0.47475   0.38426   0.66846   0.38812   0.12953   0.02926   0.01071   0.12373   0.21794   0.08765   0.08635   0.09816   0.04228   0.04221  13.68620   1.76460   0.70417   0.93010   0.83642   0.60443  
 72  5.0830  14935.800874  x:  0.00000   0.46003   0.87310   0.69021   0.91456   0.58247   0.49017   0.48672   0.34698   0.16521   0.03797   0.02866   0.15455   0.18609   0.11263   0.04712   0.08167   0.06259   0.02689   0.48194   0.33270   1.08043   0.76516   1.56870   0.47917   0.39080   0.66634   0.38398   0.12698   0.03000   0.01031   0.12372   0.21872   0.08773   0.08632   0.09811   0.04224   0.04214  13.66548   1.76262   0.70349   0.92884   0.83562   0.60238  
 73  7.1968  14935.763452  x:  0.00000   0.46328   0.87429   0.69171   0.91471   0.58107   0.48860   0.48770   0.34779   0.16606   0.03768   0.02853   0.15703   0.18603   0.11259   0.04700   0.08143   0.06241   0.02680   0.48161   0.33206   1.07564   0.76622   1.56325   0.48020   0.39227   0.66565   0.38346   0.13102   0.02890   0.01009   0.12324   0.21908   0.08770   0.08642   0.09793   0.04217   0.04211  13.65149   1.76459   0.70412   0.92879   0.83708   0.59966  
 74 10.2235  14935.617432  x:  0.00000   0.47456   0.87892   0.69187   0.91912   0.57275   0.47721   0.49099   0.34189   0.16761   0.03684   0.02837   0.15425   0.18824   0.11229   0.04685   0.08086   0.06198   0.02648   0.48472   0.32722   1.06708   0.77017   1.54322   0.47871   0.39002   0.66673   0.38620   0.12849   0.02941   0.00908   0.12226   0.22053   0.08776   0.08663   0.09779   0.04205   0.04192  13.59683   1.77799   0.70753   0.93425   0.84044   0.60232  
 75 15.9076  14935.573494  x:  0.00000   0.47560   0.87906   0.69055   0.92182   0.57111   0.47620   0.49254   0.34143   0.16201   0.03711   0.02818   0.15494   0.18627   0.11222   0.04685   0.08084   0.06193   0.02634   0.48748   0.32678   1.07022   0.77184   1.53938   0.47856   0.38846   0.66871   0.38341   0.12939   0.02917   0.00881   0.12223   0.22103   0.08774   0.08664   0.09773   0.04198   0.04188  13.58019   1.78110   0.70685   0.93253   0.84033   0.60465  
 76 11.8797  14935.485169  x:  0.00000   0.47327   0.87729   0.68674   0.92896   0.56898   0.47832   0.49570   0.34260   0.16548   0.03626   0.02808   0.15419   0.18804   0.11207   0.04672   0.08047   0.06167   0.02614   0.49492   0.32700   1.08491   0.77475   1.53578   0.47992   0.38576   0.67496   0.37319   0.12890   0.02935   0.00824   0.12161   0.22173   0.08776   0.08680   0.09755   0.04189   0.04176  13.54605   1.78508   0.70396   0.92832   0.83654   0.60245  
 77 14.7031  14935.428260  x:  0.00000   0.46742   0.87619   0.68939   0.93465   0.56605   0.48199   0.49366   0.34194   0.16486   0.03597   0.02797   0.15387   0.18842   0.11195   0.04666   0.08024   0.06149   0.02600   0.49818   0.32549   1.09963   0.77038   1.54156   0.48554   0.39131   0.67922   0.37273   0.12906   0.02924   0.00784   0.12120   0.22264   0.08777   0.08687   0.09748   0.04184   0.04169  13.52323   1.78200   0.70787   0.93381   0.84123   0.60177  
 78  7.1596  14935.390000  x:  0.00000   0.46220   0.87724   0.69758   0.93935   0.55959   0.48068   0.49449   0.34260   0.16484   0.03574   0.02788   0.15373   0.18856   0.11189   0.04661   0.08013   0.06139   0.02590   0.49637   0.32122   1.10766   0.75861   1.55458   0.48135   0.39105   0.67607   0.37243   0.12906   0.02924   0.00759   0.12100   0.22280   0.08776   0.08692   0.09740   0.04179   0.04165  13.50700   1.77872   0.70667   0.93176   0.83992   0.60160  
 79  4.7919  14935.375026  x:  0.00000   0.46233   0.87755   0.69479   0.94414   0.56138   0.48066   0.49739   0.34055   0.16476   0.03565   0.02786   0.15364   0.18871   0.11186   0.04660   0.08007   0.06135   0.02587   0.49561   0.32402   1.10465   0.75489   1.57017   0.47893   0.39413   0.67710   0.37114   0.12908   0.02922   0.00750   0.12090   0.22305   0.08777   0.08694   0.09739   0.04178   0.04163  13.49899   1.78219   0.70682   0.93199   0.84015   0.60141  
 80  1.9757  14935.371431  x:  0.00000   0.46248   0.87852   0.69398   0.94520   0.56049   0.47954   0.49470   0.34258   0.16479   0.03558   0.02785   0.15364   0.18870   0.11186   0.04660   0.08008   0.06135   0.02586   0.49440   0.32345   1.10401   0.75694   1.57497   0.47847   0.39423   0.67819   0.37083   0.12909   0.02921   0.00749   0.12089   0.22304   0.08777   0.08695   0.09739   0.04177   0.04163  13.49617   1.78338   0.70681   0.93205   0.84016   0.60143  
 81  1.3002  14935.368649  x:  0.00000   0.46284   0.87991   0.69431   0.94568   0.56050   0.48041   0.49602   0.34159   0.16478   0.03554   0.02783   0.15361   0.18875   0.11186   0.04659   0.08008   0.06135   0.02586   0.49287   0.32079   1.10416   0.76067   1.57781   0.47907   0.39362   0.67773   0.37102   0.12910   0.02921   0.00749   0.12088   0.22310   0.08777   0.08695   0.09739   0.04177   0.04163  13.49214   1.78293   0.70681   0.93201   0.84017   0.60126  
 82  0.6333  14935.331968  x:  0.00000   0.46908   0.87355   0.69106   0.94621   0.55713   0.48207   0.49488   0.34229   0.16480   0.03448   0.02762   0.15345   0.18924   0.11187   0.04657   0.08029   0.06145   0.02582   0.50646   0.31312   1.09980   0.76186   1.58385   0.48234   0.38915   0.67487   0.37285   0.12912   0.02920   0.00764   0.12087   0.22367   0.08773   0.08691   0.09740   0.04177   0.04163  13.41684   1.77536   0.70672   0.93148   0.84021   0.60059  
 83  0.5589  14935.177286  x:  0.00000   0.44802   0.86884   0.69682   0.93477   0.56582   0.48159   0.49418   0.34234   0.16478   0.03006   0.02682   0.15282   0.19143   0.11187   0.04646   0.08107   0.06192   0.02567   0.52086   0.29707   1.09226   0.76150   1.58681   0.47797   0.39213   0.68191   0.37059   0.12928   0.02909   0.00832   0.12076   0.22668   0.08762   0.08680   0.09745   0.04180   0.04161  13.09959   1.78342   0.70666   0.93061   0.84047   0.60172  
 84 10.3447  14935.099766  x:  0.00000   0.44754   0.87698   0.69785   0.93501   0.56932   0.47683   0.49362   0.34317   0.16476   0.02781   0.02639   0.15245   0.19263   0.11187   0.04641   0.08147   0.06214   0.02560   0.52166   0.31036   1.10078   0.76582   1.58635   0.47302   0.39585   0.67188   0.37460   0.12934   0.02907   0.00864   0.12069   0.22819   0.08756   0.08674   0.09748   0.04182   0.04160  12.93726   1.78242   0.70664   0.93012   0.84062   0.60046  
 85 20.9087  14935.044191  x:  0.00000   0.45839   0.88024   0.68613   0.93929   0.56826   0.47898   0.49294   0.34346   0.16477   0.02620   0.02609   0.15224   0.19331   0.11188   0.04637   0.08177   0.06230   0.02554   0.49811   0.31596   1.10886   0.75583   1.58144   0.47560   0.39258   0.67490   0.37383   0.12937   0.02905   0.00889   0.12069   0.22905   0.08752   0.08670   0.09751   0.04182   0.04161  12.81956   1.77780   0.70673   0.92965   0.84066   0.60049  
 86  9.9389  14935.040476  x:  0.00000   0.45708   0.88203   0.68618   0.94010   0.56613   0.48150   0.49278   0.34345   0.16479   0.02609   0.02607   0.15222   0.19334   0.11188   0.04637   0.08178   0.06231   0.02554   0.49700   0.31855   1.10791   0.75471   1.58140   0.47917   0.38892   0.67451   0.37454   0.12940   0.02903   0.00890   0.12068   0.22906   0.08752   0.08669   0.09752   0.04182   0.04161  12.81043   1.77959   0.70672   0.92965   0.84061   0.60057  
 87  1.4399  14935.035602  x:  0.00000   0.45590   0.87963   0.68811   0.94289   0.56957   0.47744   0.49292   0.34351   0.16489   0.02598   0.02603   0.15227   0.19316   0.11189   0.04637   0.08172   0.06226   0.02555   0.49562   0.31970   1.10702   0.75515   1.58112   0.48233   0.38592   0.67452   0.37466   0.12938   0.02904   0.00885   0.12069   0.22880   0.08754   0.08669   0.09752   0.04182   0.04163  12.78807   1.77849   0.70678   0.92984   0.84069   0.60056  
 88  0.3359  14934.942070  x:  0.00000   0.45935   0.87908   0.68949   0.94032   0.56686   0.48195   0.49270   0.34331   0.16721   0.02384   0.02532   0.15355   0.18887   0.11203   0.04629   0.08049   0.06139   0.02573   0.49344   0.32222   1.10216   0.75846   1.57296   0.47824   0.39149   0.67414   0.37624   0.12914   0.02913   0.00785   0.12093   0.22253   0.08783   0.08672   0.09769   0.04173   0.04210  12.34135   1.78018   0.70630   0.93127   0.83924   0.60159  
 89  2.7050  14934.771426  x:  0.00000   0.46154   0.88161   0.69098   0.94782   0.56194   0.48300   0.49440   0.34327   0.16723   0.02562   0.02607   0.15401   0.18521   0.11162   0.04717   0.07983   0.06209   0.02661   0.48961   0.32540   1.10955   0.75443   1.57515   0.47833   0.39380   0.67642   0.37377   0.12872   0.02948   0.00989   0.12015   0.21719   0.08768   0.08710   0.09700   0.04208   0.04136  10.83587   1.78297   0.70663   0.93315   0.83871   0.60190  
 90  0.2944  14934.684973  x:  0.00000   0.45998   0.88167   0.68938   0.94476   0.56383   0.48272   0.49376   0.34343   0.16672   0.02574   0.02609   0.15360   0.18678   0.11157   0.04693   0.08011   0.06210   0.02637   0.49285   0.32330   1.10852   0.75455   1.57601   0.47843   0.39245   0.67575   0.37454   0.12885   0.02936   0.00933   0.12009   0.21951   0.08763   0.08710   0.09702   0.04198   0.04147   9.95038   1.78165   0.70682   0.93255   0.83894   0.60210  
 91  1.0769  14934.645847  x:  0.00000   0.45826   0.88101   0.68767   0.94067   0.56610   0.48197   0.49292   0.34334   0.16608   0.02646   0.02609   0.15319   0.18944   0.11179   0.04650   0.08069   0.06188   0.02589   0.49582   0.32100   1.10588   0.75560   1.57584   0.47855   0.39075   0.67464   0.37545   0.12911   0.02917   0.00837   0.12056   0.22344   0.08766   0.08689   0.09737   0.04182   0.04177  10.19806   1.77931   0.70693   0.93150   0.83945   0.60235  
 92  0.3682  14934.644994  x:  0.00000   0.45810   0.88069   0.68796   0.94089   0.56569   0.48185   0.49299   0.34317   0.16620   0.02641   0.02606   0.15328   0.18961   0.11192   0.04647   0.08077   0.06177   0.02584   0.49578   0.32103   1.10543   0.75594   1.57534   0.47844   0.39102   0.67462   0.37526   0.12914   0.02917   0.00832   0.12084   0.22369   0.08771   0.08679   0.09752   0.04181   0.04182  10.13496   1.77939   0.70698   0.93154   0.83953   0.60245  
 93  0.0696  14934.644988  x:  0.00000   0.45812   0.88068   0.68799   0.94095   0.56564   0.48185   0.49300   0.34316   0.16621   0.02641   0.02606   0.15330   0.18959   0.11193   0.04647   0.08076   0.06176   0.02583   0.49568   0.32109   1.10541   0.75595   1.57527   0.47843   0.39106   0.67461   0.37524   0.12914   0.02917   0.00833   0.12085   0.22366   0.08771   0.08678   0.09753   0.04181   0.04182  10.13744   1.77941   0.70697   0.93156   0.83953   0.60245  
 94  0.0026  14934.644988  x:  0.00000   0.45812   0.88069   0.68798   0.94095   0.56565   0.48186   0.49300   0.34317   0.16621   0.02641   0.02606   0.15330   0.18959   0.11193   0.04647   0.08076   0.06176   0.02583   0.49568   0.32109   1.10541   0.75595   1.57526   0.47843   0.39106   0.67461   0.37524   0.12914   0.02917   0.00833   0.12085   0.22366   0.08771   0.08678   0.09753   0.04181   0.04183  10.13726   1.77941   0.70697   0.93156   0.83953   0.60245  
 95  0.0002  14934.644988  x:  0.00000   0.45812   0.88069   0.68799   0.94095   0.56565   0.48186   0.49300   0.34317   0.16621   0.02641   0.02606   0.15330   0.18959   0.11193   0.04647   0.08076   0.06176   0.02583   0.49569   0.32109   1.10541   0.75595   1.57527   0.47843   0.39106   0.67461   0.37524   0.12914   0.02917   0.00833   0.12085   0.22366   0.08771   0.08678   0.09753   0.04181   0.04183  10.13727   1.77941   0.70697   0.93156   0.83953   0.60245  
 96  0.0000  14934.644988  x:  0.00000   0.45812   0.88069   0.68799   0.94095   0.56565   0.48186   0.49300   0.34317   0.16621   0.02641   0.02606   0.15330   0.18959   0.11193   0.04647   0.08076   0.06176   0.02583   0.49569   0.32109   1.10541   0.75595   1.57527   0.47843   0.39106   0.67461   0.37524   0.12914   0.02917   0.00833   0.12085   0.22366   0.08771   0.08678   0.09753   0.04181   0.04183  10.13727   1.77941   0.70697   0.93156   0.83953   0.60245  

TREE # 2

  0  0.0000  16001.349729  x:  2.37991   0.03772   0.22004   0.32742   0.38173   0.51133   0.32810   0.00000   0.23063   0.23825   0.07555   0.05637   0.03392   0.08529   0.07922   0.08021   0.07065   0.09630   0.02849   0.07462   0.29999   0.35363   0.35818   0.23122   0.09568   0.21753   0.21526   0.25995   0.11358   0.04896   0.04440   0.07487   0.08832   0.08004   0.11671   0.05567   0.08172   0.05553   0.04233   1.77941   0.70172   0.89311   0.81022   0.60245  
  1 99.0000  15418.108693  x:  2.40159   0.10427   0.28696   0.41542   0.44857   0.57557   0.40862   0.40137   0.33468   0.29631   0.11084   0.04415   0.00000   0.11279   0.19370   0.08871   0.08919   0.09577   0.05977   0.04390   0.34449   0.40996   0.42327   0.33999   0.24839   0.31733   0.28215   0.31944   0.21894   0.18002   0.05511   0.03927   0.13824   0.16526   0.11355   0.04788   0.07974   0.06170   0.01695   1.76077   0.70148   0.89269   0.81552   0.66255  
  2 2653.4888  15300.330282  x:  2.44067   0.16080   0.34161   0.52290   0.53629   0.64376   0.43014   0.36319   0.41120   0.33861   0.11897   0.03619   0.20207   0.12669   0.20391   0.08598   0.08402   0.10201   0.01230   0.03955   0.38300   0.46359   0.50638   0.44644   0.34988   0.39621   0.34993   0.37730   0.27386   0.14819   0.01117   0.00859   0.14714   0.17317   0.11203   0.04447   0.07846   0.06204   0.09229   1.73887   0.70135   0.89923   0.81838   0.69696  
  3 1026.8019  15248.428538  x:  2.48028   0.20469   0.38468   0.61361   0.61123   0.70503   0.44392   0.29020   0.47109   0.36944   0.12216   0.02864   0.28498   0.12492   0.20006   0.08430   0.08043   0.10161   0.12603   0.04673   0.41242   0.50695   0.57653   0.53078   0.42459   0.45554   0.40279   0.42240   0.31067   0.12066   0.03222   0.07708   0.15106   0.17392   0.11151   0.04585   0.08055   0.05903   0.10018   1.71977   0.70158   0.90712   0.82032   0.71414  
  4 1527.4391  15172.067843  x:  2.53471   0.23863   0.41963   0.69746   0.68098   0.77302   0.45792   0.18824   0.52079   0.38893   0.12272   0.02883   0.22068   0.10290   0.18781   0.08747   0.08555   0.09183   0.10244   0.04013   0.43294   0.54347   0.64014   0.59833   0.47721   0.49718   0.44054   0.45478   0.32453   0.12003   0.05088   0.05343   0.14374   0.16573   0.11189   0.05112   0.07862   0.05587   0.00883   1.70152   0.70354   0.91902   0.82305   0.70187  
  5 616.5052  15108.502436  x:  2.62839   0.28434   0.46813   0.82029   0.78277   0.88133   0.48600   0.04027   0.59174   0.41342   0.12319   0.03079   0.03428   0.07608   0.17382   0.09111   0.09184   0.08050   0.06908   0.04201   0.45836   0.59497   0.73201   0.69125   0.54615   0.55061   0.48867   0.49652   0.33459   0.13008   0.07280   0.02262   0.13385   0.15718   0.11223   0.05208   0.07949   0.06442   0.06347   1.67393   0.70817   0.93689   0.82927   0.67151  
  6 1219.7266  15099.014012  x:  2.65153   0.28827   0.47350   0.83920   0.79778   0.90316   0.49896   0.02713   0.60105   0.41712   0.12186   0.02981   0.00610   0.10016   0.17359   0.08816   0.08673   0.09028   0.05567   0.04724   0.45883   0.60116   0.74510   0.70174   0.54981   0.55368   0.49163   0.49937   0.32861   0.11951   0.05377   0.04203   0.13632   0.15736   0.11198   0.04747   0.08063   0.06194   0.06312   1.66930   0.71019   0.93814   0.83215   0.66570  
  7 424.1711  15084.047234  x:  2.77422   0.27833   0.47426   0.88985   0.83544   1.00005   0.57330   0.02285   0.61470   0.41769   0.11627   0.04254   0.00538   0.12047   0.17856   0.08468   0.08081   0.10576   0.07943   0.04184   0.43770   0.60718   0.77406   0.70170   0.51435   0.52691   0.46885   0.48246   0.26475   0.13415   0.02492   0.01836   0.13638   0.15659   0.11272   0.05192   0.07989   0.06435   0.06248   1.65391   0.72110   0.94348   0.84704   0.61517  
  8 182.7790  15073.944832  x:  2.89625   0.26528   0.47112   0.93134   0.86468   1.09111   0.63970   0.02422   0.62238   0.41500   0.11270   0.03656   0.01632   0.11064   0.18531   0.08733   0.08571   0.10095   0.05923   0.04333   0.41428   0.61098   0.79613   0.69584   0.47855   0.50129   0.44671   0.46820   0.21699   0.15484   0.04295   0.04606   0.13853   0.16110   0.11273   0.04832   0.08214   0.06452   0.06543   1.63962   0.72809   0.94975   0.85819   0.59204  
  9 527.5575  15062.954364  x:  3.05328   0.24206   0.45770   0.96358   0.88183   1.19300   0.70407   0.02528   0.61765   0.40677   0.12171   0.01497   0.01095   0.09217   0.18991   0.08820   0.08666   0.08252   0.06108   0.05421   0.37944   0.61193   0.80890   0.67744   0.43639   0.47873   0.42672   0.46406   0.21512   0.12901   0.03914   0.03866   0.14513   0.16817   0.11201   0.04271   0.07731   0.05419   0.06589   1.62506   0.72786   0.95611   0.86268   0.64408  
 10 303.1458  15056.799870  x:  3.17604   0.22238   0.44386   0.97982   0.88638   1.26563   0.74209   0.02017   0.60983   0.39926   0.13526   0.04781   0.00949   0.09569   0.19299   0.08856   0.08707   0.08376   0.05796   0.04568   0.35139   0.61179   0.81273   0.66015   0.41132   0.46932   0.41682   0.46628   0.23727   0.11986   0.04937   0.03934   0.14797   0.17273   0.11209   0.04819   0.07871   0.06206   0.06656   1.61817   0.72616   0.95984   0.86162   0.68051  
 11 498.7132  15048.629638  x:  3.34720   0.19430   0.41974   0.98506   0.87514   1.35254   0.77043   0.00419   0.59248   0.38579   0.12258   0.02759   0.01275   0.12043   0.19532   0.08699   0.08725   0.10638   0.05892   0.03403   0.31297   0.61070   0.80687   0.63257   0.39918   0.47536   0.41485   0.47564   0.29609   0.14208   0.06170   0.03358   0.14382   0.17300   0.11204   0.04930   0.08377   0.07124   0.06676   1.61997   0.72311   0.96107   0.85302   0.69156  
 12 322.5224  15042.635734  x:  3.47123   0.17677   0.40242   0.98068   0.85831   1.40808   0.78023   0.00000   0.58065   0.37932   0.11806   0.03433   0.01585   0.11627   0.19682   0.08752   0.08724   0.10466   0.05894   0.06067   0.28827   0.60987   0.79831   0.61367   0.40788   0.48988   0.41885   0.48093   0.33487   0.15273   0.05211   0.03544   0.14151   0.17178   0.11191   0.04716   0.08223   0.06445   0.06542   1.62756   0.72136   0.95741   0.84693   0.67518  
 13 379.5849  15042.635734  x:  3.47123   0.17677   0.40242   0.98068   0.85831   1.40808   0.78023   0.00000   0.58065   0.37932   0.11806   0.03433   0.01585   0.11627   0.19682   0.08752   0.08724   0.10466   0.05894   0.06067   0.28827   0.60987   0.79831   0.61367   0.40788   0.48988   0.41885   0.48093   0.33487   0.15273   0.05211   0.03544   0.14151   0.17178   0.11191   0.04716   0.08223   0.06445   0.06542   1.62756   0.72136   0.95741   0.84693   0.67518  
 14 471.1037  15027.093804  x:  3.47784   0.18169   0.40625   0.98214   0.85779   1.41096   0.78242   0.03184   0.58712   0.38427   0.12159   0.03147   0.00000   0.11760   0.20358   0.08767   0.08714   0.10009   0.04137   0.04192   0.29161   0.61255   0.80008   0.61967   0.42406   0.49872   0.42373   0.48207   0.33580   0.15375   0.03641   0.02426   0.14604   0.17662   0.11176   0.04673   0.07986   0.06059   0.03066   1.62905   0.72133   0.95515   0.84820   0.67149  
 15 358.4501  15023.079162  x:  3.48136   0.18422   0.40816   0.98289   0.85749   1.41236   0.78319   0.04734   0.59040   0.38672   0.12333   0.03069   0.00897   0.11886   0.20716   0.08774   0.08709   0.09840   0.03516   0.03517   0.29330   0.61390   0.80099   0.62280   0.43247   0.50325   0.42627   0.48265   0.33630   0.15453   0.02973   0.02107   0.14816   0.17902   0.11170   0.04655   0.07906   0.05935   0.01665   1.62988   0.72130   0.95401   0.84879   0.66950  
 16 1013.9977  15009.777680  x:  3.50805   0.20197   0.42099   0.98831   0.85506   1.42114   0.78372   0.14588   0.61305   0.40203   0.13340   0.02804   0.01320   0.12406   0.22802   0.08782   0.08670   0.09039   0.03842   0.03662   0.30481   0.62296   0.80756   0.64554   0.49338   0.53500   0.44457   0.48669   0.34045   0.16375   0.00651   0.03526   0.16013   0.19467   0.11157   0.04609   0.07958   0.06170   0.03855   1.63653   0.72062   0.94652   0.85214   0.65474  
 17 328.8257  15002.373094  x:  3.53319   0.21690   0.43100   0.99310   0.85249   1.42782   0.77910   0.22201   0.63175   0.41297   0.13897   0.02736   0.01404   0.12619   0.24162   0.08762   0.08644   0.08869   0.04731   0.04717   0.31395   0.62990   0.81323   0.66549   0.54671   0.56151   0.46022   0.49009   0.34484   0.17524   0.04077   0.03625   0.16584   0.20424   0.11165   0.04613   0.08086   0.06325   0.03891   1.64326   0.71956   0.94133   0.85334   0.64202  
 18 690.1976  14998.610727  x:  3.55992   0.22500   0.43292   0.99688   0.84858   1.42889   0.75436   0.23971   0.64037   0.41032   0.12950   0.03130   0.01435   0.11889   0.23190   0.08677   0.08664   0.10630   0.05690   0.05894   0.31616   0.63022   0.81695   0.67969   0.58518   0.57458   0.46833   0.49127   0.34518   0.16852   0.03566   0.01859   0.15283   0.19377   0.11248   0.04666   0.08114   0.06432   0.03769   1.65198   0.71657   0.94369   0.84718   0.63626  
 19 143.9922  14994.398079  x:  3.60682   0.23619   0.43313   1.00311   0.84137   1.42909   0.70600   0.25296   0.65159   0.40160   0.11404   0.03422   0.01312   0.10969   0.21244   0.08647   0.08699   0.12236   0.05537   0.05867   0.31707   0.62787   0.82249   0.70131   0.64491   0.59144   0.47903   0.49251   0.34494   0.15792   0.03576   0.04030   0.13501   0.17645   0.11315   0.04697   0.08339   0.06398   0.03014   1.66733   0.71200   0.94769   0.83692   0.63016  
 20 302.3723  14989.798140  x:  3.66890   0.24643   0.42898   1.01087   0.83142   1.42779   0.63964   0.25384   0.66146   0.38700   0.11142   0.03436   0.01594   0.11387   0.19698   0.08839   0.08714   0.11173   0.03945   0.03924   0.31370   0.61999   0.82813   0.72373   0.71096   0.60426   0.48724   0.49304   0.34340   0.15325   0.04327   0.03247   0.13306   0.16649   0.11192   0.04731   0.08219   0.06330   0.04529   1.68672   0.70903   0.94764   0.83052   0.62960  
 21 252.0472  14984.194888  x:  3.76237   0.25682   0.41803   1.02209   0.81617   1.42486   0.54281   0.24519   0.67160   0.36496   0.12368   0.03185   0.01444   0.12526   0.19207   0.08990   0.08714   0.08247   0.05172   0.04944   0.30353   0.60254   0.83452   0.74948   0.79498   0.61279   0.49263   0.49281   0.33967   0.15374   0.03744   0.03188   0.14979   0.17012   0.11012   0.04704   0.07990   0.06122   0.03585   1.71374   0.70781   0.94167   0.82984   0.63511  
 22 333.7733  14981.174541  x:  3.83502   0.25863   0.40387   1.03023   0.80436   1.42268   0.48654   0.24277   0.67479   0.35571   0.13326   0.02953   0.01343   0.12228   0.21346   0.08583   0.08732   0.10607   0.04442   0.05037   0.28921   0.58122   0.83642   0.75678   0.83831   0.60516   0.48778   0.49177   0.33673   0.16554   0.03603   0.03298   0.15846   0.18851   0.11222   0.04679   0.08312   0.06713   0.03534   1.72960   0.70955   0.93378   0.83807   0.64100  
 23 175.3267  14978.913637  x:  3.91212   0.25562   0.38429   1.03837   0.79246   1.42162   0.45970   0.25612   0.67424   0.35893   0.12418   0.02887   0.01386   0.11307   0.22915   0.08884   0.08663   0.10405   0.05690   0.03899   0.26888   0.55154   0.83576   0.75068   0.86143   0.58460   0.47558   0.49048   0.33526   0.17009   0.03652   0.03264   0.14724   0.19355   0.11298   0.04539   0.08039   0.05486   0.03670   1.73911   0.71150   0.93357   0.84247   0.64232  
 24 117.5696  14975.277044  x:  4.05316   0.24995   0.34808   1.05328   0.77163   1.42095   0.42822   0.28652   0.67141   0.36897   0.11087   0.03540   0.01428   0.10854   0.24081   0.09201   0.08533   0.09000   0.04422   0.05228   0.23139   0.49585   0.83441   0.73374   0.89403   0.54467   0.45320   0.48851   0.33422   0.16984   0.03684   0.03211   0.13096   0.19064   0.11252   0.04732   0.07836   0.06244   0.03734   1.75209   0.71410   0.93851   0.84507   0.64310  
 25 303.5899  14971.610735  x:  4.21641   0.24925   0.31064   1.07120   0.75033   1.42316   0.41351   0.31965   0.66561   0.37889   0.11991   0.03362   0.01385   0.12596   0.22322   0.08527   0.08634   0.10024   0.05284   0.04594   0.19358   0.43553   0.83546   0.70948   0.92262   0.50488   0.43540   0.48761   0.33661   0.15937   0.03907   0.03284   0.14495   0.17578   0.11047   0.04576   0.08572   0.07057   0.03698   1.75990   0.71490   0.94754   0.84094   0.64490  
 26 256.4865  14970.150751  x:  4.29081   0.25686   0.30020   1.08010   0.74353   1.42692   0.41739   0.32533   0.66154   0.37888   0.12648   0.02767   0.01475   0.12131   0.21045   0.08764   0.08797   0.10466   0.04685   0.05241   0.18411   0.41562   0.83934   0.69737   0.93091   0.49670   0.43690   0.48807   0.33957   0.15820   0.03958   0.03311   0.15178   0.17687   0.11207   0.04916   0.08081   0.05488   0.03883   1.75858   0.71479   0.94697   0.84021   0.64712  
 27 160.6057  14967.043735  x:  4.47375   0.28915   0.28661   1.10285   0.73187   1.44081   0.44108   0.31988   0.65026   0.37205   0.13530   0.03397   0.01565   0.09917   0.19037   0.09421   0.08778   0.10226   0.04957   0.04840   0.17425   0.38209   0.85490   0.66741   0.94324   0.49414   0.45594   0.48994   0.34787   0.16358   0.03897   0.03300   0.15347   0.18987   0.11501   0.04179   0.07283   0.06573   0.03808   1.74813   0.71374   0.93790   0.84100   0.65135  
 28 195.2179  14962.239842  x:  4.78307   0.35045   0.27197   1.14064   0.71549   1.46738   0.48676   0.29559   0.63288   0.35888   0.12218   0.02243   0.01501   0.11162   0.19305   0.08785   0.08441   0.09824   0.05181   0.04664   0.16452   0.34076   0.88507   0.62029   0.95748   0.50065   0.49362   0.49186   0.35818   0.17093   0.03636   0.03126   0.14158   0.20133   0.11474   0.05830   0.08965   0.07005   0.03617   1.72731   0.71008   0.92480   0.83994   0.64884  
 29 387.7567  14959.521983  x:  4.96705   0.38650   0.26555   1.16181   0.70670   1.48423   0.51398   0.27711   0.62569   0.35457   0.11929   0.04054   0.01353   0.12703   0.20904   0.08390   0.08596   0.09975   0.04862   0.04876   0.15851   0.32465   0.90370   0.59667   0.96268   0.50623   0.51348   0.49154   0.36053   0.17038   0.03570   0.03204   0.13949   0.19734   0.11063   0.04598   0.09096   0.05920   0.03601   1.71532   0.70737   0.92232   0.83645   0.64133  
 30 532.1847  14957.655087  x:  5.09268   0.40782   0.26385   1.17334   0.70194   1.49728   0.53163   0.26163   0.62682   0.35896   0.11781   0.02955   0.01334   0.12621   0.22950   0.08857   0.08957   0.10111   0.04826   0.04926   0.15134   0.32834   0.91646   0.58999   0.96061   0.51031   0.51928   0.48878   0.35511   0.16403   0.03670   0.03270   0.14816   0.18256   0.10993   0.04100   0.07551   0.06405   0.03603   1.70909   0.70587   0.92858   0.83178   0.62992  
 31 228.3132  14956.514452  x:  5.17955   0.41893   0.26460   1.17873   0.69979   1.50741   0.54289   0.25107   0.63234   0.36768   0.12516   0.03568   0.01318   0.11844   0.23895   0.08929   0.08744   0.09989   0.04905   0.04722   0.14291   0.34160   0.92457   0.59297   0.95481   0.51280   0.51661   0.48577   0.34719   0.15988   0.03722   0.03305   0.15368   0.17403   0.11232   0.05405   0.07650   0.06443   0.03587   1.70684   0.70689   0.93421   0.83072   0.62302  
 32 201.2504  14954.440946  x:  5.33814   0.43268   0.26947   1.18404   0.69829   1.52752   0.56211   0.23455   0.64826   0.38916   0.13201   0.02869   0.01369   0.10854   0.23889   0.08501   0.08104   0.09566   0.04651   0.04892   0.12117   0.38107   0.93716   0.60966   0.93716   0.51738   0.50194   0.48043   0.32959   0.15801   0.03724   0.03146   0.15394   0.17246   0.11369   0.04357   0.09500   0.06157   0.03591   1.70640   0.71215   0.94170   0.83560   0.61817  
 33 217.8849  14951.684899  x:  5.55724   0.44432   0.28095   1.18576   0.70003   1.55609   0.58631   0.21674   0.67183   0.41643   0.12927   0.03055   0.01287   0.12501   0.22358   0.08825   0.09139   0.09998   0.04792   0.04811   0.08393   0.44570   0.94970   0.64007   0.90528   0.52591   0.47548   0.47731   0.31102   0.16425   0.03667   0.03253   0.14458   0.18806   0.11058   0.04634   0.08277   0.06310   0.03478   1.71012   0.71957   0.94607   0.84844   0.62095  
 34 278.4812  14950.540332  x:  5.65015   0.43979   0.29437   1.17704   0.70818   1.56684   0.59126   0.21789   0.67409   0.40883   0.11818   0.03343   0.01293   0.12536   0.22176   0.08130   0.07700   0.10079   0.04792   0.04823   0.05885   0.47507   0.94327   0.65278   0.88158   0.53643   0.46537   0.48740   0.32671   0.16714   0.03626   0.03259   0.15298   0.18841   0.11197   0.04670   0.07646   0.06272   0.03495   1.71822   0.71515   0.94480   0.84861   0.62276  
 35 89.0807  14949.056437  x:  5.77937   0.42991   0.31855   1.15924   0.72393   1.58016   0.59472   0.22409   0.67224   0.38842   0.11443   0.03495   0.01301   0.12274   0.22448   0.09020   0.08985   0.10065   0.04785   0.04850   0.02053   0.51495   0.92715   0.66846   0.84353   0.55439   0.45344   0.50340   0.35456   0.16783   0.03552   0.03194   0.15769   0.18470   0.11250   0.04654   0.08546   0.06275   0.03492   1.73251   0.70965   0.94074   0.84384   0.62222  
 36 199.4569  14948.410542  x:  5.83598   0.42603   0.33432   1.14674   0.73438   1.58360   0.59311   0.22954   0.66825   0.37684   0.12822   0.03141   0.01305   0.12365   0.22634   0.08505   0.08868   0.10017   0.04804   0.04851   0.00443   0.52978   0.91443   0.67218   0.82432   0.56316   0.45120   0.50530   0.36035   0.16441   0.03595   0.03254   0.14550   0.18350   0.11004   0.04650   0.08190   0.06301   0.03514   1.73982   0.71146   0.93760   0.83871   0.61842  
 37 101.9569  14947.978191  x:  5.86118   0.42671   0.34664   1.13623   0.74254   1.58200   0.58903   0.23403   0.66478   0.37388   0.12737   0.03180   0.01304   0.12473   0.22539   0.08838   0.08635   0.10091   0.04811   0.04862   0.00000   0.53324   0.90351   0.67067   0.81413   0.56674   0.45367   0.49926   0.35298   0.16276   0.03638   0.03254   0.14615   0.18461   0.11156   0.04628   0.08238   0.06302   0.03520   1.74288   0.71077   0.93725   0.83834   0.61702  
 38 43.2530  14947.978191  x:  5.86118   0.42671   0.34664   1.13623   0.74254   1.58200   0.58903   0.23403   0.66478   0.37388   0.12737   0.03180   0.01304   0.12473   0.22539   0.08838   0.08635   0.10091   0.04811   0.04862   0.00000   0.53324   0.90351   0.67067   0.81413   0.56674   0.45367   0.49926   0.35298   0.16276   0.03638   0.03254   0.14615   0.18461   0.11156   0.04628   0.08238   0.06302   0.03520   1.74288   0.71077   0.93725   0.83834   0.61702  
 39 77.8546  14946.560136  x:  5.86193   0.42746   0.34728   1.13588   0.74275   1.58181   0.58884   0.23772   0.66512   0.37462   0.12744   0.03026   0.00531   0.12328   0.22497   0.08813   0.08648   0.09951   0.04329   0.04348   0.00061   0.53262   0.90311   0.67070   0.81560   0.56720   0.45450   0.49885   0.35227   0.16256   0.03110   0.02719   0.14768   0.18529   0.11164   0.04653   0.08133   0.06202   0.02600   1.74292   0.71070   0.93704   0.83876   0.61738  
 40 151.6175  14946.246880  x:  5.86273   0.42825   0.34793   1.13549   0.74296   1.58161   0.58857   0.24157   0.66548   0.37542   0.12768   0.02964   0.00950   0.12264   0.22481   0.08793   0.08659   0.09868   0.04100   0.04099   0.00124   0.53194   0.90268   0.67074   0.81716   0.56767   0.45537   0.49844   0.35159   0.16270   0.02764   0.02510   0.14910   0.18605   0.11171   0.04664   0.08078   0.06164   0.02338   1.74296   0.71065   0.93683   0.83916   0.61766  
 41 98.0422  14945.727603  x:  5.86616   0.43151   0.35061   1.13383   0.74384   1.58069   0.58715   0.25743   0.66694   0.37854   0.12879   0.02832   0.00896   0.11978   0.22387   0.08734   0.08693   0.09591   0.03931   0.03902   0.00385   0.52904   0.90086   0.67094   0.82380   0.56958   0.45908   0.49674   0.34901   0.16439   0.02085   0.02546   0.15415   0.18909   0.11193   0.04669   0.07998   0.06150   0.02909   1.74315   0.71049   0.93605   0.84063   0.61857  
 42 70.7748  14944.634429  x:  5.87632   0.44069   0.35785   1.12892   0.74626   1.57786   0.58166   0.30142   0.67087   0.38667   0.13173   0.02800   0.00928   0.11479   0.22164   0.08652   0.08746   0.09200   0.04368   0.04382   0.01108   0.52041   0.89554   0.67159   0.84298   0.57479   0.46957   0.49213   0.34246   0.17116   0.02419   0.02832   0.16431   0.19601   0.11233   0.04633   0.07938   0.06118   0.02458   1.74395   0.71026   0.93441   0.84372   0.62001  
 43 136.8183  14944.152101  x:  5.88273   0.44534   0.36088   1.12585   0.74734   1.57581   0.57547   0.32285   0.67245   0.38924   0.13160   0.02931   0.00901   0.11769   0.22136   0.08734   0.08707   0.09602   0.04142   0.04148   0.01448   0.51492   0.89239   0.67212   0.85394   0.57693   0.47487   0.49020   0.33987   0.17195   0.03016   0.02274   0.16206   0.19580   0.11224   0.04606   0.08044   0.06206   0.02715   1.74489   0.71045   0.93474   0.84330   0.61864  
 44 98.2220  14943.614069  x:  5.89263   0.45103   0.36350   1.12122   0.74843   1.57240   0.56266   0.34788   0.67369   0.38998   0.12915   0.02949   0.00840   0.12454   0.22216   0.08877   0.08624   0.10278   0.04021   0.04002   0.01821   0.50649   0.88792   0.67314   0.86924   0.57867   0.48116   0.48853   0.33753   0.16777   0.02816   0.02861   0.15302   0.19182   0.11193   0.04626   0.08208   0.06237   0.02564   1.74680   0.71083   0.93633   0.84073   0.61480  
 45 102.5233  14943.371162  x:  5.89872   0.45348   0.36366   1.11858   0.74873   1.57022   0.55295   0.35778   0.67372   0.38846   0.12783   0.02910   0.00836   0.12550   0.22309   0.08858   0.08624   0.10199   0.04343   0.04360   0.01944   0.50150   0.88558   0.67393   0.87735   0.57861   0.48363   0.48843   0.33737   0.16465   0.02530   0.02551   0.14851   0.18874   0.11178   0.04664   0.08138   0.06176   0.02559   1.74818   0.71081   0.93717   0.83924   0.61275  
 46 80.2437  14942.893763  x:  5.91514   0.45783   0.36088   1.11208   0.74878   1.56437   0.52365   0.37272   0.67242   0.38073   0.12687   0.02975   0.00887   0.12055   0.22569   0.08653   0.08720   0.09223   0.04158   0.04170   0.02045   0.48877   0.88037   0.67648   0.89607   0.57601   0.48714   0.49011   0.33984   0.16041   0.02882   0.02701   0.14500   0.18286   0.11158   0.04685   0.07917   0.06084   0.02616   1.75214   0.71011   0.93808   0.83687   0.60971  
 47 67.6220  14942.305092  x:  5.94168   0.46282   0.35313   1.10300   0.74830   1.55569   0.47784   0.38641   0.67008   0.36768   0.12925   0.03072   0.00878   0.11758   0.22675   0.08791   0.08712   0.09894   0.04244   0.04176   0.01997   0.47017   0.87396   0.68097   0.92183   0.56941   0.48909   0.49376   0.34473   0.16164   0.02723   0.02637   0.15338   0.18363   0.11179   0.04583   0.08265   0.06465   0.02562   1.75783   0.70884   0.93569   0.83761   0.61218  
 48 74.6901  14942.181460  x:  5.94940   0.46394   0.35008   1.10116   0.74811   1.55385   0.46836   0.38882   0.67003   0.36589   0.12867   0.02845   0.00875   0.12058   0.22572   0.08803   0.08656   0.09932   0.04153   0.04254   0.01947   0.46604   0.87306   0.68222   0.92733   0.56709   0.48856   0.49434   0.34545   0.16398   0.02752   0.02641   0.15376   0.18642   0.11190   0.04732   0.08112   0.06055   0.02598   1.75888   0.70902   0.93451   0.83824   0.61429  
 49 49.2696  14942.111838  x:  5.95663   0.46478   0.34664   1.10028   0.74791   1.55288   0.46401   0.39001   0.67068   0.36652   0.12854   0.03042   0.00860   0.12334   0.22414   0.08778   0.08639   0.09763   0.04276   0.04141   0.01877   0.46352   0.87318   0.68323   0.93049   0.56473   0.48715   0.49431   0.34529   0.16601   0.02688   0.02641   0.15193   0.18924   0.11179   0.04594   0.07978   0.06118   0.02587   1.75926   0.70944   0.93366   0.83866   0.61631  
 50 28.0048  14942.051800  x:  5.96618   0.46589   0.34189   1.09977   0.74768   1.55220   0.46200   0.39100   0.67187   0.36870   0.12786   0.02987   0.00866   0.12329   0.22273   0.08758   0.08688   0.09664   0.04096   0.04303   0.01780   0.46129   0.87399   0.68428   0.93312   0.56183   0.48494   0.49386   0.34459   0.16694   0.02668   0.02638   0.14995   0.19077   0.11187   0.04648   0.08079   0.06367   0.02571   1.75931   0.70962   0.93345   0.83874   0.61755  
 51 25.2073  14941.913592  x:  5.99282   0.46923   0.32898   1.09904   0.74718   1.55100   0.46014   0.39316   0.67510   0.37514   0.12713   0.02825   0.00891   0.11973   0.22082   0.08761   0.08772   0.09757   0.04313   0.04092   0.01532   0.45625   0.87676   0.68673   0.93899   0.55462   0.47910   0.49244   0.34263   0.16660   0.02707   0.02630   0.14783   0.19105   0.11200   0.04750   0.08344   0.06257   0.02578   1.75906   0.70946   0.93397   0.83843   0.61837  
 52 44.1511  14941.784813  x:  6.02025   0.47315   0.31676   1.09874   0.74695   1.55022   0.45989   0.39485   0.67781   0.38057   0.12837   0.03075   0.00885   0.11838   0.22085   0.08786   0.08708   0.09905   0.04144   0.04251   0.01322   0.45184   0.87968   0.68870   0.94434   0.54865   0.47422   0.49129   0.34123   0.16497   0.02701   0.02643   0.14899   0.18927   0.11177   0.04568   0.08200   0.06008   0.02589   1.75864   0.70919   0.93464   0.83811   0.61762  
 53 77.1929  14941.648505  x:  6.05273   0.47879   0.30469   1.09906   0.74725   1.55002   0.46134   0.39588   0.67954   0.38390   0.12914   0.02877   0.00867   0.12158   0.22322   0.08803   0.08575   0.09878   0.04216   0.04198   0.01166   0.44783   0.88300   0.69007   0.94987   0.54448   0.47091   0.49068   0.34095   0.16325   0.02777   0.02653   0.15303   0.18637   0.11174   0.04684   0.07817   0.06273   0.02589   1.75794   0.70905   0.93493   0.83808   0.61563  
 54 65.8433  14941.411560  x:  6.11813   0.49271   0.28806   1.10141   0.74950   1.55153   0.46695   0.39510   0.67903   0.38219   0.12994   0.02880   0.00833   0.12715   0.22883   0.08769   0.08783   0.09500   0.04213   0.04213   0.01090   0.44285   0.88884   0.69019   0.95910   0.54427   0.47126   0.49160   0.34369   0.16378   0.02731   0.02606   0.15585   0.18511   0.11201   0.04574   0.08511   0.06132   0.02579   1.75609   0.70959   0.93364   0.83895   0.61312  
 55 52.6444  14940.746944  x:  6.30871   0.53473   0.25029   1.10991   0.75756   1.55823   0.48357   0.38934   0.67394   0.37002   0.12907   0.03225   0.00834   0.12137   0.23463   0.08607   0.08794   0.09861   0.04208   0.04191   0.00985   0.43150   0.90378   0.68729   0.98314   0.55181   0.47888   0.49530   0.35261   0.16857   0.02596   0.02637   0.14999   0.18980   0.11224   0.05043   0.08113   0.06170   0.02572   1.75079   0.70984   0.93111   0.84006   0.61132  
 56 129.2920  14940.537744  x:  6.36806   0.54706   0.24162   1.11264   0.76001   1.56082   0.48758   0.38687   0.67232   0.36669   0.12752   0.02848   0.00860   0.11978   0.23209   0.08721   0.08675   0.09917   0.04192   0.04204   0.00862   0.42837   0.90739   0.68564   0.98942   0.55472   0.48132   0.49581   0.35393   0.16851   0.02643   0.02639   0.14904   0.19056   0.11165   0.04452   0.07990   0.06207   0.02581   1.74966   0.70926   0.93157   0.83944   0.61154  
 57 198.9686  14940.163242  x:  6.48106   0.56709   0.23577   1.11777   0.76397   1.56742   0.49061   0.38023   0.67005   0.36409   0.12774   0.03021   0.00888   0.12137   0.21623   0.09126   0.08417   0.09683   0.04205   0.04202   0.00232   0.42355   0.91039   0.68016   0.99688   0.56092   0.48492   0.49429   0.35071   0.16325   0.02709   0.02625   0.15239   0.18898   0.11172   0.04696   0.08160   0.06183   0.02583   1.74973   0.70716   0.93515   0.83612   0.61309  
 58 112.9380  14940.038931  x:  6.50234   0.56986   0.23669   1.11858   0.76435   1.56895   0.49031   0.37895   0.66997   0.36467   0.12796   0.03009   0.00887   0.12161   0.21542   0.08977   0.08548   0.09720   0.04204   0.04203   0.00000   0.42287   0.91015   0.67884   0.99722   0.56181   0.48502   0.49369   0.34927   0.16307   0.02716   0.02627   0.15262   0.18860   0.11177   0.04686   0.08135   0.06183   0.02584   1.75033   0.70742   0.93494   0.83624   0.61286  
 59 102.9807  14939.268802  x:  6.77569   0.59827   0.25785   1.12738   0.76577   1.58957   0.48342   0.36482   0.67097   0.37696   0.12910   0.02948   0.00877   0.11944   0.22486   0.09454   0.07767   0.09586   0.04198   0.04192   0.00000   0.41645   0.90310   0.66270   0.99513   0.56993   0.48200   0.48747   0.33196   0.16709   0.02672   0.02626   0.15050   0.18812   0.11182   0.04701   0.08252   0.06182   0.02581   1.76073   0.70970   0.93098   0.84074   0.60901  
 60 212.4764  14938.936857  x:  6.89929   0.60118   0.26861   1.12874   0.76203   1.59856   0.48291   0.36583   0.67180   0.38037   0.12656   0.03019   0.00863   0.11984   0.22976   0.10121   0.08521   0.09575   0.04199   0.04196   0.00000   0.41618   0.89836   0.66029   0.98910   0.57146   0.47903   0.49094   0.33566   0.16627   0.02687   0.02623   0.15131   0.19223   0.11133   0.04710   0.08040   0.06180   0.02585   1.76580   0.70489   0.93665   0.83777   0.61008  
 61 116.4363  14938.274848  x:  7.14101   0.59512   0.28886   1.12841   0.75022   1.61509   0.48533   0.37577   0.67300   0.38202   0.12453   0.03064   0.00850   0.12070   0.23176   0.09180   0.07834   0.09635   0.04205   0.04202   0.00000   0.41883   0.88818   0.66201   0.97229   0.57289   0.47276   0.50234   0.35284   0.16347   0.02694   0.02595   0.15274   0.19741   0.11159   0.04695   0.08272   0.06186   0.02578   1.77593   0.70140   0.94369   0.83155   0.61188  
 62 201.8828  14937.571601  x:  7.40311   0.57698   0.30741   1.12545   0.73482   1.63062   0.49001   0.39121   0.67274   0.37585   0.13014   0.02922   0.00870   0.11987   0.22341   0.09720   0.08028   0.09614   0.04203   0.04201   0.00000   0.42536   0.87790   0.67079   0.95085   0.57461   0.46824   0.51171   0.37000   0.16446   0.02651   0.02622   0.15036   0.19106   0.11189   0.04705   0.08179   0.06187   0.02577   1.78607   0.71125   0.93344   0.83608   0.60802  
 63 222.0041  14937.145121  x:  7.56102   0.55242   0.31332   1.12155   0.72661   1.63517   0.49147   0.40042   0.67060   0.36322   0.12525   0.03080   0.00871   0.12037   0.22170   0.09663   0.07962   0.09606   0.04201   0.04198   0.00000   0.43500   0.87470   0.68403   0.93696   0.57813   0.47245   0.50476   0.36394   0.16950   0.02581   0.02632   0.14974   0.18660   0.11064   0.04721   0.08203   0.06181   0.02573   1.78723   0.70046   0.93336   0.84467   0.60446  
 64 97.6874  14936.755931  x:  7.70506   0.52309   0.31709   1.11734   0.72258   1.63558   0.49099   0.40741   0.66864   0.35066   0.12587   0.03089   0.00865   0.11995   0.22646   0.09728   0.07941   0.09589   0.04202   0.04199   0.00000   0.44770   0.87380   0.69920   0.92502   0.58285   0.48140   0.49351   0.35162   0.16741   0.02639   0.02618   0.15076   0.19083   0.11262   0.04705   0.08207   0.06183   0.02575   1.78387   0.70651   0.93496   0.83621   0.60620  
 65 120.1330  14936.638550  x:  7.74700   0.50951   0.31990   1.11600   0.72920   1.62969   0.48816   0.40658   0.67039   0.35508   0.12991   0.02979   0.00862   0.12013   0.22775   0.09716   0.07930   0.09575   0.04202   0.04197   0.00000   0.45532   0.87532   0.70222   0.92382   0.58403   0.48931   0.49445   0.35230   0.16325   0.02699   0.02620   0.14955   0.19242   0.10783   0.04741   0.08228   0.06187   0.02576   1.77770   0.70521   0.93385   0.83864   0.60775  
 66 25.4239  14936.500652  x:  7.79599   0.49161   0.32451   1.11400   0.74063   1.61919   0.48423   0.40450   0.67301   0.36294   0.12809   0.03008   0.00860   0.12003   0.22763   0.09745   0.07916   0.09580   0.04200   0.04197   0.00000   0.46580   0.87759   0.70392   0.92336   0.58379   0.49933   0.49750   0.35489   0.16367   0.02682   0.02620   0.14989   0.19150   0.11415   0.04693   0.08203   0.06185   0.02575   1.76879   0.70519   0.93321   0.83969   0.60607  
 67 51.4749  14936.446685  x:  7.81421   0.48451   0.32730   1.11262   0.74614   1.61292   0.48352   0.40382   0.67333   0.36483   0.12589   0.03060   0.00861   0.11982   0.22689   0.09747   0.07916   0.09584   0.04200   0.04197   0.00000   0.47019   0.87835   0.70283   0.92345   0.58151   0.50152   0.49867   0.35563   0.16732   0.02617   0.02617   0.15089   0.19031   0.11091   0.04718   0.08212   0.06183   0.02573   1.76557   0.70680   0.93400   0.83749   0.60345  
 68 29.0362  14936.365166  x:  7.83942   0.47447   0.33505   1.10810   0.75610   1.59627   0.48665   0.40428   0.67071   0.36125   0.13024   0.02960   0.00862   0.12004   0.22668   0.09736   0.07924   0.09574   0.04200   0.04195   0.00000   0.47756   0.87894   0.69566   0.92415   0.57079   0.49803   0.49883   0.35471   0.16889   0.02594   0.02618   0.14968   0.19056   0.11201   0.04708   0.08210   0.06186   0.02572   1.76282   0.70543   0.93556   0.83673   0.60218  
 69 13.2886  14936.318263  x:  7.85314   0.46922   0.33986   1.10469   0.76076   1.58496   0.48909   0.40447   0.66930   0.35917   0.12673   0.03053   0.00861   0.11991   0.22731   0.09722   0.07929   0.09585   0.04200   0.04196   0.00000   0.48186   0.87926   0.69122   0.92447   0.56474   0.49539   0.49840   0.35420   0.16597   0.02648   0.02616   0.15047   0.19088   0.11161   0.04711   0.08209   0.06184   0.02574   1.76238   0.70639   0.93358   0.83831   0.60441  
 70 23.2687  14936.257184  x:  7.86684   0.46524   0.34423   1.09436   0.75339   1.55972   0.49159   0.39970   0.67139   0.36279   0.12743   0.03027   0.00859   0.11992   0.22800   0.09697   0.07946   0.09590   0.04199   0.04195   0.00000   0.48639   0.87993   0.68894   0.92236   0.56726   0.49408   0.49536   0.35556   0.16730   0.02624   0.02623   0.15041   0.18845   0.11162   0.04712   0.08200   0.06181   0.02575   1.77041   0.70637   0.93419   0.83777   0.60854  
 71  4.8502  14936.240110  x:  7.87047   0.46440   0.34543   1.09188   0.75098   1.55244   0.49193   0.39817   0.67193   0.36381   0.12732   0.03026   0.00860   0.11989   0.22752   0.09692   0.07948   0.09589   0.04199   0.04195   0.00000   0.48712   0.88002   0.68915   0.92116   0.56808   0.49337   0.49496   0.35554   0.16631   0.02637   0.02617   0.15061   0.19079   0.11165   0.04707   0.08202   0.06183   0.02575   1.77259   0.70648   0.93408   0.83823   0.60563  
 72 10.7539  14936.207343  x:  7.87657   0.46703   0.34999   1.09574   0.74894   1.54141   0.49015   0.39730   0.67165   0.36485   0.12741   0.03021   0.00859   0.11991   0.22765   0.09655   0.07972   0.09597   0.04198   0.04195   0.00000   0.48402   0.87946   0.69977   0.91371   0.56819   0.48822   0.50086   0.35120   0.16621   0.02650   0.02619   0.15067   0.19026   0.11165   0.04705   0.08194   0.06183   0.02576   1.76890   0.70681   0.93440   0.83857   0.60590  
 73  2.1541  14936.174164  x:  7.88544   0.46737   0.34859   1.10102   0.75097   1.53864   0.48726   0.39708   0.67224   0.36643   0.12752   0.03013   0.00857   0.11990   0.22784   0.09622   0.07993   0.09602   0.04197   0.04194   0.00000   0.47867   0.87096   0.70296   0.90439   0.56649   0.48644   0.49330   0.35530   0.16622   0.02642   0.02618   0.15070   0.19009   0.11165   0.04702   0.08190   0.06183   0.02576   1.76574   0.70595   0.93290   0.83765   0.60604  
 74  1.9137  14936.095188  x:  7.91826   0.46693   0.33880   1.09857   0.75323   1.55016   0.48126   0.39689   0.67438   0.36821   0.12773   0.02997   0.00853   0.11993   0.22805   0.09527   0.08053   0.09621   0.04196   0.04193   0.01256   0.48246   0.85773   0.70128   0.89659   0.56088   0.48748   0.49676   0.35108   0.16607   0.02652   0.02619   0.15087   0.18977   0.11167   0.04696   0.08178   0.06183   0.02576   1.77013   0.71082   0.93987   0.84337   0.60702  
 75  2.2976  14936.002614  x:  7.96275   0.46434   0.33291   1.09311   0.75622   1.56641   0.47647   0.39599   0.67511   0.37145   0.12804   0.02974   0.00849   0.12000   0.22806   0.09417   0.08132   0.09642   0.04193   0.04191   0.02605   0.48486   0.85465   0.70088   0.89532   0.55776   0.48476   0.50092   0.34620   0.16593   0.02663   0.02618   0.15116   0.18945   0.11171   0.04686   0.08162   0.06181   0.02578   1.77684   0.70429   0.92973   0.83579   0.60681  
 76  9.1557  14935.794762  x:  8.08367   0.44812   0.33781   1.08528   0.76224   1.59968   0.47226   0.39050   0.67130   0.37722   0.12857   0.02938   0.00840   0.12015   0.22791   0.09177   0.08294   0.09691   0.04189   0.04188   0.03811   0.46582   0.87849   0.70156   0.91185   0.56357   0.46768   0.49284   0.34877   0.16593   0.02657   0.02615   0.15173   0.18901   0.11176   0.04669   0.08133   0.06180   0.02578   1.78446   0.70788   0.93425   0.84002   0.60670  
 77  9.5483  14935.622422  x:  8.20943   0.43370   0.33589   1.09852   0.74727   1.60551   0.47789   0.38597   0.68033   0.37515   0.12891   0.02918   0.00834   0.12029   0.22767   0.08998   0.08416   0.09715   0.04184   0.04184   0.03293   0.44342   0.87859   0.68320   0.93214   0.56717   0.46821   0.50048   0.34077   0.16603   0.02663   0.02612   0.15227   0.18894   0.11181   0.04658   0.08115   0.06178   0.02579   1.77711   0.70759   0.93242   0.83957   0.60678  
 78 10.8057  14935.417803  x:  8.37980   0.44245   0.33979   1.12657   0.72431   1.59764   0.47834   0.38446   0.67900   0.37616   0.12931   0.02898   0.00827   0.12061   0.22579   0.08737   0.08606   0.09757   0.04178   0.04179   0.04317   0.44873   0.88295   0.67747   0.95908   0.55915   0.47445   0.49222   0.34319   0.16614   0.02645   0.02605   0.15310   0.18879   0.11190   0.04643   0.08091   0.06177   0.02577   1.76813   0.70800   0.93177   0.83982   0.60480  
 79 17.7013  14935.253514  x:  8.53453   0.45877   0.32959   1.14064   0.73685   1.57969   0.47729   0.39167   0.66306   0.38074   0.12950   0.02892   0.00820   0.12096   0.22443   0.08556   0.08744   0.09790   0.04176   0.04177   0.02080   0.45150   0.88757   0.67736   0.95664   0.56074   0.48470   0.49336   0.34004   0.16621   0.02642   0.02602   0.15368   0.18881   0.11199   0.04634   0.08077   0.06174   0.02578   1.78819   0.70818   0.93190   0.83967   0.60477  
 80 11.6158  14935.097246  x:  8.64918   0.48298   0.32607   1.12827   0.75121   1.56791   0.47574   0.39543   0.67710   0.37426   0.12968   0.02884   0.00819   0.12119   0.22293   0.08410   0.08858   0.09810   0.04174   0.04175   0.00000   0.45752   0.88979   0.68107   0.94923   0.56387   0.48723   0.49089   0.33994   0.16614   0.02639   0.02599   0.15415   0.18877   0.11205   0.04626   0.08065   0.06174   0.02578   1.78712   0.70828   0.93179   0.83976   0.60367  
 81 15.2636  14935.046872  x:  8.70582   0.49593   0.32379   1.11080   0.75359   1.56351   0.47649   0.39549   0.66819   0.37698   0.12970   0.02886   0.00817   0.12131   0.22221   0.08343   0.08909   0.09819   0.04172   0.04174   0.00000   0.45896   0.88437   0.68271   0.94639   0.56598   0.48799   0.49022   0.33936   0.16612   0.02638   0.02597   0.15440   0.18881   0.11208   0.04623   0.08060   0.06173   0.02577   1.77558   0.70831   0.93128   0.83981   0.60307  
 82 10.1470  14935.041512  x:  8.71624   0.49591   0.32459   1.10950   0.75616   1.56310   0.47947   0.39328   0.66846   0.37708   0.12971   0.02885   0.00817   0.12130   0.22220   0.08349   0.08908   0.09818   0.04172   0.04174   0.00000   0.45796   0.87933   0.68688   0.94986   0.56645   0.48752   0.49022   0.33940   0.16619   0.02635   0.02597   0.15444   0.18890   0.11208   0.04623   0.08059   0.06173   0.02577   1.77715   0.70831   0.93138   0.83987   0.60306  
 83  0.8050  14934.932963  x:  8.98482   0.49555   0.32083   1.10161   0.76535   1.55921   0.48306   0.39353   0.66993   0.37594   0.12944   0.02904   0.00826   0.12108   0.22293   0.08607   0.08838   0.09784   0.04177   0.04178   0.00000   0.43838   0.87998   0.68359   0.93717   0.57392   0.48638   0.49303   0.33963   0.16631   0.02637   0.02604   0.15401   0.18940   0.11201   0.04635   0.08060   0.06174   0.02586   1.77612   0.70793   0.93147   0.83976   0.60381  
 84  0.9718  14934.759278  x:  9.43731   0.50026   0.31402   1.10304   0.76373   1.57337   0.47500   0.39475   0.67786   0.37469   0.12924   0.02917   0.00841   0.12079   0.22326   0.08945   0.08789   0.09750   0.04185   0.04186   0.00000   0.46027   0.87668   0.68361   0.94043   0.58034   0.46851   0.49341   0.34302   0.16618   0.02645   0.02616   0.15347   0.18975   0.11193   0.04647   0.08046   0.06177   0.02601   1.77554   0.70720   0.93161   0.83969   0.60274  
 85 13.3194  14934.713639  x:  9.55403   0.50401   0.31775   1.09919   0.75948   1.58014   0.47617   0.39149   0.68106   0.37456   0.12924   0.02915   0.00845   0.12071   0.22317   0.09019   0.08783   0.09743   0.04186   0.04188   0.00000   0.45926   0.88073   0.68832   0.93939   0.56531   0.48002   0.49284   0.34371   0.16623   0.02640   0.02618   0.15344   0.18985   0.11192   0.04649   0.08041   0.06177   0.02604   1.77853   0.70696   0.93162   0.83945   0.60260  
 86 13.8553  14934.658558  x:  9.89116   0.48992   0.32109   1.10429   0.75288   1.58210   0.47788   0.38948   0.67358   0.37655   0.12912   0.02917   0.00832   0.12077   0.22398   0.08754   0.08658   0.09745   0.04180   0.04181   0.00000   0.45772   0.87943   0.68825   0.94111   0.56339   0.48078   0.49353   0.34334   0.16623   0.02639   0.02604   0.15315   0.18958   0.11191   0.04651   0.08081   0.06175   0.02578   1.77852   0.70695   0.93155   0.83956   0.60270  
 87  0.2649  14934.648035  x: 10.01614   0.49762   0.32150   1.10773   0.75477   1.57574   0.47901   0.39066   0.67396   0.37533   0.12909   0.02919   0.00831   0.12083   0.22395   0.08731   0.08644   0.09749   0.04180   0.04181   0.00000   0.45695   0.88085   0.68784   0.94100   0.56549   0.48161   0.49341   0.34330   0.16623   0.02640   0.02603   0.15317   0.18957   0.11192   0.04650   0.08087   0.06175   0.02577   1.78035   0.70699   0.93165   0.83953   0.60265  
 88  0.1954  14934.645083  x: 10.12491   0.49592   0.32109   1.10531   0.75596   1.57544   0.47834   0.39096   0.67445   0.37531   0.12914   0.02916   0.00833   0.12087   0.22364   0.08785   0.08677   0.09756   0.04182   0.04184   0.00000   0.45802   0.88064   0.68775   0.94120   0.56572   0.48190   0.49289   0.34299   0.16619   0.02642   0.02608   0.15332   0.18956   0.11194   0.04646   0.08075   0.06176   0.02585   1.77929   0.70699   0.93156   0.83952   0.60244  
 89  0.0810  14934.644989  x: 10.13674   0.49571   0.32111   1.10538   0.75595   1.57534   0.47843   0.39104   0.67463   0.37525   0.12914   0.02917   0.00832   0.12085   0.22366   0.08771   0.08678   0.09753   0.04181   0.04182   0.00000   0.45809   0.88067   0.68797   0.94092   0.56566   0.48182   0.49301   0.34317   0.16621   0.02641   0.02606   0.15330   0.18959   0.11193   0.04648   0.08076   0.06176   0.02583   1.77941   0.70697   0.93155   0.83953   0.60245  
 90  0.0110  14934.644988  x: 10.13746   0.49569   0.32110   1.10542   0.75594   1.57528   0.47843   0.39106   0.67461   0.37525   0.12914   0.02917   0.00833   0.12085   0.22366   0.08771   0.08678   0.09753   0.04181   0.04183   0.00000   0.45811   0.88068   0.68798   0.94095   0.56565   0.48185   0.49300   0.34317   0.16621   0.02641   0.02606   0.15329   0.18959   0.11193   0.04647   0.08076   0.06176   0.02583   1.77941   0.70697   0.93156   0.83953   0.60245  
 91  0.0007  14934.644988  x: 10.13733   0.49569   0.32109   1.10541   0.75595   1.57527   0.47843   0.39106   0.67461   0.37524   0.12914   0.02917   0.00833   0.12085   0.22366   0.08771   0.08678   0.09753   0.04181   0.04183   0.00000   0.45812   0.88069   0.68799   0.94095   0.56565   0.48186   0.49300   0.34317   0.16621   0.02641   0.02606   0.15330   0.18959   0.11193   0.04647   0.08076   0.06176   0.02583   1.77941   0.70697   0.93156   0.83953   0.60245  
 92  0.0001  14934.644988  x: 10.13729   0.49569   0.32109   1.10541   0.75595   1.57527   0.47843   0.39106   0.67461   0.37524   0.12914   0.02917   0.00833   0.12085   0.22366   0.08771   0.08678   0.09753   0.04181   0.04183   0.00000   0.45812   0.88069   0.68799   0.94095   0.56565   0.48186   0.49300   0.34317   0.16621   0.02641   0.02606   0.15330   0.18959   0.11193   0.04647   0.08076   0.06176   0.02583   1.77941   0.70697   0.93156   0.83953   0.60245  
 93  0.0001  14934.644988  x: 10.13727   0.49569   0.32109   1.10541   0.75595   1.57527   0.47843   0.39106   0.67461   0.37524   0.12914   0.02917   0.00833   0.12085   0.22366   0.08771   0.08678   0.09753   0.04181   0.04183   0.00000   0.45812   0.88069   0.68799   0.94095   0.56565   0.48186   0.49300   0.34317   0.16621   0.02641   0.02606   0.15330   0.18959   0.11193   0.04647   0.08076   0.06176   0.02583   1.77941   0.70697   0.93156   0.83953   0.60245  