

TREE # 1

  0  0.0000   2175.745730  x:  0.01972   0.20925   0.02571   0.03211   0.02495   0.05815   0.02188   0.05666   0.08536   0.02661   0.17168   0.01972   0.20925   0.02571   0.03211   0.02495   0.05815   0.02188   0.05666   0.08536   0.02661   0.17168   0.21568   8.40433   1.52025   1.05125   1.41787   1.00000  
  1 99.0000   2039.200916  x:  0.00996   0.22214   0.31495   0.28460   0.04056   0.04877   0.01221   0.05138   0.06594   0.10083   0.13790   0.01842   0.20618   0.22151   0.20313   0.00000   0.06109   0.04428   0.04932   0.06111   0.10564   0.13324   0.18315   8.40451   1.52012   1.04921   1.42193   1.00035  
  2 1695.5327   2022.436651  x:  0.02945   0.23859   0.32962   0.30416   0.02640   0.04257   0.04416   0.03169   0.02189   0.08064   0.07417   0.02499   0.19876   0.22287   0.21155   0.08627   0.05941   0.03492   0.04915   0.01192   0.08743   0.05576   0.11980   8.40500   1.51891   1.04856   1.42891   1.00059  
  3 304.5733   2011.475194  x:  0.02274   0.24716   0.33093   0.30978   0.03054   0.04135   0.03452   0.03280   0.00734   0.06804   0.03649   0.02799   0.19425   0.21890   0.21228   0.08208   0.05850   0.03350   0.04450   0.01396   0.07633   0.00718   0.08167   8.40531   1.51819   1.04816   1.43354   1.00099  
  4 362.8693   2009.616779  x:  0.02452   0.25259   0.33198   0.31368   0.02918   0.04144   0.03133   0.03176   0.01976   0.06178   0.02146   0.03312   0.19166   0.21616   0.21243   0.08013   0.05825   0.03370   0.04357   0.01087   0.07100   0.00730   0.05999   8.40552   1.51775   1.04777   1.43677   1.00134  
  5 178.7475   2008.941288  x:  0.02794   0.25764   0.33268   0.31685   0.02821   0.04173   0.03037   0.03144   0.01564   0.05748   0.02249   0.03477   0.18962   0.21390   0.21271   0.07855   0.05816   0.03399   0.04369   0.01390   0.06772   0.01216   0.04530   8.40574   1.51739   1.04729   1.43999   1.00164  
  6 108.9380   2008.741441  x:  0.02970   0.26185   0.33294   0.31920   0.02785   0.04211   0.03050   0.03165   0.01652   0.05528   0.02704   0.03403   0.18811   0.21159   0.21243   0.07617   0.05822   0.03434   0.04427   0.01111   0.06649   0.01031   0.04153   8.40594   1.51710   1.04682   1.44299   1.00194  
  7 55.8942   2008.344426  x:  0.03207   0.28158   0.33426   0.33006   0.02615   0.04252   0.03642   0.03059   0.01808   0.04730   0.02720   0.03138   0.18179   0.20128   0.21133   0.07256   0.05839   0.03399   0.04732   0.01474   0.06376   0.00924   0.04504   8.40697   1.51571   1.04444   1.45815   1.00338  
  8 40.4961   2008.142671  x:  0.03104   0.29226   0.33450   0.33544   0.02755   0.04225   0.03727   0.03145   0.01571   0.04435   0.02547   0.03157   0.17888   0.19529   0.21009   0.06998   0.05842   0.03383   0.04753   0.01150   0.06361   0.01145   0.04743   8.40763   1.51495   1.04308   1.46741   1.00424  
  9 95.0348   2007.966705  x:  0.02904   0.30287   0.33393   0.33961   0.02787   0.04077   0.03430   0.03095   0.01618   0.04816   0.02699   0.03585   0.17841   0.18927   0.20725   0.07280   0.05827   0.03385   0.04430   0.01260   0.06883   0.01082   0.04737   8.40876   1.51412   1.04135   1.48185   1.00548  
 10 32.3981   2007.879088  x:  0.02874   0.30561   0.33339   0.34072   0.02737   0.04261   0.03168   0.03176   0.01641   0.05084   0.02628   0.03128   0.18011   0.18799   0.20562   0.07454   0.05818   0.03445   0.04466   0.01271   0.07084   0.01129   0.04641   8.40977   1.51381   1.04050   1.49328   1.00648  
 11 24.0544   2007.584270  x:  0.03253   0.30052   0.33172   0.34137   0.02978   0.04302   0.02977   0.03100   0.01611   0.05176   0.02579   0.03410   0.19016   0.19356   0.20224   0.07343   0.05811   0.03261   0.05014   0.01258   0.06676   0.01063   0.04733   8.41538   1.51378   1.03852   1.55064   1.01154  
 12 23.2876   2007.418860  x:  0.02974   0.29560   0.33069   0.34069   0.02569   0.04091   0.03310   0.03065   0.01576   0.05044   0.02594   0.03362   0.19281   0.19690   0.20148   0.07140   0.05838   0.03486   0.04629   0.01198   0.06553   0.01085   0.04687   8.41885   1.51474   1.03860   1.58305   1.01444  
 13 66.4925   2007.357932  x:  0.02872   0.29297   0.33046   0.33985   0.02829   0.04115   0.03542   0.03207   0.01654   0.04923   0.02649   0.03276   0.19095   0.19776   0.20239   0.07196   0.05813   0.03408   0.04377   0.01243   0.06615   0.01097   0.04613   8.42048   1.51613   1.03979   1.59542   1.01557  
 14 37.5650   2007.256576  x:  0.02834   0.28755   0.33048   0.33673   0.02768   0.04317   0.03369   0.02974   0.01636   0.04782   0.02660   0.03285   0.18104   0.19728   0.20668   0.07188   0.05732   0.03261   0.04405   0.01210   0.06920   0.01103   0.04627   8.42399   1.52159   1.04523   1.61465   1.01741  
 15 23.4985   2007.206303  x:  0.02934   0.28537   0.33080   0.33494   0.02744   0.04159   0.03292   0.03198   0.01639   0.04857   0.02636   0.03319   0.17603   0.19639   0.20905   0.07237   0.05772   0.03485   0.04544   0.01224   0.06943   0.01087   0.04648   8.42613   1.52583   1.04942   1.62379   1.01832  
 16 31.3260   2007.125411  x:  0.02937   0.28497   0.33260   0.33250   0.02777   0.03919   0.03355   0.03091   0.01642   0.05349   0.02624   0.03194   0.17386   0.19380   0.21168   0.07113   0.05896   0.03277   0.04501   0.01210   0.06559   0.01109   0.04617   8.43073   1.53770   1.06078   1.63515   1.01961  
 17 15.0419   2006.952713  x:  0.02923   0.28570   0.33644   0.32849   0.02772   0.04541   0.03619   0.03107   0.01603   0.05694   0.02603   0.03420   0.17589   0.18930   0.21499   0.06913   0.05868   0.03539   0.04396   0.01207   0.06269   0.01076   0.04626   8.44187   1.56799   1.08887   1.65759   1.02231  
 18 41.5234   2006.482807  x:  0.02974   0.28843   0.34445   0.32105   0.02647   0.04107   0.03550   0.03270   0.01631   0.04823   0.02622   0.03330   0.18774   0.18278   0.21813   0.06579   0.05441   0.03313   0.04541   0.01210   0.06971   0.01072   0.04613   8.47311   1.65388   1.16592   1.71465   1.02936  
 19 91.1257   2006.366378  x:  0.02881   0.28967   0.34420   0.32158   0.02885   0.04031   0.03339   0.02959   0.01665   0.04531   0.02685   0.03242   0.18765   0.18558   0.21476   0.06653   0.05912   0.03584   0.04504   0.01228   0.06938   0.01094   0.04660   8.48130   1.67586   1.18289   1.72738   1.03092  
 20 53.3148   2006.218975  x:  0.02746   0.29168   0.34124   0.32522   0.02653   0.04178   0.03128   0.03278   0.01683   0.04444   0.02758   0.03321   0.18374   0.19373   0.20637   0.06707   0.06186   0.03295   0.04444   0.01245   0.06721   0.01102   0.04740   8.49221   1.70414   1.20089   1.74169   1.03262  
 21 50.1745   2006.095916  x:  0.02812   0.29286   0.33596   0.32924   0.02761   0.04098   0.03320   0.03127   0.01658   0.04723   0.02703   0.03284   0.17945   0.20079   0.19834   0.06483   0.05624   0.03442   0.04535   0.01230   0.06748   0.01099   0.04680   8.50186   1.72764   1.21219   1.75208   1.03379  
 22 43.2747   2005.986568  x:  0.03172   0.29055   0.32703   0.33531   0.02734   0.04121   0.03638   0.03131   0.01588   0.04991   0.02535   0.03303   0.17962   0.20083   0.19969   0.06083   0.06032   0.03353   0.04543   0.01191   0.07179   0.01054   0.04582   8.51247   1.74763   1.21151   1.75776   1.03407  
 23 12.2176   2005.721268  x:  0.02686   0.28383   0.30926   0.35121   0.02753   0.04096   0.03410   0.03128   0.01650   0.05055   0.02690   0.03304   0.18213   0.19674   0.21061   0.06120   0.05786   0.03410   0.04664   0.01206   0.06822   0.01077   0.04581   8.53920   1.79156   1.20203   1.76812   1.03404  
 24 30.8048   2005.635543  x:  0.03095   0.28281   0.30960   0.35170   0.02741   0.04093   0.03144   0.03118   0.01636   0.04966   0.02647   0.03247   0.18222   0.19554   0.21106   0.06054   0.05622   0.03455   0.04214   0.01208   0.06655   0.01073   0.04748   8.54868   1.80136   1.19725   1.77007   1.03376  
 25 15.9336   2004.614900  x:  0.02785   0.28127   0.34777   0.32181   0.02738   0.04092   0.03321   0.03133   0.01639   0.04542   0.02688   0.03252   0.17900   0.18387   0.19348   0.04837   0.05751   0.03392   0.04581   0.01264   0.06686   0.01053   0.04607   8.66731   1.88598   1.13403   1.78457   1.02879  
 26 25.4997   2002.032250  x:  0.02752   0.33227   0.32740   0.26588   0.02756   0.04079   0.03203   0.03194   0.01795   0.04361   0.02680   0.03224   0.18204   0.22509   0.23059   0.01707   0.05620   0.03466   0.04557   0.01078   0.06677   0.01039   0.04653   8.96755   1.90882   1.11031   1.79631   1.01662  
 27 19.2606   2000.190305  x:  0.02716   0.32589   0.32402   0.26972   0.02765   0.04091   0.03149   0.03202   0.01766   0.04421   0.02709   0.03212   0.18175   0.21822   0.22387   0.00181   0.05631   0.03470   0.04635   0.01122   0.06654   0.01030   0.04661   9.12394   1.90160   1.11552   1.79907   1.01152  
 28 92.3613   1998.128030  x:  0.02157   0.30557   0.31380   0.28374   0.02921   0.04228   0.02129   0.03388   0.01807   0.04959   0.02921   0.03203   0.18232   0.20297   0.21245   0.00347   0.05740   0.03598   0.04624   0.01442   0.06784   0.01031   0.04782   9.45432   1.80434   1.11293   1.73856   1.29149  
 29  1.4481   1995.554087  x:  0.01560   0.27980   0.30222   0.30546   0.03116   0.04384   0.01049   0.03585   0.01950   0.05462   0.03168   0.03113   0.18223   0.18319   0.19596   0.00571   0.05846   0.03725   0.04656   0.01776   0.06897   0.01085   0.04945   9.81654   1.69312   1.12622   1.71432   1.10607  
 30  8.0179   1994.815632  x:  0.01636   0.26636   0.29373   0.31146   0.03213   0.04456   0.01944   0.03744   0.02196   0.05852   0.03378   0.03067   0.18321   0.17721   0.18942   0.00529   0.05909   0.03786   0.04692   0.01974   0.07143   0.01221   0.05200   9.92568   1.63366   1.12488   1.69089   1.05008  
 31  0.4428   1994.078666  x:  0.02185   0.27352   0.27224   0.29748   0.03428   0.04442   0.01806   0.03970   0.02351   0.05711   0.03101   0.03187   0.18317   0.17763   0.18770   0.00095   0.05874   0.03805   0.04616   0.02297   0.07113   0.01076   0.04953   9.99980   1.60368   1.10917   1.66854   1.03416  
 32  0.0807   1993.263943  x:  0.02301   0.28448   0.24377   0.26551   0.03653   0.04404   0.01793   0.04236   0.02613   0.05429   0.02812   0.03305   0.18269   0.17714   0.18474   0.00549   0.05812   0.03787   0.04471   0.02730   0.07003   0.00928   0.04674   9.99954   1.61344   1.09468   1.66127   1.01835  
 33  0.0515   1992.798352  x:  0.01792   0.27557   0.23521   0.24619   0.03550   0.04439   0.01799   0.04200   0.02819   0.05672   0.03108   0.03193   0.18293   0.16421   0.17384   0.00452   0.05831   0.03732   0.04620   0.02840   0.06978   0.01148   0.05028   9.95490   1.65045   1.09851   1.68112   1.05997  
 34  0.0929   1992.666413  x:  0.01900   0.27181   0.23065   0.25460   0.03347   0.04430   0.01792   0.03984   0.02618   0.05640   0.03081   0.03155   0.18287   0.15469   0.16987   0.00430   0.05835   0.03667   0.04657   0.02665   0.06740   0.01107   0.05001   9.81417   1.65422   1.11044   1.69783   1.04783  
 35  0.1294   1992.623729  x:  0.01903   0.27290   0.22837   0.25026   0.03218   0.04428   0.01798   0.03850   0.02560   0.05641   0.03126   0.03147   0.18312   0.15927   0.17226   0.00406   0.05839   0.03662   0.04649   0.02441   0.06716   0.01120   0.05037   9.70370   1.64951   1.11399   1.70276   1.04384  
 36  0.1042   1992.617395  x:  0.01899   0.27384   0.23018   0.24870   0.03241   0.04421   0.01813   0.03860   0.02551   0.05600   0.03102   0.03173   0.18292   0.15842   0.17133   0.00412   0.05835   0.03677   0.04624   0.02362   0.06757   0.01102   0.04988   9.68484   1.64818   1.11037   1.69918   1.04597  
 37  0.0186   1992.615723  x:  0.01914   0.27368   0.22894   0.24920   0.03263   0.04424   0.01812   0.03881   0.02576   0.05629   0.03110   0.03171   0.18298   0.15849   0.17143   0.00417   0.05837   0.03683   0.04630   0.02328   0.06778   0.01114   0.04998   9.68881   1.64843   1.10868   1.69702   1.04595  
 38  0.0060   1992.615519  x:  0.01899   0.27358   0.22888   0.24926   0.03269   0.04425   0.01813   0.03890   0.02580   0.05624   0.03107   0.03168   0.18299   0.15848   0.17150   0.00417   0.05836   0.03681   0.04632   0.02321   0.06763   0.01113   0.04992   9.69468   1.64862   1.10915   1.69716   1.04515  
 39  0.0075   1992.615479  x:  0.01905   0.27349   0.22903   0.24920   0.03269   0.04426   0.01812   0.03892   0.02583   0.05624   0.03106   0.03166   0.18299   0.15847   0.17149   0.00417   0.05837   0.03679   0.04634   0.02318   0.06758   0.01114   0.04994   9.69861   1.64863   1.10949   1.69738   1.04522  
 40  0.0055   1992.615472  x:  0.01905   0.27352   0.22899   0.24923   0.03268   0.04426   0.01812   0.03893   0.02584   0.05623   0.03105   0.03167   0.18298   0.15846   0.17149   0.00417   0.05837   0.03679   0.04633   0.02318   0.06759   0.01113   0.04993   9.70158   1.64863   1.10956   1.69755   1.04553  
 41  0.0026   1992.615471  x:  0.01905   0.27353   0.22900   0.24921   0.03267   0.04426   0.01812   0.03892   0.02584   0.05624   0.03105   0.03167   0.18298   0.15846   0.17149   0.00417   0.05837   0.03679   0.04633   0.02318   0.06759   0.01113   0.04994   9.70294   1.64871   1.10955   1.69761   1.04542  
 42  0.0012   1992.615471  x:  0.01905   0.27352   0.22900   0.24921   0.03267   0.04426   0.01812   0.03892   0.02584   0.05624   0.03106   0.03167   0.18298   0.15847   0.17149   0.00417   0.05837   0.03679   0.04633   0.02318   0.06759   0.01113   0.04994   9.70326   1.64869   1.10952   1.69757   1.04544  
 43  0.0003   1992.615471  x:  0.01905   0.27353   0.22900   0.24921   0.03267   0.04426   0.01812   0.03892   0.02584   0.05624   0.03106   0.03167   0.18298   0.15847   0.17149   0.00417   0.05837   0.03679   0.04633   0.02318   0.06759   0.01113   0.04994   9.70329   1.64869   1.10953   1.69757   1.04544  
 44  0.0000   1992.615471  x:  0.01905   0.27353   0.22900   0.24921   0.03267   0.04426   0.01812   0.03892   0.02584   0.05624   0.03106   0.03167   0.18298   0.15847   0.17149   0.00417   0.05837   0.03679   0.04633   0.02318   0.06759   0.01113   0.04994   9.70329   1.64869   1.10953   1.69757   1.04544  
 45  0.0000   1992.615471  x:  0.01905   0.27353   0.22900   0.24921   0.03267   0.04426   0.01812   0.03892   0.02584   0.05624   0.03106   0.03167   0.18298   0.15847   0.17149   0.00417   0.05837   0.03679   0.04633   0.02318   0.06759   0.01113   0.04994   9.70329   1.64869   1.10953   1.69757   1.04544  
 46  0.0000   1992.615471  x:  0.01905   0.27353   0.22900   0.24921   0.03267   0.04426   0.01812   0.03892   0.02584   0.05624   0.03106   0.03167   0.18298   0.15847   0.17149   0.00417   0.05837   0.03679   0.04633   0.02318   0.06759   0.01113   0.04994   9.70329   1.64869   1.10953   1.69757   1.04544  

TREE # 2

  0  0.0000   2187.667756  x:  0.01905   0.27353   0.22900   0.24921   0.03267   0.04426   0.01812   0.03892   0.02584   0.05624   0.03106   0.03167   0.18298   0.15847   0.17149   0.00417   0.05837   0.03679   0.04633   0.02318   0.06759   0.01113   0.04994   9.70329   1.50241   1.01074   1.63806   1.04544  
  1 99.0000   2088.093268  x:  0.03069   0.24742   0.19845   0.24007   0.07511   0.12297   0.04062   0.14968   0.05177   0.02719   0.06198   0.03655   0.15845   0.13251   0.19193   0.27328   0.16031   0.03660   0.17848   0.05441   0.05311   0.09263   0.03274   9.70331   1.50363   1.01180   1.63765   1.04554  
  2 1628.4269   2066.452389  x:  0.03349   0.21969   0.16650   0.23138   0.07474   0.13383   0.03012   0.15828   0.04804   0.00000   0.06120   0.03601   0.13224   0.10523   0.20264   0.26362   0.17340   0.03226   0.19506   0.04635   0.04011   0.07792   0.01531   9.70336   1.50416   1.01393   1.63623   1.04580  
  3 337.5449   2045.885361  x:  0.03844   0.17836   0.11896   0.21908   0.07409   0.14839   0.01807   0.17055   0.04619   0.01021   0.06090   0.03683   0.09341   0.06541   0.21739   0.24958   0.19128   0.02701   0.21776   0.03729   0.02498   0.05844   0.00120   9.70342   1.50503   1.01692   1.63423   1.04607  
  4 1322.7248   2025.842701  x:  0.04466   0.12656   0.05940   0.20379   0.07325   0.16642   0.00398   0.18569   0.04370   0.01713   0.06045   0.03767   0.04485   0.01582   0.23572   0.23191   0.21344   0.02062   0.24590   0.02666   0.00735   0.03470   0.00750   9.70350   1.50612   1.02066   1.63173   1.04642  
  5 7216.1101   2020.402977  x:  0.04663   0.10976   0.04022   0.19924   0.07279   0.17144   0.00938   0.18984   0.04317   0.01765   0.06021   0.03781   0.03027   0.00396   0.24111   0.22521   0.21960   0.01944   0.25383   0.02595   0.01301   0.02932   0.00780   9.70352   1.50652   1.02182   1.63096   1.04651  
  6 1493.7698   2012.285414  x:  0.05013   0.07925   0.00585   0.19143   0.07196   0.17971   0.01073   0.19676   0.04269   0.01876   0.05985   0.03800   0.00933   0.01307   0.25057   0.21314   0.23010   0.01823   0.26746   0.02635   0.01679   0.02393   0.00846   9.70356   1.50732   1.02386   1.62961   1.04666  
  7 882.4023   2010.607490  x:  0.05124   0.06536   0.00000   0.18853   0.07149   0.18250   0.01064   0.19910   0.04298   0.01897   0.05969   0.03796   0.01447   0.01217   0.25416   0.20609   0.23417   0.01899   0.27274   0.02825   0.01654   0.02871   0.00850   9.70358   1.50780   1.02485   1.62899   1.04673  
  8 260.5005   2006.361739  x:  0.05458   0.02434   0.00615   0.17979   0.07029   0.19173   0.01098   0.20697   0.04372   0.01990   0.05933   0.03793   0.01672   0.01274   0.26562   0.18569   0.24730   0.02030   0.28983   0.03271   0.01705   0.03715   0.00888   9.70363   1.50926   1.02793   1.62704   1.04698  
  9 614.5962   2004.837458  x:  0.05016   0.03653   0.00772   0.16795   0.07178   0.20368   0.01575   0.22059   0.04814   0.02204   0.06163   0.03784   0.02486   0.01567   0.28078   0.15713   0.26922   0.01871   0.31936   0.03295   0.01786   0.03501   0.01014   9.70374   1.51289   1.03382   1.62344   1.04713  
 10 72.0076   2004.597365  x:  0.04940   0.03973   0.00775   0.16761   0.07233   0.20416   0.01180   0.22229   0.04818   0.02219   0.06189   0.03773   0.02328   0.01518   0.28245   0.15169   0.27278   0.01930   0.32456   0.03473   0.02108   0.03924   0.01013   9.70376   1.51401   1.03536   1.62253   1.04713  
 11 76.4665   2004.497029  x:  0.04939   0.04134   0.00760   0.16976   0.07295   0.20262   0.01344   0.22267   0.04740   0.02221   0.06182   0.03765   0.02097   0.01505   0.28210   0.14833   0.27456   0.01980   0.32769   0.03558   0.01893   0.04333   0.01007   9.70380   1.51535   1.03698   1.62161   1.04709  
 12 36.6953   2004.305786  x:  0.05141   0.04109   0.00741   0.18368   0.07574   0.19265   0.01347   0.22337   0.04479   0.02253   0.06157   0.03798   0.02193   0.01537   0.27620   0.14381   0.28103   0.01761   0.34025   0.03536   0.01958   0.04186   0.01020   9.70396   1.52248   1.04507   1.61710   1.04681  
 13 21.7879   2004.265952  x:  0.04985   0.04070   0.00732   0.18536   0.07462   0.18993   0.01346   0.22284   0.04722   0.02237   0.06157   0.03774   0.02183   0.01535   0.27402   0.14335   0.28224   0.02016   0.34312   0.03511   0.01951   0.04119   0.01018   9.70404   1.52539   1.04817   1.61548   1.04671  
 14 18.6482   2004.228784  x:  0.04855   0.04043   0.00731   0.18402   0.07204   0.18765   0.01354   0.22138   0.04908   0.02226   0.06174   0.03754   0.02159   0.01535   0.27128   0.14352   0.28267   0.01769   0.34536   0.03524   0.01942   0.04165   0.01017   9.70416   1.53019   1.05293   1.61312   1.04656  
 15 14.1539   2004.163594  x:  0.05089   0.04076   0.00744   0.17844   0.06966   0.18551   0.01368   0.21801   0.04638   0.02238   0.06202   0.03787   0.02172   0.01543   0.26659   0.14453   0.28278   0.01879   0.34864   0.03518   0.01944   0.04154   0.01017   9.70448   1.54179   1.06391   1.60797   1.04625  
 16 18.8461   2004.100513  x:  0.04915   0.04026   0.00745   0.17535   0.07618   0.18686   0.01373   0.21507   0.04657   0.02240   0.06109   0.03750   0.02168   0.01547   0.26449   0.14495   0.28108   0.01862   0.34862   0.03531   0.01942   0.04146   0.01017   9.70490   1.55657   1.07650   1.60294   1.04595  
 17 16.3354   2004.035385  x:  0.05230   0.04066   0.00739   0.17856   0.07577   0.19128   0.01362   0.21586   0.04947   0.02205   0.06275   0.03894   0.02160   0.01545   0.26797   0.14500   0.27857   0.01860   0.34498   0.03473   0.01953   0.04189   0.01015   9.70547   1.57499   1.08988   1.59967   1.04584  
 18 13.7216   2003.979228  x:  0.05017   0.04070   0.00732   0.18208   0.07293   0.19472   0.01360   0.21813   0.04730   0.02224   0.06263   0.03684   0.02181   0.01547   0.27215   0.14576   0.27696   0.01895   0.34145   0.03591   0.01950   0.04150   0.01018   9.70601   1.59122   1.10070   1.59832   1.04587  
 19 30.4367   2003.962864  x:  0.04910   0.04060   0.00733   0.18222   0.07243   0.19418   0.01363   0.21943   0.04657   0.02226   0.06128   0.03865   0.02187   0.01556   0.27335   0.14604   0.27708   0.01902   0.34036   0.03462   0.01976   0.04193   0.01021   9.70622   1.59608   1.10287   1.59983   1.04604  
 20  9.7553   2003.896911  x:  0.05066   0.04069   0.00738   0.17973   0.07328   0.18734   0.01364   0.22510   0.04759   0.02196   0.05793   0.03833   0.02182   0.01547   0.27677   0.14631   0.27902   0.01903   0.33595   0.03652   0.01947   0.04146   0.01015   9.70727   1.61553   1.10815   1.61250   1.04725  
 21 11.7475   2003.833839  x:  0.05027   0.04017   0.00742   0.17780   0.07456   0.18234   0.01372   0.22835   0.04715   0.02182   0.06222   0.03672   0.02176   0.01562   0.27827   0.14610   0.28081   0.01907   0.33277   0.03425   0.01987   0.04212   0.01018   9.70834   1.63345   1.11225   1.62688   1.04858  
 22 30.2340   2003.761266  x:  0.04881   0.03980   0.00738   0.17771   0.07469   0.18246   0.01379   0.22710   0.04647   0.02150   0.06551   0.03999   0.02166   0.01559   0.27660   0.14544   0.28228   0.01922   0.33195   0.03755   0.01940   0.04120   0.01014   9.70970   1.65250   1.11624   1.64657   1.05033  
 23 23.6096   2003.471851  x:  0.04980   0.03943   0.00742   0.18038   0.07254   0.19238   0.01412   0.21616   0.04715   0.02129   0.06116   0.03751   0.02159   0.01629   0.26629   0.14346   0.28685   0.01923   0.33433   0.03558   0.02024   0.04235   0.01029   9.71525   1.72375   1.13205   1.72760   1.05751  
 24 59.7554   2003.268260  x:  0.04977   0.03904   0.00752   0.17990   0.07280   0.18864   0.01445   0.21615   0.04716   0.02084   0.06112   0.03753   0.02185   0.01658   0.27354   0.14448   0.26321   0.01963   0.34748   0.03584   0.02050   0.04266   0.01038   9.72009   1.73575   1.16459   1.77649   1.06103  
 25  7.4779   2002.968861  x:  0.04987   0.03853   0.00767   0.18070   0.07301   0.18981   0.01499   0.21881   0.04742   0.02013   0.06120   0.03761   0.02187   0.01747   0.26641   0.14326   0.27843   0.01972   0.32930   0.03644   0.02122   0.04369   0.01050   9.72865   1.72114   1.21913   1.82009   1.06268  
 26  6.5214   2001.617853  x:  0.04999   0.03632   0.00865   0.18458   0.07327   0.17117   0.01895   0.17215   0.04890   0.01699   0.06134   0.03748   0.02351   0.02061   0.29925   0.15165   0.28802   0.02067   0.31647   0.03911   0.02414   0.04800   0.01110   9.77116   1.70042   1.19873   1.79103   1.05144  
 27  1.5718   1997.418782  x:  0.05075   0.02662   0.01141   0.18790   0.07240   0.16469   0.02681   0.19804   0.05239   0.00505   0.06195   0.03757   0.02636   0.03132   0.24797   0.13479   0.23452   0.02618   0.27709   0.04704   0.03369   0.06108   0.01279   9.90456   1.64567   1.09898   1.67450   1.01700  
 28 28.4040   1997.237877  x:  0.05085   0.02647   0.01137   0.18778   0.07244   0.16475   0.02720   0.19776   0.05230   0.00466   0.06194   0.03757   0.02613   0.03183   0.24890   0.13144   0.23516   0.02613   0.27728   0.04724   0.03409   0.06141   0.01289   9.90644   1.64302   1.09824   1.66533   1.10221  
 29  1.6829   1995.486923  x:  0.05165   0.02403   0.01148   0.18188   0.07088   0.17240   0.02881   0.19766   0.05042   0.00000   0.06092   0.03717   0.02187   0.03511   0.27070   0.08181   0.25492   0.02519   0.29805   0.04718   0.03734   0.06196   0.01381   9.91377   1.64335   1.10982   1.67460   1.06593  
 30  0.2531   1993.996791  x:  0.05094   0.03614   0.01099   0.18183   0.06893   0.17470   0.02834   0.19144   0.04669   0.00510   0.05933   0.03695   0.01757   0.03618   0.28365   0.05257   0.25627   0.02421   0.28817   0.04277   0.03929   0.05717   0.01537   9.88155   1.63317   1.11515   1.67848   1.04618  
 31  0.0554   1993.162685  x:  0.04973   0.04030   0.01094   0.18363   0.06758   0.16417   0.02742   0.17233   0.04512   0.00305   0.05799   0.03666   0.01735   0.03572   0.28490   0.06238   0.23845   0.02492   0.25122   0.03875   0.03934   0.05014   0.01557   9.82710   1.64617   1.12495   1.70439   1.03605  
 32  0.1065   1992.778354  x:  0.04908   0.03313   0.01091   0.18179   0.06784   0.15740   0.02617   0.16830   0.04595   0.00535   0.05835   0.03670   0.01847   0.03451   0.27760   0.05710   0.22897   0.02504   0.25195   0.03685   0.03805   0.04220   0.01605   9.75084   1.65191   1.11590   1.70494   1.04387  
 33  0.0796   1992.685043  x:  0.05009   0.03089   0.01109   0.18326   0.06783   0.15821   0.02487   0.17367   0.04716   0.00406   0.05878   0.03697   0.01887   0.03311   0.26972   0.05516   0.22875   0.02581   0.24852   0.03894   0.03584   0.04348   0.01586   9.71046   1.65027   1.10766   1.69702   1.04749  
 34  0.0331   1992.645426  x:  0.05027   0.03118   0.01110   0.18339   0.06744   0.15873   0.02340   0.17191   0.04639   0.00426   0.05834   0.03679   0.01903   0.03118   0.27242   0.05816   0.22875   0.02602   0.24927   0.03945   0.03342   0.04431   0.01578   9.68337   1.64784   1.10684   1.69420   1.04611  
 35  0.0209   1992.635014  x:  0.04996   0.03179   0.01115   0.18312   0.06754   0.15829   0.02315   0.17071   0.04613   0.00411   0.05824   0.03675   0.01896   0.03086   0.27412   0.05561   0.22868   0.02593   0.24885   0.03907   0.03292   0.04454   0.01604   9.68373   1.64839   1.10960   1.69744   1.04472  
 36  0.0056   1992.627064  x:  0.04963   0.03157   0.01119   0.18247   0.06761   0.15826   0.02330   0.17190   0.04637   0.00458   0.05842   0.03681   0.01929   0.03084   0.27414   0.05552   0.22953   0.02574   0.24789   0.03852   0.03265   0.04458   0.01676   9.70891   1.64852   1.11053   1.69857   1.04551  
 37  0.0090   1992.618773  x:  0.04989   0.03186   0.01117   0.18294   0.06756   0.15808   0.02348   0.17125   0.04662   0.00430   0.05848   0.03687   0.01929   0.03095   0.27253   0.05622   0.22774   0.02578   0.25018   0.03874   0.03242   0.04454   0.01765   9.73134   1.64857   1.10866   1.69756   1.04605  
 38  0.0119   1992.615906  x:  0.05001   0.03170   0.01112   0.18306   0.06756   0.15856   0.02339   0.17135   0.04635   0.00414   0.05836   0.03679   0.01903   0.03102   0.27332   0.05626   0.22919   0.02584   0.24889   0.03894   0.03247   0.04424   0.01802   9.72463   1.64897   1.10926   1.69740   1.04561  
 39  0.0060   1992.615562  x:  0.04992   0.03164   0.01112   0.18298   0.06760   0.15842   0.02328   0.17160   0.04629   0.00417   0.05835   0.03678   0.01902   0.03105   0.27377   0.05622   0.22892   0.02584   0.24930   0.03894   0.03261   0.04423   0.01811   9.71227   1.64871   1.10973   1.69775   1.04556  
 40  0.0089   1992.615474  x:  0.04992   0.03168   0.01113   0.18297   0.06759   0.15847   0.02319   0.17146   0.04633   0.00418   0.05837   0.03679   0.01905   0.03105   0.27352   0.05623   0.22903   0.02584   0.24925   0.03892   0.03268   0.04425   0.01812   9.70380   1.64865   1.10956   1.69761   1.04551  
 41  0.0065   1992.615471  x:  0.04993   0.03168   0.01113   0.18298   0.06759   0.15846   0.02318   0.17149   0.04633   0.00417   0.05837   0.03679   0.01905   0.03105   0.27352   0.05624   0.22899   0.02584   0.24921   0.03892   0.03268   0.04426   0.01812   9.70316   1.64868   1.10952   1.69756   1.04544  
 42  0.0007   1992.615471  x:  0.04994   0.03167   0.01113   0.18298   0.06759   0.15846   0.02318   0.17149   0.04633   0.00417   0.05837   0.03679   0.01905   0.03105   0.27352   0.05624   0.22900   0.02584   0.24921   0.03892   0.03268   0.04426   0.01812   9.70319   1.64870   1.10953   1.69757   1.04544  
 43  0.0000   1992.615471  x:  0.04994   0.03167   0.01113   0.18299   0.06759   0.15847   0.02318   0.17149   0.04633   0.00417   0.05837   0.03679   0.01905   0.03105   0.27352   0.05624   0.22900   0.02583   0.24921   0.03892   0.03267   0.04426   0.01812   9.70342   1.64869   1.10953   1.69758   1.04545  
 44  0.0001   1992.615471  x:  0.04994   0.03167   0.01113   0.18298   0.06759   0.15846   0.02318   0.17149   0.04633   0.00417   0.05837   0.03679   0.01905   0.03106   0.27353   0.05624   0.22900   0.02584   0.24921   0.03892   0.03267   0.04426   0.01812   9.70338   1.64869   1.10953   1.69757   1.04544  
 45  0.0000   1992.615471  x:  0.04994   0.03167   0.01113   0.18298   0.06759   0.15847   0.02318   0.17149   0.04633   0.00417   0.05837   0.03679   0.01905   0.03106   0.27352   0.05624   0.22900   0.02584   0.24921   0.03892   0.03267   0.04426   0.01812   9.70333   1.64869   1.10953   1.69757   1.04544  
 46  0.0000   1992.615471  x:  0.04994   0.03167   0.01113   0.18298   0.06759   0.15846   0.02318   0.17149   0.04633   0.00417   0.05837   0.03679   0.01905   0.03106   0.27352   0.05624   0.22900   0.02584   0.24921   0.03892   0.03267   0.04426   0.01812   9.70329   1.64869   1.10953   1.69757   1.04544  
 47  0.0000   1992.615471  x:  0.04994   0.03167   0.01113   0.18298   0.06759   0.15847   0.02318   0.17149   0.04633   0.00417   0.05837   0.03679   0.01905   0.03106   0.27353   0.05624   0.22900   0.02584   0.24921   0.03892   0.03267   0.04426   0.01812   9.70329   1.64869   1.10953   1.69757   1.04544  
 48  0.0000   1992.615471  x:  0.04994   0.03167   0.01113   0.18298   0.06759   0.15847   0.02318   0.17149   0.04633   0.00417   0.05837   0.03679   0.01905   0.03106   0.27353   0.05624   0.22900   0.02584   0.24921   0.03892   0.03267   0.04426   0.01812   9.70329   1.64869   1.10953   1.69757   1.04544  
 49  0.0000   1992.615471  x:  0.04994   0.03167   0.01113   0.18298   0.06759   0.15847   0.02318   0.17149   0.04633   0.00417   0.05837   0.03679   0.01905   0.03106   0.27352   0.05624   0.22900   0.02584   0.24921   0.03892   0.03267   0.04426   0.01812   9.70329   1.64869   1.10953   1.69757   1.04544  
 50  0.0000   1992.615471  x:  0.04994   0.03167   0.01113   0.18298   0.06759   0.15847   0.02318   0.17149   0.04633   0.00417   0.05837   0.03679   0.01905   0.03106   0.27352   0.05624   0.22900   0.02584   0.24921   0.03892   0.03267   0.04426   0.01812   9.70330   1.64869   1.10953   1.69757   1.04544  
 51  0.0000   1992.615471  x:  0.04994   0.03167   0.01113   0.18298   0.06759   0.15847   0.02318   0.17149   0.04633   0.00417   0.05837   0.03679   0.01905   0.03106   0.27352   0.05624   0.22900   0.02584   0.24921   0.03892   0.03267   0.04426   0.01812   9.70330   1.64869   1.10953   1.69757   1.04544  
 52  0.0000   1992.615471  x:  0.04994   0.03167   0.01113   0.18298   0.06759   0.15847   0.02318   0.17149   0.04633   0.00417   0.05837   0.03679   0.01905   0.03106   0.27352   0.05624   0.22900   0.02584   0.24921   0.03892   0.03267   0.04426   0.01812   9.70330   1.64869   1.10953   1.69757   1.04544  