

TREE # 1

  0  0.0000   2377.987406  x:  0.01972   0.20925   0.02571   0.03211   0.02495   0.05815   0.02188   0.05666   0.08536   0.02661   0.17168   0.01972   0.20925   0.02571   0.03211   0.02495   0.05815   0.02188   0.05666   0.08536   0.02661   0.17168   0.21568   8.40433   1.93720   1.16629   1.55001   1.00000  
  1 99.0000   2239.473944  x:  0.00000   0.21402   0.14715   0.09485   0.01935   0.07758   0.04198   0.07197   0.07445   0.09189   0.15075   0.01043   0.21301   0.16685   0.17013   0.09372   0.06736   0.04883   0.09174   0.07941   0.09351   0.15508   0.19301   8.40423   1.93833   1.16455   1.55093   0.99895  
  2 1643.9422   2226.109487  x:  0.00000   0.21991   0.14587   0.09887   0.00000   0.08807   0.03889   0.08483   0.05418   0.08926   0.12067   0.00991   0.21699   0.16418   0.17477   0.08911   0.07175   0.04532   0.10747   0.06513   0.09202   0.13217   0.15918   8.40414   1.93989   1.16336   1.55126   0.99736  
  3 266.8926   2202.473723  x:  0.00000   0.23391   0.14226   0.10821   0.00224   0.11259   0.03185   0.11507   0.00603   0.08274   0.04897   0.00909   0.22642   0.15717   0.18507   0.07780   0.08202   0.03695   0.14428   0.03124   0.08817   0.07764   0.07841   8.40390   1.94362   1.16049   1.55207   0.99357  
  4 2557.5289   2196.380890  x:  0.00000   0.23949   0.14085   0.11191   0.00273   0.11899   0.03219   0.12323   0.02123   0.08130   0.01972   0.01496   0.23025   0.15449   0.18838   0.07301   0.08495   0.03539   0.15625   0.02075   0.08671   0.05555   0.03991   8.40377   1.94543   1.15895   1.55257   0.99173  
  5 593.6961   2194.902452  x:  0.00870   0.24130   0.14039   0.11288   0.00285   0.12048   0.03269   0.12521   0.02509   0.08096   0.01296   0.01683   0.23144   0.15374   0.18936   0.07153   0.08569   0.03521   0.15964   0.01858   0.08630   0.04891   0.02709   8.40373   1.94607   1.15839   1.55277   0.99108  
  6 989.8449   2193.665841  x:  0.00893   0.24309   0.13977   0.11304   0.00287   0.12027   0.03424   0.12523   0.02555   0.08088   0.01839   0.01769   0.23268   0.15329   0.19021   0.07016   0.08577   0.03603   0.16185   0.01987   0.08636   0.04309   0.01161   8.40366   1.94692   1.15762   1.55313   0.99015  
  7 193.7878   2193.514697  x:  0.00868   0.24626   0.13868   0.11205   0.00282   0.11685   0.03641   0.12172   0.02462   0.08133   0.01670   0.01777   0.23491   0.15297   0.19135   0.06859   0.08466   0.03817   0.16329   0.02403   0.08741   0.03856   0.01171   8.40348   1.94886   1.15584   1.55408   0.98791  
  8 30.0040   2193.358258  x:  0.00877   0.25368   0.13719   0.11118   0.00282   0.11141   0.03526   0.11608   0.02448   0.08215   0.01796   0.01925   0.24017   0.15210   0.19418   0.06662   0.08294   0.03850   0.16753   0.01990   0.08890   0.03655   0.01284   8.40302   1.95386   1.15138   1.55645   0.98220  
  9 28.9585   2193.269086  x:  0.00865   0.25876   0.13633   0.11064   0.00282   0.10854   0.03469   0.11285   0.02425   0.08221   0.01680   0.01792   0.24366   0.15169   0.19581   0.06624   0.08223   0.03759   0.16980   0.02014   0.08930   0.04026   0.01131   8.40261   1.95818   1.14765   1.55851   0.97726  
 10 40.0107   2193.170729  x:  0.00875   0.26507   0.13581   0.11116   0.00292   0.11037   0.03571   0.11415   0.02553   0.08057   0.01813   0.01595   0.24777   0.15103   0.19691   0.06727   0.08386   0.03573   0.17298   0.02214   0.08763   0.04103   0.01275   8.40184   1.96620   1.14115   1.56233   0.96809  
 11 24.6519   2193.101078  x:  0.00861   0.26836   0.13629   0.11103   0.00292   0.11188   0.03594   0.11516   0.02512   0.07976   0.01820   0.01930   0.24977   0.15118   0.19624   0.06862   0.08483   0.03732   0.17275   0.02325   0.08644   0.04239   0.01293   8.40109   1.97359   1.13558   1.56588   0.95960  
 12 36.6163   2192.938935  x:  0.00860   0.27142   0.13914   0.10973   0.00289   0.11353   0.03457   0.11588   0.02513   0.07998   0.01780   0.01655   0.25103   0.15292   0.19178   0.07086   0.08460   0.04163   0.16591   0.02160   0.08534   0.04128   0.01240   8.39904   1.99299   1.12223   1.57523   0.93732  
 13 41.9219   2192.819605  x:  0.00850   0.27037   0.14099   0.10964   0.00282   0.11354   0.03543   0.11613   0.02448   0.08073   0.01739   0.01777   0.24978   0.15474   0.18998   0.06968   0.08277   0.03635   0.16040   0.02146   0.08665   0.03983   0.01209   8.39730   2.00837   1.11308   1.58271   0.91977  
 14 50.3050   2192.703614  x:  0.00858   0.26169   0.13800   0.11246   0.00287   0.11202   0.03409   0.11725   0.02479   0.07973   0.01772   0.01755   0.24377   0.15357   0.19401   0.06488   0.08306   0.03796   0.16219   0.02193   0.08955   0.04073   0.01238   8.39490   2.02594   1.10758   1.59162   0.90067  
 15 21.4107   2192.660251  x:  0.00859   0.25745   0.13657   0.11181   0.00286   0.11092   0.03674   0.11616   0.02464   0.08020   0.01760   0.01741   0.24106   0.15211   0.19543   0.06739   0.08302   0.03807   0.16415   0.02079   0.08877   0.04091   0.01229   8.39370   2.03319   1.10752   1.59556   0.89355  
 16 22.2249   2192.633992  x:  0.00860   0.25518   0.13644   0.11066   0.00290   0.11061   0.03470   0.11494   0.02473   0.08109   0.01759   0.01764   0.23985   0.15156   0.19591   0.06958   0.08298   0.03734   0.16580   0.02165   0.08768   0.04022   0.01227   8.39274   2.03782   1.10928   1.59836   0.88977  
 17 17.1470   2192.541978  x:  0.00863   0.25247   0.14086   0.10673   0.00298   0.11299   0.03557   0.11141   0.02503   0.08336   0.01793   0.01750   0.24059   0.15350   0.19251   0.06594   0.08360   0.03762   0.17025   0.02188   0.08597   0.04126   0.01259   8.38766   2.05628   1.12734   1.61144   0.88063  
 18  9.5499   2192.316713  x:  0.00873   0.25270   0.14090   0.11109   0.00306   0.10982   0.03559   0.11006   0.02530   0.07678   0.01827   0.01748   0.24525   0.15696   0.18699   0.06995   0.08188   0.03775   0.16840   0.02238   0.09109   0.04143   0.01272   8.37370   2.10334   1.17789   1.64681   0.86372  
 19 29.9410   2192.154422  x:  0.00872   0.25712   0.13808   0.11266   0.00309   0.10674   0.03578   0.11395   0.02527   0.08405   0.01853   0.01746   0.24614   0.15399   0.19225   0.06944   0.08287   0.03825   0.15941   0.02276   0.08822   0.04194   0.01289   8.36285   2.13807   1.21194   1.67444   0.85723  
 20 39.3767   2192.055957  x:  0.00875   0.25988   0.13789   0.10744   0.00314   0.11050   0.03566   0.11114   0.02555   0.07942   0.01863   0.01746   0.24212   0.15305   0.19949   0.06895   0.08097   0.03860   0.15389   0.02235   0.08830   0.04188   0.01287   8.35516   2.16003   1.22419   1.69416   0.86331  
 21 16.4014   2191.748382  x:  0.00868   0.26279   0.14117   0.11086   0.00331   0.10647   0.03596   0.10687   0.02570   0.08202   0.01927   0.01753   0.22750   0.15223   0.19355   0.07043   0.08254   0.03849   0.15459   0.02341   0.09189   0.04260   0.01329   8.32764   2.23171   1.23996   1.76352   0.90607  
 22 19.7628   2191.660993  x:  0.00871   0.25633   0.13873   0.10879   0.00336   0.10331   0.03599   0.10965   0.02591   0.08177   0.01948   0.01744   0.23367   0.15761   0.19373   0.06997   0.07874   0.03894   0.15440   0.02349   0.08831   0.04299   0.01346   8.31912   2.25010   1.24170   1.78146   0.91912  
 23 19.0497   2191.626305  x:  0.00875   0.25148   0.13811   0.10914   0.00337   0.10435   0.03600   0.10729   0.02582   0.08243   0.01946   0.01742   0.23979   0.15675   0.19446   0.07026   0.08186   0.03867   0.15229   0.02346   0.08952   0.04287   0.01340   8.31512   2.25548   1.24137   1.78658   0.92374  
 24  9.6909   2191.605039  x:  0.00876   0.24993   0.14025   0.11061   0.00339   0.10527   0.03607   0.10692   0.02583   0.08288   0.01956   0.01738   0.24187   0.15362   0.19486   0.07048   0.07873   0.03913   0.15189   0.02387   0.08984   0.04312   0.01348   8.31172   2.25508   1.24032   1.78566   0.92456  
 25  2.9787   2191.315977  x:  0.00889   0.24694   0.15147   0.10592   0.00366   0.09305   0.03650   0.10728   0.02645   0.07861   0.02062   0.01729   0.24102   0.15069   0.19656   0.07120   0.08187   0.03955   0.14505   0.02538   0.08997   0.04436   0.01404   8.25917   2.22510   1.22212   1.74689   0.92151  
 26  4.9885   2190.729133  x:  0.00915   0.24634   0.14265   0.10607   0.00429   0.09408   0.03759   0.09459   0.02777   0.08631   0.02302   0.01703   0.23424   0.16148   0.19403   0.07441   0.07567   0.04205   0.13278   0.02811   0.09376   0.04778   0.01534   8.15102   2.16023   1.18458   1.66655   0.91324  
 27 64.8972   2190.698243  x:  0.00915   0.24607   0.14336   0.10859   0.00430   0.09361   0.03764   0.09234   0.02762   0.08524   0.02302   0.01704   0.23371   0.16239   0.19448   0.07389   0.07589   0.04201   0.13181   0.02804   0.09060   0.04763   0.01530   8.14230   2.14465   1.18224   1.67767   0.90864  
 28  2.6109   2190.659671  x:  0.00923   0.24598   0.14310   0.10601   0.00435   0.09357   0.03768   0.09378   0.02792   0.08632   0.02325   0.01697   0.23380   0.16204   0.19425   0.07454   0.07543   0.04216   0.13191   0.02823   0.09372   0.04798   0.01533   8.13080   2.12416   1.17927   1.69306   0.90253  
 29 18.2808   2189.277571  x:  0.01024   0.24799   0.15633   0.11299   0.00533   0.10192   0.03965   0.10036   0.02879   0.08744   0.03011   0.01687   0.23458   0.17793   0.21403   0.07632   0.07928   0.04256   0.14785   0.03038   0.09324   0.04801   0.01050   7.21270   2.11253   1.17950   1.66440   0.88899  
 30  0.6129   2188.325118  x:  0.01008   0.24656   0.17102   0.11890   0.00599   0.10068   0.03804   0.10125   0.02358   0.09312   0.02973   0.01594   0.23520   0.19971   0.24010   0.08111   0.07810   0.04259   0.14385   0.02580   0.10077   0.04955   0.01734   7.71129   2.13678   1.20091   1.67467   0.90030  
 31  0.2194   2188.183267  x:  0.01022   0.24833   0.17373   0.11910   0.00619   0.09991   0.03904   0.09910   0.02272   0.09357   0.02846   0.01647   0.23518   0.20580   0.24678   0.08115   0.07794   0.04360   0.14576   0.02302   0.10169   0.04650   0.01338   7.86590   2.12589   1.19129   1.67015   0.90002  
 32  0.1009   2188.166377  x:  0.01029   0.24699   0.17387   0.11927   0.00627   0.10075   0.03893   0.10049   0.02341   0.09365   0.02692   0.01638   0.23427   0.20712   0.24734   0.08115   0.07792   0.04367   0.14476   0.02267   0.10147   0.04719   0.01301   7.77033   2.12225   1.19053   1.66666   0.89998  
 33  0.0569   2188.164046  x:  0.01031   0.24760   0.17381   0.11912   0.00630   0.10044   0.03890   0.09983   0.02371   0.09373   0.02644   0.01643   0.23479   0.20711   0.24727   0.08122   0.07791   0.04359   0.14553   0.02280   0.10162   0.04736   0.01330   7.77610   2.12409   1.19141   1.66787   0.89988  
 34  0.0055   2188.163849  x:  0.01032   0.24761   0.17391   0.11920   0.00631   0.10042   0.03895   0.09990   0.02381   0.09373   0.02638   0.01646   0.23480   0.20712   0.24735   0.08122   0.07793   0.04359   0.14534   0.02286   0.10164   0.04721   0.01325   7.78988   2.12442   1.19155   1.66818   0.89985  
 35  0.0116   2188.163839  x:  0.01032   0.24756   0.17395   0.11920   0.00631   0.10043   0.03895   0.09990   0.02384   0.09373   0.02640   0.01646   0.23475   0.20711   0.24738   0.08123   0.07792   0.04360   0.14534   0.02288   0.10164   0.04720   0.01327   7.78857   2.12426   1.19146   1.66801   0.89987  
 36  0.0010   2188.163834  x:  0.01031   0.24760   0.17397   0.11920   0.00630   0.10043   0.03895   0.09989   0.02386   0.09373   0.02641   0.01646   0.23477   0.20712   0.24741   0.08123   0.07792   0.04360   0.14535   0.02286   0.10164   0.04718   0.01326   7.78770   2.12434   1.19152   1.66812   0.89989  
 37  0.0003   2188.163830  x:  0.01030   0.24758   0.17396   0.11920   0.00628   0.10043   0.03895   0.09990   0.02386   0.09373   0.02641   0.01646   0.23476   0.20712   0.24741   0.08123   0.07792   0.04360   0.14534   0.02286   0.10164   0.04720   0.01327   7.78850   2.12429   1.19150   1.66806   0.89987  
 38  0.0004   2188.163830  x:  0.01030   0.24757   0.17396   0.11920   0.00628   0.10043   0.03895   0.09989   0.02386   0.09373   0.02641   0.01646   0.23476   0.20713   0.24740   0.08123   0.07792   0.04360   0.14535   0.02286   0.10164   0.04720   0.01327   7.78848   2.12430   1.19149   1.66807   0.89988  
 39  0.0000   2188.163830  x:  0.01030   0.24758   0.17396   0.11920   0.00628   0.10043   0.03895   0.09990   0.02385   0.09373   0.02641   0.01646   0.23476   0.20713   0.24740   0.08123   0.07792   0.04360   0.14534   0.02287   0.10164   0.04720   0.01327   7.78840   2.12429   1.19150   1.66806   0.89987  
 40  0.0000   2188.163830  x:  0.01031   0.24757   0.17396   0.11920   0.00628   0.10043   0.03895   0.09990   0.02385   0.09373   0.02641   0.01646   0.23476   0.20713   0.24740   0.08123   0.07792   0.04360   0.14535   0.02286   0.10164   0.04720   0.01327   7.78844   2.12430   1.19149   1.66806   0.89987  
 41  0.0000   2188.163830  x:  0.01031   0.24758   0.17396   0.11920   0.00628   0.10043   0.03895   0.09990   0.02385   0.09373   0.02641   0.01646   0.23476   0.20713   0.24740   0.08123   0.07792   0.04360   0.14534   0.02286   0.10164   0.04720   0.01327   7.78844   2.12430   1.19149   1.66806   0.89987  
 42  0.0000   2188.163830  x:  0.01031   0.24758   0.17396   0.11920   0.00628   0.10043   0.03895   0.09990   0.02385   0.09373   0.02641   0.01646   0.23476   0.20713   0.24740   0.08123   0.07792   0.04360   0.14534   0.02286   0.10164   0.04720   0.01327   7.78844   2.12430   1.19149   1.66806   0.89987  
 43  0.0000   2188.163830  x:  0.01031   0.24758   0.17396   0.11920   0.00628   0.10043   0.03895   0.09990   0.02385   0.09373   0.02641   0.01646   0.23476   0.20713   0.24740   0.08123   0.07792   0.04360   0.14534   0.02286   0.10164   0.04720   0.01327   7.78844   2.12430   1.19149   1.66806   0.89987  

TREE # 2

  0  0.0000   2367.957131  x:  0.01031   0.24758   0.17396   0.11920   0.00628   0.10043   0.03895   0.09990   0.02385   0.09373   0.02641   0.01646   0.23476   0.20713   0.24740   0.08123   0.07792   0.04360   0.14534   0.02286   0.10164   0.04720   0.01327   7.78844   1.98035   1.11676   1.53225   0.89987  
  1 99.0000   2290.873762  x:  0.00000   0.22722   0.15772   0.14515   0.23549   0.12580   0.04971   0.13237   0.12184   0.09653   0.07178   0.06681   0.21294   0.18625   0.24666   0.08687   0.10007   0.04220   0.14310   0.08016   0.08459   0.07651   0.06388   7.78847   1.98063   1.11680   1.53276   0.89993  
  2 1684.2096   2229.808515  x:  0.01781   0.14172   0.08680   0.19099   0.21967   0.17657   0.03581   0.20636   0.14963   0.09042   0.08423   0.04030   0.12383   0.09873   0.24447   0.10070   0.16117   0.02007   0.12777   0.10020   0.00000   0.10986   0.03286   7.78860   1.98093   1.12069   1.53305   0.89946  
  3 348.0093   2208.221778  x:  0.02639   0.07358   0.03201   0.22484   0.20600   0.21355   0.02465   0.26012   0.16962   0.08555   0.09280   0.02233   0.05272   0.02990   0.24290   0.11015   0.20506   0.00549   0.11675   0.11515   0.01451   0.13296   0.01352   7.78869   1.98119   1.12368   1.53337   0.89913  
  4 1513.7148   2201.917765  x:  0.02379   0.05052   0.02051   0.23332   0.19813   0.22236   0.02094   0.27303   0.17333   0.08399   0.09391   0.02372   0.02847   0.01071   0.24255   0.11152   0.21492   0.01892   0.11464   0.11764   0.01556   0.13666   0.02386   7.78872   1.98133   1.12459   1.53356   0.89905  
  5 878.5402   2197.589200  x:  0.01708   0.02740   0.02601   0.24017   0.19162   0.22899   0.01794   0.28284   0.17655   0.08247   0.09427   0.03100   0.00603   0.01665   0.24253   0.11110   0.22111   0.01568   0.11311   0.11899   0.01583   0.13734   0.02855   7.78874   1.98153   1.12548   1.53388   0.89899  
  6 324.4911   2196.697952  x:  0.01482   0.01468   0.02953   0.24426   0.18876   0.23294   0.01697   0.28880   0.17901   0.08135   0.09412   0.03330   0.01173   0.01764   0.24249   0.11021   0.22417   0.01642   0.11274   0.11974   0.01624   0.13674   0.02941   7.78877   1.98173   1.12612   1.53416   0.89894  
  7 141.9505   2196.378277  x:  0.01550   0.01779   0.03719   0.25018   0.18615   0.23827   0.01697   0.29739   0.18351   0.07924   0.09263   0.03470   0.01224   0.01585   0.24250   0.10672   0.22611   0.01841   0.11348   0.12008   0.01694   0.13236   0.02880   7.78882   1.98222   1.12747   1.53491   0.89879  
  8 47.1458   2196.160014  x:  0.01575   0.02078   0.03449   0.25569   0.18396   0.24290   0.01692   0.30547   0.18801   0.07715   0.09044   0.03475   0.01315   0.01999   0.24269   0.10207   0.22594   0.01934   0.11479   0.11959   0.01736   0.12585   0.03070   7.78889   1.98290   1.12924   1.53592   0.89859  
  9 54.7238   2196.046301  x:  0.01375   0.02074   0.03322   0.25786   0.18357   0.24403   0.01649   0.30874   0.19046   0.07624   0.08856   0.03591   0.01338   0.01807   0.24318   0.09803   0.22216   0.01708   0.11624   0.11803   0.01700   0.11916   0.03134   7.78896   1.98365   1.13094   1.53695   0.89842  
 10 36.8353   2195.998440  x:  0.01586   0.01931   0.03313   0.25865   0.18419   0.24409   0.01603   0.31017   0.19180   0.07608   0.08786   0.03576   0.01278   0.01793   0.24364   0.09628   0.21881   0.01773   0.11709   0.11703   0.01696   0.11554   0.03012   7.78903   1.98430   1.13227   1.53784   0.89829  
 11 28.7644   2195.978880  x:  0.01474   0.01902   0.03339   0.25911   0.18449   0.24407   0.01584   0.31152   0.19248   0.07631   0.08822   0.03406   0.01250   0.01817   0.24414   0.09668   0.21624   0.01851   0.11705   0.11661   0.01693   0.11501   0.02937   7.78910   1.98511   1.13368   1.53888   0.89815  
 12 11.4683   2195.939154  x:  0.01549   0.01904   0.03392   0.26015   0.18374   0.24390   0.01551   0.31528   0.19351   0.07706   0.08982   0.03288   0.01264   0.01805   0.24557   0.09910   0.20950   0.01766   0.11612   0.11575   0.01697   0.11579   0.03105   7.78934   1.98776   1.13802   1.54225   0.89772  
 13 16.1314   2195.910453  x:  0.01522   0.01948   0.03327   0.26073   0.18295   0.24369   0.01560   0.31795   0.19398   0.07733   0.09080   0.03508   0.01279   0.01812   0.24645   0.10089   0.20485   0.01814   0.11559   0.11548   0.01698   0.11697   0.02997   7.78955   1.99026   1.14184   1.54534   0.89735  
 14 23.6254   2195.830341  x:  0.01527   0.01915   0.03345   0.25902   0.18357   0.24147   0.01648   0.32068   0.19194   0.07320   0.08520   0.03515   0.01266   0.01810   0.24551   0.09967   0.20050   0.01808   0.11766   0.11957   0.01694   0.12116   0.03010   7.79058   2.00273   1.15755   1.55950   0.89605  
 15  7.8834   2195.681649  x:  0.01506   0.01978   0.03379   0.25564   0.18479   0.23821   0.01074   0.32156   0.18859   0.07589   0.08605   0.03559   0.01295   0.01843   0.24311   0.09768   0.20249   0.01822   0.11810   0.12073   0.01699   0.12036   0.03030   7.79261   2.02853   1.18616   1.58731   0.89381  
 16 24.8777   2195.429807  x:  0.01501   0.01937   0.03447   0.24961   0.18649   0.23354   0.01702   0.32140   0.18296   0.08174   0.09018   0.03556   0.01276   0.01872   0.23945   0.09523   0.20796   0.01842   0.11769   0.11951   0.01716   0.11579   0.03081   7.79645   2.07801   1.23848   1.63974   0.88978  
 17 140.6296   2195.251723  x:  0.01497   0.01938   0.03465   0.25086   0.18760   0.23496   0.01671   0.31127   0.18635   0.07380   0.08886   0.03581   0.01275   0.01884   0.24394   0.10167   0.21160   0.01851   0.11538   0.11153   0.01721   0.11263   0.03090   7.79917   2.11628   1.26506   1.67460   0.88853  
 18 32.0840   2195.056212  x:  0.01493   0.01927   0.03480   0.25749   0.18340   0.24065   0.01737   0.29365   0.19574   0.07991   0.08706   0.03548   0.01266   0.01892   0.25144   0.09829   0.20898   0.01854   0.11792   0.11382   0.01711   0.11607   0.03094   7.80237   2.16548   1.28058   1.71133   0.88950  
 19 26.0446   2194.948157  x:  0.01489   0.01915   0.03487   0.25887   0.18215   0.24053   0.01732   0.28980   0.19393   0.07471   0.09390   0.03508   0.01257   0.01897   0.24949   0.09461   0.20517   0.01867   0.11552   0.11862   0.01701   0.11473   0.03089   7.80432   2.19618   1.27868   1.72767   0.89186  
 20 16.3706   2194.715111  x:  0.01467   0.01901   0.03536   0.25685   0.18607   0.23574   0.01723   0.29581   0.18664   0.07841   0.08723   0.03610   0.01246   0.01924   0.24001   0.09899   0.20049   0.01879   0.11381   0.11617   0.01713   0.11152   0.03124   7.80883   2.26412   1.26292   1.75584   0.89898  
 21 22.4199   2194.667787  x:  0.01460   0.01895   0.03555   0.25326   0.18646   0.23375   0.01717   0.29846   0.18660   0.07746   0.08910   0.03616   0.01242   0.01933   0.24250   0.09671   0.20082   0.01872   0.11897   0.11179   0.01723   0.11401   0.03145   7.80994   2.27438   1.26040   1.75719   0.90026  
 22  8.3440   2194.560819  x:  0.01450   0.01899   0.03593   0.24166   0.18547   0.22895   0.01737   0.30107   0.18976   0.07756   0.08758   0.03654   0.01239   0.01959   0.25477   0.09459   0.20206   0.01909   0.11449   0.11432   0.01730   0.11214   0.03160   7.81302   2.28495   1.25968   1.74773   0.90210  
 23  4.8179   2193.924457  x:  0.01390   0.01892   0.03820   0.23825   0.18655   0.22766   0.01888   0.27953   0.18213   0.07904   0.08860   0.03849   0.01233   0.02084   0.25243   0.10413   0.19154   0.01896   0.12749   0.11945   0.01748   0.10310   0.03348   7.83308   2.29791   1.27491   1.66316   0.90809  
 24  5.9411   2193.653066  x:  0.01370   0.01885   0.03924   0.24077   0.18901   0.22442   0.01965   0.26987   0.18030   0.07984   0.08629   0.03917   0.01228   0.02145   0.24682   0.09507   0.18566   0.01977   0.11801   0.11018   0.01769   0.10837   0.03383   7.84160   2.29681   1.27911   1.63246   0.91023  
 25 27.8599   2193.070824  x:  0.01316   0.01843   0.04104   0.25052   0.18665   0.18754   0.02208   0.25606   0.18550   0.07961   0.08598   0.04036   0.01212   0.02239   0.24623   0.09557   0.18181   0.02008   0.12008   0.11049   0.01776   0.10480   0.03500   7.85948   2.22959   1.24763   1.64259   0.91108  
 26  6.7520   2192.436243  x:  0.01243   0.01797   0.04339   0.23113   0.19195   0.20256   0.02170   0.24052   0.17114   0.08084   0.08398   0.04234   0.01191   0.02366   0.24995   0.09332   0.16785   0.02082   0.12016   0.10753   0.01804   0.10053   0.03650   7.87940   2.14203   1.20469   1.66879   0.90969  
 27 26.4086   2192.427605  x:  0.01242   0.01791   0.04343   0.22835   0.19074   0.20292   0.02167   0.24014   0.17448   0.08051   0.08416   0.04229   0.01188   0.02368   0.24689   0.09376   0.16741   0.02079   0.12025   0.10748   0.01803   0.10060   0.03654   7.87957   2.14112   1.20398   1.66898   0.90776  
 28  2.3429   2192.377430  x:  0.01238   0.01767   0.04372   0.22936   0.19026   0.20267   0.02162   0.24068   0.17311   0.08056   0.08393   0.04259   0.01176   0.02383   0.24779   0.09351   0.16770   0.02090   0.12020   0.10749   0.01797   0.10067   0.03674   7.87891   2.14078   1.19874   1.66724   0.87501  
 29  0.8953   2190.687863  x:  0.01139   0.00974   0.05291   0.23771   0.14994   0.21185   0.02140   0.26834   0.16816   0.07858   0.08230   0.05246   0.00682   0.02976   0.24697   0.09366   0.18330   0.02390   0.11889   0.10842   0.01499   0.10604   0.04463   7.81726   2.06930   1.17726   1.64225   0.89584  
 30  0.2366   2188.946370  x:  0.01410   0.01996   0.05390   0.23802   0.10592   0.21120   0.02320   0.26212   0.15439   0.07991   0.07992   0.05528   0.01064   0.03288   0.24773   0.09511   0.18281   0.02537   0.11903   0.10473   0.00809   0.10626   0.04824   7.77162   2.09735   1.18680   1.64730   0.90068  
 31  0.0559   2188.342245  x:  0.01361   0.01805   0.04974   0.23434   0.10614   0.20612   0.02359   0.24406   0.14302   0.08192   0.07756   0.04824   0.01036   0.02983   0.24798   0.09382   0.17250   0.02439   0.11923   0.09858   0.00459   0.09912   0.04322   7.77681   2.14813   1.20216   1.67168   0.89912  
 32  0.0567   2188.212006  x:  0.01311   0.01651   0.04734   0.23426   0.10849   0.20609   0.02288   0.24606   0.14978   0.08138   0.07854   0.04365   0.01032   0.02723   0.24807   0.09329   0.17206   0.02421   0.11951   0.10069   0.00553   0.09988   0.03988   7.80078   2.12869   1.19354   1.67049   0.89909  
 33  0.0300   2188.177985  x:  0.01317   0.01605   0.04726   0.23433   0.10262   0.20728   0.02264   0.24882   0.14692   0.08097   0.07844   0.04334   0.01021   0.02657   0.24754   0.09371   0.17500   0.02439   0.11932   0.10083   0.00543   0.10119   0.03936   7.79388   2.11875   1.18954   1.66725   0.89979  
 34  0.0124   2188.166492  x:  0.01331   0.01629   0.04732   0.23480   0.10262   0.20757   0.02273   0.24833   0.14461   0.08112   0.07787   0.04371   0.01029   0.02627   0.24745   0.09381   0.17475   0.02440   0.11912   0.09969   0.00620   0.10068   0.03928   7.78825   2.12296   1.19130   1.66701   0.90022  
 35  0.0064   2188.164459  x:  0.01327   0.01642   0.04723   0.23505   0.10151   0.20728   0.02284   0.24744   0.14555   0.08124   0.07790   0.04369   0.01031   0.02622   0.24760   0.09370   0.17386   0.02423   0.11914   0.09983   0.00626   0.10034   0.03918   7.78741   2.12470   1.19182   1.66765   0.89998  
 36  0.0033   2188.164010  x:  0.01326   0.01651   0.04711   0.23459   0.10171   0.20699   0.02288   0.24718   0.14531   0.08125   0.07794   0.04357   0.01034   0.02625   0.24759   0.09371   0.17389   0.02399   0.11921   0.09998   0.00627   0.10045   0.03902   7.78848   2.12415   1.19134   1.66821   0.89980  
 37  0.0012   2188.163846  x:  0.01327   0.01649   0.04715   0.23473   0.10165   0.20710   0.02287   0.24749   0.14538   0.08122   0.07792   0.04362   0.01031   0.02638   0.24757   0.09373   0.17398   0.02384   0.11920   0.09985   0.00628   0.10042   0.03899   7.78858   2.12437   1.19154   1.66829   0.89984  
 38  0.0004   2188.163831  x:  0.01327   0.01646   0.04718   0.23478   0.10164   0.20714   0.02287   0.24739   0.14534   0.08123   0.07792   0.04361   0.01030   0.02640   0.24757   0.09374   0.17397   0.02384   0.11920   0.09991   0.00628   0.10044   0.03897   7.78843   2.12434   1.19152   1.66807   0.89988  
 39  0.0003   2188.163830  x:  0.01327   0.01646   0.04719   0.23476   0.10164   0.20713   0.02286   0.24740   0.14534   0.08123   0.07792   0.04360   0.01031   0.02641   0.24758   0.09373   0.17396   0.02385   0.11920   0.09989   0.00628   0.10043   0.03895   7.78843   2.12426   1.19147   1.66803   0.89988  
 40  0.0001   2188.163830  x:  0.01327   0.01646   0.04720   0.23476   0.10164   0.20713   0.02286   0.24740   0.14535   0.08123   0.07792   0.04360   0.01031   0.02641   0.24758   0.09373   0.17396   0.02385   0.11920   0.09989   0.00628   0.10043   0.03895   7.78844   2.12430   1.19149   1.66806   0.89987  
 41  0.0000   2188.163830  x:  0.01327   0.01646   0.04720   0.23476   0.10164   0.20713   0.02286   0.24740   0.14534   0.08123   0.07792   0.04360   0.01031   0.02641   0.24758   0.09373   0.17396   0.02385   0.11920   0.09990   0.00628   0.10043   0.03895   7.78844   2.12430   1.19149   1.66806   0.89987  
 42  0.0000   2188.163830  x:  0.01327   0.01646   0.04720   0.23476   0.10164   0.20713   0.02286   0.24740   0.14534   0.08123   0.07792   0.04360   0.01031   0.02641   0.24758   0.09373   0.17396   0.02385   0.11920   0.09990   0.00628   0.10043   0.03895   7.78844   2.12430   1.19149   1.66806   0.89987  
 43  0.0000   2188.163830  x:  0.01327   0.01646   0.04720   0.23476   0.10164   0.20713   0.02286   0.24740   0.14534   0.08123   0.07792   0.04360   0.01031   0.02641   0.24758   0.09373   0.17396   0.02385   0.11920   0.09990   0.00628   0.10043   0.03895   7.78844   2.12430   1.19149   1.66806   0.89987  
 44  0.0000   2188.163830  x:  0.01327   0.01646   0.04720   0.23476   0.10164   0.20713   0.02286   0.24740   0.14534   0.08123   0.07792   0.04360   0.01031   0.02641   0.24758   0.09373   0.17396   0.02385   0.11920   0.09990   0.00628   0.10043   0.03895   7.78844   2.12430   1.19149   1.66806   0.89987  