-6.415250478090195330e-01
-4.542261418006613427e-01
-6.647663450978686939e-01
6.920230436738008528e-01
-2.176231598988527804e-01
-2.633501450410252520e+00
-1.811262372770646056e+00
-1.150127965967102206e+00
-1.808166194172429853e+00
-3.270924900734072605e+00
-4.682307924851596859e+00
-3.949280653578372657e+00
-3.659242916361836073e+00
-3.950850265852399179e+00
-5.063038104693704966e+00
-2.897525952771843993e+00
-4.642373145115967326e+00
-4.357954288915533603e+00
-5.756954178248201437e+00
-1.251475638396919443e+01
-3.797811355578642356e+00
-1.251985202107423767e+01
-3.239125519061822889e+00
-1.999548353178119520e+00
-3.334106826385792477e+00
-2.781466318375623636e+00
-1.256622057716485763e+01
-4.354810273692604206e+00
-4.354691848343634319e+00
-3.954336763636412844e+00
