-6.889060838959445432e-01
-8.067982637275640245e-01
-5.652394933043317637e-01
6.681037893256369653e-01
-1.065044667724691640e+00
7.096429151737659868e-01
-7.483012551803425616e+00
1.798987363466517664e+00
5.068942404479466202e-01
-8.584697477297920543e+00
-8.123542474686935577e-01
-2.886191098686383238e+00
-5.311385404716950642e-01
-1.991003170456506322e+00
-1.919855550411974976e+00
-5.004056030359136820e+00
-4.580101655006924011e-01
-1.328146203006566939e+00
-4.390012662478020466e+00
-3.964147123898755787e+00
-9.891044552715603233e-01
-1.254214140721632731e+00
-9.883229597164634450e-01
-1.319820679051253443e+00
-1.988096766540105920e+00
-3.460695506480993000e-01
-8.566839380066777476e-01
-9.194992315151382378e-01
-3.996046306698755490e+00
-3.148537368314115348e+00
-3.014201083301893735e+00
-7.462308893804570964e+00
-3.020245503026846468e+00
-2.505156593902944540e+00
-1.144612179468014856e+00
-1.120707069580786364e+00
