

TREE # 1

  0  0.0000   2386.859540  x:  0.31856   0.00949   0.05181   0.02370   0.06615   0.01187   0.00878   0.01650   0.01353   0.01732   0.02302   0.03379   0.09909   0.04483   0.04599   0.09747   0.14529   0.11598   0.05394   0.04794   0.03889   0.01862   0.02146   0.06289   0.00000   0.06398   0.01773   0.03181   0.04955   0.01670   0.00997   0.03187   0.05043   0.04191   0.02720   0.04722   0.04632   0.02874   0.09881   0.11989   0.08365   0.04154   0.03609   0.04048   0.01951   0.01458   0.08134   8.40433   1.14331   1.30560   1.15260   1.00000  
  1 99.0000   2386.857403  x:  0.31856   0.00949   0.05181   0.02370   0.06615   0.01186   0.00878   0.01649   0.01353   0.01732   0.02302   0.03379   0.09909   0.04483   0.04599   0.09747   0.14529   0.11598   0.05394   0.04794   0.03889   0.01862   0.02146   0.06289   0.00000   0.06398   0.01773   0.03181   0.04955   0.01670   0.00997   0.03187   0.05043   0.04191   0.02720   0.04722   0.04632   0.02874   0.09881   0.11989   0.08365   0.04154   0.03609   0.04048   0.01951   0.01458   0.08134   8.40433   1.14331   1.30560   1.15260   1.00000  
  2 631.3786   2370.236877  x:  0.32172   0.00000   0.05160   0.02275   0.06432   0.00226   0.01475   0.01590   0.01461   0.00783   0.02264   0.03047   0.09913   0.03759   0.04137   0.09679   0.14716   0.11078   0.05045   0.04576   0.03228   0.02026   0.01981   0.06343   0.00000   0.06749   0.01881   0.03108   0.04659   0.01732   0.01412   0.03115   0.04726   0.03237   0.02213   0.04738   0.03902   0.02844   0.09856   0.12207   0.08026   0.03698   0.03419   0.03089   0.00985   0.00491   0.08119   8.40377   1.14360   1.30400   1.15419   1.00019  
  3 1953.2037   2367.327018  x:  0.32223   0.00000   0.05118   0.02303   0.06413   0.00000   0.01436   0.01632   0.01444   0.00561   0.02297   0.03025   0.09913   0.03622   0.04067   0.09670   0.14741   0.10948   0.05005   0.04559   0.03112   0.02041   0.01992   0.06344   0.00000   0.06762   0.01907   0.03100   0.04628   0.01739   0.01360   0.03115   0.04692   0.03014   0.02157   0.04723   0.03761   0.02862   0.09854   0.12225   0.07937   0.03637   0.03421   0.02865   0.00759   0.00266   0.08118   8.40363   1.14356   1.30363   1.15457   1.00022  
  4 2407.5826   2364.752420  x:  0.32256   0.00000   0.05182   0.02325   0.06413   0.00000   0.01416   0.01640   0.01485   0.00300   0.02308   0.03044   0.09914   0.03515   0.04037   0.09668   0.14749   0.10816   0.04996   0.04571   0.03038   0.02015   0.02013   0.06342   0.00000   0.06752   0.01893   0.03096   0.04628   0.01764   0.01382   0.03144   0.04691   0.02749   0.02165   0.04722   0.03645   0.02870   0.09854   0.12218   0.07865   0.03622   0.03444   0.02601   0.00494   0.00000   0.08119   8.40346   1.14340   1.30323   1.15502   1.00024  
  5 3054.0201   2362.441708  x:  0.32277   0.00000   0.05223   0.02323   0.06417   0.00000   0.01435   0.01625   0.01441   0.00000   0.02298   0.03062   0.09913   0.03431   0.04025   0.09669   0.14751   0.10680   0.04994   0.04592   0.02992   0.02007   0.02025   0.06341   0.00000   0.06782   0.01887   0.03100   0.04637   0.01764   0.01384   0.03155   0.04700   0.02444   0.02186   0.04728   0.03550   0.02867   0.09855   0.12207   0.07797   0.03625   0.03456   0.02300   0.00191   0.00000   0.08120   8.40328   1.14315   1.30281   1.15554   1.00025  
  6 6823.9099   2361.320165  x:  0.32284   0.00000   0.05234   0.02318   0.06417   0.00000   0.01439   0.01616   0.01451   0.00000   0.02291   0.03067   0.09913   0.03393   0.04023   0.09670   0.14751   0.10602   0.04991   0.04601   0.02974   0.02009   0.02026   0.06342   0.00000   0.06811   0.01889   0.03103   0.04640   0.01757   0.01376   0.03151   0.04704   0.02253   0.02194   0.04731   0.03504   0.02864   0.09855   0.12203   0.07759   0.03628   0.03456   0.02110   0.00000   0.00000   0.08121   8.40316   1.14298   1.30256   1.15586   1.00025  
  7 13464.1672   2352.425042  x:  0.32317   0.00000   0.05396   0.02308   0.06402   0.00000   0.01366   0.01634   0.01425   0.00000   0.02296   0.03031   0.09912   0.03112   0.03999   0.09669   0.14758   0.09825   0.04937   0.04609   0.02854   0.01998   0.01991   0.06360   0.00000   0.07055   0.01889   0.03083   0.04632   0.01772   0.01459   0.03109   0.04711   0.00117   0.02157   0.04720   0.03139   0.02863   0.09855   0.12210   0.07359   0.03608   0.03415   0.00000   0.00000   0.00000   0.08121   8.40190   1.14099   1.30003   1.15933   1.00033  
  8 14632.1037   2352.129232  x:  0.32318   0.00000   0.05407   0.02310   0.06400   0.00000   0.01373   0.01634   0.01425   0.00000   0.02297   0.03029   0.09912   0.03102   0.03995   0.09668   0.14759   0.09788   0.04933   0.04607   0.02847   0.01997   0.01992   0.06361   0.00000   0.07060   0.01888   0.03088   0.04629   0.01771   0.01453   0.03112   0.04709   0.00000   0.02153   0.04721   0.03125   0.02865   0.09855   0.12212   0.07339   0.03603   0.03416   0.00000   0.00000   0.00000   0.08121   8.40183   1.14088   1.29991   1.15951   1.00033  
  9 6806.9754   2347.573952  x:  0.32421   0.00000   0.05310   0.01968   0.06325   0.00000   0.00977   0.00318   0.01421   0.00000   0.01492   0.03544   0.09907   0.02853   0.02800   0.09504   0.15203   0.08078   0.04571   0.04626   0.01619   0.01923   0.02693   0.06236   0.00000   0.07334   0.02133   0.01880   0.04205   0.01828   0.01472   0.04045   0.04072   0.00000   0.02260   0.05270   0.02916   0.02701   0.09798   0.12343   0.06042   0.02618   0.04232   0.00000   0.00000   0.00000   0.08123   8.39560   1.13409   1.29159   1.17147   1.00109  
 10 231.1655   2346.172905  x:  0.32573   0.00000   0.05349   0.01474   0.06307   0.00000   0.00812   0.00910   0.01427   0.00000   0.00842   0.03985   0.09903   0.02742   0.02055   0.09403   0.15505   0.07604   0.04369   0.04830   0.00865   0.01859   0.03017   0.06179   0.00000   0.07823   0.02280   0.01770   0.03988   0.01784   0.01568   0.04514   0.03687   0.00000   0.02584   0.05698   0.02933   0.02406   0.09762   0.12364   0.05677   0.02133   0.04680   0.00000   0.00000   0.00000   0.08134   8.39214   1.13148   1.28773   1.17691   1.00166  
 11 271.4792   2345.301786  x:  0.32852   0.00000   0.05278   0.01257   0.06287   0.00000   0.00616   0.00829   0.01425   0.00000   0.01373   0.04430   0.09909   0.02538   0.01486   0.09305   0.15838   0.07579   0.04148   0.05130   0.00528   0.01811   0.03218   0.06157   0.00000   0.08417   0.02493   0.02343   0.03791   0.01891   0.01810   0.04766   0.03327   0.00000   0.02937   0.05929   0.02944   0.02176   0.09729   0.12365   0.05621   0.01854   0.04999   0.00000   0.00000   0.00000   0.08146   8.38891   1.13051   1.28487   1.18060   1.00236  
 12 149.8696   2344.436832  x:  0.33665   0.00000   0.05401   0.01734   0.06168   0.00000   0.00556   0.00901   0.01411   0.00000   0.01450   0.05022   0.09919   0.01754   0.01141   0.09117   0.16536   0.07933   0.03635   0.05589   0.01346   0.01644   0.03419   0.06171   0.00000   0.09174   0.02766   0.02315   0.03328   0.01972   0.01828   0.04928   0.02663   0.00000   0.03283   0.06015   0.02625   0.02122   0.09669   0.12452   0.05743   0.01588   0.05374   0.00000   0.00000   0.00000   0.08156   8.38317   1.13150   1.28054   1.18521   1.00391  
 13 101.2594   2343.419140  x:  0.34898   0.00000   0.05540   0.01919   0.05987   0.00000   0.00574   0.00931   0.01400   0.00000   0.01546   0.05580   0.09935   0.00986   0.02115   0.08913   0.17454   0.08711   0.02990   0.06004   0.00939   0.01446   0.03497   0.06231   0.00000   0.09675   0.02997   0.02120   0.02805   0.02124   0.01736   0.04875   0.02215   0.00000   0.03458   0.05749   0.02249   0.02391   0.09605   0.12624   0.06028   0.01872   0.05608   0.00000   0.00000   0.00000   0.08157   8.37438   1.13449   1.27481   1.19073   1.00644  
 14 105.9743   2341.903318  x:  0.37286   0.00000   0.05448   0.01831   0.05816   0.00000   0.00465   0.00806   0.01395   0.00000   0.01142   0.06037   0.09955   0.01131   0.01696   0.08775   0.18548   0.09578   0.02746   0.06470   0.00850   0.01672   0.03363   0.06338   0.00000   0.09451   0.02989   0.02329   0.02896   0.02382   0.01830   0.04384   0.03103   0.00000   0.03375   0.04939   0.00837   0.02703   0.09570   0.12751   0.06288   0.02347   0.05423   0.00000   0.00000   0.00000   0.08148   8.35845   1.14323   1.26454   1.19861   1.01122  
 15 81.6878   2340.735046  x:  0.39699   0.00000   0.05400   0.01511   0.05838   0.00000   0.00619   0.00934   0.01390   0.00000   0.01637   0.06221   0.09976   0.00682   0.01316   0.08845   0.19086   0.09630   0.03210   0.06804   0.00801   0.01317   0.03007   0.06393   0.00000   0.09124   0.02590   0.01712   0.03519   0.02121   0.01740   0.03677   0.03586   0.00000   0.03292   0.04847   0.00863   0.02392   0.09595   0.12638   0.06373   0.02295   0.04887   0.00000   0.00000   0.00000   0.08154   8.34237   1.15410   1.25366   1.20581   1.01608  
 16 111.9799   2339.090087  x:  0.43608   0.00000   0.04917   0.01997   0.05986   0.00000   0.00354   0.00848   0.01378   0.00000   0.01282   0.06339   0.09985   0.00536   0.01860   0.09069   0.19481   0.08698   0.03842   0.07207   0.00776   0.01495   0.02724   0.06342   0.00000   0.08641   0.02083   0.02180   0.04311   0.01904   0.02230   0.03055   0.03492   0.00000   0.03147   0.05370   0.01338   0.01964   0.09670   0.12314   0.06107   0.01666   0.04112   0.00000   0.00000   0.00000   0.08175   8.31612   1.17374   1.23504   1.21690   1.02388  
 17 175.5275   2338.206563  x:  0.46212   0.00000   0.05081   0.02097   0.06136   0.00000   0.00321   0.00946   0.01371   0.00000   0.01581   0.06353   0.09986   0.01646   0.02061   0.09239   0.19335   0.07539   0.03962   0.07420   0.00746   0.01397   0.02607   0.06272   0.00000   0.08923   0.02153   0.01921   0.04433   0.01694   0.02293   0.02927   0.02914   0.00000   0.03228   0.05786   0.01163   0.02152   0.09738   0.12045   0.05941   0.01703   0.03750   0.00000   0.00000   0.00000   0.08201   8.29621   1.18934   1.22107   1.22469   1.02961  
 18 179.5054   2336.862418  x:  0.48190   0.00000   0.05418   0.01417   0.06351   0.00000   0.00153   0.00923   0.01372   0.00000   0.01509   0.05887   0.09959   0.01466   0.01803   0.09451   0.18184   0.05997   0.03867   0.07048   0.01046   0.01489   0.02618   0.06195   0.00000   0.09407   0.02799   0.02001   0.04043   0.02043   0.02286   0.03412   0.02801   0.00000   0.03239   0.05549   0.01961   0.02869   0.09829   0.11879   0.05611   0.02588   0.03684   0.00000   0.00000   0.00000   0.08208   8.26925   1.20899   1.20492   1.23328   1.03674  
 19 116.4675   2335.858026  x:  0.48684   0.00000   0.05566   0.01894   0.06519   0.00000   0.00220   0.00846   0.01362   0.00000   0.01279   0.05522   0.09926   0.01551   0.01614   0.09562   0.16914   0.05106   0.03767   0.06722   0.00803   0.00811   0.02341   0.06218   0.00000   0.10259   0.03061   0.02042   0.03675   0.02693   0.02090   0.03292   0.03112   0.00000   0.03582   0.04983   0.02306   0.02655   0.09876   0.11761   0.05239   0.02625   0.03759   0.00000   0.00000   0.00000   0.08215   8.24756   1.22304   1.19454   1.23920   1.04210  
 20 132.5048   2334.707055  x:  0.48653   0.00000   0.06258   0.02393   0.06674   0.00000   0.00166   0.00883   0.01348   0.00000   0.01426   0.05082   0.09891   0.01567   0.01638   0.09643   0.15215   0.04241   0.03649   0.06312   0.00559   0.01529   0.02125   0.06286   0.00000   0.11300   0.02977   0.01698   0.03305   0.03351   0.01851   0.03169   0.03539   0.00000   0.04176   0.04445   0.02386   0.02012   0.09912   0.11676   0.04578   0.02279   0.03994   0.00000   0.00000   0.00000   0.08219   8.21822   1.24054   1.18247   1.24645   1.04902  
 21 246.2547   2333.215147  x:  0.47428   0.00000   0.06312   0.01813   0.06583   0.00000   0.00076   0.00931   0.01353   0.00000   0.01617   0.04565   0.09873   0.01489   0.02201   0.09572   0.13822   0.03503   0.03596   0.05771   0.00949   0.01203   0.02036   0.06391   0.00000   0.12122   0.02505   0.01672   0.03348   0.03825   0.01826   0.03087   0.03675   0.00000   0.04698   0.04661   0.01533   0.01965   0.09899   0.11858   0.03087   0.01489   0.04239   0.00000   0.00000   0.00000   0.08201   8.18191   1.25914   1.17186   1.25388   1.05698  
 22 146.3642   2331.515448  x:  0.44756   0.00000   0.06729   0.02028   0.06300   0.00000   0.00067   0.00869   0.01347   0.00000   0.01442   0.04406   0.09875   0.01304   0.01783   0.09383   0.13859   0.02010   0.03654   0.05854   0.00720   0.01364   0.01533   0.06356   0.00000   0.12909   0.01816   0.01666   0.04158   0.04901   0.01638   0.01861   0.02617   0.00000   0.05328   0.05146   0.01298   0.02780   0.09850   0.12007   0.01617   0.01910   0.03717   0.00000   0.00000   0.00000   0.08201   8.13466   1.27933   1.16433   1.26302   1.06692  
 23 124.7938   2329.754725  x:  0.42383   0.00000   0.07093   0.02083   0.05966   0.00000   0.00038   0.00859   0.01343   0.00000   0.01436   0.04362   0.09900   0.01301   0.01877   0.09239   0.15204   0.00000   0.03717   0.06234   0.00702   0.01358   0.01268   0.06358   0.00000   0.13702   0.01888   0.01559   0.04729   0.05562   0.01426   0.02299   0.02597   0.00000   0.05382   0.04908   0.01189   0.02615   0.09786   0.12128   0.01207   0.01780   0.02656   0.00000   0.00000   0.00000   0.08203   8.09410   1.29456   1.16239   1.27026   1.07529  
 24 162.7277   2329.415680  x:  0.41472   0.00000   0.07352   0.02008   0.05857   0.00000   0.00038   0.00849   0.01342   0.00000   0.01428   0.04397   0.09911   0.01350   0.01949   0.09204   0.15892   0.00000   0.03737   0.06469   0.00734   0.01361   0.01194   0.06348   0.00000   0.14101   0.01986   0.01518   0.04916   0.05977   0.01289   0.02393   0.02633   0.00000   0.05374   0.04728   0.01245   0.02513   0.09766   0.12127   0.00655   0.01675   0.02208   0.00000   0.00000   0.00000   0.08207   8.07599   1.30137   1.16193   1.27364   1.07908  
 25 501.4159   2328.897068  x:  0.40358   0.00000   0.07694   0.01794   0.06045   0.00000   0.00044   0.00829   0.01346   0.00000   0.01404   0.04004   0.09910   0.01371   0.02113   0.09495   0.16696   0.00000   0.04060   0.06713   0.00815   0.01331   0.01837   0.06197   0.00000   0.14753   0.02037   0.01493   0.05097   0.06718   0.01112   0.01939   0.02750   0.00000   0.04592   0.04837   0.01143   0.02376   0.09855   0.11772   0.00814   0.01476   0.02478   0.00000   0.00000   0.00000   0.08240   8.04299   1.30879   1.15980   1.28620   1.08534  
 26 59.0562   2328.166203  x:  0.39706   0.00000   0.07694   0.01972   0.06429   0.00000   0.00025   0.00854   0.01345   0.00000   0.01446   0.03548   0.09895   0.01360   0.02121   0.09903   0.17120   0.00000   0.04322   0.07021   0.00809   0.01314   0.01617   0.06123   0.00000   0.15404   0.01690   0.01464   0.05116   0.06792   0.01123   0.02202   0.02948   0.00000   0.03396   0.05282   0.01028   0.02123   0.09993   0.11306   0.00580   0.01968   0.03219   0.00000   0.00000   0.00000   0.08264   8.00597   1.31258   1.15844   1.30403   1.09161  
 27 117.3092   2327.579027  x:  0.39246   0.00000   0.07655   0.01845   0.06731   0.00000   0.00051   0.00849   0.01350   0.00000   0.01445   0.03457   0.09873   0.01331   0.02179   0.10180   0.17107   0.00000   0.04420   0.07390   0.00861   0.01385   0.01015   0.06072   0.00000   0.15742   0.01384   0.01436   0.05175   0.07195   0.00972   0.02502   0.02927   0.00000   0.02709   0.05445   0.00902   0.02231   0.10094   0.10935   0.00664   0.01893   0.03470   0.00000   0.00000   0.00000   0.08291   7.97210   1.31560   1.15649   1.32154   1.09731  
 28 281.9177   2324.064398  x:  0.38230   0.00000   0.08033   0.02271   0.07395   0.00000   0.00049   0.00842   0.01333   0.00000   0.01410   0.03587   0.09776   0.01033   0.02051   0.10746   0.15085   0.00000   0.04541   0.08327   0.00612   0.01311   0.01477   0.06542   0.00000   0.16245   0.02049   0.01548   0.05427   0.05401   0.01623   0.02746   0.02963   0.00000   0.00618   0.05685   0.00590   0.03032   0.10299   0.10589   0.00662   0.01638   0.02656   0.00000   0.00000   0.00000   0.08279   7.82129   1.31688   1.15085   1.40492   1.11945  
 29 207.3262   2317.963858  x:  0.35932   0.00000   0.07902   0.02332   0.06817   0.00000   0.00060   0.00881   0.01309   0.00000   0.01558   0.00895   0.09732   0.00854   0.01907   0.11129   0.14945   0.00000   0.03433   0.07907   0.00664   0.01191   0.02002   0.06557   0.00000   0.16346   0.01269   0.01776   0.04708   0.02471   0.02799   0.02499   0.02940   0.00000   0.01985   0.04968   0.00440   0.02907   0.10364   0.11764   0.00532   0.01953   0.02101   0.00000   0.00000   0.00000   0.08092   7.51068   1.32892   1.13961   1.56457   1.16478  
 30 474.3573   2315.040138  x:  0.33808   0.00000   0.08022   0.02182   0.05528   0.00000   0.00061   0.00938   0.01288   0.00000   0.01693   0.02273   0.09754   0.00880   0.02053   0.10699   0.15453   0.00000   0.02613   0.06190   0.00911   0.01178   0.01390   0.06357   0.00000   0.16493   0.01158   0.01943   0.04326   0.00888   0.03538   0.01606   0.03402   0.00000   0.01832   0.04684   0.00500   0.02286   0.10132   0.13053   0.00544   0.02255   0.02513   0.00000   0.00000   0.00000   0.07928   7.32005   1.34144   1.13271   1.65310   1.19103  
 31 698.8073   2314.143186  x:  0.33975   0.00000   0.08185   0.02294   0.04889   0.00000   0.00068   0.00957   0.01280   0.00000   0.01720   0.02217   0.09779   0.00852   0.02170   0.09621   0.15373   0.00000   0.03252   0.04955   0.00961   0.01241   0.01182   0.06603   0.00000   0.16729   0.01772   0.01936   0.04635   0.01328   0.03416   0.01652   0.03537   0.00000   0.01971   0.05469   0.00297   0.01938   0.09744   0.13521   0.00565   0.02586   0.02546   0.00000   0.00000   0.00000   0.07886   7.26278   1.34056   1.13684   1.67271   1.19419  
 32 153.8863   2313.515117  x:  0.34191   0.00000   0.08261   0.02453   0.04506   0.00000   0.00069   0.00977   0.01273   0.00000   0.01756   0.02233   0.09807   0.00886   0.02187   0.08431   0.15483   0.00000   0.03439   0.04186   0.00916   0.01292   0.01368   0.06904   0.00000   0.17578   0.01242   0.01890   0.05073   0.01500   0.03368   0.01820   0.03957   0.00000   0.01925   0.05649   0.00485   0.02436   0.09377   0.13768   0.00579   0.02498   0.02584   0.00000   0.00000   0.00000   0.07890   7.21680   1.33900   1.14170   1.68293   1.19389  
 33 174.5294   2312.125716  x:  0.34404   0.00000   0.08510   0.02240   0.05714   0.00000   0.00061   0.00934   0.01264   0.00000   0.01675   0.01999   0.09834   0.00854   0.02257   0.06770   0.15647   0.00000   0.03571   0.03152   0.00956   0.01323   0.01012   0.06520   0.00000   0.18173   0.01031   0.01983   0.05685   0.01119   0.03556   0.01625   0.03300   0.00000   0.01664   0.04672   0.00301   0.02419   0.08846   0.13610   0.00602   0.02262   0.02926   0.00000   0.00000   0.00000   0.07960   7.10496   1.33062   1.16501   1.68410   1.18220  
 34 104.0397   2309.740029  x:  0.34611   0.00000   0.08961   0.02129   0.05179   0.00000   0.00050   0.00929   0.01238   0.00000   0.01715   0.01419   0.09861   0.00811   0.02288   0.06887   0.15706   0.00000   0.02589   0.03406   0.00972   0.01342   0.00326   0.06633   0.00000   0.18612   0.01039   0.01941   0.05671   0.01252   0.03594   0.01018   0.03776   0.00000   0.01326   0.05146   0.00355   0.02658   0.08660   0.14098   0.00713   0.01785   0.03133   0.00000   0.00000   0.00000   0.07932   6.92531   1.31627   1.20201   1.67745   1.15818  
 35 241.4716   2308.548444  x:  0.34850   0.00000   0.08966   0.01972   0.04777   0.00000   0.00049   0.00923   0.01230   0.00000   0.01713   0.01466   0.09863   0.00802   0.02266   0.07365   0.15536   0.00000   0.02248   0.03239   0.01037   0.01324   0.00473   0.06662   0.00000   0.18932   0.00421   0.01924   0.05438   0.01629   0.03510   0.00904   0.03627   0.00000   0.00997   0.05218   0.00235   0.02348   0.08710   0.14437   0.00755   0.01937   0.02728   0.00000   0.00000   0.00000   0.07894   6.83235   1.30947   1.22081   1.67266   1.14479  
 36 850.8554   2307.724882  x:  0.35288   0.00000   0.09112   0.02016   0.04322   0.00000   0.00045   0.00903   0.01217   0.00000   0.01662   0.01498   0.09863   0.00774   0.02241   0.08617   0.15740   0.00000   0.03043   0.02432   0.00968   0.01389   0.00285   0.06657   0.00000   0.19398   0.00354   0.01968   0.05491   0.01455   0.03559   0.00997   0.03378   0.00000   0.01052   0.04827   0.00179   0.02725   0.09348   0.14880   0.00771   0.01697   0.02931   0.00000   0.00000   0.00000   0.07844   6.76550   1.30615   1.22671   1.66785   1.13105  
 37 160.6084   2306.051878  x:  0.36013   0.00000   0.09238   0.01906   0.04589   0.00000   0.00051   0.00877   0.01204   0.00000   0.01599   0.01194   0.09879   0.00876   0.02240   0.09209   0.16125   0.00000   0.02244   0.01625   0.01017   0.01340   0.00342   0.06504   0.00000   0.19409   0.00533   0.01987   0.06703   0.01668   0.03411   0.01186   0.03077   0.00000   0.00559   0.04696   0.00319   0.02089   0.10476   0.16376   0.00788   0.01920   0.03194   0.00000   0.00000   0.00000   0.07732   6.63204   1.31109   1.21057   1.66112   1.09839  
 38 119.5988   2305.007890  x:  0.36066   0.00000   0.09229   0.01802   0.04657   0.00000   0.00052   0.00862   0.01198   0.00000   0.01571   0.01040   0.09881   0.00939   0.02227   0.08810   0.16397   0.00000   0.02900   0.01940   0.01034   0.01334   0.00280   0.06433   0.00000   0.19234   0.00452   0.02034   0.05979   0.01627   0.03401   0.01137   0.02996   0.00000   0.00213   0.04642   0.00377   0.01845   0.10614   0.17316   0.00802   0.02049   0.03188   0.00000   0.00000   0.00000   0.07676   6.55295   1.31887   1.19872   1.65660   1.08050  
 39 283.7748   2303.902737  x:  0.36058   0.00000   0.09170   0.01874   0.05740   0.00000   0.00053   0.00883   0.01194   0.00000   0.01630   0.01107   0.09841   0.00889   0.02130   0.08690   0.17062   0.00000   0.03223   0.01302   0.01011   0.01364   0.00204   0.06511   0.00000   0.18942   0.00386   0.02039   0.04439   0.01481   0.03418   0.00988   0.03512   0.00000   0.00240   0.05421   0.00385   0.01960   0.10573   0.17422   0.00870   0.02098   0.02534   0.00000   0.00000   0.00000   0.07686   6.45972   1.33163   1.18554   1.64953   1.05962  
 40 325.0511   2303.053249  x:  0.35856   0.00000   0.09182   0.01830   0.04747   0.00000   0.00054   0.00873   0.01186   0.00000   0.01620   0.00889   0.09808   0.00850   0.02074   0.08653   0.17206   0.00000   0.02997   0.01005   0.01011   0.01349   0.00212   0.06840   0.00000   0.18733   0.00446   0.02099   0.04170   0.01011   0.03562   0.00981   0.03392   0.00000   0.00148   0.05382   0.00353   0.01875   0.09456   0.15844   0.00880   0.02137   0.02560   0.00000   0.00000   0.00000   0.07736   6.37906   1.35899   1.18120   1.63855   1.04777  
 41 80.4654   2300.997647  x:  0.34778   0.00000   0.09483   0.02001   0.05336   0.00000   0.00060   0.00885   0.01186   0.00000   0.01662   0.00745   0.09917   0.00720   0.02058   0.08613   0.17597   0.00000   0.02566   0.01301   0.00947   0.01384   0.00261   0.08450   0.00000   0.19305   0.00416   0.02155   0.04566   0.00415   0.03755   0.01129   0.03557   0.00000   0.00167   0.05893   0.00214   0.02144   0.09557   0.17615   0.00913   0.02054   0.02967   0.00000   0.00000   0.00000   0.06876   6.13878   1.46162   1.19779   1.60693   1.02994  
 42 100.3800   2300.448414  x:  0.34829   0.00000   0.09563   0.02103   0.05163   0.00000   0.00060   0.00894   0.01184   0.00000   0.01692   0.00686   0.09863   0.00663   0.02050   0.08488   0.17455   0.00000   0.02491   0.01337   0.00914   0.01383   0.00295   0.07238   0.00000   0.19476   0.00427   0.02151   0.04544   0.00253   0.03781   0.01187   0.03792   0.00000   0.00151   0.06162   0.00183   0.02284   0.09833   0.17990   0.00910   0.02026   0.02844   0.00000   0.00000   0.00000   0.08339   6.07086   1.47949   1.20692   1.60632   1.02745  
 43 73.7994   2288.869566  x:  0.37531   0.00000   0.10313   0.01438   0.05567   0.00000   0.00058   0.00659   0.01194   0.00000   0.01277   0.00807   0.09106   0.00778   0.01769   0.10359   0.17500   0.00000   0.03381   0.01509   0.00851   0.01364   0.00364   0.09023   0.00000   0.19148   0.00615   0.02457   0.02796   0.00046   0.03114   0.01418   0.02643   0.00000   0.00329   0.06101   0.00446   0.01511   0.04985   0.19743   0.01002   0.02092   0.02278   0.00000   0.00000   0.00000   0.10353   4.68476   1.61211   1.42662   1.78858   1.03256  
 44 85.7010   2288.261424  x:  0.37641   0.00000   0.10341   0.01398   0.05398   0.00000   0.00057   0.00648   0.01194   0.00000   0.01259   0.00802   0.09200   0.00776   0.01750   0.10110   0.17486   0.00000   0.03399   0.01511   0.00850   0.01359   0.00368   0.09041   0.00000   0.19082   0.00628   0.02475   0.02596   0.00007   0.03095   0.01406   0.02598   0.00000   0.00338   0.06119   0.00452   0.01457   0.05537   0.19482   0.01009   0.02095   0.02204   0.00000   0.00000   0.00000   0.10135   4.61691   1.61857   1.43756   1.79716   1.03351  
 45 629.2663   2285.612613  x:  0.37882   0.00000   0.10452   0.01102   0.05026   0.00000   0.00057   0.00588   0.01182   0.00000   0.01133   0.00845   0.11112   0.00805   0.01643   0.09312   0.17739   0.00000   0.03472   0.01532   0.00866   0.01358   0.00364   0.11002   0.00000   0.18542   0.00685   0.02583   0.01590   0.00063   0.02970   0.01347   0.02097   0.00000   0.00385   0.05995   0.00491   0.01097   0.07612   0.18853   0.01018   0.02101   0.02130   0.00000   0.00000   0.00000   0.11741   4.23054   1.66791   1.50297   1.84523   1.05657  
 46 262.9818   2281.699255  x:  0.38799   0.00000   0.10757   0.01162   0.04528   0.00000   0.00055   0.00567   0.01159   0.00000   0.01123   0.00782   0.10797   0.00705   0.01528   0.09127   0.17500   0.00000   0.03510   0.01552   0.00764   0.01352   0.00467   0.07563   0.00000   0.18569   0.00772   0.02618   0.00759   0.00086   0.02796   0.01528   0.02366   0.00000   0.00357   0.06521   0.00496   0.01365   0.07487   0.18967   0.01022   0.01904   0.01616   0.00000   0.00000   0.00000   0.08199   3.75375   1.72820   1.58248   1.89790   1.08868  
 47 349.5948   2281.275076  x:  0.38882   0.00000   0.10801   0.01116   0.04456   0.00000   0.00054   0.00557   0.01158   0.00000   0.01121   0.00788   0.08677   0.00708   0.01520   0.08958   0.17561   0.00000   0.03490   0.01563   0.00768   0.01352   0.00462   0.07865   0.00000   0.18545   0.00774   0.02633   0.00738   0.00091   0.02763   0.01522   0.02300   0.00000   0.00365   0.06513   0.00497   0.01313   0.07843   0.18891   0.01029   0.01901   0.01610   0.00000   0.00000   0.00000   0.08359   3.69148   1.72761   1.58149   1.89597   1.08787  
 48 41.0281   2275.174770  x:  0.41488   0.00000   0.11814   0.00841   0.04255   0.00000   0.00048   0.00372   0.01161   0.00000   0.00829   0.00864   0.09162   0.00616   0.01386   0.08797   0.17028   0.00000   0.03054   0.01724   0.00668   0.01348   0.00427   0.07332   0.00000   0.19465   0.00766   0.02855   0.01623   0.00094   0.02048   0.01767   0.02119   0.00000   0.00365   0.07042   0.00469   0.01272   0.07867   0.18549   0.01211   0.01700   0.00945   0.00000   0.00000   0.00000   0.07678   2.73867   1.63055   1.46368   1.78811   1.01808  
 49 62.8541   2273.309903  x:  0.42601   0.00000   0.12168   0.00857   0.03922   0.00000   0.00046   0.00376   0.01131   0.00000   0.00836   0.00899   0.09371   0.00652   0.01325   0.08639   0.17632   0.00000   0.02940   0.01947   0.00606   0.01341   0.00489   0.07532   0.00000   0.19146   0.00794   0.02953   0.01411   0.00097   0.01758   0.01805   0.02126   0.00000   0.00433   0.06940   0.00464   0.01469   0.07832   0.17768   0.01227   0.01403   0.01168   0.00000   0.00000   0.00000   0.07989   2.71366   1.56642   1.37040   1.74315   0.83508  
 50  2.4659   2270.586151  x:  0.44939   0.00000   0.12887   0.01066   0.04204   0.00000   0.00044   0.00422   0.01100   0.00000   0.00903   0.00950   0.09637   0.00693   0.01201   0.08917   0.18856   0.00000   0.02673   0.02078   0.00451   0.01383   0.00557   0.08189   0.00000   0.18754   0.00810   0.03114   0.01422   0.00104   0.01245   0.01911   0.02212   0.00000   0.00405   0.07029   0.00454   0.01935   0.07931   0.17742   0.01228   0.00862   0.01812   0.00000   0.00000   0.00000   0.08455   2.73467   1.39710   1.19785   1.52601   0.95312  
 51  7.6671   2267.539171  x:  0.47167   0.00000   0.13481   0.01665   0.03799   0.00000   0.00054   0.00668   0.01147   0.00000   0.01295   0.01254   0.09153   0.00677   0.01190   0.08822   0.19669   0.00000   0.02854   0.02189   0.00499   0.01533   0.00702   0.06478   0.00000   0.17986   0.01042   0.03384   0.02318   0.00125   0.01006   0.01937   0.02646   0.00000   0.00428   0.06803   0.00523   0.02170   0.09330   0.16609   0.01098   0.01002   0.02063   0.00000   0.00000   0.00000   0.06735   3.02429   1.44472   1.29855   1.52813   0.95029  
 52  1.9430   2266.256198  x:  0.48103   0.00000   0.14355   0.01590   0.04276   0.00000   0.00070   0.00769   0.01142   0.00000   0.01479   0.01369   0.09605   0.00552   0.01319   0.08950   0.19984   0.00000   0.02606   0.02448   0.00783   0.01645   0.00681   0.07045   0.00000   0.17785   0.01177   0.03707   0.02261   0.00131   0.01271   0.02007   0.02491   0.00000   0.00463   0.06475   0.00527   0.02112   0.09423   0.16096   0.00949   0.01639   0.01727   0.00000   0.00000   0.00000   0.07738   3.05994   1.36746   1.22122   1.39350   0.94186  
 53  0.4464   2265.455572  x:  0.48383   0.00000   0.14907   0.01501   0.04812   0.00000   0.00084   0.00824   0.01258   0.00000   0.01576   0.01424   0.09875   0.00653   0.01390   0.08971   0.20504   0.00000   0.02430   0.02529   0.00816   0.01729   0.00750   0.07331   0.00000   0.16900   0.01294   0.03950   0.02362   0.00140   0.01474   0.02024   0.02476   0.00000   0.00454   0.05957   0.00545   0.02254   0.09680   0.16460   0.00593   0.01499   0.02074   0.00000   0.00000   0.00000   0.08240   2.87524   1.41818   1.29660   1.46495   0.93253  
 54  0.5932   2264.692606  x:  0.49274   0.00000   0.15915   0.01070   0.04674   0.00000   0.00099   0.00680   0.01388   0.00000   0.01343   0.01270   0.10051   0.00691   0.01355   0.08465   0.19916   0.00000   0.02275   0.02704   0.00706   0.01762   0.00771   0.06784   0.00000   0.16534   0.01368   0.04318   0.02457   0.00157   0.01315   0.02180   0.02014   0.00000   0.00563   0.05698   0.00584   0.01975   0.09779   0.16598   0.00357   0.01308   0.02049   0.00000   0.00000   0.00000   0.08086   3.01232   1.41329   1.27835   1.45869   0.93201  
 55  0.3555   2264.210970  x:  0.49887   0.00000   0.16874   0.01223   0.04702   0.00000   0.00116   0.00588   0.01350   0.00000   0.01194   0.01191   0.10084   0.00664   0.01337   0.08452   0.18880   0.00000   0.02513   0.02812   0.00583   0.01745   0.00887   0.07148   0.00000   0.16973   0.01497   0.04575   0.02488   0.00178   0.01023   0.02182   0.02136   0.00000   0.00607   0.05690   0.00626   0.01857   0.09988   0.17148   0.00618   0.01318   0.01914   0.00000   0.00000   0.00000   0.08026   2.99228   1.38972   1.28188   1.46248   0.92096  
 56  0.0653   2264.045572  x:  0.49650   0.00000   0.17304   0.01310   0.04374   0.00000   0.00127   0.00585   0.01175   0.00000   0.01187   0.01192   0.10018   0.00630   0.01324   0.08349   0.18682   0.00000   0.02527   0.02864   0.00564   0.01725   0.00903   0.06918   0.00000   0.16981   0.01493   0.04710   0.02522   0.00185   0.01312   0.02179   0.02143   0.00000   0.00663   0.05641   0.00659   0.01811   0.09929   0.17066   0.00666   0.01294   0.01997   0.00000   0.00000   0.00000   0.07918   2.94777   1.40813   1.27613   1.46435   0.92600  
 57  0.1731   2263.811046  x:  0.49576   0.00000   0.17875   0.01323   0.04406   0.00000   0.00148   0.00621   0.01262   0.00000   0.01268   0.01404   0.09819   0.00599   0.01315   0.08602   0.18410   0.00000   0.02161   0.03010   0.00624   0.01652   0.00967   0.07222   0.00000   0.17194   0.01537   0.04867   0.02479   0.00206   0.01328   0.02273   0.02377   0.00000   0.00647   0.05773   0.00663   0.02010   0.09769   0.16783   0.00592   0.01214   0.01778   0.00000   0.00000   0.00000   0.07755   2.94284   1.40951   1.27675   1.48569   0.93134  
 58  0.0348   2263.662902  x:  0.49066   0.00000   0.18204   0.01303   0.04369   0.00000   0.00170   0.00658   0.01401   0.00000   0.01343   0.01319   0.09715   0.00645   0.01339   0.08756   0.18546   0.00000   0.02322   0.03055   0.00663   0.01572   0.01034   0.07080   0.00000   0.17416   0.01561   0.04963   0.02449   0.00228   0.01202   0.02257   0.02318   0.00000   0.00694   0.05778   0.00680   0.02060   0.09530   0.16888   0.00508   0.01423   0.01921   0.00000   0.00000   0.00000   0.07638   2.88650   1.40948   1.26998   1.47590   0.94117  
 59  0.0774   2263.479116  x:  0.48901   0.00000   0.18524   0.01252   0.04799   0.00000   0.00204   0.00648   0.01190   0.00000   0.01325   0.01279   0.09655   0.00704   0.01304   0.08912   0.18987   0.00000   0.02358   0.03114   0.00613   0.01447   0.01137   0.07021   0.00000   0.17355   0.01581   0.04999   0.02404   0.00261   0.01269   0.02292   0.02123   0.00000   0.00701   0.05924   0.00680   0.02119   0.09263   0.16894   0.00472   0.01366   0.01916   0.00000   0.00000   0.00000   0.07650   2.97230   1.40312   1.28277   1.47548   0.94532  
 60  0.0850   2263.278358  x:  0.48995   0.00000   0.18411   0.01285   0.04585   0.00000   0.00251   0.00647   0.01394   0.00000   0.01283   0.01275   0.09843   0.00660   0.01282   0.08435   0.19177   0.00000   0.02151   0.03164   0.00634   0.01423   0.01148   0.06939   0.00000   0.17146   0.01515   0.04986   0.02298   0.00306   0.01169   0.02375   0.02100   0.00000   0.00749   0.05951   0.00677   0.01978   0.08948   0.16593   0.00562   0.01277   0.01997   0.00000   0.00000   0.00000   0.08044   3.02220   1.42940   1.29263   1.48205   0.94689  
 61  0.0513   2263.008875  x:  0.49117   0.00000   0.17945   0.01266   0.04329   0.00000   0.00325   0.00674   0.01309   0.00000   0.01301   0.01199   0.09953   0.00539   0.01436   0.08227   0.19269   0.00000   0.02373   0.03114   0.00681   0.01482   0.01260   0.07167   0.00000   0.17210   0.01514   0.04776   0.02210   0.00382   0.01204   0.02291   0.02421   0.00000   0.00759   0.05771   0.00641   0.01984   0.09060   0.17123   0.00485   0.01174   0.01955   0.00000   0.00000   0.00000   0.07894   3.00179   1.39950   1.27878   1.47553   0.92647  
 62  0.0269   2262.749634  x:  0.49356   0.00000   0.17364   0.01350   0.04436   0.00000   0.00410   0.00654   0.01186   0.00000   0.01260   0.01418   0.09885   0.00674   0.01345   0.08463   0.18927   0.00000   0.02144   0.03084   0.00615   0.01551   0.01276   0.07029   0.00000   0.17272   0.01480   0.04539   0.02116   0.00471   0.01140   0.02299   0.02211   0.00000   0.00710   0.05732   0.00579   0.02004   0.09227   0.17264   0.00550   0.01386   0.01956   0.00000   0.00000   0.00000   0.07615   2.94375   1.39886   1.26764   1.47737   0.91918  
 63  0.0530   2262.610666  x:  0.49278   0.00000   0.17131   0.01270   0.04546   0.00000   0.00477   0.00617   0.01347   0.00000   0.01245   0.01339   0.09771   0.00645   0.01286   0.08803   0.18650   0.00000   0.02295   0.03072   0.00619   0.01564   0.01291   0.07011   0.00000   0.17531   0.01442   0.04450   0.02186   0.00543   0.01213   0.02250   0.02155   0.00000   0.00707   0.05720   0.00606   0.02171   0.09501   0.16770   0.00586   0.01305   0.01956   0.00000   0.00000   0.00000   0.07776   2.95597   1.41234   1.28095   1.47406   0.93408  
 64  0.0263   2262.538332  x:  0.49485   0.00000   0.17091   0.01284   0.04530   0.00000   0.00533   0.00637   0.01253   0.00000   0.01302   0.01214   0.09783   0.00680   0.01300   0.08715   0.18588   0.00000   0.02230   0.03108   0.00636   0.01525   0.01254   0.07028   0.00000   0.17240   0.01411   0.04427   0.02248   0.00601   0.01131   0.02333   0.02298   0.00000   0.00715   0.05824   0.00618   0.02009   0.09559   0.16428   0.00538   0.01306   0.01943   0.00000   0.00000   0.00000   0.07892   2.95469   1.41176   1.28426   1.47740   0.94297  
 65  0.0139   2262.478347  x:  0.49359   0.00000   0.17188   0.01312   0.04570   0.00000   0.00598   0.00653   0.01271   0.00000   0.01323   0.01297   0.09827   0.00579   0.01332   0.08583   0.18471   0.00000   0.02232   0.03104   0.00626   0.01519   0.01210   0.07015   0.00000   0.17199   0.01429   0.04430   0.02323   0.00668   0.01103   0.02373   0.02152   0.00000   0.00689   0.05915   0.00624   0.01930   0.09538   0.16868   0.00500   0.01281   0.01952   0.00000   0.00000   0.00000   0.07859   2.95840   1.41104   1.28125   1.47677   0.94079  
 66  0.0074   2262.441301  x:  0.49511   0.00000   0.17245   0.01246   0.04515   0.00000   0.00649   0.00641   0.01307   0.00000   0.01291   0.01323   0.09863   0.00666   0.01360   0.08523   0.18649   0.00000   0.02279   0.03100   0.00643   0.01521   0.01165   0.07033   0.00000   0.17219   0.01456   0.04469   0.02391   0.00719   0.01147   0.02354   0.02240   0.00000   0.00671   0.05879   0.00623   0.01945   0.09495   0.17050   0.00527   0.01279   0.01932   0.00000   0.00000   0.00000   0.07800   2.97583   1.40785   1.27363   1.47480   0.93876  
 67  0.0243   2262.416642  x:  0.49339   0.00000   0.17313   0.01279   0.04456   0.00000   0.00687   0.00634   0.01272   0.00000   0.01264   0.01301   0.09871   0.00641   0.01302   0.08592   0.18818   0.00000   0.02280   0.03077   0.00634   0.01544   0.01092   0.07086   0.00000   0.17278   0.01467   0.04505   0.02430   0.00759   0.01117   0.02324   0.02203   0.00000   0.00656   0.05796   0.00637   0.02045   0.09432   0.16800   0.00532   0.01310   0.01921   0.00000   0.00000   0.00000   0.07815   2.96001   1.40648   1.27646   1.47527   0.93433  
 68  0.0160   2262.409920  x:  0.49250   0.00000   0.17327   0.01273   0.04538   0.00000   0.00694   0.00641   0.01279   0.00000   0.01285   0.01288   0.09839   0.00635   0.01330   0.08636   0.18814   0.00000   0.02285   0.03030   0.00637   0.01559   0.01041   0.07013   0.00000   0.17286   0.01465   0.04517   0.02424   0.00767   0.01112   0.02325   0.02226   0.00000   0.00644   0.05811   0.00640   0.02011   0.09390   0.16787   0.00558   0.01293   0.01930   0.00000   0.00000   0.00000   0.07801   2.95169   1.40631   1.27701   1.47371   0.93335  
 69  0.0077   2262.406193  x:  0.49213   0.00000   0.17334   0.01294   0.04524   0.00000   0.00690   0.00642   0.01282   0.00000   0.01291   0.01294   0.09833   0.00645   0.01325   0.08611   0.18779   0.00000   0.02327   0.02973   0.00629   0.01580   0.01003   0.07071   0.00000   0.17263   0.01463   0.04526   0.02401   0.00764   0.01111   0.02322   0.02225   0.00000   0.00639   0.05826   0.00641   0.02004   0.09379   0.16828   0.00553   0.01296   0.01918   0.00000   0.00000   0.00000   0.07852   2.95736   1.40797   1.27851   1.47509   0.93573  
 70  0.0056   2262.405056  x:  0.49266   0.00000   0.17351   0.01275   0.04511   0.00000   0.00684   0.00639   0.01278   0.00000   0.01285   0.01293   0.09836   0.00638   0.01321   0.08605   0.18770   0.00000   0.02324   0.02949   0.00637   0.01589   0.00993   0.07073   0.00000   0.17247   0.01463   0.04532   0.02385   0.00758   0.01113   0.02321   0.02221   0.00000   0.00638   0.05830   0.00639   0.02011   0.09387   0.16824   0.00556   0.01301   0.01931   0.00000   0.00000   0.00000   0.07820   2.95968   1.40711   1.27817   1.47548   0.93651  
 71  0.0031   2262.404620  x:  0.49301   0.00000   0.17369   0.01281   0.04510   0.00000   0.00680   0.00638   0.01282   0.00000   0.01282   0.01291   0.09838   0.00640   0.01321   0.08615   0.18782   0.00000   0.02321   0.02939   0.00633   0.01589   0.00994   0.07059   0.00000   0.17245   0.01465   0.04537   0.02375   0.00755   0.01118   0.02316   0.02220   0.00000   0.00640   0.05825   0.00639   0.02013   0.09402   0.16812   0.00550   0.01295   0.01926   0.00000   0.00000   0.00000   0.07809   2.95905   1.40632   1.27718   1.47422   0.93538  
 72  0.0027   2262.404533  x:  0.49312   0.00000   0.17379   0.01278   0.04510   0.00000   0.00680   0.00640   0.01278   0.00000   0.01284   0.01294   0.09840   0.00640   0.01323   0.08616   0.18778   0.00000   0.02321   0.02936   0.00633   0.01586   0.00995   0.07056   0.00000   0.17248   0.01466   0.04538   0.02372   0.00756   0.01115   0.02314   0.02221   0.00000   0.00640   0.05823   0.00640   0.02016   0.09409   0.16811   0.00550   0.01296   0.01926   0.00000   0.00000   0.00000   0.07820   2.95862   1.40703   1.27740   1.47434   0.93513  
 73  0.0009   2262.404421  x:  0.49326   0.00000   0.17390   0.01280   0.04512   0.00000   0.00682   0.00641   0.01281   0.00000   0.01286   0.01292   0.09840   0.00640   0.01322   0.08612   0.18779   0.00000   0.02318   0.02934   0.00634   0.01581   0.00997   0.07056   0.00000   0.17254   0.01467   0.04536   0.02369   0.00759   0.01119   0.02314   0.02218   0.00000   0.00640   0.05826   0.00640   0.02013   0.09417   0.16806   0.00550   0.01300   0.01930   0.00000   0.00000   0.00000   0.07822   2.95870   1.40692   1.27774   1.47480   0.93508  
 74  0.0004   2262.404171  x:  0.49319   0.00000   0.17396   0.01281   0.04510   0.00000   0.00685   0.00638   0.01280   0.00000   0.01281   0.01294   0.09837   0.00640   0.01318   0.08611   0.18778   0.00000   0.02319   0.02932   0.00635   0.01580   0.01002   0.07060   0.00000   0.17258   0.01469   0.04530   0.02361   0.00767   0.01112   0.02314   0.02224   0.00000   0.00637   0.05828   0.00640   0.02006   0.09414   0.16808   0.00549   0.01294   0.01931   0.00000   0.00000   0.00000   0.07811   2.95952   1.40708   1.27755   1.47420   0.93568  
 75  0.0003   2262.403541  x:  0.49304   0.00000   0.17397   0.01278   0.04497   0.00000   0.00682   0.00641   0.01281   0.00000   0.01288   0.01286   0.09835   0.00641   0.01330   0.08609   0.18771   0.00000   0.02319   0.02933   0.00629   0.01586   0.01009   0.07057   0.00000   0.17246   0.01470   0.04516   0.02349   0.00776   0.01110   0.02320   0.02213   0.00000   0.00633   0.05820   0.00640   0.02017   0.09401   0.16806   0.00554   0.01293   0.01923   0.00000   0.00000   0.00000   0.07811   2.96078   1.40660   1.27694   1.47479   0.93595  
 76  0.0005   2262.402143  x:  0.49265   0.00000   0.17414   0.01283   0.04513   0.00000   0.00664   0.00638   0.01279   0.00000   0.01281   0.01287   0.09838   0.00639   0.01320   0.08612   0.18782   0.00000   0.02317   0.02937   0.00633   0.01600   0.01010   0.07039   0.00000   0.17232   0.01472   0.04509   0.02349   0.00787   0.01111   0.02344   0.02230   0.00000   0.00625   0.05817   0.00643   0.02022   0.09397   0.16822   0.00549   0.01303   0.01931   0.00000   0.00000   0.00000   0.07836   2.95882   1.40687   1.27754   1.47492   0.93482  
 77  0.0008   2262.400764  x:  0.49283   0.00000   0.17427   0.01279   0.04505   0.00000   0.00647   0.00641   0.01280   0.00000   0.01287   0.01289   0.09845   0.00643   0.01323   0.08609   0.18784   0.00000   0.02320   0.02939   0.00638   0.01591   0.01003   0.07071   0.00000   0.17232   0.01477   0.04513   0.02366   0.00798   0.01108   0.02349   0.02207   0.00000   0.00624   0.05817   0.00644   0.02007   0.09405   0.16785   0.00550   0.01296   0.01929   0.00000   0.00000   0.00000   0.07814   2.95647   1.40717   1.27769   1.47385   0.93460  
 78  0.0012   2262.400036  x:  0.49309   0.00000   0.17402   0.01276   0.04505   0.00000   0.00640   0.00638   0.01282   0.00000   0.01283   0.01290   0.09839   0.00638   0.01324   0.08616   0.18795   0.00000   0.02320   0.02936   0.00629   0.01579   0.00999   0.07060   0.00000   0.17250   0.01478   0.04514   0.02378   0.00806   0.01105   0.02338   0.02220   0.00000   0.00627   0.05823   0.00643   0.02004   0.09414   0.16797   0.00550   0.01302   0.01927   0.00000   0.00000   0.00000   0.07817   2.95953   1.40743   1.27718   1.47478   0.93551  
 79  0.0024   2262.399705  x:  0.49309   0.00000   0.17382   0.01282   0.04506   0.00000   0.00638   0.00639   0.01280   0.00000   0.01283   0.01289   0.09837   0.00641   0.01321   0.08612   0.18781   0.00000   0.02320   0.02933   0.00636   0.01579   0.00999   0.07049   0.00000   0.17263   0.01474   0.04514   0.02378   0.00811   0.01104   0.02329   0.02218   0.00000   0.00632   0.05824   0.00641   0.02012   0.09412   0.16818   0.00551   0.01295   0.01925   0.00000   0.00000   0.00000   0.07824   2.95945   1.40677   1.27714   1.47481   0.93553  
 80  0.0006   2262.399528  x:  0.49304   0.00000   0.17374   0.01279   0.04509   0.00000   0.00638   0.00640   0.01280   0.00000   0.01284   0.01293   0.09842   0.00641   0.01322   0.08607   0.18778   0.00000   0.02317   0.02935   0.00632   0.01582   0.00999   0.07059   0.00000   0.17257   0.01470   0.04517   0.02373   0.00816   0.01105   0.02328   0.02221   0.00000   0.00637   0.05824   0.00640   0.02014   0.09403   0.16810   0.00550   0.01296   0.01929   0.00000   0.00000   0.00000   0.07820   2.95827   1.40641   1.27758   1.47438   0.93528  
 81  0.0010   2262.399491  x:  0.49310   0.00000   0.17377   0.01280   0.04512   0.00000   0.00639   0.00640   0.01280   0.00000   0.01284   0.01293   0.09840   0.00640   0.01322   0.08612   0.18780   0.00000   0.02319   0.02937   0.00633   0.01584   0.00999   0.07059   0.00000   0.17248   0.01469   0.04521   0.02371   0.00817   0.01105   0.02328   0.02220   0.00000   0.00639   0.05824   0.00640   0.02012   0.09401   0.16807   0.00550   0.01297   0.01928   0.00000   0.00000   0.00000   0.07818   2.95866   1.40677   1.27744   1.47471   0.93522  
 82  0.0007   2262.399485  x:  0.49308   0.00000   0.17380   0.01280   0.04510   0.00000   0.00639   0.00639   0.01280   0.00000   0.01284   0.01292   0.09839   0.00640   0.01322   0.08614   0.18780   0.00000   0.02319   0.02937   0.00633   0.01585   0.00998   0.07058   0.00000   0.17250   0.01468   0.04522   0.02371   0.00817   0.01105   0.02330   0.02219   0.00000   0.00639   0.05825   0.00640   0.02012   0.09404   0.16811   0.00550   0.01297   0.01928   0.00000   0.00000   0.00000   0.07819   2.95886   1.40672   1.27745   1.47459   0.93528  
 83  0.0002   2262.399484  x:  0.49306   0.00000   0.17380   0.01279   0.04510   0.00000   0.00639   0.00640   0.01280   0.00000   0.01284   0.01293   0.09840   0.00640   0.01322   0.08613   0.18781   0.00000   0.02320   0.02938   0.00633   0.01585   0.00998   0.07058   0.00000   0.17250   0.01468   0.04522   0.02370   0.00817   0.01104   0.02330   0.02219   0.00000   0.00639   0.05825   0.00640   0.02012   0.09406   0.16811   0.00550   0.01297   0.01928   0.00000   0.00000   0.00000   0.07818   2.95881   1.40670   1.27746   1.47461   0.93529  
 84  0.0000   2262.399483  x:  0.49305   0.00000   0.17380   0.01280   0.04510   0.00000   0.00639   0.00640   0.01280   0.00000   0.01284   0.01293   0.09840   0.00640   0.01322   0.08613   0.18781   0.00000   0.02319   0.02938   0.00633   0.01585   0.00998   0.07058   0.00000   0.17250   0.01468   0.04522   0.02370   0.00817   0.01104   0.02330   0.02219   0.00000   0.00639   0.05825   0.00640   0.02012   0.09406   0.16810   0.00550   0.01297   0.01928   0.00000   0.00000   0.00000   0.07818   2.95882   1.40671   1.27746   1.47462   0.93529  
 85  0.0000   2262.399483  x:  0.49305   0.00000   0.17380   0.01280   0.04510   0.00000   0.00639   0.00640   0.01280   0.00000   0.01284   0.01292   0.09840   0.00640   0.01322   0.08613   0.18781   0.00000   0.02319   0.02938   0.00633   0.01584   0.00998   0.07058   0.00000   0.17250   0.01468   0.04521   0.02370   0.00817   0.01104   0.02330   0.02219   0.00000   0.00639   0.05825   0.00640   0.02012   0.09406   0.16811   0.00550   0.01297   0.01928   0.00000   0.00000   0.00000   0.07818   2.95882   1.40671   1.27746   1.47461   0.93528  
 86  0.0000   2262.399483  x:  0.49306   0.00000   0.17380   0.01280   0.04510   0.00000   0.00639   0.00640   0.01280   0.00000   0.01284   0.01292   0.09840   0.00640   0.01322   0.08613   0.18781   0.00000   0.02319   0.02938   0.00633   0.01585   0.00998   0.07058   0.00000   0.17250   0.01468   0.04521   0.02370   0.00817   0.01104   0.02330   0.02219   0.00000   0.00639   0.05825   0.00640   0.02012   0.09406   0.16810   0.00550   0.01297   0.01928   0.00000   0.00000   0.00000   0.07818   2.95882   1.40671   1.27746   1.47462   0.93529  
 87  0.0000   2262.399483  x:  0.49306   0.00000   0.17380   0.01280   0.04510   0.00000   0.00639   0.00640   0.01280   0.00000   0.01284   0.01292   0.09840   0.00640   0.01322   0.08613   0.18781   0.00000   0.02319   0.02938   0.00633   0.01585   0.00998   0.07058   0.00000   0.17250   0.01468   0.04521   0.02370   0.00817   0.01104   0.02330   0.02219   0.00000   0.00639   0.05825   0.00640   0.02012   0.09406   0.16810   0.00550   0.01297   0.01928   0.00000   0.00000   0.00000   0.07818   2.95882   1.40672   1.27746   1.47462   0.93529  
 88  0.0000   2262.399483  x:  0.49306   0.00000   0.17381   0.01280   0.04510   0.00000   0.00639   0.00640   0.01280   0.00000   0.01284   0.01292   0.09840   0.00640   0.01322   0.08613   0.18781   0.00000   0.02319   0.02938   0.00633   0.01585   0.00998   0.07058   0.00000   0.17250   0.01468   0.04521   0.02370   0.00817   0.01104   0.02330   0.02219   0.00000   0.00639   0.05825   0.00640   0.02012   0.09406   0.16810   0.00550   0.01297   0.01928   0.00000   0.00000   0.00000   0.07818   2.95882   1.40671   1.27746   1.47462   0.93529  
 89  0.0000   2262.399483  x:  0.49306   0.00000   0.17381   0.01280   0.04510   0.00000   0.00639   0.00640   0.01280   0.00000   0.01284   0.01292   0.09840   0.00640   0.01322   0.08613   0.18781   0.00000   0.02319   0.02938   0.00633   0.01585   0.00998   0.07058   0.00000   0.17250   0.01468   0.04521   0.02370   0.00817   0.01104   0.02330   0.02219   0.00000   0.00639   0.05825   0.00640   0.02012   0.09406   0.16810   0.00550   0.01297   0.01928   0.00000   0.00000   0.00000   0.07818   2.95882   1.40671   1.27746   1.47462   0.93529  

TREE # 2

  0  0.0000   2424.544457  x:  0.00432   0.08857   0.06541   0.07217   0.06722   0.05558   0.03093   0.03139   0.03110   0.05751   0.05231   0.04174   0.01992   0.06628   0.06317   0.11996   0.09820   0.05108   0.07033   0.01675   0.05632   0.05947   0.07655   0.00000   0.03545   0.03708   0.03019   0.06268   0.02283   0.06383   0.06861   0.06128   0.02917   0.04039   0.05061   0.04584   0.02847   0.04531   0.08516   0.08868   0.03244   0.03555   0.04692   0.03430   0.02490   0.04275   0.22368   2.95882   1.33390   1.25717   1.46100   0.93529  
  1 99.0000   2424.540873  x:  0.00432   0.08857   0.06541   0.07217   0.06722   0.05558   0.03093   0.03139   0.03110   0.05751   0.05231   0.04174   0.01992   0.06628   0.06317   0.11996   0.09820   0.05108   0.07033   0.01675   0.05632   0.05947   0.07655   0.00000   0.03545   0.03708   0.03019   0.06268   0.02283   0.06383   0.06861   0.06128   0.02917   0.04039   0.05061   0.04584   0.02847   0.04532   0.08516   0.08868   0.03244   0.03555   0.04692   0.03430   0.02490   0.04275   0.22368   2.95882   1.33390   1.25717   1.46100   0.93529  
  2 817.0657   2412.659384  x:  0.00000   0.09008   0.06237   0.07084   0.06464   0.05214   0.02846   0.03092   0.03001   0.05316   0.04864   0.04249   0.01778   0.06382   0.06436   0.12127   0.09617   0.04815   0.06738   0.01234   0.05192   0.05508   0.07661   0.00000   0.03264   0.03467   0.03072   0.05835   0.02029   0.06000   0.06526   0.05694   0.02735   0.03784   0.05202   0.04227   0.02700   0.04644   0.08798   0.08659   0.03167   0.03501   0.04339   0.03262   0.02286   0.04374   0.22699   2.95880   1.33396   1.25719   1.46097   0.93521  
  3 1922.5654   2390.494719  x:  0.00000   0.09245   0.05541   0.06871   0.05929   0.04412   0.02531   0.03186   0.03057   0.04082   0.03943   0.04080   0.01737   0.05852   0.06371   0.12279   0.09168   0.04203   0.06079   0.00000   0.03961   0.04278   0.07674   0.00000   0.03504   0.03093   0.02830   0.04608   0.01808   0.05020   0.05697   0.04470   0.02631   0.03355   0.04643   0.03386   0.02615   0.04083   0.08519   0.08198   0.03205   0.03533   0.03505   0.03171   0.02175   0.03977   0.23222   2.95873   1.33408   1.25704   1.46130   0.93486  
  4 1906.0230   2344.040741  x:  0.00000   0.09630   0.04052   0.06751   0.05078   0.02674   0.02865   0.03475   0.03696   0.00056   0.01646   0.03974   0.02640   0.04893   0.05762   0.12134   0.08045   0.03221   0.04771   0.00000   0.00000   0.00319   0.07695   0.00000   0.03539   0.03105   0.03747   0.00614   0.02591   0.02370   0.03670   0.00508   0.03319   0.03194   0.05163   0.01578   0.03205   0.05037   0.07053   0.07098   0.03638   0.03829   0.01673   0.03762   0.02922   0.04346   0.23441   2.95848   1.33429   1.25570   1.46427   0.93341  
  5 1785.6185   2343.618245  x:  0.00000   0.09633   0.04042   0.06753   0.05076   0.02663   0.02874   0.03470   0.03698   0.00000   0.01637   0.03980   0.02644   0.04889   0.05766   0.12131   0.08035   0.03220   0.04765   0.00000   0.00000   0.00265   0.07695   0.00000   0.03541   0.03110   0.03738   0.00559   0.02599   0.02349   0.03655   0.00454   0.03323   0.03199   0.05165   0.01576   0.03209   0.05032   0.07070   0.07089   0.03637   0.03829   0.01668   0.03766   0.02927   0.04348   0.23436   2.95848   1.33429   1.25568   1.46433   0.93339  
  6 1302.7824   2342.189682  x:  0.00000   0.09653   0.04014   0.06761   0.05075   0.02632   0.02891   0.03445   0.03691   0.00000   0.01655   0.03969   0.02635   0.04877   0.05779   0.12129   0.07997   0.03218   0.04747   0.00000   0.00000   0.00000   0.07695   0.00000   0.03546   0.03110   0.03751   0.00286   0.02603   0.02309   0.03618   0.00189   0.03317   0.03202   0.05160   0.01589   0.03199   0.05034   0.07060   0.07054   0.03623   0.03823   0.01677   0.03759   0.02925   0.04344   0.23426   2.95846   1.33430   1.25555   1.46462   0.93329  
  7 2299.1228   2341.492816  x:  0.00000   0.09665   0.04002   0.06766   0.05075   0.02620   0.02896   0.03440   0.03691   0.00000   0.01654   0.03973   0.02630   0.04873   0.05774   0.12130   0.07975   0.03217   0.04740   0.00000   0.00000   0.00000   0.07696   0.00000   0.03550   0.03106   0.03751   0.00092   0.02601   0.02303   0.03604   0.00000   0.03313   0.03200   0.05161   0.01586   0.03196   0.05034   0.07057   0.07034   0.03621   0.03823   0.01676   0.03755   0.02923   0.04345   0.23423   2.95845   1.33432   1.25546   1.46483   0.93322  
  8 9221.4385   2341.304117  x:  0.00000   0.09669   0.03997   0.06767   0.05074   0.02615   0.02898   0.03439   0.03691   0.00000   0.01652   0.03971   0.02628   0.04871   0.05775   0.12131   0.07966   0.03215   0.04737   0.00000   0.00000   0.00000   0.07696   0.00000   0.03551   0.03104   0.03753   0.00000   0.02600   0.02300   0.03599   0.00000   0.03312   0.03199   0.05160   0.01586   0.03195   0.05035   0.07058   0.07026   0.03621   0.03824   0.01675   0.03753   0.02923   0.04345   0.23423   2.95844   1.33432   1.25542   1.46493   0.93318  
  9 29294.4930   2335.026340  x:  0.00000   0.09966   0.03571   0.05802   0.03812   0.02485   0.01738   0.02990   0.03391   0.00000   0.02443   0.06142   0.03073   0.04214   0.06896   0.12298   0.07192   0.02189   0.03885   0.00000   0.00000   0.00000   0.07712   0.00000   0.03656   0.03449   0.03453   0.00000   0.02444   0.00377   0.02240   0.00000   0.03740   0.02791   0.05251   0.01810   0.03336   0.04893   0.05783   0.06238   0.03246   0.03276   0.01634   0.04126   0.03021   0.04590   0.24790   2.95696   1.33703   1.24717   1.48954   0.92492  
 10 202.1957   2334.194176  x:  0.00000   0.09964   0.03201   0.05395   0.03271   0.02192   0.01645   0.02687   0.03249   0.00000   0.02751   0.06568   0.03360   0.03776   0.07057   0.12257   0.07116   0.01922   0.03373   0.00000   0.00000   0.00000   0.07723   0.00000   0.03656   0.03756   0.03453   0.00000   0.02629   0.01051   0.01504   0.00000   0.04006   0.02823   0.05200   0.01795   0.03360   0.04894   0.05708   0.06143   0.02990   0.03094   0.01663   0.04355   0.03138   0.04567   0.25264   2.95658   1.33788   1.24617   1.49441   0.92309  
 11 161.3348   2333.468900  x:  0.00000   0.09831   0.02697   0.04835   0.02781   0.01825   0.01950   0.02632   0.03028   0.00000   0.03391   0.06532   0.03661   0.03054   0.06222   0.12202   0.07447   0.02099   0.02729   0.00000   0.00000   0.00000   0.07738   0.00000   0.03597   0.04158   0.03689   0.00000   0.02820   0.00902   0.01782   0.00000   0.04243   0.02904   0.05023   0.01461   0.03136   0.05025   0.06143   0.06426   0.02704   0.03149   0.01909   0.04534   0.03093   0.04351   0.26158   2.95605   1.33947   1.24699   1.49865   0.92110  
 12 73.8725   2333.223389  x:  0.00000   0.09713   0.02468   0.04891   0.03149   0.01535   0.02122   0.02621   0.03111   0.00000   0.03686   0.06178   0.03743   0.02830   0.06045   0.12183   0.07827   0.02146   0.02777   0.00000   0.00000   0.00000   0.07743   0.00000   0.03544   0.04336   0.03374   0.00000   0.02906   0.00853   0.01470   0.00000   0.04260   0.02954   0.05319   0.01386   0.02871   0.04911   0.06084   0.06779   0.02829   0.03234   0.01832   0.04482   0.02940   0.04602   0.26893   2.95552   1.34135   1.24953   1.50061   0.91958  
 13 32.6385   2332.994022  x:  0.00000   0.09620   0.02168   0.05394   0.03371   0.01237   0.02420   0.02172   0.03436   0.00000   0.03641   0.06374   0.03745   0.02986   0.06181   0.12123   0.08108   0.01987   0.02856   0.00000   0.00000   0.00000   0.07742   0.00000   0.03504   0.04457   0.03473   0.00000   0.03112   0.00888   0.01704   0.00000   0.04185   0.03030   0.05154   0.01345   0.02765   0.04966   0.06060   0.07045   0.02866   0.03150   0.01542   0.04321   0.02792   0.04523   0.27615   2.95450   1.34506   1.25512   1.50310   0.91684  
 14 22.6476   2332.598780  x:  0.00000   0.09516   0.02119   0.05934   0.03281   0.01510   0.02773   0.02475   0.03587   0.00000   0.03304   0.06612   0.03530   0.03196   0.06157   0.12077   0.08327   0.02173   0.02756   0.00000   0.00000   0.00000   0.07740   0.00000   0.03480   0.04398   0.03778   0.00000   0.03353   0.00823   0.01188   0.00000   0.03903   0.03029   0.05001   0.01486   0.02890   0.05028   0.06134   0.07246   0.02728   0.03138   0.01711   0.04017   0.02625   0.04254   0.28376   2.95210   1.35382   1.26837   1.50799   0.91073  
 15 26.9473   2331.003521  x:  0.00000   0.09374   0.02287   0.06498   0.02453   0.01260   0.03146   0.02731   0.03085   0.00000   0.01886   0.06382   0.02706   0.03034   0.06624   0.11912   0.08224   0.02407   0.02074   0.00000   0.00000   0.00000   0.07736   0.00000   0.03539   0.04056   0.03398   0.00000   0.04329   0.00910   0.01785   0.00000   0.03110   0.03051   0.05514   0.01925   0.03518   0.04692   0.05628   0.07142   0.02356   0.03191   0.02579   0.03349   0.02743   0.04660   0.29851   2.94141   1.39236   1.32588   1.52934   0.88420  
 16 77.0548   2327.114072  x:  0.00000   0.09418   0.03165   0.05637   0.02710   0.01111   0.02160   0.01868   0.01921   0.00000   0.00793   0.06225   0.01362   0.02535   0.06242   0.11958   0.07527   0.01692   0.03469   0.00000   0.00000   0.00000   0.07731   0.00000   0.03747   0.03301   0.03466   0.00000   0.05639   0.00780   0.01406   0.00000   0.02433   0.02744   0.04892   0.01284   0.03896   0.05257   0.06019   0.06482   0.02942   0.03400   0.03265   0.02884   0.03477   0.04684   0.31372   2.91580   1.48364   1.45985   1.58121   0.82326  
 17 216.2361   2322.467459  x:  0.00000   0.10147   0.03043   0.04696   0.02885   0.01135   0.00901   0.03096   0.03327   0.00000   0.02225   0.06374   0.01025   0.02863   0.06598   0.12442   0.06051   0.01239   0.03391   0.00000   0.00000   0.00000   0.07746   0.00000   0.04075   0.02150   0.03598   0.00000   0.06060   0.00849   0.01648   0.00000   0.02358   0.02020   0.05402   0.00430   0.03558   0.05176   0.06747   0.05109   0.02915   0.03262   0.02182   0.02741   0.03730   0.04563   0.32170   2.88345   1.59730   1.62456   1.64717   0.75063  
 18 478.3093   2320.323537  x:  0.00000   0.10714   0.02750   0.03861   0.02938   0.01572   0.00830   0.03303   0.03574   0.00000   0.02195   0.06559   0.01462   0.02763   0.06317   0.12945   0.05360   0.01332   0.03261   0.00000   0.00000   0.00000   0.07764   0.00000   0.04254   0.01693   0.03588   0.00000   0.05358   0.00899   0.01785   0.00000   0.02527   0.01528   0.05507   0.01607   0.02924   0.05280   0.06934   0.04459   0.03082   0.03299   0.00742   0.02842   0.03441   0.04639   0.32506   2.86676   1.65499   1.70698   1.68185   0.71629  
 19 721.8864   2317.781780  x:  0.00000   0.11508   0.02451   0.03429   0.02868   0.02522   0.01420   0.03076   0.03417   0.00000   0.01486   0.06474   0.02314   0.02890   0.06979   0.13738   0.05011   0.01767   0.02941   0.00000   0.00000   0.00000   0.07785   0.00000   0.04429   0.02312   0.03600   0.00000   0.02803   0.00929   0.01806   0.00000   0.03045   0.01876   0.05514   0.00776   0.01943   0.05302   0.06783   0.04152   0.03192   0.03151   0.00294   0.03359   0.02386   0.04850   0.32343   2.84945   1.71232   1.78593   1.71989   0.68915  
 20 340.0967   2316.819134  x:  0.00000   0.11885   0.02095   0.03435   0.02934   0.02607   0.01338   0.03028   0.03702   0.00000   0.00997   0.06457   0.02932   0.02941   0.07088   0.14111   0.04903   0.01617   0.02759   0.00000   0.00000   0.00000   0.07795   0.00000   0.04494   0.02480   0.03637   0.00000   0.01400   0.00936   0.01829   0.00000   0.03426   0.01851   0.05539   0.00753   0.01623   0.05377   0.06839   0.04052   0.03426   0.03124   0.00835   0.03724   0.01874   0.04898   0.32289   2.84164   1.73755   1.81996   1.73740   0.67911  
 21 656.7745   2316.282464  x:  0.00000   0.11996   0.02103   0.03825   0.02855   0.02386   0.01080   0.03016   0.03585   0.00000   0.01004   0.06405   0.03045   0.02869   0.06939   0.14205   0.05022   0.01576   0.02649   0.00000   0.00000   0.00000   0.07795   0.00000   0.04505   0.02597   0.03645   0.00000   0.00668   0.00919   0.01775   0.00000   0.03505   0.01952   0.05572   0.00799   0.02027   0.05409   0.06899   0.04166   0.03437   0.03087   0.00702   0.03907   0.01583   0.04874   0.32103   2.83801   1.74802   1.83264   1.74655   0.67909  
 22 152.2917   2315.490693  x:  0.00000   0.12320   0.02120   0.04119   0.02698   0.02186   0.00895   0.03135   0.03306   0.00000   0.00832   0.06383   0.03236   0.02859   0.06918   0.14694   0.05393   0.01383   0.02513   0.00000   0.00000   0.00000   0.07797   0.00000   0.04517   0.02493   0.03672   0.00000   0.00962   0.00901   0.01738   0.00000   0.03503   0.01631   0.05596   0.00758   0.01896   0.05410   0.06956   0.04485   0.03559   0.02907   0.00632   0.04200   0.00653   0.04852   0.31590   2.83219   1.76137   1.84410   1.76361   0.69117  
 23 75.0375   2314.043829  x:  0.00000   0.12892   0.01989   0.04357   0.02400   0.01764   0.01241   0.03443   0.02973   0.00000   0.00625   0.06511   0.03241   0.02883   0.07108   0.15886   0.06215   0.01144   0.02327   0.00000   0.00000   0.00000   0.07801   0.00000   0.04521   0.01763   0.03742   0.00000   0.00757   0.00895   0.01667   0.00000   0.03038   0.00978   0.05635   0.00663   0.01381   0.05405   0.07068   0.05154   0.03948   0.02495   0.00538   0.04465   0.01292   0.04829   0.31121   2.81963   1.78762   1.86228   1.80190   0.72661  
 24 173.4698   2312.748327  x:  0.00000   0.13298   0.01647   0.03803   0.02295   0.01614   0.01018   0.03604   0.03323   0.00000   0.00350   0.06698   0.03105   0.02852   0.07363   0.17055   0.06415   0.01323   0.02271   0.00000   0.00000   0.00000   0.07809   0.00000   0.04554   0.01136   0.03810   0.00000   0.00739   0.00912   0.01663   0.00000   0.02493   0.01965   0.05541   0.00738   0.01357   0.05471   0.07113   0.05194   0.04373   0.02811   0.00497   0.04287   0.01326   0.04841   0.31395   2.80769   1.81111   1.87555   1.83871   0.76487  
 25 236.7535   2310.819085  x:  0.00000   0.13736   0.01466   0.03103   0.02135   0.02163   0.01355   0.03616   0.03974   0.00000   0.00490   0.06730   0.02872   0.02735   0.07699   0.18622   0.05650   0.01080   0.02225   0.00000   0.00000   0.00000   0.07806   0.00000   0.04677   0.01954   0.03646   0.00000   0.00650   0.00971   0.01788   0.00000   0.01787   0.01576   0.05352   0.00736   0.02272   0.05664   0.07281   0.04258   0.05323   0.03767   0.00545   0.03518   0.01136   0.05120   0.32707   2.78937   1.84575   1.89221   1.89492   0.82743  
 26 295.1063   2309.538205  x:  0.00000   0.13706   0.01916   0.03357   0.02364   0.02595   0.00795   0.03356   0.04185   0.00000   0.00261   0.06659   0.02852   0.02554   0.07680   0.19007   0.04582   0.01747   0.02134   0.00000   0.00000   0.00000   0.07795   0.00000   0.04793   0.02256   0.03665   0.00000   0.00668   0.01014   0.01908   0.00000   0.02482   0.01215   0.05486   0.00658   0.02067   0.05636   0.07384   0.03312   0.05303   0.03726   0.00532   0.03095   0.01275   0.05059   0.34144   2.77822   1.86588   1.89919   1.92952   0.86727  
 27 232.0862   2308.626906  x:  0.00000   0.13604   0.02317   0.03844   0.02160   0.03198   0.00956   0.03437   0.03836   0.00000   0.00457   0.06502   0.03073   0.02589   0.07525   0.18886   0.03385   0.01239   0.02304   0.00000   0.00000   0.00000   0.07767   0.00000   0.04912   0.01759   0.03525   0.00000   0.00593   0.01032   0.02049   0.00000   0.03198   0.01528   0.05624   0.00598   0.01812   0.05648   0.07530   0.02461   0.05439   0.03582   0.00544   0.03063   0.01179   0.05141   0.35573   2.77009   1.88024   1.90277   1.95450   0.89656  
 28 231.0649   2308.241747  x:  0.00000   0.13706   0.02018   0.03593   0.02443   0.03309   0.00951   0.03778   0.03491   0.00000   0.00327   0.06457   0.03060   0.03012   0.07437   0.18133   0.02828   0.01015   0.02600   0.00000   0.00000   0.00000   0.07739   0.00000   0.04965   0.01868   0.03551   0.00000   0.00507   0.01051   0.02175   0.00000   0.03094   0.01551   0.05698   0.00617   0.01834   0.05579   0.07530   0.02290   0.05068   0.03208   0.00526   0.03399   0.01099   0.05151   0.36192   2.76722   1.88477   1.90086   1.96373   0.90678  
 29 66.1341   2308.027789  x:  0.00000   0.14023   0.01793   0.03569   0.02363   0.03360   0.00850   0.03825   0.03280   0.00000   0.00393   0.06455   0.03231   0.03314   0.07506   0.17428   0.02675   0.01326   0.02754   0.00000   0.00000   0.00000   0.07720   0.00000   0.05010   0.01694   0.03459   0.00000   0.00480   0.01069   0.02205   0.00000   0.02871   0.01408   0.05585   0.00548   0.01873   0.05681   0.07548   0.02058   0.05200   0.03192   0.00543   0.03752   0.01033   0.05295   0.36619   2.76586   1.88670   1.89772   1.96811   0.91097  
 30 56.8566   2307.752692  x:  0.00000   0.14833   0.02145   0.03587   0.02348   0.03477   0.00694   0.03838   0.03301   0.00000   0.00389   0.06463   0.03270   0.03395   0.07489   0.16358   0.02802   0.01204   0.02530   0.00000   0.00000   0.00000   0.07710   0.00000   0.05075   0.01840   0.03480   0.00000   0.00450   0.01071   0.02220   0.00000   0.02435   0.01490   0.05582   0.00577   0.01543   0.05707   0.07596   0.01755   0.05367   0.03359   0.00513   0.03972   0.01071   0.05306   0.36984   2.76482   1.88758   1.88977   1.97187   0.91269  
 31 41.3711   2307.460861  x:  0.00000   0.15837   0.02445   0.03390   0.02444   0.03603   0.00888   0.03740   0.03489   0.00000   0.00377   0.06550   0.03173   0.03035   0.07607   0.15525   0.02652   0.01235   0.02503   0.00000   0.00000   0.00000   0.07721   0.00000   0.05126   0.01566   0.03544   0.00000   0.00394   0.01088   0.02252   0.00000   0.02482   0.01409   0.05726   0.00531   0.01745   0.05640   0.07597   0.02059   0.05538   0.03298   0.00542   0.03872   0.00944   0.05162   0.37275   2.76440   1.88703   1.87687   1.97389   0.91068  
 32 41.8362   2306.945296  x:  0.00000   0.17264   0.01895   0.03677   0.02226   0.04129   0.00647   0.03956   0.03358   0.00000   0.00376   0.06535   0.02818   0.02606   0.07622   0.15153   0.02637   0.01168   0.02817   0.00000   0.00000   0.00000   0.07747   0.00000   0.05219   0.01759   0.03496   0.00000   0.00536   0.01117   0.02404   0.00000   0.02791   0.01544   0.05779   0.00559   0.01799   0.05636   0.07622   0.02232   0.05822   0.03047   0.00535   0.03368   0.01126   0.05199   0.37584   2.76461   1.88418   1.84986   1.97424   0.90206  
 33 55.4380   2305.417385  x:  0.00000   0.18428   0.01909   0.03569   0.02306   0.03858   0.01054   0.04391   0.03022   0.00000   0.00305   0.06634   0.01727   0.03074   0.07629   0.15554   0.03610   0.01130   0.02948   0.00000   0.00000   0.00000   0.07753   0.00000   0.05384   0.01561   0.03359   0.00000   0.00507   0.01161   0.02495   0.00000   0.03718   0.01500   0.05594   0.00638   0.02183   0.05817   0.07682   0.01049   0.05674   0.02908   0.00551   0.02921   0.01007   0.05454   0.38429   2.76689   1.87186   1.76339   1.96939   0.86979  
 34 83.9012   2302.089837  x:  0.00000   0.19251   0.02450   0.04029   0.02005   0.03207   0.01068   0.04639   0.02302   0.00000   0.00295   0.06805   0.00618   0.04600   0.07434   0.17218   0.02218   0.01211   0.02482   0.00000   0.00000   0.00000   0.07688   0.00000   0.05639   0.01656   0.03275   0.00000   0.00577   0.01198   0.02443   0.00000   0.03422   0.01435   0.05340   0.00763   0.01914   0.06031   0.07967   0.01689   0.05604   0.04035   0.00498   0.02783   0.01145   0.05985   0.39959   2.77253   1.84355   1.58021   1.95459   0.79964  
 35 320.4260   2300.289827  x:  0.00000   0.19222   0.02707   0.04422   0.02092   0.03130   0.01028   0.04535   0.01786   0.00000   0.00254   0.06926   0.01830   0.04631   0.07263   0.18262   0.01727   0.01243   0.02732   0.00000   0.00000   0.00000   0.07644   0.00000   0.05784   0.01461   0.03424   0.00000   0.00653   0.01220   0.02480   0.00000   0.01876   0.01401   0.05844   0.00567   0.02047   0.05829   0.08153   0.01283   0.05232   0.03964   0.00538   0.01929   0.01224   0.05770   0.40681   2.77630   1.82474   1.46951   1.94286   0.75761  
 36 453.4951   2299.616618  x:  0.00000   0.18615   0.02571   0.04655   0.01847   0.03444   0.01113   0.04377   0.02232   0.00000   0.00191   0.06923   0.01447   0.03948   0.07189   0.18344   0.01579   0.01307   0.03001   0.00000   0.00000   0.00000   0.07615   0.00000   0.05805   0.01425   0.03355   0.00000   0.00604   0.01221   0.02511   0.00000   0.01147   0.01363   0.06127   0.00566   0.01901   0.05831   0.08146   0.00983   0.05328   0.03601   0.00529   0.02403   0.01088   0.05582   0.40688   2.77783   1.81658   1.43642   1.93545   0.74656  
 37 136.5937   2299.089544  x:  0.00000   0.17820   0.02109   0.04802   0.02422   0.03740   0.01077   0.04524   0.01928   0.00000   0.00217   0.07227   0.01157   0.03363   0.07460   0.17920   0.01467   0.01286   0.02430   0.00000   0.00000   0.00000   0.07567   0.00000   0.05814   0.01302   0.03567   0.00000   0.00563   0.01263   0.02615   0.00000   0.00945   0.01329   0.06104   0.00536   0.01800   0.05753   0.08166   0.00792   0.05957   0.03629   0.00500   0.02185   0.01011   0.05535   0.40399   2.77960   1.80634   1.41683   1.92234   0.74312  
 38 57.5719   2298.562582  x:  0.00000   0.17384   0.01966   0.04684   0.02052   0.03532   0.01104   0.04579   0.02013   0.00000   0.00194   0.07306   0.01056   0.03389   0.07467   0.17342   0.01361   0.01320   0.02598   0.00000   0.00000   0.00000   0.07541   0.00000   0.05833   0.01381   0.03622   0.00000   0.00427   0.01251   0.02555   0.00000   0.01002   0.01274   0.06156   0.00560   0.01497   0.05731   0.08181   0.00756   0.06132   0.03683   0.00472   0.01380   0.00895   0.05554   0.40027   2.78169   1.79375   1.40453   1.90471   0.74449  
 39 61.2572   2294.614621  x:  0.00000   0.19341   0.01860   0.04825   0.02190   0.03497   0.01115   0.04163   0.01913   0.00000   0.00223   0.07481   0.00800   0.03627   0.07048   0.17961   0.00605   0.01348   0.02786   0.00000   0.00000   0.00000   0.07718   0.00000   0.06172   0.01305   0.03701   0.00000   0.00468   0.01230   0.02483   0.00000   0.00658   0.01222   0.06639   0.00535   0.01488   0.05578   0.08268   0.00000   0.04974   0.04020   0.00486   0.01123   0.00994   0.05551   0.40174   2.79284   1.72653   1.36854   1.80401   0.76230  
 40 83.0958   2294.331376  x:  0.00000   0.19584   0.01975   0.04988   0.02334   0.03253   0.01185   0.04582   0.01906   0.00000   0.00211   0.07631   0.00901   0.03152   0.07340   0.18014   0.00434   0.01366   0.03049   0.00000   0.00000   0.00000   0.07416   0.00000   0.06218   0.01348   0.03446   0.00000   0.00440   0.01264   0.02554   0.00000   0.00605   0.01200   0.06309   0.00561   0.01343   0.06050   0.08242   0.00000   0.04454   0.04309   0.00480   0.01108   0.00994   0.05577   0.40216   2.79462   1.71589   1.36298   1.79004   0.76448  
 41 64.8407   2294.155847  x:  0.00000   0.19580   0.01814   0.05077   0.02325   0.03362   0.01173   0.04508   0.01889   0.00000   0.00192   0.07665   0.00889   0.02994   0.07456   0.17943   0.00543   0.01283   0.03256   0.00000   0.00000   0.00000   0.07059   0.00000   0.06227   0.01219   0.03573   0.00000   0.00428   0.01266   0.02561   0.00000   0.00704   0.01079   0.06401   0.00530   0.01307   0.05895   0.08256   0.00000   0.04010   0.04910   0.00466   0.01172   0.01026   0.05615   0.40227   2.79608   1.70643   1.35786   1.78116   0.76521  
 42 26.5683   2290.326685  x:  0.00000   0.19556   0.02351   0.04653   0.02148   0.03170   0.01020   0.04538   0.02039   0.00000   0.00233   0.07105   0.00843   0.02900   0.08045   0.18624   0.00665   0.01340   0.02909   0.00000   0.00000   0.00000   0.04219   0.00000   0.06459   0.01207   0.04078   0.00000   0.00435   0.01152   0.02397   0.00000   0.00654   0.01226   0.06056   0.00630   0.01543   0.05677   0.08967   0.00000   0.04275   0.03333   0.00493   0.01205   0.00915   0.06864   0.42588   2.82954   1.49078   1.25029   1.60019   0.77099  
 43 40.0278   2285.438526  x:  0.00000   0.19172   0.02639   0.04274   0.01975   0.02823   0.00845   0.04812   0.01737   0.00000   0.00258   0.06463   0.00737   0.02571   0.09584   0.19210   0.00969   0.01292   0.02874   0.00000   0.00000   0.00000   0.06747   0.00000   0.06770   0.01127   0.03845   0.00000   0.00384   0.01049   0.02333   0.00000   0.00829   0.01189   0.06384   0.00748   0.01570   0.06488   0.09702   0.00000   0.04028   0.02832   0.00474   0.01369   0.00809   0.06624   0.45745   2.87624   1.19235   1.09924   1.34942   0.77900  
 44 754.7387   2285.296106  x:  0.00000   0.19200   0.02583   0.04219   0.01949   0.02738   0.00848   0.04788   0.01581   0.00000   0.00271   0.06442   0.00680   0.02708   0.09685   0.19256   0.00964   0.01321   0.02854   0.00000   0.00000   0.00000   0.06469   0.00000   0.06790   0.01195   0.03637   0.00000   0.00386   0.01048   0.02344   0.00000   0.00871   0.01203   0.06747   0.00767   0.01548   0.06715   0.09673   0.00000   0.04187   0.02884   0.00471   0.01393   0.00808   0.05995   0.45852   2.87813   1.19179   1.09431   1.34099   0.78049  
 45 20.6095   2283.723992  x:  0.00000   0.18977   0.02470   0.04034   0.02054   0.02796   0.00755   0.04326   0.01900   0.00000   0.00294   0.05955   0.00699   0.02706   0.09869   0.18955   0.00998   0.01218   0.02450   0.00000   0.00000   0.00000   0.06658   0.00000   0.06876   0.01055   0.03359   0.00000   0.00411   0.00932   0.02144   0.00000   0.00980   0.01188   0.06652   0.00769   0.01607   0.07091   0.09921   0.00000   0.03413   0.02468   0.00474   0.01337   0.00839   0.06301   0.46195   2.90298   1.26626   1.03739   1.25245   0.80720  
 46 21.4934   2283.462810  x:  0.00000   0.19054   0.02584   0.04047   0.01976   0.02399   0.00831   0.04533   0.01771   0.00000   0.00324   0.06133   0.00670   0.02528   0.10064   0.19041   0.00895   0.01346   0.02757   0.00000   0.00000   0.00000   0.06781   0.00000   0.06912   0.01243   0.03827   0.00000   0.00388   0.00948   0.02156   0.00000   0.01005   0.01230   0.06775   0.00848   0.01517   0.06670   0.10015   0.00000   0.03593   0.02483   0.00477   0.01517   0.00796   0.06346   0.46392   2.90767   1.27749   1.02854   1.23774   0.81173  
 47 80.1739   2277.874135  x:  0.00000   0.18586   0.02163   0.03529   0.02079   0.01388   0.00712   0.03349   0.02144   0.00000   0.00467   0.05173   0.00440   0.02226   0.10992   0.18464   0.00270   0.01384   0.02516   0.00000   0.00000   0.00000   0.07053   0.00000   0.07469   0.01220   0.04199   0.00000   0.00457   0.00651   0.01558   0.00000   0.01166   0.01126   0.07754   0.01048   0.01379   0.06502   0.10981   0.00000   0.01369   0.02245   0.00465   0.01527   0.00854   0.06213   0.46225   3.01548   1.34171   1.07955   1.41677   0.83273  
 48  5.6488   2273.810946  x:  0.00000   0.17825   0.01786   0.04077   0.01916   0.00283   0.01087   0.02904   0.02126   0.00000   0.00427   0.04901   0.00835   0.02510   0.11678   0.16814   0.00407   0.01369   0.01842   0.00000   0.00000   0.00000   0.07284   0.00000   0.07991   0.01308   0.04323   0.00000   0.00685   0.00502   0.01157   0.00000   0.01060   0.01099   0.08203   0.01152   0.01421   0.06800   0.12088   0.00000   0.01930   0.02690   0.00466   0.01596   0.00876   0.06405   0.46385   3.01269   1.37753   1.16761   1.43278   0.86781  
 49  0.7490   2272.106727  x:  0.00000   0.17858   0.01329   0.04527   0.01865   0.00896   0.01230   0.02324   0.02108   0.00000   0.00379   0.04791   0.00896   0.02580   0.11705   0.16145   0.00169   0.01315   0.01338   0.00000   0.00000   0.00000   0.07417   0.00000   0.08464   0.01295   0.04423   0.00000   0.00753   0.00448   0.01038   0.00000   0.01116   0.01137   0.08602   0.01099   0.01396   0.06850   0.12771   0.00000   0.02489   0.02892   0.00507   0.01722   0.00878   0.06674   0.46795   3.05257   1.38625   1.21776   1.42930   0.89071  
 50  0.9811   2270.469615  x:  0.00000   0.17565   0.01197   0.04794   0.02273   0.01381   0.01374   0.02099   0.02243   0.00000   0.00448   0.04543   0.00885   0.02032   0.11934   0.16359   0.00910   0.01471   0.01410   0.00000   0.00000   0.00000   0.07675   0.00000   0.08940   0.01589   0.04294   0.00000   0.00716   0.00429   0.01060   0.00000   0.01035   0.01373   0.08869   0.01115   0.01126   0.07382   0.13487   0.00000   0.02148   0.02583   0.00593   0.01683   0.00866   0.06717   0.47380   3.04098   1.44411   1.31137   1.49220   0.92612  
 51  3.6599   2267.422609  x:  0.00000   0.18211   0.01190   0.05148   0.02853   0.01169   0.01364   0.02058   0.02821   0.00000   0.00542   0.06140   0.00426   0.01323   0.10657   0.16759   0.00706   0.01462   0.01967   0.00000   0.00000   0.00000   0.07843   0.00000   0.10418   0.01373   0.04400   0.00000   0.00742   0.00708   0.01340   0.00000   0.01451   0.01435   0.09515   0.00830   0.01275   0.08033   0.14642   0.00000   0.02629   0.02767   0.00617   0.01483   0.00962   0.06837   0.48407   2.68990   1.42845   1.33691   1.49312   0.94094  
 52  0.7822   2265.712567  x:  0.00000   0.18351   0.01369   0.05139   0.02878   0.01108   0.01184   0.02174   0.02702   0.00000   0.00595   0.06838   0.00603   0.01854   0.09797   0.16989   0.00654   0.01330   0.02338   0.00000   0.00000   0.00000   0.08004   0.00000   0.11574   0.01210   0.04496   0.00000   0.00660   0.00854   0.01525   0.00000   0.01519   0.01404   0.09914   0.00555   0.01342   0.08483   0.15634   0.00000   0.02753   0.03162   0.00614   0.01466   0.01023   0.07058   0.50050   3.16969   1.42656   1.33939   1.51309   0.97897  
 53  1.6428   2264.360565  x:  0.00000   0.17688   0.01505   0.04819   0.02397   0.01022   0.00992   0.02080   0.02030   0.00000   0.00613   0.06644   0.00869   0.02552   0.09310   0.16573   0.00642   0.01124   0.02144   0.00000   0.00000   0.00000   0.08041   0.00000   0.12805   0.01164   0.04583   0.00000   0.00575   0.00768   0.01358   0.00000   0.01399   0.01321   0.10188   0.00383   0.01394   0.08847   0.16799   0.00000   0.02264   0.03291   0.00637   0.01651   0.01054   0.07511   0.50869   2.86821   1.40993   1.30256   1.50010   0.96863  
 54  0.7001   2263.381991  x:  0.00000   0.16801   0.01489   0.04467   0.02184   0.00806   0.00952   0.02377   0.01845   0.00000   0.00649   0.06034   0.00623   0.02099   0.09216   0.16381   0.00573   0.01157   0.01811   0.00000   0.00000   0.00000   0.08031   0.00000   0.14063   0.01118   0.04591   0.00000   0.00552   0.00637   0.01249   0.00000   0.01365   0.01160   0.10471   0.00726   0.01356   0.09173   0.18080   0.00000   0.02633   0.02713   0.00674   0.01767   0.00948   0.07655   0.51234   2.95308   1.41368   1.27456   1.51739   0.95735  
 55  0.1494   2262.929158  x:  0.00000   0.17327   0.01391   0.04629   0.02387   0.00663   0.01163   0.02434   0.02160   0.00000   0.00638   0.05815   0.00606   0.02020   0.09101   0.16650   0.00501   0.01291   0.01725   0.00000   0.00000   0.00000   0.07892   0.00000   0.14910   0.01378   0.04567   0.00000   0.00622   0.00593   0.01239   0.00000   0.01410   0.01278   0.10600   0.00719   0.01322   0.09209   0.18800   0.00000   0.02094   0.02926   0.00688   0.01620   0.01007   0.07574   0.50737   2.97444   1.38689   1.26631   1.46128   0.94599  
 56  0.1150   2262.714176  x:  0.00000   0.17179   0.01547   0.04415   0.02346   0.00761   0.01131   0.02328   0.02351   0.00000   0.00671   0.05533   0.00671   0.01895   0.09530   0.16779   0.00517   0.01314   0.02084   0.00000   0.00000   0.00000   0.07864   0.00000   0.15503   0.01329   0.04590   0.00000   0.00687   0.00596   0.01230   0.00000   0.01324   0.01264   0.10667   0.00694   0.01289   0.09061   0.19261   0.00000   0.02284   0.03079   0.00665   0.01542   0.00991   0.07261   0.50267   2.96499   1.40158   1.27110   1.46630   0.93488  
 57  0.0367   2262.564032  x:  0.00000   0.17409   0.01503   0.04422   0.02352   0.00782   0.01116   0.02283   0.02252   0.00000   0.00660   0.05769   0.00592   0.01994   0.09404   0.17048   0.00547   0.01347   0.01980   0.00000   0.00000   0.00000   0.07831   0.00000   0.16154   0.01342   0.04514   0.00000   0.00639   0.00646   0.01270   0.00000   0.01286   0.01364   0.10452   0.00568   0.01298   0.08908   0.19555   0.00000   0.02435   0.02790   0.00634   0.01584   0.00979   0.07139   0.49238   2.97350   1.41462   1.28211   1.47339   0.92715  
 58  0.0315   2262.497399  x:  0.00000   0.17354   0.01430   0.04503   0.02375   0.00834   0.01108   0.02351   0.02213   0.00000   0.00663   0.05955   0.00665   0.02080   0.09367   0.16849   0.00580   0.01329   0.01934   0.00000   0.00000   0.00000   0.07812   0.00000   0.16519   0.01274   0.04497   0.00000   0.00643   0.00679   0.01332   0.00000   0.01240   0.01320   0.10270   0.00645   0.01331   0.08775   0.19672   0.00000   0.02319   0.02960   0.00618   0.01585   0.00991   0.07060   0.48887   2.95039   1.41368   1.27937   1.47295   0.92693  
 59  0.0387   2262.454600  x:  0.00000   0.17207   0.01510   0.04521   0.02362   0.00835   0.01103   0.02350   0.02154   0.00000   0.00652   0.05929   0.00622   0.01950   0.09332   0.16688   0.00580   0.01274   0.01898   0.00000   0.00000   0.00000   0.07801   0.00000   0.16859   0.01263   0.04496   0.00000   0.00649   0.00633   0.01262   0.00000   0.01240   0.01281   0.09959   0.00614   0.01309   0.08662   0.19620   0.00000   0.02280   0.02996   0.00623   0.01583   0.00996   0.07095   0.48810   2.96161   1.40376   1.27268   1.47141   0.93284  
 60  0.0152   2262.431472  x:  0.00000   0.17269   0.01477   0.04533   0.02424   0.00822   0.01086   0.02312   0.02214   0.00000   0.00653   0.05831   0.00645   0.02026   0.09306   0.16846   0.00556   0.01283   0.01923   0.00000   0.00000   0.00000   0.07802   0.00000   0.17038   0.01277   0.04516   0.00000   0.00626   0.00620   0.01258   0.00000   0.01273   0.01266   0.09799   0.00645   0.01276   0.08575   0.19482   0.00000   0.02325   0.02893   0.00636   0.01589   0.00989   0.07069   0.48997   2.95007   1.40002   1.27334   1.47372   0.93624  
 61  0.0183   2262.417948  x:  0.00000   0.17254   0.01471   0.04550   0.02378   0.00823   0.01096   0.02377   0.02189   0.00000   0.00640   0.05753   0.00627   0.02027   0.09413   0.16823   0.00545   0.01290   0.01955   0.00000   0.00000   0.00000   0.07823   0.00000   0.17115   0.01277   0.04529   0.00000   0.00633   0.00637   0.01292   0.00000   0.01279   0.01286   0.09691   0.00644   0.01343   0.08552   0.19284   0.00000   0.02314   0.02908   0.00641   0.01580   0.00999   0.07043   0.49236   2.95735   1.40535   1.27901   1.47492   0.93873  
 62  0.0123   2262.409108  x:  0.00000   0.17261   0.01437   0.04509   0.02356   0.00816   0.01098   0.02311   0.02252   0.00000   0.00640   0.05805   0.00642   0.01990   0.09410   0.16825   0.00542   0.01295   0.01923   0.00000   0.00000   0.00000   0.07820   0.00000   0.17172   0.01280   0.04519   0.00000   0.00635   0.00649   0.01286   0.00000   0.01291   0.01300   0.09673   0.00637   0.01330   0.08568   0.19065   0.00000   0.02325   0.02955   0.00639   0.01589   0.00995   0.06998   0.49373   2.96522   1.40754   1.27757   1.47610   0.93785  
 63  0.0100   2262.404543  x:  0.00000   0.17269   0.01493   0.04499   0.02354   0.00817   0.01116   0.02318   0.02232   0.00000   0.00636   0.05846   0.00640   0.02027   0.09391   0.16794   0.00544   0.01307   0.01918   0.00000   0.00000   0.00000   0.07818   0.00000   0.17234   0.01273   0.04515   0.00000   0.00650   0.00647   0.01275   0.00000   0.01297   0.01300   0.09709   0.00643   0.01312   0.08590   0.18923   0.00000   0.02317   0.02944   0.00637   0.01584   0.00995   0.07010   0.49423   2.95953   1.40825   1.27858   1.47452   0.93630  
 64  0.0061   2262.400628  x:  0.00000   0.17272   0.01469   0.04518   0.02365   0.00817   0.01107   0.02331   0.02209   0.00000   0.00636   0.05840   0.00645   0.02014   0.09383   0.16816   0.00547   0.01299   0.01932   0.00000   0.00000   0.00000   0.07811   0.00000   0.17336   0.01287   0.04504   0.00000   0.00635   0.00634   0.01268   0.00000   0.01291   0.01290   0.09789   0.00640   0.01329   0.08624   0.18810   0.00000   0.02315   0.02942   0.00629   0.01581   0.01009   0.07041   0.49395   2.95694   1.40747   1.27753   1.47420   0.93352  
 65  0.0038   2262.399763  x:  0.00000   0.17239   0.01463   0.04522   0.02374   0.00817   0.01106   0.02333   0.02219   0.00000   0.00638   0.05824   0.00636   0.02020   0.09397   0.16801   0.00550   0.01297   0.01928   0.00000   0.00000   0.00000   0.07812   0.00000   0.17371   0.01281   0.04508   0.00000   0.00639   0.00638   0.01282   0.00000   0.01286   0.01289   0.09822   0.00639   0.01318   0.08625   0.18794   0.00000   0.02324   0.02944   0.00630   0.01586   0.00998   0.07052   0.49364   2.95770   1.40661   1.27709   1.47456   0.93393  
 66  0.0018   2262.399543  x:  0.00000   0.17244   0.01469   0.04523   0.02373   0.00817   0.01104   0.02329   0.02217   0.00000   0.00638   0.05823   0.00641   0.02009   0.09405   0.16811   0.00550   0.01297   0.01927   0.00000   0.00000   0.00000   0.07815   0.00000   0.17382   0.01278   0.04510   0.00000   0.00638   0.00640   0.01283   0.00000   0.01285   0.01292   0.09835   0.00640   0.01321   0.08619   0.18788   0.00000   0.02320   0.02936   0.00633   0.01585   0.00995   0.07056   0.49331   2.95868   1.40661   1.27762   1.47465   0.93462  
 67  0.0020   2262.399493  x:  0.00000   0.17249   0.01468   0.04523   0.02371   0.00818   0.01104   0.02328   0.02220   0.00000   0.00638   0.05825   0.00639   0.02013   0.09408   0.16808   0.00551   0.01297   0.01928   0.00000   0.00000   0.00000   0.07817   0.00000   0.17382   0.01279   0.04511   0.00000   0.00639   0.00640   0.01279   0.00000   0.01284   0.01293   0.09839   0.00641   0.01323   0.08615   0.18784   0.00000   0.02319   0.02938   0.00634   0.01585   0.00998   0.07059   0.49311   2.95892   1.40666   1.27752   1.47470   0.93508  
 68  0.0007   2262.399485  x:  0.00000   0.17250   0.01468   0.04521   0.02370   0.00818   0.01104   0.02331   0.02220   0.00000   0.00639   0.05825   0.00640   0.02012   0.09407   0.16810   0.00550   0.01297   0.01928   0.00000   0.00000   0.00000   0.07818   0.00000   0.17381   0.01280   0.04510   0.00000   0.00639   0.00640   0.01280   0.00000   0.01284   0.01293   0.09839   0.00640   0.01322   0.08614   0.18782   0.00000   0.02319   0.02938   0.00634   0.01584   0.00998   0.07059   0.49307   2.95883   1.40672   1.27748   1.47469   0.93525  
 69  0.0003   2262.399484  x:  0.00000   0.17250   0.01468   0.04521   0.02370   0.00817   0.01104   0.02330   0.02220   0.00000   0.00639   0.05825   0.00640   0.02012   0.09406   0.16811   0.00550   0.01297   0.01928   0.00000   0.00000   0.00000   0.07818   0.00000   0.17381   0.01280   0.04510   0.00000   0.00639   0.00639   0.01280   0.00000   0.01284   0.01292   0.09840   0.00640   0.01322   0.08614   0.18782   0.00000   0.02319   0.02938   0.00633   0.01585   0.00998   0.07058   0.49306   2.95882   1.40673   1.27748   1.47462   0.93529  
 70  0.0001   2262.399483  x:  0.00000   0.17250   0.01468   0.04521   0.02370   0.00817   0.01104   0.02330   0.02219   0.00000   0.00639   0.05825   0.00640   0.02012   0.09406   0.16810   0.00550   0.01297   0.01928   0.00000   0.00000   0.00000   0.07818   0.00000   0.17381   0.01280   0.04510   0.00000   0.00639   0.00640   0.01280   0.00000   0.01284   0.01292   0.09840   0.00640   0.01322   0.08613   0.18781   0.00000   0.02319   0.02938   0.00633   0.01584   0.00998   0.07058   0.49305   2.95880   1.40672   1.27745   1.47462   0.93530  
 71  0.0000   2262.399483  x:  0.00000   0.17250   0.01468   0.04521   0.02370   0.00817   0.01104   0.02330   0.02219   0.00000   0.00639   0.05825   0.00640   0.02012   0.09406   0.16810   0.00550   0.01297   0.01928   0.00000   0.00000   0.00000   0.07818   0.00000   0.17380   0.01280   0.04510   0.00000   0.00639   0.00640   0.01280   0.00000   0.01284   0.01293   0.09840   0.00640   0.01322   0.08613   0.18781   0.00000   0.02319   0.02938   0.00633   0.01585   0.00998   0.07058   0.49305   2.95882   1.40671   1.27746   1.47461   0.93529  
 72  0.0000   2262.399483  x:  0.00000   0.17250   0.01468   0.04521   0.02370   0.00817   0.01104   0.02330   0.02219   0.00000   0.00639   0.05825   0.00640   0.02012   0.09406   0.16810   0.00550   0.01297   0.01928   0.00000   0.00000   0.00000   0.07818   0.00000   0.17380   0.01280   0.04510   0.00000   0.00639   0.00640   0.01280   0.00000   0.01284   0.01292   0.09840   0.00640   0.01322   0.08613   0.18781   0.00000   0.02319   0.02938   0.00633   0.01585   0.00998   0.07058   0.49306   2.95882   1.40671   1.27746   1.47462   0.93528  
 73  0.0000   2262.399483  x:  0.00000   0.17250   0.01468   0.04521   0.02370   0.00817   0.01104   0.02330   0.02219   0.00000   0.00639   0.05825   0.00640   0.02012   0.09406   0.16810   0.00550   0.01297   0.01928   0.00000   0.00000   0.00000   0.07818   0.00000   0.17381   0.01280   0.04510   0.00000   0.00639   0.00640   0.01280   0.00000   0.01284   0.01292   0.09840   0.00640   0.01322   0.08613   0.18781   0.00000   0.02319   0.02938   0.00633   0.01585   0.00998   0.07058   0.49306   2.95882   1.40671   1.27746   1.47462   0.93528  
 74  0.0000   2262.399483  x:  0.00000   0.17250   0.01468   0.04521   0.02370   0.00817   0.01104   0.02330   0.02219   0.00000   0.00639   0.05825   0.00640   0.02012   0.09406   0.16810   0.00550   0.01297   0.01928   0.00000   0.00000   0.00000   0.07818   0.00000   0.17381   0.01280   0.04510   0.00000   0.00639   0.00640   0.01280   0.00000   0.01284   0.01292   0.09840   0.00640   0.01322   0.08613   0.18781   0.00000   0.02319   0.02938   0.00633   0.01585   0.00998   0.07058   0.49306   2.95882   1.40671   1.27746   1.47462   0.93529  
 75  0.0000   2262.399483  x:  0.00000   0.17250   0.01468   0.04521   0.02370   0.00817   0.01104   0.02330   0.02219   0.00000   0.00639   0.05825   0.00640   0.02012   0.09406   0.16810   0.00550   0.01297   0.01928   0.00000   0.00000   0.00000   0.07818   0.00000   0.17381   0.01280   0.04510   0.00000   0.00639   0.00640   0.01280   0.00000   0.01284   0.01292   0.09840   0.00640   0.01322   0.08613   0.18781   0.00000   0.02319   0.02938   0.00633   0.01585   0.00998   0.07058   0.49306   2.95882   1.40671   1.27746   1.47462   0.93529  
 76  0.0000   2262.399483  x:  0.00000   0.17250   0.01468   0.04521   0.02370   0.00817   0.01104   0.02330   0.02219   0.00000   0.00639   0.05825   0.00640   0.02012   0.09406   0.16810   0.00550   0.01297   0.01928   0.00000   0.00000   0.00000   0.07818   0.00000   0.17381   0.01280   0.04510   0.00000   0.00639   0.00640   0.01280   0.00000   0.01284   0.01292   0.09840   0.00640   0.01322   0.08613   0.18781   0.00000   0.02319   0.02938   0.00633   0.01585   0.00998   0.07058   0.49306   2.95882   1.40671   1.27746   1.47462   0.93529  
 77  0.0000   2262.399483  x:  0.00000   0.17250   0.01468   0.04521   0.02370   0.00817   0.01104   0.02330   0.02219   0.00000   0.00639   0.05825   0.00640   0.02012   0.09406   0.16810   0.00550   0.01297   0.01928   0.00000   0.00000   0.00000   0.07818   0.00000   0.17381   0.01280   0.04510   0.00000   0.00639   0.00640   0.01280   0.00000   0.01284   0.01292   0.09840   0.00640   0.01322   0.08613   0.18781   0.00000   0.02319   0.02938   0.00633   0.01585   0.00998   0.07058   0.49306   2.95882   1.40671   1.27746   1.47462   0.93529  
 78  0.0000   2262.399483  x:  0.00000   0.17250   0.01468   0.04521   0.02370   0.00817   0.01104   0.02330   0.02219   0.00000   0.00639   0.05825   0.00640   0.02012   0.09406   0.16810   0.00550   0.01297   0.01928   0.00000   0.00000   0.00000   0.07818   0.00000   0.17381   0.01280   0.04510   0.00000   0.00639   0.00640   0.01280   0.00000   0.01284   0.01292   0.09840   0.00640   0.01322   0.08613   0.18781   0.00000   0.02319   0.02938   0.00633   0.01585   0.00998   0.07058   0.49306   2.95882   1.40671   1.27746   1.47462   0.93529  
check convergence!
