

TREE # 1

  0  0.0000   2442.696906  x:  0.01972   0.20925   0.02571   0.03211   0.02495   0.05815   0.02188   0.05666   0.08536   0.02661   0.17168   0.01972   0.20925   0.02571   0.03211   0.02495   0.05815   0.02188   0.05666   0.08536   0.02661   0.17168   0.21568   8.40433   0.95788   0.89889   1.27840   1.00000  
  1 99.0000   2290.705521  x:  0.00000   0.20952   0.13713   0.09010   0.02531   0.06798   0.05486   0.06911   0.08991   0.10298   0.15751   0.02062   0.21305   0.21244   0.11161   0.03203   0.07432   0.01266   0.07195   0.08437   0.12093   0.15707   0.19628   8.40452   0.96094   0.89853   1.27824   1.00111  
  2 1922.9218   2258.718341  x:  0.00000   0.20289   0.14183   0.11588   0.01412   0.10157   0.04284   0.11292   0.09613   0.10683   0.05928   0.03920   0.23188   0.19478   0.13695   0.00000   0.12745   0.01475   0.13179   0.05710   0.10690   0.05429   0.05535   8.40595   0.97972   0.89645   1.27669   1.00810  
  3 229.9433   2254.356440  x:  0.00000   0.20167   0.14232   0.12029   0.01347   0.10716   0.04127   0.12038   0.09716   0.10720   0.03973   0.04294   0.23567   0.19084   0.14219   0.01162   0.13657   0.01522   0.14291   0.05220   0.10387   0.03354   0.02437   8.40627   0.98387   0.89604   1.27638   1.00964  
  4 1449.7916   2253.389766  x:  0.00000   0.20179   0.14229   0.11986   0.01785   0.10545   0.04396   0.11875   0.09677   0.10688   0.04006   0.04481   0.23683   0.19077   0.14277   0.01069   0.13473   0.01317   0.14156   0.05316   0.10340   0.03283   0.01102   8.40647   0.98619   0.89601   1.27630   1.01058  
  5 139.0242   2253.167704  x:  0.00000   0.20218   0.14282   0.11902   0.01432   0.10154   0.04685   0.11484   0.09575   0.10634   0.03752   0.04936   0.24062   0.19080   0.14513   0.01002   0.13086   0.01576   0.13930   0.05442   0.10211   0.02967   0.00999   8.40713   0.99372   0.89593   1.27608   1.01368  
  6 32.6837   2253.008070  x:  0.00000   0.20244   0.14335   0.11899   0.01668   0.09887   0.04726   0.11260   0.09511   0.10594   0.03530   0.05251   0.24513   0.19043   0.14794   0.00966   0.12852   0.01310   0.13870   0.05423   0.10044   0.02691   0.01184   8.40796   1.00289   0.89587   1.27588   1.01752  
  7 54.5143   2252.628858  x:  0.00000   0.20287   0.14517   0.12048   0.01732   0.09564   0.04085   0.11031   0.09432   0.10549   0.03838   0.05486   0.25938   0.18957   0.15598   0.00970   0.12610   0.01438   0.14112   0.05020   0.09594   0.03032   0.01136   8.41093   1.03432   0.89600   1.27560   1.03104  
  8 54.8753   2252.375832  x:  0.00000   0.20310   0.14445   0.12050   0.01485   0.09746   0.04588   0.11029   0.09444   0.10468   0.04044   0.04767   0.26722   0.18876   0.15698   0.00983   0.12594   0.01201   0.14239   0.05081   0.09573   0.03039   0.01141   8.41370   1.05963   0.89707   1.27646   1.04289  
  9 53.9822   2252.275470  x:  0.00000   0.20315   0.14377   0.12011   0.01722   0.09880   0.04756   0.11076   0.09471   0.10450   0.03943   0.04514   0.26913   0.18890   0.15569   0.00969   0.12605   0.01486   0.14225   0.05205   0.09701   0.03055   0.01188   8.41514   1.07109   0.89809   1.27742   1.04875  
 10 70.5517   2252.087069  x:  0.00000   0.20305   0.14201   0.11800   0.01633   0.10171   0.04481   0.11216   0.09556   0.10499   0.03577   0.04648   0.26730   0.19066   0.14840   0.01000   0.12676   0.01360   0.13971   0.05549   0.10274   0.03283   0.01137   8.41867   1.09332   0.90198   1.28137   1.06194  
 11 44.9672   2251.973276  x:  0.00000   0.20273   0.14161   0.11726   0.01637   0.10288   0.04358   0.11335   0.09620   0.10588   0.03930   0.04879   0.26307   0.19170   0.14361   0.01022   0.12783   0.01389   0.13798   0.05511   0.10507   0.02906   0.01143   8.42140   1.10680   0.90580   1.28547   1.07132  
 12 49.1473   2251.832754  x:  0.00000   0.20169   0.14308   0.11842   0.01640   0.10181   0.04702   0.11451   0.09679   0.10747   0.03868   0.05114   0.25204   0.19202   0.14129   0.01047   0.12992   0.01397   0.13662   0.05026   0.10165   0.03085   0.01170   8.42615   1.12199   0.91402   1.29486   1.08564  
 13 29.9424   2251.695287  x:  0.00000   0.20057   0.14466   0.11930   0.01618   0.09855   0.04434   0.11379   0.09637   0.10778   0.03781   0.04725   0.24015   0.19239   0.14406   0.01018   0.12996   0.01391   0.13540   0.05306   0.09757   0.02982   0.01130   8.43194   1.13446   0.92477   1.30764   1.10123  
 14 37.8548   2251.561964  x:  0.00000   0.19985   0.14277   0.11916   0.01643   0.10030   0.04583   0.11326   0.09504   0.10434   0.03929   0.05006   0.23557   0.18975   0.15099   0.01014   0.12928   0.01387   0.13959   0.05622   0.10165   0.03094   0.01172   8.44003   1.14144   0.93955   1.32717   1.11869  
 15 21.4374   2251.419578  x:  0.00000   0.20107   0.14167   0.11739   0.01637   0.10025   0.04466   0.11018   0.09444   0.10391   0.03809   0.04723   0.23858   0.18933   0.15121   0.00983   0.12479   0.01386   0.14007   0.05046   0.10627   0.03024   0.01133   8.45042   1.14484   0.95697   1.35184   1.13727  
 16 29.8261   2251.257309  x:  0.00000   0.20318   0.14364   0.11833   0.01637   0.10069   0.04516   0.11125   0.09658   0.10823   0.03861   0.04842   0.24954   0.19092   0.14554   0.01028   0.12491   0.01384   0.13928   0.05409   0.10113   0.03051   0.01149   8.46467   1.14646   0.97675   1.38277   1.15757  
 17 31.6030   2251.213083  x:  0.00000   0.20107   0.14304   0.11824   0.01631   0.09864   0.04528   0.11333   0.09481   0.10388   0.03865   0.04831   0.25224   0.19328   0.14552   0.01045   0.12894   0.01386   0.13472   0.05373   0.10079   0.03052   0.01151   8.47147   1.14723   0.97847   1.38993   1.15910  
 18  6.9582   2250.894932  x:  0.00000   0.19399   0.14371   0.11911   0.01643   0.10222   0.04509   0.11028   0.09406   0.11319   0.03909   0.04779   0.25151   0.18664   0.15040   0.01076   0.12958   0.01378   0.12014   0.05392   0.10427   0.03113   0.01166   8.54167   1.15894   0.96532   1.42508   1.14002  
 19  5.9919   2250.148777  x:  0.00000   0.19215   0.14423   0.11412   0.01697   0.09348   0.04598   0.10393   0.09901   0.10574   0.04061   0.04740   0.24409   0.19735   0.14176   0.01092   0.11658   0.01356   0.12979   0.05573   0.10327   0.03251   0.01213   8.71186   1.18658   0.94093   1.49306   1.09073  
 20 55.3019   2249.565026  x:  0.00000   0.21870   0.14197   0.11001   0.01749   0.09485   0.04661   0.10443   0.08169   0.10617   0.04171   0.04753   0.24003   0.20310   0.14181   0.01139   0.11267   0.01344   0.12324   0.05632   0.10087   0.03352   0.01240   8.84956   1.20235   0.95925   1.50598   1.05619  
 21 35.4777   2248.810947  x:  0.00000   0.23365   0.14460   0.11846   0.01759   0.08861   0.04733   0.09764   0.09856   0.09913   0.04306   0.04682   0.23854   0.20167   0.14191   0.01209   0.11046   0.01329   0.10889   0.05769   0.10696   0.03512   0.01273   9.03396   1.21789   0.99867   1.50354   1.01692  
 22 90.2410   2248.027108  x:  0.00000   0.20282   0.14998   0.10693   0.01849   0.08298   0.04894   0.09021   0.09178   0.10635   0.04496   0.04601   0.24112   0.20386   0.13590   0.01269   0.10411   0.01316   0.10755   0.06000   0.10831   0.03714   0.01341   9.22207   1.22469   1.04095   1.48428   0.99275  
 23 73.0532   2247.821052  x:  0.00000   0.19843   0.14223   0.10798   0.01822   0.08656   0.04900   0.09509   0.09423   0.10696   0.04525   0.04646   0.24062   0.20981   0.13811   0.01284   0.09397   0.01308   0.10269   0.05946   0.10481   0.03720   0.01351   9.27355   1.21837   1.03861   1.47376   1.00397  
 24 24.0574   2247.040075  x:  0.00000   0.20465   0.12930   0.10467   0.01925   0.07667   0.05033   0.08085   0.09623   0.11437   0.04713   0.04568   0.23899   0.21745   0.13822   0.01348   0.09833   0.01292   0.09755   0.06078   0.10675   0.03919   0.01407   9.47292   1.18072   1.00297   1.42639   1.07768  
 25 49.0386   2246.580503  x:  0.00000   0.21000   0.14873   0.10203   0.01974   0.07603   0.05074   0.08226   0.09286   0.10690   0.04799   0.04500   0.23772   0.21178   0.13458   0.01409   0.09097   0.01275   0.09119   0.06222   0.10999   0.04035   0.01430   9.59462   1.15630   0.97788   1.39701   1.12600  
 26 100.8652   2246.574351  x:  0.00000   0.20965   0.14874   0.10442   0.01976   0.07653   0.05061   0.08119   0.09165   0.10635   0.04799   0.04500   0.23770   0.21175   0.13374   0.01412   0.09067   0.01275   0.09127   0.06233   0.11001   0.04036   0.01430   9.59683   1.15602   0.97759   1.39665   1.12657  
 27  3.9291   2246.546254  x:  0.00000   0.20962   0.14806   0.10656   0.01966   0.07327   0.05092   0.08412   0.09061   0.10773   0.04811   0.04475   0.23789   0.21066   0.13335   0.01420   0.08999   0.01272   0.09214   0.06262   0.11170   0.04055   0.01429   9.61684   1.15564   0.97734   1.39586   1.12747  
 28  1.2248   2244.438823  x:  0.00000   0.20666   0.15693   0.11317   0.02340   0.08962   0.05324   0.09503   0.09205   0.10955   0.05389   0.04381   0.23932   0.22943   0.14519   0.01912   0.10417   0.01153   0.11360   0.06415   0.11391   0.04486   0.01179  11.24219   1.12579   0.96481   1.33348   1.19439  
 29 32.9868   2243.129348  x:  0.00000   0.20816   0.16893   0.11655   0.02148   0.08249   0.05223   0.08811   0.09164   0.11846   0.05386   0.04504   0.24039   0.26222   0.15422   0.02387   0.09952   0.01482   0.09850   0.06041   0.11938   0.04429   0.01404  12.05059   1.17186   0.98326   1.42182   1.15109  
 30  0.3874   2242.522716  x:  0.00000   0.20619   0.18073   0.11749   0.02162   0.08188   0.05301   0.08755   0.09116   0.12011   0.04988   0.04539   0.23964   0.28690   0.15780   0.02521   0.09611   0.01139   0.10389   0.05879   0.12536   0.04084   0.01194  11.77819   1.13458   0.97065   1.34436   1.14872  
 31  0.1284   2242.329839  x:  0.00000   0.20564   0.18396   0.11971   0.02048   0.08470   0.05336   0.09185   0.08997   0.12092   0.04798   0.04511   0.23834   0.29710   0.15759   0.02477   0.10190   0.01293   0.10292   0.05920   0.12658   0.03923   0.01317  11.20797   1.13874   0.97221   1.36497   1.15134  
 32  0.3569   2242.290574  x:  0.00000   0.20686   0.18386   0.11943   0.02139   0.08398   0.05388   0.08971   0.09093   0.12165   0.04877   0.04560   0.23882   0.29901   0.15976   0.02381   0.09954   0.01257   0.10440   0.05968   0.12650   0.03982   0.01259  10.96088   1.14445   0.97291   1.37494   1.14985  
 33  0.1977   2242.278682  x:  0.00000   0.20608   0.18325   0.11969   0.02149   0.08373   0.05382   0.08958   0.09075   0.12216   0.04999   0.04533   0.23897   0.29963   0.16015   0.02312   0.09976   0.01258   0.10291   0.05960   0.12645   0.04095   0.01287  10.92947   1.14116   0.97216   1.36561   1.15019  
 34  0.0218   2242.272394  x:  0.00000   0.20609   0.18377   0.11969   0.02138   0.08405   0.05355   0.09000   0.09066   0.12208   0.05041   0.04522   0.23877   0.30080   0.15990   0.02214   0.09986   0.01264   0.10421   0.05904   0.12662   0.04127   0.01285  11.00423   1.14234   0.97298   1.36922   1.15013  
 35  0.0293   2242.270820  x:  0.00000   0.20626   0.18410   0.11983   0.02136   0.08398   0.05364   0.09002   0.09066   0.12207   0.05001   0.04540   0.23893   0.30135   0.15993   0.02173   0.10005   0.01257   0.10367   0.05918   0.12673   0.04089   0.01274  11.00247   1.14191   0.97241   1.36846   1.14937  
 36  0.0017   2242.270655  x:  0.00000   0.20626   0.18407   0.11977   0.02133   0.08395   0.05368   0.08990   0.09071   0.12209   0.04991   0.04536   0.23889   0.30114   0.15998   0.02167   0.09990   0.01261   0.10377   0.05929   0.12673   0.04083   0.01282  11.00730   1.14184   0.97247   1.36816   1.14972  
 37  0.0050   2242.270645  x:  0.00000   0.20621   0.18402   0.11977   0.02135   0.08395   0.05370   0.08990   0.09070   0.12211   0.04991   0.04535   0.23888   0.30105   0.15997   0.02167   0.09991   0.01260   0.10375   0.05932   0.12672   0.04084   0.01282  11.00951   1.14198   0.97258   1.36835   1.14990  
 38  0.0022   2242.270645  x:  0.00000   0.20622   0.18402   0.11977   0.02136   0.08395   0.05370   0.08991   0.09070   0.12211   0.04991   0.04536   0.23888   0.30105   0.15997   0.02166   0.09992   0.01260   0.10376   0.05932   0.12672   0.04084   0.01282  11.00923   1.14197   0.97256   1.36833   1.14993  
 39  0.0003   2242.270645  x:  0.00000   0.20622   0.18402   0.11977   0.02136   0.08395   0.05370   0.08991   0.09070   0.12211   0.04991   0.04536   0.23888   0.30105   0.15997   0.02166   0.09992   0.01260   0.10376   0.05932   0.12672   0.04084   0.01282  11.00926   1.14197   0.97256   1.36833   1.14993  
 40  0.0000   2242.270645  x:  0.00000   0.20622   0.18402   0.11977   0.02136   0.08395   0.05370   0.08991   0.09070   0.12211   0.04990   0.04536   0.23888   0.30105   0.15997   0.02166   0.09992   0.01260   0.10376   0.05932   0.12672   0.04084   0.01282  11.00926   1.14197   0.97256   1.36833   1.14993  
 41  0.0000   2242.270645  x:  0.00000   0.20622   0.18402   0.11977   0.02136   0.08395   0.05370   0.08991   0.09070   0.12211   0.04990   0.04536   0.23888   0.30105   0.15997   0.02166   0.09992   0.01260   0.10376   0.05932   0.12672   0.04084   0.01282  11.00926   1.14197   0.97256   1.36833   1.14993  
 42  0.0000   2242.270645  x:  0.00000   0.20622   0.18402   0.11977   0.02136   0.08395   0.05370   0.08991   0.09070   0.12211   0.04990   0.04536   0.23888   0.30105   0.15997   0.02166   0.09992   0.01260   0.10376   0.05932   0.12672   0.04084   0.01282  11.00926   1.14197   0.97256   1.36833   1.14993  
 43  0.0000   2242.270645  x:  0.00000   0.20622   0.18402   0.11977   0.02136   0.08395   0.05370   0.08991   0.09070   0.12211   0.04990   0.04536   0.23888   0.30105   0.15997   0.02166   0.09992   0.01260   0.10376   0.05932   0.12672   0.04084   0.01282  11.00926   1.14197   0.97256   1.36833   1.14993  

TREE # 2

  0  0.0000   2434.714602  x:  0.00000   0.20622   0.18402   0.11977   0.02136   0.08395   0.05370   0.08991   0.09070   0.12211   0.04990   0.04536   0.23888   0.30105   0.15997   0.02166   0.09992   0.01260   0.10376   0.05932   0.12672   0.04084   0.01282  11.00926   1.09412   0.95567   1.30851   1.14993  
  1 99.0000   2351.361439  x:  0.10446   0.18386   0.15916   0.14920   0.17703   0.16393   0.06457   0.11433   0.09319   0.09782   0.08413   0.02097   0.20942   0.27512   0.17094   0.13609   0.13849   0.15310   0.11658   0.07056   0.10227   0.08526   0.10971  11.00927   1.09478   0.95495   1.30915   1.14989  
  2 1336.3693   2322.885677  x:  0.07503   0.14754   0.12549   0.17164   0.18379   0.20088   0.06974   0.13058   0.09558   0.06425   0.09587   0.00000   0.16488   0.23868   0.17439   0.14615   0.15251   0.15103   0.11582   0.07958   0.06843   0.08667   0.09575  11.00929   1.09560   0.95457   1.30935   1.14981  
  3 366.9054   2278.023490  x:  0.01912   0.07784   0.06085   0.21469   0.19742   0.27190   0.07961   0.16176   0.10017   0.00000   0.11854   0.00122   0.07933   0.16870   0.18106   0.16592   0.17951   0.14771   0.11440   0.09686   0.00351   0.08956   0.06946  11.00934   1.09715   0.95382   1.30975   1.14966  
  4 8843.2675   2268.668671  x:  0.00330   0.05593   0.04101   0.22718   0.20123   0.29268   0.08137   0.17114   0.10313   0.01065   0.12399   0.00139   0.04974   0.14500   0.18326   0.17160   0.18720   0.14659   0.11409   0.10180   0.00118   0.09052   0.06228  11.00935   1.09772   0.95358   1.30995   1.14958  
  5 947.8511   2265.755914  x:  0.00101   0.04754   0.03360   0.23197   0.20167   0.30047   0.08190   0.17455   0.10406   0.01071   0.12585   0.00146   0.03767   0.13541   0.18410   0.17308   0.19001   0.14517   0.11393   0.10370   0.00612   0.09062   0.05891  11.00936   1.09795   0.95349   1.31003   1.14954  
  6 2087.5792   2258.787350  x:  0.00589   0.02580   0.01458   0.24417   0.20000   0.31975   0.08304   0.18322   0.10662   0.01387   0.13011   0.00163   0.00585   0.11016   0.18614   0.17492   0.19676   0.13883   0.11319   0.10841   0.01181   0.09003   0.04818  11.00938   1.09854   0.95326   1.31024   1.14945  
  7 4427.4947   2257.196304  x:  0.00606   0.02521   0.01634   0.24571   0.19975   0.32233   0.08280   0.18415   0.10690   0.01409   0.13031   0.00164   0.00000   0.10596   0.18647   0.17513   0.19759   0.13802   0.11310   0.10874   0.01206   0.08998   0.04750  11.00938   1.09864   0.95323   1.31030   1.14944  
  8 504.5548   2253.411015  x:  0.00678   0.04768   0.01106   0.25974   0.19457   0.34786   0.07469   0.18991   0.10862   0.01538   0.12658   0.00176   0.00000   0.05378   0.19063   0.17425   0.20500   0.12827   0.11247   0.10756   0.01322   0.08926   0.05243  11.00943   1.09998   0.95277   1.31131   1.14927  
  9 285.8053   2252.878236  x:  0.00657   0.04092   0.01131   0.26234   0.18907   0.35740   0.06484   0.18611   0.10673   0.01493   0.11729   0.00176   0.00000   0.04827   0.19318   0.17014   0.20545   0.12570   0.11352   0.10045   0.01263   0.08943   0.06637  11.00949   1.10117   0.95249   1.31259   1.14909  
 10 47.1503   2252.588381  x:  0.00682   0.04431   0.01133   0.26771   0.18444   0.37775   0.05864   0.18312   0.10539   0.01584   0.10940   0.00184   0.00000   0.05721   0.19753   0.16706   0.20752   0.12648   0.11495   0.09630   0.01327   0.08999   0.06514  11.00960   1.10347   0.95209   1.31515   1.14873  
 11 26.9320   2252.465032  x:  0.00685   0.04456   0.01144   0.26223   0.17904   0.38887   0.06686   0.17496   0.10413   0.01635   0.10992   0.00186   0.00000   0.05663   0.19927   0.16147   0.20243   0.13242   0.11601   0.09597   0.01340   0.09062   0.06641  11.00983   1.10692   0.95202   1.31967   1.14802  
 12 11.0471   2252.386956  x:  0.00674   0.04431   0.01142   0.25476   0.17887   0.39288   0.06137   0.16951   0.10513   0.01634   0.11287   0.00186   0.00000   0.05543   0.19922   0.16095   0.19818   0.13485   0.11442   0.09802   0.01331   0.09006   0.06434  11.01014   1.11090   0.95268   1.32525   1.14722  
 13  8.2545   2252.076717  x:  0.00659   0.04529   0.01209   0.23223   0.18345   0.39692   0.06336   0.17715   0.10551   0.01680   0.11019   0.00195   0.00000   0.05699   0.19531   0.16729   0.19157   0.12426   0.10882   0.09601   0.01385   0.08763   0.06757  11.01192   1.13171   0.95926   1.35461   1.14301  
 14  7.6469   2251.394063  x:  0.00596   0.04657   0.01347   0.22460   0.18769   0.37196   0.06072   0.17617   0.09981   0.01803   0.10179   0.00211   0.00000   0.05330   0.19206   0.16392   0.19583   0.12828   0.13109   0.09408   0.01426   0.09611   0.06314  11.01638   1.17729   0.98317   1.41847   1.13372  
 15 17.4861   2250.689932  x:  0.00561   0.04969   0.01537   0.24085   0.18867   0.34359   0.06150   0.16667   0.10755   0.01984   0.11258   0.00229   0.00000   0.05655   0.19759   0.15613   0.20054   0.13184   0.12299   0.09259   0.01564   0.08783   0.07226  11.02110   1.21939   1.01267   1.47602   1.12554  
 16 41.9671   2250.490387  x:  0.00536   0.04981   0.01565   0.24598   0.18926   0.33452   0.06250   0.16223   0.10160   0.02038   0.10517   0.00233   0.00000   0.05496   0.19978   0.15804   0.19627   0.13581   0.11028   0.09394   0.01577   0.09075   0.07028  11.02248   1.22594   1.02396   1.48329   1.12476  
 17 19.2506   2250.196959  x:  0.00515   0.05098   0.01628   0.24673   0.18144   0.32815   0.06134   0.16334   0.10477   0.02089   0.10324   0.00243   0.00000   0.05462   0.19507   0.16879   0.18078   0.14102   0.11465   0.08970   0.01622   0.08599   0.07071  11.02487   1.21577   1.04790   1.45960   1.13024  
 18  7.7482   2250.007371  x:  0.00516   0.05233   0.01709   0.24179   0.17808   0.32585   0.05995   0.16350   0.10224   0.02185   0.10770   0.00251   0.00000   0.05670   0.19352   0.16753   0.18239   0.13791   0.11537   0.09612   0.01666   0.09413   0.07574  11.02656   1.20503   1.05767   1.43720   1.13569  
 19 16.8677   2249.738937  x:  0.00496   0.05265   0.01802   0.22743   0.18654   0.32053   0.06087   0.15803   0.10120   0.02269   0.10562   0.00260   0.00000   0.05543   0.19625   0.15874   0.19678   0.13769   0.11408   0.09149   0.01714   0.08896   0.07444  11.02905   1.18626   1.05625   1.40085   1.14531  
 20 18.4169   2249.480639  x:  0.00480   0.05320   0.01883   0.22701   0.19492   0.31274   0.06154   0.15631   0.11110   0.02269   0.09942   0.00270   0.00000   0.05519   0.20118   0.15268   0.18763   0.13507   0.11635   0.09463   0.01743   0.09239   0.07523  11.03175   1.16506   1.01762   1.36915   1.15659  
 21 11.9652   2249.263237  x:  0.00476   0.05419   0.01953   0.22880   0.19632   0.30639   0.05994   0.15665   0.10094   0.02392   0.10467   0.00276   0.00000   0.05527   0.20262   0.15301   0.18026   0.13438   0.11792   0.09054   0.01797   0.09074   0.07579  11.03407   1.14595   0.97887   1.34517   1.16566  
 22 34.2825   2249.172864  x:  0.00477   0.05454   0.01979   0.22742   0.18667   0.30326   0.05989   0.15535   0.10221   0.02413   0.10294   0.00280   0.00000   0.05529   0.19699   0.16043   0.18624   0.13887   0.11557   0.09217   0.01816   0.08966   0.07675  11.03514   1.13430   0.96051   1.33932   1.16807  
 23 11.1103   2249.150039  x:  0.00480   0.05457   0.01985   0.22726   0.18612   0.30320   0.05960   0.15609   0.10365   0.02409   0.10392   0.00281   0.00000   0.05506   0.19528   0.15952   0.18640   0.13974   0.11414   0.08870   0.01825   0.09254   0.07598  11.03550   1.12835   0.95899   1.34088   1.16676  
 24  2.9986   2249.050800  x:  0.00500   0.05467   0.02025   0.22764   0.18817   0.30462   0.05886   0.15865   0.10224   0.02431   0.10260   0.00285   0.00000   0.05490   0.19320   0.15454   0.18485   0.14055   0.11437   0.09178   0.01840   0.08945   0.07662  11.03723   1.10101   0.95761   1.35087   1.15780  
 25  6.2118   2248.949335  x:  0.00519   0.05451   0.02051   0.22705   0.18817   0.30471   0.06054   0.15231   0.10248   0.02455   0.10324   0.00288   0.00000   0.05444   0.20272   0.16119   0.18537   0.13418   0.11724   0.09075   0.01846   0.09071   0.07583  11.03910   1.08653   0.95710   1.35505   1.14703  
 26  6.0606   2247.639437  x:  0.00853   0.05391   0.02467   0.22923   0.17518   0.31491   0.05656   0.16605   0.10451   0.02546   0.10208   0.00343   0.00000   0.04863   0.21203   0.15556   0.18633   0.13633   0.11343   0.09101   0.02016   0.08930   0.07191  11.06357   1.09934   0.94274   1.31310   1.01089  
 27  3.9791   2247.347005  x:  0.00929   0.05385   0.02558   0.23672   0.18149   0.32078   0.05912   0.15240   0.10358   0.02625   0.10109   0.00355   0.00000   0.04787   0.19247   0.15702   0.18640   0.12579   0.11444   0.09057   0.02056   0.08882   0.07079  11.06868   1.10448   0.94248   1.30863   1.00751  
 28  9.6730   2245.650597  x:  0.01406   0.05216   0.03121   0.24364   0.16656   0.33960   0.05732   0.16017   0.10459   0.02808   0.09982   0.00427   0.00000   0.03926   0.20229   0.15401   0.18924   0.12030   0.11141   0.09004   0.02281   0.08697   0.06357  11.09932   1.13957   0.96306   1.33049   1.20059  
 29  8.5242   2243.342345  x:  0.01591   0.04302   0.04256   0.24170   0.13314   0.31829   0.06218   0.16440   0.10323   0.02976   0.10231   0.00566   0.00000   0.05912   0.20583   0.13264   0.18893   0.09314   0.11906   0.08987   0.02579   0.08570   0.05464  11.14023   1.15407   0.98643   1.39935   1.16294  
 30  0.0661   2242.907348  x:  0.01489   0.04272   0.04484   0.23950   0.12704   0.29671   0.05941   0.16022   0.10364   0.02849   0.10014   0.00613   0.00000   0.05047   0.20625   0.11835   0.18433   0.09257   0.12105   0.08973   0.02560   0.08431   0.05210  11.09589   1.13707   0.97184   1.37151   1.12974  
 31  0.0552   2242.765696  x:  0.01373   0.04448   0.04349   0.23802   0.12616   0.29938   0.05834   0.15911   0.10391   0.02555   0.09854   0.00627   0.00000   0.04750   0.20650   0.12463   0.18300   0.08559   0.11980   0.08958   0.02404   0.08353   0.05488  11.03275   1.13557   0.96656   1.35394   1.14321  
 32  0.0429   2242.638893  x:  0.01287   0.04556   0.04115   0.23701   0.12500   0.29994   0.05933   0.15811   0.10377   0.02152   0.09834   0.00654   0.00000   0.04879   0.20630   0.12233   0.18284   0.09281   0.11828   0.08898   0.02180   0.08328   0.05423  10.96417   1.14540   0.97093   1.35927   1.16534  
 33  0.0517   2242.575109  x:  0.01278   0.04570   0.04098   0.23891   0.12734   0.29843   0.05952   0.16031   0.10373   0.02021   0.10003   0.00703   0.00000   0.05055   0.20664   0.11859   0.18412   0.08772   0.12043   0.08967   0.02113   0.08395   0.05228  10.95837   1.14649   0.97499   1.37567   1.15786  
 34  0.0151   2242.500256  x:  0.01325   0.04599   0.04102   0.24017   0.11877   0.29884   0.05926   0.16099   0.10343   0.02072   0.10076   0.00799   0.00000   0.05163   0.20552   0.12115   0.18427   0.08920   0.12107   0.09080   0.02120   0.08401   0.05372  10.99217   1.14044   0.97576   1.38089   1.14142  
 35  0.0198   2242.354359  x:  0.01459   0.04628   0.03922   0.23695   0.12929   0.29764   0.05887   0.15876   0.10361   0.02173   0.09894   0.01023   0.00000   0.05080   0.20563   0.12176   0.18221   0.09126   0.12002   0.09047   0.02078   0.08300   0.05441  11.05808   1.13562   0.97111   1.36650   1.13411  
 36  0.0297   2242.309335  x:  0.01429   0.04623   0.03922   0.23890   0.12529   0.30455   0.05934   0.15999   0.10387   0.02129   0.09989   0.01130   0.00000   0.04925   0.20681   0.12126   0.18432   0.09015   0.11960   0.08969   0.02034   0.08427   0.05283  11.04197   1.13911   0.96949   1.36299   1.14553  
 37  0.0160   2242.287856  x:  0.01389   0.04557   0.03957   0.23972   0.12503   0.29900   0.05942   0.16046   0.10372   0.02175   0.10024   0.01215   0.00000   0.04980   0.20634   0.12179   0.18445   0.08981   0.11976   0.09006   0.02042   0.08396   0.05429  11.01971   1.14552   0.97409   1.37074   1.15399  
 38  0.0159   2242.275144  x:  0.01301   0.04540   0.04011   0.23875   0.12603   0.30116   0.05909   0.15993   0.10372   0.02235   0.09974   0.01265   0.00000   0.05001   0.20621   0.12164   0.18343   0.09045   0.11992   0.09017   0.02070   0.08352   0.05346  11.00257   1.14112   0.97235   1.36964   1.14980  
 39  0.0108   2242.272826  x:  0.01268   0.04546   0.04031   0.23880   0.12661   0.30070   0.05946   0.15991   0.10374   0.02211   0.09988   0.01256   0.00000   0.04985   0.20615   0.12200   0.18406   0.09065   0.11974   0.08997   0.02077   0.08416   0.05367  10.99748   1.14186   0.97257   1.36761   1.14983  
 40  0.0036   2242.271353  x:  0.01276   0.04531   0.04088   0.23893   0.12670   0.30116   0.05927   0.15998   0.10378   0.02189   0.09997   0.01240   0.00000   0.04998   0.20631   0.12209   0.18405   0.09066   0.11973   0.08994   0.02108   0.08380   0.05375  11.00911   1.14305   0.97277   1.36860   1.15061  
 41  0.0045   2242.270845  x:  0.01282   0.04532   0.04103   0.23890   0.12674   0.30092   0.05933   0.15999   0.10374   0.02173   0.09986   0.01255   0.00000   0.04987   0.20615   0.12219   0.18391   0.09077   0.11981   0.08995   0.02118   0.08401   0.05366  11.01348   1.14182   0.97261   1.36862   1.15000  
 42  0.0025   2242.270764  x:  0.01283   0.04537   0.04100   0.23886   0.12676   0.30112   0.05932   0.15996   0.10376   0.02169   0.09993   0.01261   0.00000   0.04991   0.20621   0.12208   0.18401   0.09073   0.11976   0.08995   0.02120   0.08396   0.05377  11.01227   1.14185   0.97255   1.36828   1.14993  
 43  0.0010   2242.270713  x:  0.01284   0.04538   0.04093   0.23889   0.12677   0.30101   0.05930   0.15997   0.10376   0.02167   0.09994   0.01262   0.00000   0.04993   0.20624   0.12222   0.18406   0.09072   0.11975   0.08991   0.02125   0.08393   0.05368  11.00933   1.14219   0.97263   1.36829   1.14983  
 44  0.0014   2242.270652  x:  0.01283   0.04536   0.04086   0.23889   0.12672   0.30104   0.05933   0.15998   0.10376   0.02167   0.09990   0.01260   0.00000   0.04990   0.20624   0.12209   0.18399   0.09070   0.11979   0.08991   0.02135   0.08397   0.05370  11.00553   1.14210   0.97253   1.36838   1.14974  
 45  0.0017   2242.270646  x:  0.01282   0.04536   0.04085   0.23888   0.12672   0.30105   0.05931   0.15997   0.10376   0.02166   0.09992   0.01260   0.00000   0.04991   0.20621   0.12212   0.18402   0.09070   0.11977   0.08991   0.02135   0.08395   0.05371  11.00681   1.14194   0.97256   1.36832   1.14989  
 46  0.0010   2242.270645  x:  0.01282   0.04535   0.04084   0.23888   0.12672   0.30105   0.05932   0.15997   0.10376   0.02166   0.09992   0.01260   0.00000   0.04991   0.20622   0.12212   0.18402   0.09070   0.11977   0.08991   0.02136   0.08396   0.05371  11.00907   1.14196   0.97255   1.36832   1.14995  
 47  0.0011   2242.270645  x:  0.01282   0.04536   0.04084   0.23888   0.12672   0.30105   0.05932   0.15997   0.10376   0.02166   0.09992   0.01260   0.00000   0.04990   0.20622   0.12211   0.18402   0.09070   0.11977   0.08991   0.02136   0.08395   0.05370  11.00926   1.14198   0.97256   1.36833   1.14993  
 48  0.0002   2242.270645  x:  0.01282   0.04536   0.04084   0.23888   0.12672   0.30105   0.05932   0.15997   0.10376   0.02166   0.09992   0.01260   0.00000   0.04990   0.20622   0.12211   0.18402   0.09070   0.11977   0.08991   0.02136   0.08395   0.05370  11.00926   1.14197   0.97256   1.36833   1.14993  
 49  0.0000   2242.270645  x:  0.01282   0.04536   0.04084   0.23888   0.12672   0.30105   0.05932   0.15997   0.10376   0.02166   0.09992   0.01260   0.00000   0.04990   0.20622   0.12211   0.18402   0.09070   0.11977   0.08991   0.02136   0.08395   0.05370  11.00926   1.14197   0.97256   1.36833   1.14993  