

TREE # 1

  0  0.0000   2859.223062  x:  0.30435   0.02010   0.07525   0.06835   0.07371   0.07039   0.02852   0.01900   0.05877   0.04826   0.01907   0.04119   0.06165   0.03094   0.02473   0.08776   0.06483   0.14110   0.07068   0.05124   0.07156   0.06432   0.03409   0.09050   0.00000   0.07613   0.04021   0.07274   0.05258   0.05595   0.02110   0.06175   0.03873   0.03529   0.03021   0.04527   0.06654   0.02430   0.08909   0.07231   0.11411   0.04591   0.03020   0.03300   0.03014   0.05885   0.09592   8.40433   1.09844   1.21177   1.66044   1.00000  
  1 99.0000   2859.220745  x:  0.30435   0.02010   0.07525   0.06835   0.07371   0.07039   0.02852   0.01899   0.05877   0.04826   0.01907   0.04119   0.06165   0.03094   0.02473   0.08776   0.06483   0.14110   0.07068   0.05124   0.07156   0.06432   0.03410   0.09050   0.00000   0.07613   0.04021   0.07274   0.05258   0.05595   0.02110   0.06175   0.03873   0.03529   0.03021   0.04527   0.06654   0.02430   0.08909   0.07231   0.11411   0.04591   0.03020   0.03300   0.03014   0.05885   0.09592   8.40433   1.09844   1.21177   1.66044   1.00000  
  2 647.3333   2828.676774  x:  0.31371   0.00180   0.07708   0.05959   0.07204   0.06140   0.02967   0.00000   0.04356   0.03387   0.00034   0.03283   0.06204   0.03103   0.02529   0.08357   0.06377   0.13712   0.07281   0.04881   0.06724   0.05788   0.03016   0.09081   0.00000   0.07839   0.02925   0.07193   0.05087   0.04436   0.01557   0.04930   0.04045   0.01611   0.01481   0.03772   0.05589   0.02267   0.08353   0.07449   0.10939   0.04636   0.02189   0.01416   0.03364   0.04419   0.09861   8.40267   1.09765   1.21269   1.66058   1.00300  
  3 1412.1643   2828.251518  x:  0.31382   0.00147   0.07701   0.05947   0.07203   0.06129   0.02971   0.00000   0.04332   0.03366   0.00000   0.03275   0.06204   0.03104   0.02531   0.08352   0.06372   0.13703   0.07284   0.04879   0.06720   0.05781   0.03017   0.09081   0.00000   0.07833   0.02910   0.07193   0.05087   0.04421   0.01573   0.04912   0.04054   0.01577   0.01457   0.03779   0.05572   0.02267   0.08344   0.07447   0.10931   0.04639   0.02180   0.01382   0.03369   0.04395   0.09862   8.40264   1.09763   1.21270   1.66059   1.00306  
  4 2811.7971   2826.859489  x:  0.31411   0.00000   0.07675   0.05916   0.07205   0.06101   0.02979   0.00000   0.04245   0.03297   0.00000   0.03273   0.06202   0.03107   0.02540   0.08339   0.06363   0.13673   0.07290   0.04879   0.06717   0.05770   0.03052   0.09078   0.00000   0.07809   0.02874   0.07199   0.05093   0.04380   0.01533   0.04859   0.04111   0.01421   0.01353   0.03856   0.05504   0.02275   0.08319   0.07436   0.10904   0.04658   0.02162   0.01231   0.03379   0.04297   0.09854   8.40251   1.09753   1.21273   1.66069   1.00327  
  5 2611.5338   2819.287918  x:  0.31482   0.00000   0.07739   0.05878   0.07254   0.06073   0.02914   0.00000   0.03758   0.03019   0.00000   0.03451   0.06187   0.03114   0.02519   0.08343   0.06506   0.13542   0.07312   0.04890   0.06785   0.05789   0.03125   0.09060   0.00000   0.07863   0.02887   0.07251   0.05147   0.04303   0.01539   0.04660   0.04624   0.00133   0.00409   0.03894   0.04962   0.02297   0.08227   0.07411   0.10870   0.04778   0.02168   0.00000   0.03347   0.03668   0.09768   8.40147   1.09662   1.21290   1.66188   1.00488  
  6 1716.2612   2818.729533  x:  0.31487   0.00000   0.07745   0.05876   0.07257   0.06072   0.02912   0.00000   0.03717   0.02999   0.00000   0.03462   0.06187   0.03114   0.02518   0.08343   0.06509   0.13532   0.07314   0.04889   0.06790   0.05790   0.03117   0.09059   0.00000   0.07869   0.02889   0.07253   0.05149   0.04298   0.01539   0.04646   0.04668   0.00000   0.00307   0.03910   0.04904   0.02291   0.08222   0.07412   0.10867   0.04784   0.02164   0.00000   0.03350   0.03616   0.09763   8.40136   1.09653   1.21291   1.66201   1.00503  
  7 8608.1293   2817.704684  x:  0.31501   0.00000   0.07761   0.05869   0.07264   0.06067   0.02908   0.00000   0.03607   0.02945   0.00000   0.03486   0.06186   0.03113   0.02515   0.08342   0.06515   0.13503   0.07318   0.04887   0.06801   0.05792   0.03110   0.09057   0.00000   0.07887   0.02891   0.07257   0.05153   0.04285   0.01539   0.04606   0.04796   0.00000   0.00000   0.03950   0.04733   0.02279   0.08207   0.07414   0.10858   0.04800   0.02147   0.00000   0.03360   0.03473   0.09754   8.40106   1.09627   1.21294   1.66240   1.00548  
  8 56137.1330   2813.347851  x:  0.31693   0.00000   0.07843   0.05710   0.07196   0.05879   0.02737   0.00000   0.03169   0.02809   0.00000   0.03248   0.06177   0.03156   0.02485   0.08282   0.07088   0.13304   0.07372   0.04813   0.06667   0.05613   0.02748   0.09085   0.00000   0.07969   0.02604   0.07164   0.05133   0.04062   0.01553   0.04356   0.06983   0.00000   0.00000   0.04271   0.01335   0.02589   0.08137   0.07387   0.10643   0.04979   0.01797   0.00000   0.03116   0.03106   0.09882   8.39630   1.09324   1.21195   1.66912   1.01160  
  9 257.6376   2808.958263  x:  0.32180   0.00000   0.08654   0.05289   0.06745   0.05424   0.02914   0.00000   0.02507   0.03284   0.00000   0.01718   0.06303   0.03046   0.02400   0.07952   0.06814   0.12922   0.07299   0.04758   0.06052   0.05244   0.03592   0.09299   0.00000   0.08917   0.01840   0.06305   0.04617   0.03698   0.01574   0.04089   0.12939   0.00000   0.00000   0.04126   0.02283   0.01763   0.08279   0.07920   0.10060   0.04729   0.00445   0.00000   0.03871   0.02850   0.10791   8.37482   1.08024   1.20770   1.70054   1.03791  
 10 82.3100   2807.650641  x:  0.32615   0.00000   0.09031   0.04875   0.06463   0.04995   0.03033   0.00000   0.02336   0.03391   0.00000   0.01082   0.06381   0.03067   0.02412   0.07677   0.06553   0.12762   0.07308   0.04669   0.05596   0.04886   0.03872   0.09421   0.00000   0.09409   0.01316   0.05849   0.04323   0.03299   0.01595   0.03840   0.15062   0.00000   0.00000   0.04105   0.02577   0.01805   0.08277   0.08271   0.09695   0.04472   0.01794   0.00000   0.04161   0.02914   0.11348   8.36311   1.07396   1.20579   1.71709   1.05173  
 11 271.8255   2805.429681  x:  0.33747   0.00000   0.09348   0.03789   0.06051   0.03958   0.03135   0.00000   0.02563   0.03213   0.00000   0.03058   0.06472   0.03241   0.02547   0.07050   0.06280   0.12511   0.07485   0.04411   0.04731   0.04009   0.03958   0.09595   0.00000   0.09901   0.00841   0.05345   0.04068   0.02270   0.01621   0.03214   0.16586   0.00000   0.00000   0.04105   0.02982   0.02908   0.08029   0.08759   0.08937   0.03886   0.01996   0.00000   0.03965   0.03710   0.12228   8.33961   1.06384   1.20302   1.74838   1.07781  
 12 155.6812   2801.038591  x:  0.36282   0.00000   0.09070   0.02102   0.06175   0.02732   0.02798   0.00000   0.02908   0.01683   0.00000   0.02337   0.06349   0.03191   0.02662   0.06149   0.07387   0.11802   0.08144   0.04081   0.04446   0.03053   0.04315   0.09619   0.00000   0.09275   0.03091   0.05847   0.04761   0.01342   0.01617   0.01893   0.15823   0.00000   0.00000   0.03930   0.03158   0.02991   0.06940   0.08466   0.07770   0.04064   0.01937   0.00000   0.02549   0.05092   0.12686   8.28810   1.04724   1.19976   1.81141   1.13127  
 13 145.0983   2796.618126  x:  0.38546   0.00000   0.09180   0.02538   0.06360   0.02935   0.02621   0.00000   0.02553   0.00260   0.00000   0.02070   0.06247   0.03282   0.02644   0.05754   0.07926   0.11234   0.08638   0.03883   0.04666   0.02974   0.05103   0.09530   0.00000   0.08872   0.01832   0.06204   0.04907   0.02271   0.01585   0.01588   0.13677   0.00000   0.00000   0.03458   0.02746   0.03256   0.06210   0.08010   0.07398   0.04400   0.01759   0.00000   0.02916   0.05699   0.12532   8.24362   1.03674   1.19911   1.86146   1.17503  
 14 239.1886   2793.400986  x:  0.40901   0.00000   0.09150   0.02758   0.06600   0.03009   0.02466   0.00000   0.01702   0.01113   0.00000   0.01752   0.06133   0.03344   0.02626   0.05444   0.08489   0.10583   0.09132   0.03710   0.04941   0.02893   0.05893   0.09401   0.00000   0.08457   0.00463   0.06660   0.05103   0.02533   0.01562   0.01195   0.11178   0.00000   0.00000   0.02970   0.02299   0.03498   0.05389   0.07541   0.07076   0.04886   0.01543   0.00000   0.03117   0.05660   0.12185   8.19991   1.02755   1.19939   1.90883   1.21753  
 15 889.1323   2791.644278  x:  0.42313   0.00000   0.08825   0.02874   0.06441   0.03148   0.02881   0.00000   0.00959   0.01141   0.00000   0.01564   0.06175   0.03363   0.02667   0.05718   0.08000   0.10333   0.09143   0.03746   0.04877   0.02982   0.06748   0.09335   0.00000   0.08682   0.00852   0.06558   0.04672   0.01689   0.01571   0.02458   0.09383   0.00000   0.00000   0.02459   0.01723   0.03985   0.05430   0.07696   0.07290   0.05057   0.01368   0.00000   0.03621   0.05010   0.11843   8.17195   1.02595   1.20149   1.93421   1.24209  
 16 216.9453   2790.842841  x:  0.42729   0.00000   0.08409   0.02741   0.06242   0.03235   0.02961   0.00000   0.01848   0.01021   0.00000   0.01357   0.06237   0.03233   0.02649   0.06318   0.07684   0.10489   0.08827   0.03915   0.04818   0.03123   0.06994   0.09310   0.00000   0.08760   0.00540   0.06349   0.04341   0.01271   0.01571   0.02311   0.08624   0.00000   0.00000   0.02253   0.01527   0.04111   0.06067   0.07932   0.07788   0.05162   0.01229   0.00000   0.03186   0.03863   0.11459   8.15482   1.03011   1.20496   1.94393   1.25358  
 17 97.5458   2790.461772  x:  0.42981   0.00000   0.08229   0.02660   0.05997   0.03026   0.02979   0.00000   0.01957   0.01124   0.00000   0.01273   0.06291   0.03288   0.02692   0.06478   0.07541   0.10809   0.08540   0.03972   0.04508   0.02996   0.07159   0.09361   0.00000   0.08601   0.00821   0.06069   0.04101   0.01841   0.01566   0.01903   0.08258   0.00000   0.00000   0.02137   0.01421   0.04379   0.06394   0.08075   0.08022   0.05069   0.01160   0.00000   0.03238   0.03254   0.11467   8.14301   1.03617   1.20833   1.94722   1.25929  
 18 80.8509   2789.345974  x:  0.43204   0.00000   0.07950   0.02811   0.05574   0.02723   0.02649   0.00000   0.01455   0.01054   0.00000   0.01000   0.06327   0.03414   0.02742   0.06397   0.08392   0.12703   0.07619   0.04056   0.03785   0.02747   0.06975   0.09644   0.00000   0.07284   0.00584   0.05578   0.04389   0.01638   0.01555   0.02254   0.07919   0.00000   0.00000   0.02143   0.01562   0.04790   0.07008   0.07907   0.08812   0.04689   0.01040   0.00000   0.03302   0.02495   0.12042   8.09658   1.06824   1.22347   1.95195   1.27444  
 19 64.3956   2787.383034  x:  0.44133   0.00000   0.06980   0.02387   0.05745   0.03183   0.03035   0.00000   0.01106   0.00997   0.00000   0.01339   0.06280   0.03109   0.02620   0.05530   0.08531   0.15762   0.07230   0.04225   0.04214   0.03272   0.07335   0.10003   0.00000   0.07249   0.00661   0.05664   0.04353   0.01069   0.01562   0.01269   0.07766   0.00000   0.00000   0.01989   0.01292   0.04273   0.06618   0.07664   0.10225   0.04612   0.01131   0.00000   0.04093   0.02394   0.13271   8.00391   1.13448   1.25441   1.95636   1.30027  
 20 144.7922   2785.636814  x:  0.45683   0.00000   0.06407   0.01706   0.06172   0.02681   0.03265   0.00000   0.01159   0.00969   0.00000   0.01286   0.06217   0.03233   0.02677   0.05129   0.08064   0.17445   0.07859   0.04162   0.04597   0.03067   0.07431   0.10011   0.00000   0.07471   0.00312   0.06236   0.04158   0.01721   0.01556   0.02073   0.08029   0.00000   0.00000   0.02003   0.01311   0.04230   0.05455   0.07900   0.11128   0.04934   0.01100   0.00000   0.03464   0.02054   0.13818   7.91456   1.19524   1.28396   1.95934   1.32393  
 21 276.3223   2783.736891  x:  0.48158   0.00000   0.06729   0.03137   0.06495   0.02518   0.03195   0.00000   0.01688   0.01013   0.00000   0.01093   0.06195   0.03561   0.02834   0.05268   0.07176   0.18232   0.09103   0.03762   0.04683   0.02471   0.07531   0.09707   0.00000   0.07000   0.00557   0.06674   0.03783   0.01392   0.01569   0.01940   0.08548   0.00000   0.00000   0.02101   0.01397   0.04619   0.04230   0.08276   0.11710   0.05246   0.01038   0.00000   0.03127   0.01975   0.13900   7.80544   1.26472   1.31888   1.96300   1.35158  
 22 388.9665   2780.359092  x:  0.53178   0.00000   0.06950   0.02256   0.06279   0.03516   0.02608   0.00000   0.01250   0.01055   0.00000   0.01198   0.06351   0.03103   0.02559   0.07050   0.07149   0.16547   0.11351   0.02879   0.04330   0.02260   0.07532   0.08512   0.00000   0.06562   0.00589   0.06546   0.04158   0.01479   0.01573   0.01795   0.09223   0.00000   0.00000   0.02413   0.01552   0.04404   0.05985   0.08986   0.11529   0.05121   0.01136   0.00000   0.03597   0.03467   0.12495   7.60391   1.37656   1.37874   1.97229   1.39740  
 23 272.2451   2778.255708  x:  0.55474   0.00000   0.06684   0.02907   0.05727   0.02328   0.03228   0.00000   0.01429   0.01074   0.00000   0.01332   0.06377   0.03588   0.02801   0.06608   0.07859   0.14086   0.11094   0.04338   0.04553   0.03066   0.07051   0.08358   0.00000   0.07382   0.00609   0.05592   0.04313   0.01511   0.01577   0.01901   0.09203   0.00000   0.00000   0.02596   0.01593   0.03708   0.06659   0.08252   0.10784   0.04378   0.01209   0.00000   0.03674   0.03979   0.11424   7.47374   1.43089   1.41214   1.98273   1.42149  
 24 220.0637   2775.411407  x:  0.56306   0.00000   0.08028   0.02479   0.05698   0.03949   0.03404   0.00000   0.01745   0.01117   0.00000   0.01239   0.06265   0.03245   0.02823   0.04938   0.07371   0.10289   0.08162   0.04875   0.04003   0.02912   0.06692   0.09388   0.00000   0.07919   0.00714   0.05050   0.04045   0.01647   0.01572   0.02191   0.08497   0.00000   0.00000   0.02745   0.01506   0.03617   0.06305   0.07158   0.09075   0.04104   0.01142   0.00000   0.02979   0.03820   0.10894   7.29011   1.48150   1.45091   2.00459   1.44645  
 25 211.8997   2771.597892  x:  0.54514   0.00000   0.08937   0.02490   0.06207   0.02866   0.02946   0.00000   0.01895   0.01084   0.00000   0.01071   0.06223   0.03212   0.02770   0.05902   0.06881   0.06938   0.05056   0.04308   0.04085   0.03588   0.06351   0.10671   0.00000   0.08932   0.00661   0.06317   0.04390   0.01544   0.01559   0.02080   0.07072   0.00000   0.00000   0.02895   0.01283   0.03826   0.06139   0.07939   0.06077   0.05073   0.00995   0.00000   0.03936   0.03797   0.11237   7.04742   1.52432   1.49273   2.04176   1.47040  
 26 304.8311   2765.761959  x:  0.49820   0.00000   0.10026   0.02503   0.05634   0.03124   0.03630   0.00000   0.01136   0.00980   0.00000   0.00666   0.06378   0.03396   0.03073   0.06329   0.06521   0.04899   0.07140   0.05003   0.03734   0.03465   0.06157   0.11703   0.00000   0.09983   0.00504   0.06029   0.03787   0.01409   0.01553   0.01634   0.04383   0.00000   0.00000   0.03099   0.00962   0.03938   0.06592   0.07915   0.02360   0.05269   0.00695   0.00000   0.03494   0.02828   0.11730   6.67975   1.55822   1.54406   2.10719   1.49693  
 27 397.5165   2762.012700  x:  0.47396   0.00000   0.10580   0.02220   0.05253   0.02466   0.03886   0.00000   0.01019   0.00918   0.00000   0.00712   0.06429   0.03308   0.03229   0.06111   0.06376   0.02995   0.08216   0.04668   0.03304   0.02611   0.06331   0.11690   0.00000   0.10057   0.00412   0.05787   0.03786   0.01232   0.01551   0.01408   0.02778   0.00000   0.00000   0.03276   0.00620   0.03355   0.06433   0.07733   0.03827   0.05459   0.00615   0.00000   0.04039   0.02349   0.11868   6.41843   1.56912   1.57490   2.15723   1.51321  
 28 746.8500   2755.460523  x:  0.48354   0.00000   0.10121   0.01949   0.04924   0.02349   0.03946   0.00000   0.01683   0.00966   0.00000   0.00404   0.06428   0.03150   0.03050   0.05177   0.06801   0.04621   0.08017   0.03060   0.03688   0.02068   0.05956   0.10345   0.00000   0.10659   0.00467   0.05332   0.03494   0.01104   0.01568   0.01536   0.01036   0.00000   0.00000   0.03808   0.00475   0.03476   0.05926   0.07628   0.03934   0.05042   0.00373   0.00000   0.05373   0.00972   0.10179   5.99395   1.56029   1.61647   2.24323   1.53705  
 29 606.9310   2753.606748  x:  0.49581   0.00000   0.09897   0.02184   0.04821   0.02545   0.04107   0.00000   0.01030   0.00921   0.00000   0.00592   0.06533   0.03168   0.02988   0.05694   0.06597   0.05226   0.07530   0.03791   0.03311   0.02316   0.05739   0.10427   0.00000   0.10281   0.00369   0.05802   0.02797   0.01150   0.01579   0.01373   0.00592   0.00000   0.00000   0.03947   0.00420   0.02768   0.05925   0.08208   0.04321   0.05146   0.00428   0.00000   0.04653   0.01101   0.10591   5.86258   1.55330   1.62884   2.26941   1.54105  
 30 456.1754   2753.025259  x:  0.50057   0.00000   0.09774   0.02188   0.04819   0.02762   0.04286   0.00000   0.00795   0.00910   0.00000   0.00373   0.06571   0.03228   0.02963   0.05890   0.06534   0.05287   0.07489   0.04191   0.03307   0.02590   0.05442   0.10689   0.00000   0.10336   0.00358   0.06092   0.02821   0.01169   0.01577   0.01218   0.00544   0.00000   0.00000   0.04031   0.00526   0.03295   0.05980   0.08299   0.04722   0.05147   0.00343   0.00000   0.04514   0.01139   0.10864   5.81896   1.55053   1.63370   2.27768   1.54037  
 31 372.5363   2752.224834  x:  0.51145   0.00000   0.10094   0.02038   0.04765   0.02904   0.04658   0.00000   0.01216   0.00964   0.00000   0.00404   0.06652   0.03146   0.02890   0.06184   0.06511   0.05442   0.07831   0.04819   0.03183   0.02717   0.05376   0.11743   0.00000   0.10092   0.00423   0.06620   0.03515   0.01236   0.01571   0.01353   0.00498   0.00000   0.00000   0.04072   0.00487   0.03360   0.06115   0.08152   0.04828   0.05102   0.00337   0.00000   0.04900   0.00619   0.11570   5.75244   1.54574   1.64393   2.28813   1.53329  
 32 186.8157   2750.129393  x:  0.52928   0.00000   0.10342   0.01919   0.04876   0.02403   0.05179   0.00000   0.01079   0.00954   0.00000   0.00447   0.06626   0.02790   0.02831   0.06910   0.06720   0.06009   0.08149   0.04663   0.03720   0.02027   0.05296   0.15161   0.00000   0.09918   0.00415   0.07042   0.02350   0.01164   0.01590   0.01303   0.00683   0.00000   0.00000   0.04230   0.00542   0.03358   0.06743   0.07063   0.05258   0.05515   0.00342   0.00000   0.05125   0.00609   0.10952   5.56568   1.53276   1.68400   2.30919   1.49618  
 33 173.3608   2747.101449  x:  0.54899   0.00000   0.09910   0.02313   0.04904   0.02288   0.05294   0.00000   0.00391   0.00884   0.00000   0.00472   0.06540   0.03453   0.02940   0.06941   0.05963   0.06626   0.08405   0.03456   0.03449   0.02423   0.05472   0.18533   0.00000   0.10190   0.00307   0.06052   0.03513   0.01170   0.01583   0.00993   0.00812   0.00000   0.00000   0.04267   0.00422   0.02790   0.06933   0.07635   0.05783   0.05639   0.00336   0.00000   0.04219   0.00689   0.09976   5.29907   1.51401   1.74384   2.33419   1.43747  
 34 512.0078   2744.454962  x:  0.56187   0.00000   0.08781   0.02370   0.04922   0.02795   0.04677   0.00000   0.00528   0.00899   0.00000   0.00500   0.06483   0.03743   0.02937   0.06567   0.06730   0.06258   0.08751   0.03260   0.03115   0.02865   0.05321   0.19333   0.00000   0.09910   0.00320   0.05264   0.02888   0.01135   0.01604   0.01075   0.00926   0.00000   0.00000   0.04370   0.00498   0.02575   0.06278   0.09094   0.05873   0.05864   0.00318   0.00000   0.04467   0.00196   0.10369   5.08244   1.49919   1.79294   2.35005   1.38817  
 35 602.7465   2740.685392  x:  0.57534   0.00000   0.08858   0.01827   0.04382   0.02959   0.03316   0.00000   0.00382   0.00852   0.00000   0.00437   0.06625   0.02922   0.02642   0.06552   0.06245   0.06732   0.08330   0.06103   0.03473   0.02098   0.05085   0.17715   0.00000   0.09425   0.00258   0.04159   0.03235   0.00984   0.01606   0.00944   0.01147   0.00000   0.00000   0.04434   0.00366   0.02722   0.04914   0.10809   0.05841   0.06709   0.00239   0.00000   0.05225   0.00311   0.09847   4.71088   1.46839   1.88165   2.36434   1.30871  
 36 670.4006   2737.074403  x:  0.58532   0.00000   0.09858   0.01538   0.04307   0.02544   0.03421   0.00000   0.00290   0.00819   0.00000   0.00363   0.06796   0.02867   0.02753   0.06067   0.05606   0.07144   0.07866   0.06713   0.02227   0.02950   0.05090   0.13995   0.00000   0.09445   0.00237   0.05451   0.02908   0.00879   0.01616   0.00806   0.01352   0.00000   0.00000   0.04438   0.00244   0.02775   0.05302   0.09928   0.05714   0.06880   0.00187   0.00000   0.05139   0.00108   0.10505   4.38716   1.43967   1.95733   2.36787   1.24487  
 37 643.4933   2734.946900  x:  0.59299   0.00000   0.10038   0.01528   0.03865   0.02988   0.05243   0.00000   0.00375   0.00817   0.00000   0.00414   0.07072   0.03801   0.03007   0.06736   0.06167   0.07337   0.07164   0.06428   0.01812   0.02238   0.05019   0.11778   0.00000   0.09923   0.00208   0.05204   0.03200   0.00916   0.01625   0.00698   0.01426   0.00000   0.00000   0.04517   0.00314   0.02646   0.05332   0.09242   0.05569   0.08570   0.00182   0.00000   0.05022   0.00194   0.11825   4.16461   1.41226   2.01227   2.35627   1.21576  
 38 475.9464   2733.691700  x:  0.59860   0.00000   0.10319   0.01688   0.03959   0.02837   0.05940   0.00000   0.00263   0.00818   0.00000   0.00432   0.07174   0.03541   0.02975   0.06838   0.06183   0.07193   0.06877   0.05847   0.03003   0.02062   0.05085   0.10669   0.00000   0.09694   0.00218   0.04544   0.03296   0.01002   0.01625   0.00730   0.01375   0.00000   0.00000   0.04512   0.00314   0.02726   0.05831   0.09079   0.05470   0.08734   0.00178   0.00000   0.04511   0.00121   0.13393   4.02933   1.39395   2.04284   2.34434   1.20389  
 39 510.7450   2731.609541  x:  0.60389   0.00000   0.10643   0.01737   0.04706   0.02310   0.06198   0.00000   0.00393   0.00832   0.00000   0.00414   0.06982   0.02389   0.02464   0.06663   0.06259   0.07216   0.07167   0.05417   0.02795   0.03249   0.05073   0.10485   0.00000   0.09216   0.00265   0.03778   0.03064   0.01088   0.01636   0.00856   0.01354   0.00000   0.00000   0.04545   0.00295   0.02933   0.05789   0.09095   0.05515   0.08685   0.00166   0.00000   0.04296   0.00289   0.14377   3.79625   1.35473   2.09563   2.30763   1.20106  
 40 386.6328   2727.346707  x:  0.60912   0.00000   0.09471   0.02268   0.04549   0.02570   0.04574   0.00000   0.00483   0.00863   0.00000   0.00329   0.06384   0.03019   0.02024   0.05819   0.06240   0.06928   0.07504   0.05147   0.03456   0.02423   0.05500   0.10886   0.00000   0.09563   0.00297   0.05867   0.02947   0.01070   0.01680   0.01013   0.01409   0.00000   0.00000   0.04482   0.00191   0.02563   0.06643   0.09593   0.05666   0.05579   0.00198   0.00000   0.04166   0.00441   0.15737   3.33919   1.28165   2.18507   2.22926   1.20393  
 41 634.8768   2726.283014  x:  0.61085   0.00000   0.09113   0.02369   0.04016   0.02696   0.03484   0.00000   0.00434   0.00866   0.00000   0.00338   0.06787   0.02357   0.03553   0.06456   0.06203   0.06886   0.07523   0.04940   0.03373   0.02528   0.05559   0.11031   0.00000   0.10194   0.00302   0.05831   0.03022   0.01105   0.01697   0.01076   0.01400   0.00000   0.00000   0.04496   0.00209   0.02456   0.06130   0.08895   0.05671   0.05036   0.00214   0.00000   0.04097   0.00436   0.16212   3.21450   1.27178   2.18799   2.21156   1.20563  
 42 199.0125   2724.388667  x:  0.61159   0.00000   0.09508   0.01705   0.04733   0.02784   0.02221   0.00000   0.00501   0.00855   0.00000   0.00333   0.07349   0.03771   0.03724   0.07332   0.05856   0.06874   0.07518   0.05112   0.03541   0.02925   0.05575   0.11210   0.00000   0.10367   0.00370   0.04993   0.02763   0.00942   0.01731   0.01066   0.01357   0.00000   0.00000   0.04514   0.00193   0.02283   0.05637   0.07924   0.05676   0.04680   0.00208   0.00000   0.04319   0.00435   0.16413   2.99431   1.26588   2.16850   2.18429   1.20930  
 43 283.2007   2716.552991  x:  0.60856   0.00000   0.09821   0.02035   0.05241   0.02528   0.02853   0.00000   0.00302   0.00825   0.00000   0.00386   0.07928   0.02999   0.01464   0.07646   0.06307   0.06503   0.07326   0.05285   0.02785   0.02312   0.05803   0.11702   0.00000   0.11491   0.00338   0.04763   0.03118   0.00983   0.01810   0.00962   0.01325   0.00000   0.00000   0.04742   0.00313   0.02345   0.05163   0.08090   0.05262   0.04435   0.00254   0.00000   0.04133   0.00301   0.15473   2.19278   1.26261   2.06674   2.09102   1.22052  
 44 740.5820   2715.143730  x:  0.60801   0.00000   0.10818   0.01656   0.04793   0.02530   0.03331   0.00000   0.00371   0.00836   0.00000   0.00401   0.07422   0.03319   0.02669   0.06933   0.06531   0.06565   0.07317   0.05367   0.03200   0.02725   0.05781   0.11954   0.00000   0.11122   0.00347   0.05027   0.02975   0.00930   0.01838   0.00912   0.01341   0.00000   0.00000   0.04783   0.00318   0.02379   0.05536   0.09069   0.05280   0.05034   0.00250   0.00000   0.04267   0.00338   0.14806   2.02184   1.26158   2.04372   2.06971   1.22359  
 45 595.7582   2715.042263  x:  0.60904   0.00000   0.10747   0.01730   0.04658   0.02480   0.02989   0.00000   0.00375   0.00842   0.00000   0.00408   0.06988   0.03328   0.02605   0.06701   0.06385   0.06577   0.07388   0.05419   0.03155   0.02708   0.05758   0.11983   0.00000   0.11266   0.00363   0.04966   0.02981   0.00919   0.01840   0.00950   0.01326   0.00000   0.00000   0.04796   0.00333   0.02390   0.05808   0.08958   0.05253   0.05506   0.00246   0.00000   0.04281   0.00336   0.14963   2.01454   1.26117   2.04062   2.06729   1.22298  
 46 19.4671   2714.329758  x:  0.61314   0.00000   0.10841   0.01770   0.05597   0.02531   0.03146   0.00000   0.00346   0.00830   0.00000   0.00391   0.05387   0.03204   0.03081   0.07084   0.06573   0.06547   0.07307   0.05603   0.02931   0.02355   0.05824   0.11908   0.00000   0.11624   0.00348   0.04746   0.03070   0.00927   0.01857   0.00904   0.01318   0.00000   0.00000   0.04821   0.00315   0.02363   0.05852   0.09020   0.05195   0.05069   0.00246   0.00000   0.04314   0.00313   0.15100   2.01384   1.25659   2.00595   2.03863   1.20573  
 47  7.5411   2706.231299  x:  0.65575   0.00000   0.12783   0.01365   0.03083   0.02484   0.03021   0.00000   0.00323   0.00785   0.00000   0.00412   0.03757   0.03381   0.01717   0.07716   0.07430   0.05845   0.07088   0.05021   0.03479   0.03305   0.06122   0.12610   0.00000   0.12893   0.00366   0.04797   0.02817   0.00911   0.02055   0.00835   0.01413   0.00000   0.00000   0.05173   0.00290   0.02220   0.04617   0.09358   0.04676   0.04184   0.00272   0.00000   0.03962   0.00359   0.15697   2.03199   1.20412   1.63907   1.72507   1.02362  
 48 141.8170   2700.982517  x:  0.68773   0.00000   0.13668   0.01704   0.04434   0.02376   0.02430   0.00000   0.00291   0.00766   0.00000   0.00414   0.05968   0.03193   0.02198   0.06470   0.08120   0.05458   0.07101   0.05318   0.03325   0.02830   0.06352   0.13215   0.00000   0.14384   0.00381   0.04898   0.02939   0.00882   0.02196   0.00836   0.01432   0.00000   0.00000   0.05427   0.00281   0.02169   0.05672   0.10233   0.04254   0.04788   0.00270   0.00000   0.03908   0.00381   0.16061   2.04685   1.16525   1.37588   1.49991   0.89497  
 49 1094.9784   2690.101729  x:  0.63853   0.00000   0.16125   0.01787   0.05113   0.03013   0.01225   0.00000   0.00266   0.00832   0.00000   0.00673   0.05657   0.03181   0.01816   0.05816   0.08633   0.06868   0.06467   0.07143   0.03523   0.03996   0.05175   0.10245   0.00000   0.16160   0.00503   0.06100   0.03268   0.01153   0.02483   0.00996   0.02077   0.00000   0.00000   0.06211   0.00489   0.01573   0.06158   0.12388   0.05197   0.03594   0.00396   0.00000   0.03445   0.00400   0.15752   2.33799   1.15894   1.19538   1.55566   1.19104  
 50  7.8070   2687.755169  x:  0.63053   0.00000   0.17063   0.01595   0.05575   0.02601   0.00840   0.00000   0.00407   0.00785   0.00000   0.00773   0.05502   0.03261   0.01804   0.05073   0.08547   0.06567   0.06633   0.07036   0.03812   0.03975   0.05396   0.09333   0.00000   0.16353   0.00517   0.06821   0.03475   0.01045   0.02523   0.00966   0.01986   0.00000   0.00000   0.05961   0.00708   0.01700   0.06304   0.12623   0.04937   0.02495   0.00518   0.00000   0.03497   0.00394   0.14385   2.40773   1.16066   1.29732   1.63382   1.08983  
 51  3.0845   2681.965259  x:  0.57600   0.00000   0.19720   0.01772   0.06065   0.02714   0.02646   0.00000   0.00801   0.00737   0.00000   0.00872   0.05823   0.03417   0.01472   0.05382   0.09864   0.06489   0.06692   0.06566   0.04143   0.04105   0.05557   0.08540   0.00000   0.18881   0.00687   0.06938   0.04167   0.01123   0.02767   0.01316   0.01982   0.00000   0.00000   0.06191   0.00805   0.02713   0.05924   0.12348   0.04609   0.04532   0.00966   0.00000   0.03162   0.00272   0.11302   2.55286   1.14420   1.39202   1.72792   1.06424  
 52  1.2583   2679.707774  x:  0.56813   0.00000   0.20678   0.02481   0.05909   0.02888   0.02458   0.00000   0.00911   0.00679   0.00000   0.00924   0.06384   0.03258   0.01433   0.05803   0.10707   0.05855   0.07243   0.05308   0.04401   0.03929   0.04866   0.09282   0.00000   0.20677   0.00630   0.06745   0.04227   0.01333   0.02812   0.01434   0.02093   0.00000   0.00000   0.06372   0.00714   0.02414   0.05594   0.12022   0.04095   0.04444   0.00736   0.00000   0.03169   0.00322   0.12338   2.39723   1.23258   1.40406   1.94706   1.00201  
 53  0.9004   2677.023458  x:  0.52406   0.00000   0.22501   0.02969   0.05786   0.02686   0.02179   0.00000   0.00964   0.00626   0.00000   0.01108   0.06884   0.03350   0.01596   0.06097   0.11831   0.05335   0.08340   0.03520   0.04641   0.03320   0.05431   0.11601   0.00000   0.22988   0.00591   0.06471   0.04337   0.01449   0.02904   0.01408   0.02069   0.00000   0.00000   0.06681   0.00790   0.02452   0.05150   0.12023   0.03524   0.04127   0.00396   0.00000   0.03309   0.00317   0.12605   2.36946   1.16020   1.39269   1.78644   1.09706  
 54  0.9728   2675.066430  x:  0.54076   0.00000   0.24483   0.02601   0.06034   0.02345   0.02099   0.00000   0.00710   0.00617   0.00000   0.01058   0.06986   0.03344   0.01741   0.05815   0.12346   0.04379   0.09099   0.02782   0.04699   0.02947   0.05728   0.10490   0.00000   0.24806   0.00772   0.06441   0.04222   0.01323   0.02886   0.01494   0.02173   0.00000   0.00000   0.07063   0.00951   0.01014   0.05186   0.12117   0.02372   0.04806   0.00684   0.00000   0.03349   0.00407   0.13482   2.32208   1.13541   1.37820   1.73131   1.07276  
 55  0.1803   2672.293308  x:  0.58259   0.00000   0.28009   0.02361   0.06368   0.02471   0.01681   0.00000   0.00253   0.00621   0.00000   0.01269   0.06990   0.03427   0.01878   0.05600   0.13215   0.02051   0.09978   0.02335   0.04769   0.02686   0.06061   0.08181   0.00000   0.28776   0.00952   0.06475   0.03801   0.01270   0.02879   0.01473   0.02386   0.00000   0.00000   0.07873   0.01135   0.02343   0.05375   0.12027   0.00000   0.05279   0.00942   0.00000   0.03731   0.00581   0.14166   2.20182   1.11151   1.30502   1.61029   1.04722  
 56  0.4830   2671.215027  x:  0.61086   0.00000   0.29456   0.02439   0.06418   0.02518   0.01837   0.00000   0.00608   0.00610   0.00000   0.01298   0.06950   0.03303   0.01740   0.05840   0.12867   0.01172   0.09798   0.02902   0.04932   0.02498   0.06091   0.08487   0.00000   0.30298   0.00929   0.06224   0.03949   0.01279   0.02840   0.01246   0.02526   0.00000   0.00000   0.08186   0.01223   0.02264   0.05578   0.12064   0.00000   0.04938   0.00968   0.00000   0.03585   0.00557   0.14091   2.18232   1.10869   1.25873   1.56419   1.05117  
 57  0.2438   2670.108978  x:  0.62244   0.00000   0.29365   0.02369   0.06418   0.02676   0.02152   0.00000   0.00624   0.00627   0.00000   0.01324   0.06785   0.03366   0.01744   0.05914   0.12363   0.01992   0.09173   0.04090   0.04792   0.02737   0.05883   0.10242   0.00000   0.29889   0.00954   0.06182   0.03984   0.01242   0.02775   0.01269   0.02672   0.00000   0.00000   0.08253   0.01285   0.02101   0.05785   0.12436   0.00000   0.04310   0.00885   0.00000   0.03197   0.00563   0.13795   2.27072   1.14409   1.30192   1.63448   1.06400  
 58  0.3028   2669.748552  x:  0.62465   0.00000   0.30013   0.02364   0.06333   0.02709   0.02070   0.00000   0.00537   0.00635   0.00000   0.01357   0.06751   0.03348   0.01724   0.05929   0.12417   0.01311   0.08736   0.04101   0.04741   0.02824   0.05871   0.10673   0.00000   0.30444   0.00960   0.06240   0.03916   0.01273   0.02731   0.01356   0.02724   0.00000   0.00000   0.08289   0.01344   0.01860   0.05613   0.12388   0.00000   0.04384   0.00743   0.00000   0.03091   0.00594   0.13126   2.30773   1.17747   1.34211   1.69584   1.06390  
 59  0.1687   2669.577951  x:  0.62074   0.00000   0.30165   0.02517   0.06111   0.02631   0.01940   0.00000   0.00669   0.00615   0.00000   0.01349   0.06715   0.03248   0.01610   0.06102   0.12152   0.01553   0.08407   0.03894   0.04694   0.02859   0.05867   0.10365   0.00000   0.30549   0.00848   0.06101   0.03955   0.01326   0.02671   0.01263   0.02795   0.00000   0.00000   0.08335   0.01370   0.01810   0.05251   0.12174   0.00000   0.04474   0.00670   0.00000   0.03294   0.00577   0.12913   2.32434   1.18837   1.35767   1.71287   1.07810  
 60  0.0542   2669.492113  x:  0.62094   0.00000   0.30635   0.02458   0.05984   0.02538   0.02077   0.00000   0.00670   0.00612   0.00000   0.01365   0.06604   0.03283   0.01635   0.05958   0.11882   0.01475   0.08388   0.03690   0.04579   0.02828   0.05869   0.10405   0.00000   0.30823   0.00790   0.06005   0.03935   0.01273   0.02607   0.01298   0.02887   0.00000   0.00000   0.08450   0.01457   0.01820   0.05281   0.12152   0.00000   0.04140   0.00623   0.00000   0.03324   0.00592   0.13195   2.33566   1.17866   1.35247   1.69904   1.07747  
 61  0.0258   2669.429138  x:  0.61724   0.00000   0.30963   0.02357   0.05891   0.02553   0.01901   0.00000   0.00662   0.00625   0.00000   0.01350   0.06511   0.03269   0.01645   0.05923   0.11853   0.01446   0.08441   0.03778   0.04423   0.02839   0.05954   0.10504   0.00000   0.31035   0.00763   0.05924   0.03958   0.01277   0.02573   0.01268   0.02984   0.00000   0.00000   0.08549   0.01525   0.01901   0.05330   0.12080   0.00000   0.04389   0.00667   0.00000   0.03197   0.00602   0.13339   2.33204   1.17197   1.35281   1.68665   1.07817  
 62  0.0226   2669.381787  x:  0.61557   0.00000   0.31000   0.02261   0.05901   0.02620   0.01921   0.00000   0.00633   0.00641   0.00000   0.01340   0.06464   0.03275   0.01697   0.05981   0.11854   0.01508   0.08573   0.03901   0.04325   0.02837   0.06022   0.10183   0.00000   0.30889   0.00748   0.06108   0.03974   0.01274   0.02559   0.01285   0.03096   0.00000   0.00000   0.08605   0.01610   0.01900   0.05352   0.12025   0.00000   0.04339   0.00628   0.00000   0.03260   0.00622   0.13136   2.30962   1.17741   1.35123   1.69343   1.07259  
 63  0.0190   2669.340396  x:  0.61711   0.00000   0.30823   0.02273   0.05908   0.02610   0.01945   0.00000   0.00632   0.00639   0.00000   0.01294   0.06573   0.03294   0.01687   0.05935   0.11938   0.01523   0.08636   0.03698   0.04324   0.02797   0.05961   0.10459   0.00000   0.30546   0.00735   0.06126   0.03962   0.01273   0.02580   0.01207   0.03191   0.00000   0.00000   0.08655   0.01710   0.01969   0.05404   0.12030   0.00000   0.04382   0.00668   0.00000   0.03298   0.00639   0.13026   2.31217   1.17938   1.35095   1.70492   1.07178  
 64  0.0074   2669.313402  x:  0.61709   0.00000   0.30635   0.02368   0.05922   0.02627   0.01948   0.00000   0.00627   0.00628   0.00000   0.01260   0.06651   0.03312   0.01674   0.06050   0.12038   0.01514   0.08525   0.03728   0.04326   0.02794   0.05912   0.10395   0.00000   0.30260   0.00734   0.06089   0.03957   0.01269   0.02606   0.01291   0.03279   0.00000   0.00000   0.08670   0.01789   0.01932   0.05331   0.12041   0.00000   0.04359   0.00667   0.00000   0.03189   0.00651   0.13063   2.31612   1.17762   1.35382   1.69823   1.07596  
 65  0.0092   2669.302947  x:  0.61644   0.00000   0.30552   0.02371   0.05957   0.02592   0.01949   0.00000   0.00627   0.00631   0.00000   0.01256   0.06611   0.03279   0.01657   0.05959   0.12079   0.01479   0.08506   0.03807   0.04366   0.02784   0.05915   0.10374   0.00000   0.30183   0.00750   0.06044   0.03959   0.01298   0.02614   0.01269   0.03308   0.00000   0.00000   0.08672   0.01835   0.01897   0.05350   0.12047   0.00000   0.04388   0.00656   0.00000   0.03287   0.00657   0.13122   2.32035   1.17640   1.35150   1.69376   1.07588  
 66  0.0063   2669.299014  x:  0.61581   0.00000   0.30494   0.02358   0.05967   0.02583   0.01948   0.00000   0.00641   0.00629   0.00000   0.01263   0.06577   0.03247   0.01660   0.05960   0.12077   0.01488   0.08496   0.03775   0.04409   0.02770   0.05949   0.10347   0.00000   0.30191   0.00766   0.06003   0.03974   0.01288   0.02616   0.01257   0.03312   0.00000   0.00000   0.08663   0.01857   0.01898   0.05370   0.12019   0.00000   0.04380   0.00647   0.00000   0.03222   0.00658   0.13132   2.31714   1.17705   1.34904   1.69429   1.07444  
 67  0.0045   2669.296370  x:  0.61646   0.00000   0.30480   0.02360   0.05968   0.02608   0.01940   0.00000   0.00649   0.00630   0.00000   0.01274   0.06560   0.03250   0.01672   0.05983   0.12078   0.01489   0.08514   0.03772   0.04438   0.02794   0.05947   0.10377   0.00000   0.30239   0.00769   0.05956   0.03975   0.01281   0.02612   0.01281   0.03308   0.00000   0.00000   0.08652   0.01878   0.01913   0.05360   0.11988   0.00000   0.04374   0.00656   0.00000   0.03262   0.00658   0.13122   2.31427   1.17565   1.34833   1.69383   1.07334  
 68  0.0032   2669.293713  x:  0.61628   0.00000   0.30442   0.02359   0.05944   0.02595   0.01945   0.00000   0.00650   0.00631   0.00000   0.01296   0.06592   0.03261   0.01663   0.05976   0.12064   0.01489   0.08533   0.03789   0.04454   0.02813   0.05927   0.10353   0.00000   0.30311   0.00779   0.05969   0.03955   0.01290   0.02602   0.01270   0.03292   0.00000   0.00000   0.08617   0.01905   0.01915   0.05367   0.11995   0.00000   0.04357   0.00660   0.00000   0.03248   0.00660   0.13103   2.31437   1.17729   1.35246   1.69606   1.07592  
 69  0.0027   2669.292221  x:  0.61629   0.00000   0.30412   0.02354   0.05935   0.02581   0.01936   0.00000   0.00647   0.00629   0.00000   0.01307   0.06589   0.03261   0.01670   0.05968   0.12059   0.01494   0.08524   0.03784   0.04440   0.02794   0.05933   0.10375   0.00000   0.30344   0.00775   0.06004   0.03955   0.01282   0.02601   0.01281   0.03272   0.00000   0.00000   0.08585   0.01926   0.01905   0.05349   0.12013   0.00000   0.04379   0.00658   0.00000   0.03249   0.00659   0.13088   2.31713   1.17666   1.35038   1.69528   1.07514  
 70  0.0023   2669.291523  x:  0.61630   0.00000   0.30393   0.02362   0.05940   0.02607   0.01940   0.00000   0.00644   0.00630   0.00000   0.01309   0.06584   0.03257   0.01666   0.05968   0.12057   0.01494   0.08513   0.03779   0.04420   0.02792   0.05934   0.10363   0.00000   0.30361   0.00768   0.06001   0.03955   0.01288   0.02605   0.01273   0.03261   0.00000   0.00000   0.08568   0.01935   0.01899   0.05360   0.12015   0.00000   0.04373   0.00663   0.00000   0.03247   0.00659   0.13125   2.31600   1.17639   1.34975   1.69512   1.07526  
 71  0.0011   2669.291316  x:  0.61629   0.00000   0.30389   0.02362   0.05946   0.02595   0.01942   0.00000   0.00643   0.00631   0.00000   0.01306   0.06584   0.03258   0.01665   0.05984   0.12067   0.01492   0.08510   0.03783   0.04411   0.02793   0.05932   0.10361   0.00000   0.30365   0.00765   0.05994   0.03965   0.01286   0.02609   0.01273   0.03252   0.00000   0.00000   0.08562   0.01937   0.01906   0.05361   0.12014   0.00000   0.04372   0.00664   0.00000   0.03251   0.00658   0.13126   2.31530   1.17677   1.34993   1.69523   1.07544  
 72  0.0006   2669.291184  x:  0.61641   0.00000   0.30390   0.02361   0.05946   0.02599   0.01943   0.00000   0.00644   0.00631   0.00000   0.01302   0.06585   0.03259   0.01665   0.05975   0.12075   0.01492   0.08507   0.03784   0.04410   0.02798   0.05929   0.10364   0.00000   0.30368   0.00764   0.05991   0.03969   0.01288   0.02611   0.01272   0.03242   0.00000   0.00000   0.08563   0.01939   0.01909   0.05361   0.12016   0.00000   0.04374   0.00659   0.00000   0.03248   0.00658   0.13111   2.31558   1.17648   1.35015   1.69505   1.07517  
 73  0.0003   2669.291100  x:  0.61637   0.00000   0.30400   0.02359   0.05944   0.02601   0.01943   0.00000   0.00644   0.00630   0.00000   0.01297   0.06587   0.03258   0.01668   0.05974   0.12074   0.01493   0.08513   0.03786   0.04414   0.02797   0.05929   0.10359   0.00000   0.30372   0.00765   0.05990   0.03965   0.01285   0.02609   0.01272   0.03236   0.00000   0.00000   0.08569   0.01941   0.01909   0.05358   0.12020   0.00000   0.04375   0.00659   0.00000   0.03249   0.00659   0.13125   2.31610   1.17681   1.35018   1.69543   1.07541  
 74  0.0004   2669.291071  x:  0.61637   0.00000   0.30405   0.02359   0.05943   0.02600   0.01943   0.00000   0.00644   0.00630   0.00000   0.01295   0.06586   0.03258   0.01665   0.05978   0.12071   0.01493   0.08513   0.03785   0.04416   0.02796   0.05931   0.10363   0.00000   0.30373   0.00765   0.05994   0.03964   0.01287   0.02608   0.01273   0.03234   0.00000   0.00000   0.08573   0.01943   0.01907   0.05358   0.12020   0.00000   0.04373   0.00659   0.00000   0.03248   0.00659   0.13122   2.31566   1.17660   1.35000   1.69516   1.07528  
 75  0.0005   2669.291065  x:  0.61636   0.00000   0.30404   0.02361   0.05943   0.02600   0.01942   0.00000   0.00644   0.00631   0.00000   0.01294   0.06585   0.03258   0.01667   0.05977   0.12069   0.01493   0.08511   0.03784   0.04416   0.02796   0.05931   0.10362   0.00000   0.30370   0.00766   0.05995   0.03964   0.01287   0.02608   0.01273   0.03233   0.00000   0.00000   0.08575   0.01943   0.01907   0.05360   0.12018   0.00000   0.04373   0.00660   0.00000   0.03249   0.00660   0.13120   2.31564   1.17664   1.35010   1.69523   1.07532  
 76  0.0001   2669.291061  x:  0.61634   0.00000   0.30403   0.02361   0.05944   0.02600   0.01942   0.00000   0.00644   0.00630   0.00000   0.01295   0.06585   0.03258   0.01665   0.05976   0.12068   0.01493   0.08510   0.03784   0.04415   0.02797   0.05930   0.10361   0.00000   0.30367   0.00766   0.05995   0.03965   0.01286   0.02608   0.01273   0.03232   0.00000   0.00000   0.08577   0.01943   0.01907   0.05360   0.12018   0.00000   0.04373   0.00660   0.00000   0.03249   0.00660   0.13121   2.31563   1.17666   1.35014   1.69528   1.07532  
 77  0.0001   2669.291059  x:  0.61635   0.00000   0.30404   0.02361   0.05944   0.02600   0.01942   0.00000   0.00644   0.00630   0.00000   0.01296   0.06585   0.03258   0.01666   0.05977   0.12068   0.01493   0.08511   0.03784   0.04414   0.02797   0.05931   0.10361   0.00000   0.30365   0.00766   0.05994   0.03965   0.01287   0.02608   0.01273   0.03231   0.00000   0.00000   0.08579   0.01943   0.01907   0.05359   0.12018   0.00000   0.04373   0.00660   0.00000   0.03249   0.00660   0.13121   2.31572   1.17665   1.35009   1.69525   1.07530  
 78  0.0001   2669.291058  x:  0.61635   0.00000   0.30404   0.02361   0.05944   0.02600   0.01942   0.00000   0.00644   0.00630   0.00000   0.01296   0.06586   0.03258   0.01666   0.05977   0.12069   0.01493   0.08512   0.03784   0.04414   0.02797   0.05931   0.10362   0.00000   0.30364   0.00766   0.05994   0.03965   0.01287   0.02608   0.01273   0.03231   0.00000   0.00000   0.08580   0.01943   0.01907   0.05360   0.12018   0.00000   0.04373   0.00660   0.00000   0.03249   0.00660   0.13121   2.31568   1.17666   1.35009   1.69525   1.07532  
 79  0.0000   2669.291058  x:  0.61635   0.00000   0.30405   0.02361   0.05944   0.02600   0.01942   0.00000   0.00644   0.00630   0.00000   0.01296   0.06585   0.03258   0.01666   0.05977   0.12069   0.01493   0.08511   0.03784   0.04414   0.02797   0.05931   0.10362   0.00000   0.30364   0.00766   0.05994   0.03965   0.01287   0.02608   0.01273   0.03231   0.00000   0.00000   0.08580   0.01943   0.01907   0.05359   0.12018   0.00000   0.04373   0.00660   0.00000   0.03249   0.00660   0.13121   2.31567   1.17665   1.35010   1.69525   1.07530  
 80  0.0000   2669.291058  x:  0.61635   0.00000   0.30405   0.02361   0.05944   0.02600   0.01942   0.00000   0.00644   0.00630   0.00000   0.01296   0.06585   0.03258   0.01666   0.05977   0.12069   0.01493   0.08511   0.03784   0.04415   0.02797   0.05931   0.10362   0.00000   0.30363   0.00766   0.05994   0.03965   0.01287   0.02608   0.01273   0.03231   0.00000   0.00000   0.08580   0.01943   0.01907   0.05359   0.12018   0.00000   0.04373   0.00660   0.00000   0.03249   0.00660   0.13121   2.31567   1.17666   1.35010   1.69525   1.07531  
 81  0.0000   2669.291058  x:  0.61635   0.00000   0.30405   0.02361   0.05944   0.02600   0.01942   0.00000   0.00644   0.00630   0.00000   0.01296   0.06585   0.03258   0.01666   0.05977   0.12069   0.01493   0.08511   0.03784   0.04415   0.02797   0.05931   0.10362   0.00000   0.30363   0.00766   0.05994   0.03965   0.01287   0.02608   0.01273   0.03231   0.00000   0.00000   0.08580   0.01943   0.01907   0.05359   0.12018   0.00000   0.04373   0.00660   0.00000   0.03249   0.00660   0.13121   2.31567   1.17666   1.35010   1.69525   1.07531  
 82  0.0000   2669.291058  x:  0.61635   0.00000   0.30405   0.02361   0.05944   0.02600   0.01942   0.00000   0.00644   0.00630   0.00000   0.01296   0.06585   0.03258   0.01666   0.05977   0.12069   0.01493   0.08511   0.03784   0.04415   0.02797   0.05931   0.10362   0.00000   0.30363   0.00766   0.05994   0.03965   0.01287   0.02608   0.01273   0.03231   0.00000   0.00000   0.08580   0.01943   0.01907   0.05359   0.12018   0.00000   0.04373   0.00660   0.00000   0.03249   0.00660   0.13121   2.31567   1.17666   1.35010   1.69525   1.07531  
 83  0.0000   2669.291058  x:  0.61635   0.00000   0.30405   0.02361   0.05944   0.02600   0.01942   0.00000   0.00644   0.00630   0.00000   0.01296   0.06585   0.03258   0.01666   0.05977   0.12069   0.01493   0.08511   0.03784   0.04415   0.02797   0.05931   0.10362   0.00000   0.30363   0.00766   0.05994   0.03965   0.01287   0.02608   0.01273   0.03231   0.00000   0.00000   0.08580   0.01943   0.01907   0.05359   0.12018   0.00000   0.04373   0.00660   0.00000   0.03249   0.00660   0.13121   2.31567   1.17666   1.35010   1.69525   1.07531  
 84  0.0000   2669.291058  x:  0.61635   0.00000   0.30405   0.02361   0.05944   0.02600   0.01942   0.00000   0.00644   0.00630   0.00000   0.01296   0.06585   0.03258   0.01666   0.05977   0.12069   0.01493   0.08511   0.03784   0.04415   0.02797   0.05931   0.10362   0.00000   0.30363   0.00766   0.05994   0.03965   0.01287   0.02608   0.01273   0.03231   0.00000   0.00000   0.08580   0.01943   0.01907   0.05359   0.12018   0.00000   0.04373   0.00660   0.00000   0.03249   0.00660   0.13121   2.31567   1.17666   1.35010   1.69525   1.07531  

TREE # 2

  0  0.0000   2870.163948  x:  0.02141   0.07704   0.03521   0.02650   0.04453   0.05717   0.07388   0.05061   0.03920   0.02080   0.08193   0.03137   0.04084   0.05058   0.07732   0.08173   0.11407   0.08211   0.05744   0.01868   0.01477   0.06375   0.10435   0.00000   0.05489   0.09342   0.08161   0.01327   0.08860   0.08249   0.07535   0.02000   0.06940   0.08805   0.02880   0.05328   0.05214   0.07411   0.09360   0.08385   0.07053   0.05606   0.08617   0.06203   0.01665   0.10021   0.13438   2.31567   1.12253   1.31607   1.55061   1.07531  
  1 99.0000   2870.159486  x:  0.02141   0.07704   0.03521   0.02650   0.04453   0.05717   0.07388   0.05061   0.03920   0.02080   0.08193   0.03137   0.04084   0.05058   0.07732   0.08173   0.11407   0.08211   0.05744   0.01868   0.01477   0.06375   0.10435   0.00000   0.05489   0.09342   0.08161   0.01328   0.08860   0.08249   0.07535   0.02000   0.06940   0.08805   0.02880   0.05328   0.05214   0.07411   0.09360   0.08385   0.07053   0.05606   0.08617   0.06203   0.01665   0.10021   0.13438   2.31567   1.12253   1.31607   1.55061   1.07531  
  2 897.2352   2839.537325  x:  0.00543   0.09216   0.02584   0.02718   0.04308   0.04518   0.06399   0.03927   0.03461   0.00429   0.06742   0.03286   0.03657   0.04308   0.07344   0.08712   0.11100   0.07510   0.04460   0.00214   0.01053   0.05050   0.10768   0.00000   0.06618   0.08368   0.07783   0.00773   0.07624   0.06603   0.06059   0.01088   0.05303   0.07435   0.02746   0.04799   0.04260   0.07207   0.09687   0.08761   0.07249   0.05272   0.07910   0.05546   0.00000   0.09979   0.16083   2.31556   1.12213   1.31626   1.55123   1.07526  
  3 1401.1315   2834.491292  x:  0.00337   0.09386   0.02463   0.02666   0.04291   0.04367   0.06275   0.03784   0.03409   0.00214   0.06553   0.03233   0.03599   0.04213   0.07294   0.08777   0.11056   0.07424   0.04294   0.00000   0.00945   0.04878   0.10809   0.00000   0.06674   0.08241   0.07735   0.00648   0.07466   0.06390   0.05869   0.00980   0.05091   0.07259   0.02651   0.04735   0.04138   0.07180   0.09729   0.08798   0.07278   0.05225   0.07822   0.05460   0.00015   0.09973   0.16356   2.31555   1.12208   1.31627   1.55132   1.07526  
  4 5823.7093   2830.516698  x:  0.00130   0.09502   0.02352   0.02591   0.04280   0.04228   0.06161   0.03656   0.03375   0.00000   0.06364   0.03145   0.03549   0.04130   0.07246   0.08831   0.11009   0.07347   0.04141   0.00000   0.00978   0.04716   0.10844   0.00000   0.06629   0.08116   0.07697   0.00776   0.07317   0.06181   0.05687   0.00920   0.04879   0.07088   0.02551   0.04685   0.04028   0.07153   0.09765   0.08813   0.07300   0.05196   0.07747   0.05405   0.00018   0.09968   0.16512   2.31554   1.12202   1.31629   1.55141   1.07525  
  5 3131.1597   2828.690369  x:  0.00000   0.09532   0.02296   0.02586   0.04278   0.04154   0.06101   0.03593   0.03371   0.00000   0.06249   0.03132   0.03529   0.04090   0.07220   0.08854   0.10980   0.07308   0.04056   0.00000   0.01065   0.04623   0.10860   0.00000   0.06570   0.08044   0.07678   0.00748   0.07228   0.06047   0.05577   0.00935   0.04748   0.06986   0.02571   0.04666   0.03973   0.07139   0.09784   0.08809   0.07304   0.05197   0.07712   0.05400   0.00018   0.09966   0.16530   2.31553   1.12198   1.31630   1.55149   1.07525  
  6 2237.4527   2788.060469  x:  0.00000   0.09817   0.00700   0.03330   0.04299   0.01853   0.04229   0.01752   0.03536   0.00000   0.02208   0.03828   0.03102   0.02966   0.06368   0.09463   0.10020   0.06237   0.01078   0.00000   0.00358   0.01318   0.11370   0.00000   0.04760   0.05640   0.07132   0.01130   0.04236   0.01240   0.01751   0.02099   0.00000   0.03477   0.04268   0.04265   0.02346   0.06690   0.10309   0.08502   0.07310   0.05565   0.06673   0.05673   0.00020   0.09933   0.15938   2.31521   1.12021   1.31661   1.55464   1.07506  
  7 3077.0192   2781.457309  x:  0.00000   0.09641   0.00866   0.03419   0.04328   0.01652   0.03985   0.01689   0.03742   0.00000   0.01235   0.04114   0.02999   0.02894   0.06238   0.09503   0.09884   0.06195   0.00632   0.00000   0.00435   0.00710   0.11459   0.00000   0.05184   0.05218   0.07058   0.01142   0.03652   0.00000   0.00996   0.02206   0.00000   0.02755   0.03893   0.04289   0.02258   0.06639   0.10365   0.08445   0.07297   0.05645   0.06540   0.05696   0.00020   0.09937   0.15527   2.31511   1.11966   1.31666   1.55569   1.07505  
  8 900.5260   2778.538641  x:  0.00000   0.09610   0.00755   0.03417   0.04344   0.01668   0.03791   0.01726   0.04002   0.00000   0.00000   0.04233   0.02738   0.02826   0.06132   0.09543   0.09727   0.06198   0.01033   0.00000   0.00422   0.00945   0.11554   0.00000   0.05373   0.04776   0.06979   0.01157   0.03114   0.00000   0.00810   0.02250   0.00000   0.02124   0.03812   0.04301   0.02231   0.06578   0.10434   0.08382   0.07275   0.05723   0.06420   0.05704   0.00020   0.09945   0.15378   2.31498   1.11895   1.31669   1.55709   1.07503  
  9 348.4160   2777.530158  x:  0.00000   0.09689   0.00957   0.03368   0.04358   0.01864   0.03570   0.01859   0.04693   0.00000   0.00000   0.04454   0.01930   0.02765   0.05976   0.09602   0.09403   0.06216   0.00693   0.00000   0.00424   0.01198   0.11722   0.00000   0.05443   0.03960   0.06847   0.01175   0.02374   0.00000   0.01477   0.02237   0.00000   0.01428   0.03812   0.04328   0.02299   0.06453   0.10574   0.08237   0.07231   0.05837   0.06227   0.05660   0.00022   0.09966   0.15315   2.31465   1.11721   1.31662   1.56068   1.07501  
 10 171.3254   2777.118496  x:  0.00000   0.09794   0.00868   0.03362   0.04360   0.01963   0.03518   0.01921   0.05313   0.00000   0.00000   0.04466   0.01759   0.02779   0.05890   0.09625   0.09053   0.06277   0.00945   0.00000   0.00428   0.00744   0.11878   0.00000   0.05509   0.03271   0.06754   0.01187   0.02230   0.00000   0.01610   0.02174   0.00000   0.01798   0.03855   0.04365   0.02425   0.06319   0.10720   0.08071   0.07185   0.05924   0.06068   0.05579   0.00023   0.09997   0.15341   2.31420   1.11482   1.31651   1.56577   1.07499  
 11 63.2555   2776.690657  x:  0.00000   0.09937   0.00741   0.03368   0.04358   0.01966   0.03514   0.01921   0.06041   0.00000   0.00000   0.04386   0.02102   0.02831   0.05807   0.09644   0.08535   0.06394   0.00701   0.00000   0.00433   0.01075   0.12092   0.00000   0.05659   0.02554   0.06652   0.01205   0.02372   0.00000   0.01385   0.02098   0.00000   0.02139   0.03898   0.04409   0.02553   0.06125   0.10936   0.07821   0.07124   0.06032   0.05853   0.05467   0.00025   0.10047   0.15380   2.31338   1.11066   1.31632   1.57481   1.07495  
 12 79.1316   2775.947183  x:  0.00000   0.10381   0.01488   0.03335   0.04325   0.01708   0.03642   0.01684   0.06946   0.00000   0.00000   0.04293   0.02266   0.02944   0.05766   0.09683   0.07515   0.06585   0.00921   0.00000   0.00412   0.01042   0.12447   0.00000   0.05588   0.02814   0.06557   0.01258   0.02975   0.00000   0.01132   0.02007   0.00000   0.01728   0.04141   0.04389   0.02516   0.05784   0.11370   0.07328   0.07051   0.06136   0.05492   0.05279   0.00030   0.10160   0.15685   2.31108   1.09942   1.31587   1.60020   1.07482  
 13 62.2177   2774.524388  x:  0.00000   0.10696   0.00515   0.03391   0.04304   0.01704   0.03833   0.01741   0.07595   0.00000   0.00000   0.04516   0.02059   0.02931   0.05901   0.09637   0.06465   0.06837   0.00753   0.00000   0.00464   0.00864   0.12778   0.00000   0.05856   0.03915   0.06568   0.01319   0.03262   0.00000   0.01167   0.02004   0.00000   0.01386   0.04049   0.04337   0.02346   0.05590   0.11814   0.06774   0.07015   0.06192   0.05205   0.05159   0.00032   0.10310   0.15782   2.30695   1.08021   1.31531   1.64512   1.07452  
 14 136.0119   2771.524219  x:  0.00000   0.11253   0.00974   0.03632   0.04281   0.01818   0.03354   0.01809   0.06791   0.00000   0.00000   0.04582   0.01794   0.02398   0.06046   0.09716   0.06142   0.06773   0.00630   0.00000   0.00464   0.01241   0.12963   0.00000   0.06070   0.04766   0.06699   0.01528   0.01541   0.00000   0.00765   0.02199   0.00000   0.02590   0.04173   0.03983   0.01529   0.06065   0.12127   0.06512   0.07159   0.06095   0.05156   0.05353   0.00029   0.10485   0.16139   2.29668   1.03630   1.31502   1.75400   1.07348  
 15 181.6360   2767.013828  x:  0.00000   0.11503   0.00942   0.03729   0.04270   0.01514   0.02342   0.01472   0.04090   0.00000   0.00000   0.04797   0.02747   0.01977   0.05816   0.09962   0.07635   0.06071   0.00767   0.00000   0.00503   0.00765   0.12702   0.00000   0.06478   0.03053   0.06721   0.01799   0.01969   0.00000   0.01804   0.02244   0.00000   0.01731   0.04367   0.03740   0.02351   0.06970   0.11780   0.07178   0.07376   0.05954   0.05624   0.05682   0.00021   0.10486   0.16633   2.28017   0.97321   1.31672   1.92406   1.07141  
 16 342.3064   2765.598317  x:  0.00000   0.11293   0.00874   0.03847   0.04230   0.01774   0.03283   0.01746   0.03464   0.00000   0.00000   0.04867   0.01810   0.02585   0.05649   0.10011   0.08447   0.05664   0.00670   0.00000   0.00512   0.00783   0.12349   0.00000   0.06248   0.02250   0.06617   0.01904   0.02446   0.00000   0.01051   0.01913   0.00000   0.01475   0.04614   0.03932   0.02281   0.06805   0.11285   0.07729   0.07288   0.05906   0.05848   0.05584   0.00020   0.10299   0.17163   2.27510   0.96125   1.31928   1.97286   1.07048  
 17 201.1227   2764.151447  x:  0.00000   0.10318   0.00753   0.03862   0.04160   0.01222   0.03477   0.01190   0.04627   0.00000   0.00000   0.04992   0.02034   0.02823   0.05264   0.10000   0.09789   0.04970   0.00715   0.00000   0.00541   0.00817   0.11572   0.00000   0.06125   0.02562   0.06253   0.02019   0.01988   0.00000   0.01074   0.01278   0.00000   0.01450   0.04794   0.04317   0.02180   0.05680   0.10184   0.08835   0.06829   0.05931   0.05873   0.05325   0.00023   0.09722   0.17843   2.26999   0.97110   1.32805   2.01265   1.06871  
 18 73.5861   2762.961866  x:  0.00000   0.10065   0.00793   0.03834   0.04155   0.01989   0.02749   0.02093   0.05306   0.00000   0.00000   0.04904   0.02302   0.02298   0.05148   0.10075   0.10562   0.04571   0.00633   0.00000   0.00535   0.00656   0.11216   0.00000   0.06011   0.02805   0.06013   0.02141   0.02224   0.00000   0.00764   0.01518   0.00000   0.01230   0.05010   0.04145   0.01998   0.05049   0.09727   0.09640   0.06490   0.05941   0.05427   0.05223   0.00028   0.09296   0.18625   2.26556   0.99343   1.34005   2.04149   1.06669  
 19 104.8993   2758.507556  x:  0.00000   0.10290   0.00815   0.04302   0.04248   0.01185   0.02140   0.01468   0.05574   0.00000   0.00000   0.05631   0.01100   0.01610   0.05648   0.10299   0.11554   0.04759   0.00723   0.00000   0.00579   0.01053   0.11381   0.00000   0.06452   0.02590   0.05970   0.02511   0.03287   0.00000   0.00503   0.02963   0.00000   0.01716   0.04693   0.03106   0.01959   0.05522   0.10195   0.11088   0.06039   0.06122   0.03680   0.05112   0.00044   0.08694   0.19528   2.25123   1.09702   1.39000   2.12170   1.05918  
 20 144.9348   2751.856592  x:  0.00000   0.11559   0.00770   0.04811   0.04262   0.01687   0.03882   0.01035   0.04796   0.00000   0.00000   0.06218   0.02570   0.02678   0.06282   0.10728   0.11923   0.05226   0.00755   0.00000   0.00685   0.00586   0.12269   0.00000   0.06968   0.01969   0.06145   0.03177   0.02236   0.00000   0.01136   0.04079   0.00000   0.01123   0.04942   0.02547   0.01076   0.06624   0.11662   0.12460   0.05957   0.06429   0.02444   0.04391   0.00063   0.08409   0.21322   2.22733   1.28046   1.47863   2.25113   1.04646  
 21 606.5085   2746.316149  x:  0.00000   0.12809   0.00697   0.04754   0.04141   0.00986   0.03873   0.01686   0.03729   0.00000   0.00000   0.06247   0.02658   0.02806   0.06100   0.11047   0.11268   0.05287   0.00515   0.00000   0.00731   0.00376   0.13186   0.00000   0.07463   0.02086   0.06264   0.03737   0.01192   0.00000   0.00699   0.03675   0.00000   0.00903   0.06023   0.03773   0.03078   0.07073   0.12883   0.12525   0.06407   0.06683   0.04518   0.03950   0.00054   0.08826   0.22902   2.20749   1.43836   1.55664   2.35662   1.03601  
 22 721.4202   2742.571896  x:  0.00000   0.13030   0.00713   0.04834   0.04036   0.01985   0.02939   0.00675   0.02604   0.00000   0.00000   0.06623   0.02404   0.02546   0.05108   0.11153   0.10210   0.04553   0.00497   0.00000   0.00759   0.00379   0.13530   0.00000   0.08131   0.01846   0.06231   0.03990   0.01673   0.00000   0.00711   0.01802   0.00000   0.01001   0.06561   0.04610   0.02184   0.06692   0.12995   0.11387   0.07046   0.06482   0.05964   0.05007   0.00028   0.09548   0.22995   2.19672   1.52889   1.60479   2.41317   1.03057  
 23 411.5936   2741.584401  x:  0.00000   0.13087   0.00734   0.04986   0.04029   0.01476   0.02758   0.01233   0.02255   0.00000   0.00000   0.06782   0.02428   0.02530   0.04806   0.11175   0.09881   0.04224   0.00546   0.00000   0.00774   0.00394   0.13521   0.00000   0.08285   0.01675   0.06224   0.04055   0.01844   0.00000   0.00899   0.00955   0.00000   0.01036   0.06683   0.04553   0.01588   0.06606   0.12824   0.10789   0.07276   0.06279   0.06162   0.05416   0.00021   0.09808   0.22910   2.19400   1.55322   1.61917   2.42752   1.02928  
 24 355.8618   2740.731348  x:  0.00000   0.13467   0.00721   0.05211   0.04076   0.01502   0.02987   0.01174   0.02380   0.00000   0.00000   0.06604   0.02436   0.02599   0.04760   0.11145   0.09809   0.03649   0.00533   0.00000   0.00771   0.00369   0.12885   0.00000   0.08568   0.01617   0.06243   0.04133   0.01703   0.00000   0.00827   0.00844   0.00000   0.00936   0.06848   0.03461   0.02056   0.06763   0.11540   0.09119   0.07722   0.05435   0.06192   0.05787   0.00017   0.10283   0.23060   2.19339   1.56659   1.63563   2.43174   1.02955  
 25 65.6195   2740.362238  x:  0.00000   0.13780   0.00717   0.05103   0.04057   0.01349   0.02902   0.01181   0.02321   0.00000   0.00000   0.06658   0.02417   0.02666   0.04764   0.11169   0.09775   0.03814   0.00547   0.00000   0.00770   0.00370   0.12422   0.00000   0.08793   0.01494   0.06165   0.04177   0.01768   0.00000   0.00897   0.01432   0.00000   0.00948   0.06827   0.03711   0.01741   0.06708   0.10634   0.08240   0.07892   0.05411   0.06360   0.05479   0.00020   0.10473   0.23291   2.19432   1.56758   1.64633   2.42830   1.03061  
 26 51.0875   2739.766963  x:  0.00000   0.14366   0.00717   0.05126   0.04096   0.01471   0.02711   0.01138   0.02174   0.00000   0.00000   0.07004   0.02454   0.02564   0.05043   0.11290   0.09810   0.04503   0.00523   0.00000   0.00800   0.00357   0.11788   0.00000   0.08614   0.01541   0.06094   0.04231   0.01716   0.00000   0.00767   0.00863   0.00000   0.00937   0.06883   0.04051   0.01894   0.07025   0.09705   0.07647   0.07878   0.06087   0.05827   0.05132   0.00026   0.10503   0.23315   2.19791   1.55955   1.66713   2.41343   1.03378  
 27 47.7175   2737.153951  x:  0.00000   0.15962   0.00737   0.05149   0.03943   0.01423   0.03363   0.01267   0.02429   0.00000   0.00000   0.06821   0.02446   0.02337   0.04087   0.11855   0.09171   0.03242   0.00501   0.00000   0.00760   0.00405   0.10557   0.00000   0.09480   0.02036   0.06187   0.04441   0.01815   0.00000   0.00886   0.01191   0.00000   0.01140   0.07090   0.04741   0.02115   0.07638   0.09638   0.08624   0.07870   0.07471   0.05207   0.05919   0.00018   0.10594   0.23465   2.22064   1.49497   1.77334   2.31708   1.05262  
 28 75.6570   2733.408644  x:  0.00000   0.15751   0.00807   0.05793   0.04118   0.01468   0.02822   0.01184   0.02976   0.00000   0.00000   0.06982   0.02370   0.02667   0.05684   0.11650   0.09096   0.04229   0.00493   0.00000   0.00827   0.00385   0.10805   0.00000   0.10038   0.01957   0.06575   0.04835   0.02044   0.00000   0.00896   0.00900   0.00000   0.01095   0.07708   0.03572   0.01498   0.06997   0.10867   0.09856   0.07549   0.06101   0.06890   0.05346   0.00018   0.10398   0.24333   2.25591   1.39416   1.92431   2.16870   1.08106  
 29 271.1290   2732.533155  x:  0.00000   0.14924   0.00899   0.05657   0.04073   0.01507   0.03088   0.01237   0.02348   0.00000   0.00000   0.07711   0.02497   0.02420   0.05266   0.11274   0.09130   0.04492   0.00511   0.00000   0.00859   0.00437   0.11838   0.00000   0.09827   0.02037   0.06290   0.04933   0.01884   0.00000   0.00931   0.01085   0.00000   0.01263   0.07579   0.03751   0.01952   0.06307   0.11157   0.09401   0.07238   0.05387   0.06295   0.05451   0.00023   0.10138   0.25185   2.26505   1.37064   1.95295   2.13207   1.08765  
 30 131.3237   2732.149729  x:  0.00000   0.14188   0.00890   0.05592   0.04059   0.01500   0.03016   0.01259   0.02688   0.00000   0.00000   0.07594   0.02475   0.02476   0.05136   0.10819   0.09788   0.04304   0.00486   0.00000   0.00854   0.00413   0.12864   0.00000   0.09864   0.02147   0.06422   0.04958   0.01956   0.00000   0.00866   0.01035   0.00000   0.01211   0.07671   0.03971   0.01808   0.07165   0.11272   0.08718   0.07300   0.05794   0.06198   0.05557   0.00021   0.10130   0.25911   2.27089   1.36031   1.95337   2.11231   1.09044  
 31 39.1455   2731.274243  x:  0.00000   0.13696   0.00973   0.06137   0.04147   0.01570   0.03004   0.01249   0.02233   0.00000   0.00000   0.07325   0.02390   0.02459   0.05607   0.10700   0.09483   0.03478   0.00511   0.00000   0.00856   0.00480   0.13546   0.00000   0.10213   0.02271   0.06313   0.05051   0.01972   0.00000   0.01019   0.01057   0.00000   0.01320   0.07755   0.03463   0.01949   0.06635   0.10981   0.08544   0.07466   0.07077   0.06037   0.04582   0.00031   0.10820   0.26129   2.29048   1.34023   1.90544   2.05599   1.09583  
 32 26.7879   2726.692158  x:  0.00000   0.15329   0.01071   0.07056   0.03921   0.01366   0.03595   0.01420   0.02707   0.00000   0.00000   0.06811   0.02328   0.02365   0.06972   0.11316   0.08821   0.05901   0.00450   0.00000   0.00890   0.00445   0.14420   0.00000   0.12341   0.02721   0.06830   0.05659   0.01948   0.00000   0.01096   0.01309   0.00000   0.01351   0.08737   0.03872   0.02145   0.05249   0.09063   0.09672   0.08593   0.08072   0.05409   0.07670   0.00000   0.14995   0.28511   2.45110   1.18284   1.47621   1.59937   1.13683  
 33 205.3791   2724.335565  x:  0.00000   0.16355   0.01138   0.06895   0.04147   0.01606   0.03497   0.01499   0.03212   0.00000   0.00000   0.08513   0.02530   0.02397   0.06131   0.11524   0.08466   0.05410   0.00621   0.00000   0.00966   0.00668   0.13332   0.00000   0.12438   0.02998   0.06743   0.05938   0.02191   0.00000   0.00925   0.01160   0.00000   0.01569   0.08852   0.03880   0.02062   0.06456   0.09662   0.09344   0.08093   0.07164   0.05837   0.06496   0.00016   0.14701   0.28815   2.50647   1.12885   1.32469   1.44115   1.14993  
 34 413.1854   2723.827490  x:  0.00000   0.16438   0.01136   0.06815   0.03944   0.01563   0.03449   0.01456   0.02862   0.00000   0.00000   0.07798   0.02386   0.02548   0.06238   0.11191   0.08327   0.05486   0.00551   0.00000   0.00935   0.00605   0.12534   0.00000   0.13153   0.02996   0.06777   0.05979   0.02128   0.00000   0.01017   0.01079   0.00000   0.01544   0.09334   0.03897   0.02061   0.06355   0.10243   0.08565   0.07224   0.07243   0.05733   0.06611   0.00014   0.13055   0.28774   2.51771   1.11807   1.29320   1.40894   1.15102  
 35 74.5477   2723.737601  x:  0.00000   0.16550   0.01155   0.06950   0.04208   0.01557   0.03616   0.01445   0.02883   0.00000   0.00000   0.07829   0.02419   0.02296   0.06355   0.11132   0.08154   0.05466   0.00570   0.00000   0.00939   0.00609   0.12597   0.00000   0.13146   0.02943   0.06851   0.05978   0.02138   0.00000   0.01041   0.01091   0.00000   0.01525   0.09241   0.03875   0.02042   0.06298   0.10122   0.08500   0.07582   0.07378   0.05939   0.06760   0.00011   0.12195   0.28839   2.51927   1.11645   1.28863   1.40460   1.14948  
 36 16.5792   2723.693739  x:  0.00000   0.16633   0.01148   0.06993   0.04009   0.01567   0.03469   0.01457   0.02877   0.00000   0.00000   0.07900   0.02421   0.02565   0.06371   0.11161   0.08042   0.05425   0.00576   0.00000   0.00943   0.00624   0.12718   0.00000   0.13108   0.02969   0.06842   0.05977   0.02136   0.00000   0.01037   0.01118   0.00000   0.01550   0.09182   0.03823   0.02081   0.06282   0.09997   0.08529   0.07813   0.07420   0.05967   0.06843   0.00011   0.11791   0.28855   2.51969   1.11589   1.28728   1.40353   1.14746  
 37 12.0047   2723.312152  x:  0.00000   0.16803   0.01154   0.06912   0.03407   0.01583   0.03695   0.01447   0.02916   0.00000   0.00000   0.07525   0.02335   0.02132   0.06170   0.11518   0.07939   0.05555   0.00558   0.00000   0.00952   0.00617   0.13428   0.00000   0.13500   0.03054   0.06508   0.05976   0.02205   0.00000   0.01080   0.00969   0.00000   0.01547   0.09629   0.03886   0.01987   0.06567   0.09426   0.08735   0.07861   0.06940   0.05890   0.06371   0.00020   0.11357   0.28444   2.51884   1.11477   1.28753   1.40819   1.11571  
 38  5.0178   2722.337059  x:  0.00000   0.17307   0.01103   0.06456   0.04896   0.01582   0.03331   0.01445   0.02858   0.00000   0.00000   0.07147   0.02160   0.02785   0.05905   0.11986   0.07878   0.05492   0.00517   0.00000   0.00964   0.00647   0.14185   0.00000   0.14075   0.03298   0.06274   0.05899   0.02223   0.00000   0.01093   0.00844   0.00000   0.01651   0.10170   0.04062   0.02000   0.06556   0.08974   0.08802   0.07565   0.06434   0.05533   0.06145   0.00029   0.11060   0.28403   2.51547   1.11240   1.28998   1.42326   1.02840  
 39 76.1429   2720.389785  x:  0.00000   0.17768   0.01133   0.06322   0.04171   0.01582   0.03437   0.01447   0.03070   0.00000   0.00000   0.07868   0.02255   0.02440   0.06290   0.11647   0.07999   0.05206   0.00636   0.00000   0.01017   0.00765   0.13387   0.00000   0.13944   0.03106   0.06962   0.05650   0.02199   0.00000   0.01037   0.00817   0.00000   0.01653   0.09617   0.03852   0.02005   0.05912   0.09815   0.08087   0.07042   0.07036   0.05949   0.06592   0.00023   0.11448   0.29757   2.50771   1.10934   1.29548   1.45281   0.87594  
 40 139.5007   2719.905868  x:  0.00000   0.17061   0.01146   0.07194   0.04221   0.01598   0.03269   0.01440   0.03010   0.00000   0.00000   0.07413   0.02221   0.02485   0.05862   0.11025   0.07261   0.05634   0.00646   0.00000   0.01051   0.00765   0.12479   0.00000   0.13853   0.03092   0.06121   0.05608   0.02176   0.00000   0.01108   0.00854   0.00000   0.01580   0.09425   0.03966   0.02075   0.06439   0.10057   0.08319   0.07578   0.06906   0.05821   0.06525   0.00028   0.11580   0.30486   2.50248   1.11082   1.29738   1.46332   0.85896  
 41 24.7605   2716.303766  x:  0.00000   0.15378   0.01173   0.04378   0.04155   0.01478   0.03136   0.01433   0.02875   0.00000   0.00000   0.07827   0.02088   0.02272   0.05805   0.11039   0.05008   0.05774   0.00649   0.00000   0.01114   0.00816   0.11020   0.00000   0.14825   0.02770   0.07762   0.05212   0.02060   0.00000   0.00976   0.00587   0.00000   0.01625   0.10662   0.03351   0.02102   0.06982   0.10046   0.08790   0.08464   0.06850   0.05219   0.06186   0.00049   0.11009   0.32820   2.44475   1.13537   1.31324   1.55481   0.89312  
 42 16.3205   2706.756374  x:  0.00000   0.18029   0.01050   0.06355   0.03996   0.01587   0.02464   0.01369   0.03406   0.00000   0.00000   0.07118   0.01752   0.02133   0.05321   0.12500   0.05618   0.04970   0.00965   0.00000   0.01424   0.01247   0.10964   0.00000   0.15536   0.02744   0.08055   0.04150   0.02032   0.00000   0.01096   0.00053   0.00000   0.01560   0.09883   0.04538   0.02118   0.05695   0.11748   0.07007   0.07478   0.05821   0.05074   0.05813   0.00084   0.09456   0.36465   2.29802   1.19759   1.35306   1.78321   1.00236  
 43 192.8870   2705.122475  x:  0.00000   0.18767   0.01001   0.06039   0.04103   0.01542   0.02600   0.01345   0.03423   0.00000   0.00000   0.07404   0.01810   0.02143   0.04773   0.12546   0.05236   0.05359   0.00995   0.00000   0.01457   0.01285   0.11461   0.00000   0.15554   0.02771   0.06259   0.03894   0.02035   0.00000   0.01102   0.00089   0.00000   0.01595   0.09466   0.03261   0.01930   0.05929   0.11303   0.06954   0.05516   0.06707   0.06414   0.06588   0.00066   0.09134   0.37431   2.27011   1.20924   1.36045   1.82556   1.02358  
 44 134.4698   2705.001534  x:  0.00000   0.18975   0.01013   0.05825   0.04085   0.01527   0.02609   0.01344   0.03441   0.00000   0.00000   0.07520   0.01829   0.02117   0.05275   0.12089   0.05178   0.05053   0.01006   0.00000   0.01456   0.01294   0.11512   0.00000   0.15576   0.02738   0.05777   0.03881   0.02030   0.00000   0.01079   0.00078   0.00000   0.01591   0.09496   0.03443   0.01911   0.05999   0.11266   0.07019   0.05435   0.06598   0.06391   0.06725   0.00065   0.09154   0.37428   2.26775   1.20993   1.36095   1.82844   1.02520  
 45 20.9906   2704.678657  x:  0.00000   0.19758   0.00988   0.05797   0.04064   0.01505   0.02502   0.01320   0.03429   0.00000   0.00000   0.07485   0.01800   0.02111   0.04915   0.10370   0.05229   0.05018   0.01006   0.00000   0.01477   0.01293   0.11744   0.00000   0.15590   0.02693   0.06165   0.03853   0.01993   0.00000   0.01035   0.00084   0.00000   0.01547   0.09566   0.03404   0.01872   0.05814   0.11042   0.07329   0.05366   0.06502   0.06304   0.06525   0.00070   0.09201   0.37320   2.26046   1.21026   1.36195   1.83342   1.02851  
 46  7.2401   2702.008143  x:  0.00000   0.21212   0.00835   0.05189   0.03940   0.01432   0.02202   0.01323   0.03545   0.00000   0.00000   0.07280   0.01654   0.01868   0.05811   0.10814   0.06383   0.04047   0.01048   0.00000   0.01632   0.01380   0.11596   0.00000   0.15786   0.02684   0.04784   0.03559   0.01879   0.00000   0.00845   0.00453   0.00000   0.01434   0.09869   0.04083   0.01735   0.05126   0.12781   0.06636   0.07027   0.06038   0.05486   0.06398   0.00096   0.08951   0.38647   2.18285   1.20852   1.37157   1.87771   1.05806  
 47 11.7315   2701.764732  x:  0.00000   0.21128   0.00842   0.05578   0.03922   0.01440   0.02089   0.01309   0.03518   0.00000   0.00000   0.07198   0.01674   0.01842   0.06177   0.11025   0.05882   0.03704   0.01078   0.00000   0.01650   0.01392   0.11696   0.00000   0.15637   0.02593   0.05241   0.03520   0.01855   0.00000   0.00865   0.00507   0.00000   0.01379   0.09644   0.04477   0.01763   0.05402   0.12451   0.06739   0.06386   0.05746   0.05446   0.06485   0.00096   0.08899   0.38994   2.17770   1.20839   1.37229   1.88091   1.06018  
 48 31.0276   2699.293630  x:  0.00000   0.22716   0.00518   0.05314   0.03874   0.01061   0.01777   0.01099   0.03156   0.00000   0.00000   0.07425   0.01690   0.01586   0.05197   0.11991   0.05412   0.03192   0.00916   0.00000   0.01699   0.01133   0.12522   0.00000   0.15438   0.02124   0.05005   0.03063   0.01620   0.00000   0.00455   0.00464   0.00000   0.01076   0.08560   0.03989   0.01371   0.05471   0.13062   0.07120   0.06599   0.05509   0.05067   0.05716   0.00101   0.09044   0.42267   2.43700   1.17199   1.39636   1.86924   1.07987  
 49  1.3338   2693.989021  x:  0.00000   0.24500   0.00751   0.06172   0.03883   0.01082   0.02824   0.01288   0.03204   0.00000   0.00000   0.09175   0.01816   0.01717   0.04647   0.12561   0.04007   0.03977   0.00663   0.00000   0.01713   0.00656   0.13549   0.00000   0.18664   0.02158   0.05661   0.01932   0.02197   0.00000   0.00223   0.00484   0.00000   0.01288   0.06964   0.03574   0.01636   0.05505   0.12938   0.06817   0.06896   0.05395   0.04375   0.04302   0.00140   0.10240   0.48317   2.12338   1.10976   1.40268   1.84610   1.06420  
 50  1.2099   2691.715637  x:  0.00000   0.25032   0.00956   0.06813   0.03898   0.01289   0.03342   0.01452   0.03372   0.00000   0.00000   0.10019   0.01856   0.01937   0.04934   0.12176   0.03796   0.04435   0.00649   0.00000   0.01854   0.00538   0.13576   0.00000   0.20638   0.02235   0.06092   0.01649   0.02513   0.00000   0.00690   0.00570   0.00000   0.01451   0.06927   0.03590   0.01988   0.05566   0.12884   0.06085   0.06794   0.05457   0.04568   0.04736   0.00176   0.10645   0.50689   2.44383   1.15849   1.46519   1.96250   1.11293  
 51  2.4683   2688.484002  x:  0.00000   0.26352   0.00694   0.06882   0.03993   0.01010   0.03032   0.01310   0.03039   0.00000   0.00000   0.09453   0.01790   0.01830   0.04736   0.12745   0.02939   0.04597   0.00563   0.00000   0.02330   0.00449   0.14498   0.00000   0.21786   0.02205   0.06749   0.02387   0.02122   0.00000   0.01097   0.00528   0.00000   0.01243   0.08076   0.02681   0.01695   0.05718   0.12706   0.04977   0.07015   0.06831   0.04469   0.06586   0.00251   0.11963   0.54606   2.18332   1.13522   1.48591   1.83631   1.09411  
 52  0.8833   2681.614493  x:  0.00000   0.28796   0.00756   0.07283   0.04038   0.01471   0.02981   0.01358   0.03021   0.00000   0.00000   0.09303   0.01946   0.02192   0.05228   0.12076   0.00000   0.04799   0.00618   0.00000   0.02732   0.00713   0.14042   0.00000   0.25981   0.02445   0.06860   0.02923   0.01927   0.00000   0.00694   0.00650   0.00000   0.01311   0.08816   0.03000   0.01532   0.05843   0.11890   0.00958   0.06480   0.06805   0.04640   0.07231   0.00340   0.11529   0.60367   2.31325   1.22975   1.46564   1.83751   1.10816  
 53  0.2578   2681.172977  x:  0.00000   0.29351   0.00756   0.07218   0.04035   0.01471   0.02875   0.01340   0.03061   0.00000   0.00000   0.09301   0.01945   0.02163   0.05193   0.12079   0.00000   0.04751   0.00606   0.00000   0.02773   0.00691   0.13977   0.00000   0.26602   0.02441   0.06758   0.02893   0.01911   0.00000   0.00754   0.00658   0.00000   0.01310   0.08686   0.03026   0.01540   0.05815   0.11817   0.00346   0.06406   0.06750   0.04537   0.07024   0.00352   0.11439   0.61436   2.29465   1.22828   1.44968   1.81626   1.10237  
 54  0.4191   2679.719068  x:  0.00000   0.31016   0.00746   0.06633   0.04028   0.01485   0.02300   0.01267   0.03232   0.00000   0.00000   0.09131   0.01945   0.01954   0.05160   0.12110   0.00000   0.04504   0.00582   0.00000   0.02850   0.00592   0.13598   0.00000   0.28457   0.02328   0.06106   0.02662   0.01831   0.00000   0.01021   0.00687   0.00000   0.01294   0.07918   0.03246   0.01678   0.05887   0.11605   0.00918   0.06206   0.06365   0.04035   0.05664   0.00389   0.10752   0.64956   2.22546   1.20162   1.35091   1.70802   1.06828  
 55  0.4638   2678.806032  x:  0.00000   0.31989   0.00840   0.06278   0.03950   0.01126   0.02767   0.01233   0.03276   0.00000   0.00000   0.08751   0.02001   0.01873   0.05581   0.11708   0.00000   0.04026   0.00710   0.00000   0.03010   0.00607   0.12709   0.00000   0.30076   0.02275   0.05906   0.02643   0.02112   0.00000   0.00669   0.00728   0.00000   0.01244   0.07518   0.03301   0.01726   0.06063   0.12075   0.00913   0.06257   0.06261   0.04488   0.05608   0.00445   0.10540   0.66487   2.38996   1.17721   1.35261   1.69055   1.07082  
 56  0.1697   2678.114189  x:  0.00000   0.31920   0.00650   0.05896   0.03947   0.01587   0.02630   0.01300   0.03376   0.00000   0.00000   0.08325   0.01919   0.01978   0.05309   0.12055   0.00000   0.03984   0.00734   0.00000   0.03201   0.00762   0.12868   0.00000   0.31182   0.02448   0.05861   0.02415   0.01769   0.00000   0.00532   0.00719   0.00000   0.01342   0.06707   0.03325   0.01509   0.05778   0.12399   0.00910   0.06634   0.06190   0.04699   0.05317   0.00528   0.11558   0.66700   2.36104   1.15514   1.37389   1.70522   1.06728  
 57  0.0270   2677.107264  x:  0.00000   0.30417   0.00793   0.05906   0.04048   0.01143   0.02405   0.01359   0.03352   0.00000   0.00000   0.08488   0.02101   0.01939   0.04867   0.12244   0.00000   0.04174   0.00514   0.00000   0.03502   0.00647   0.13577   0.00000   0.32391   0.02552   0.05850   0.02900   0.02141   0.00000   0.00469   0.00716   0.00000   0.01301   0.06101   0.03453   0.01821   0.05450   0.12557   0.00978   0.07090   0.06164   0.04100   0.04886   0.00696   0.11570   0.63958   2.28683   1.17331   1.37444   1.75528   1.06386  
 58  0.0553   2676.231152  x:  0.00000   0.29134   0.00785   0.05656   0.03981   0.01184   0.02764   0.01293   0.03127   0.00000   0.00000   0.08100   0.01913   0.01635   0.05169   0.12091   0.00000   0.04365   0.00729   0.00000   0.03907   0.00638   0.13605   0.00000   0.33323   0.02375   0.06009   0.02998   0.01848   0.00000   0.00642   0.00713   0.00000   0.01196   0.06247   0.03194   0.01671   0.06254   0.12005   0.01122   0.06940   0.05734   0.04263   0.04992   0.00862   0.10344   0.61252   2.19324   1.17037   1.37300   1.72878   1.05763  
 59  0.0718   2675.623016  x:  0.00000   0.28996   0.00747   0.05814   0.03888   0.01333   0.02594   0.01270   0.03190   0.00000   0.00000   0.08240   0.01845   0.02045   0.05442   0.11886   0.00000   0.04197   0.00672   0.00000   0.04354   0.00487   0.13043   0.00000   0.33980   0.02169   0.05973   0.03069   0.01793   0.00000   0.00524   0.00721   0.00000   0.01422   0.06321   0.02977   0.01658   0.06027   0.11844   0.01207   0.06590   0.05724   0.04451   0.05162   0.01035   0.10684   0.59489   2.31016   1.17260   1.34686   1.69743   1.07036  
 60  0.0883   2675.146115  x:  0.00000   0.29692   0.00723   0.05923   0.03913   0.01224   0.02435   0.01227   0.03304   0.00000   0.00000   0.08402   0.01863   0.02026   0.05416   0.11927   0.00000   0.04234   0.00633   0.00000   0.04841   0.00879   0.12734   0.00000   0.34254   0.02357   0.06012   0.02706   0.01988   0.00000   0.00683   0.00721   0.00000   0.01188   0.06207   0.03270   0.01663   0.05878   0.11969   0.01281   0.06554   0.05639   0.04379   0.04742   0.01223   0.10949   0.58539   2.35301   1.18021   1.35691   1.69172   1.08310  
 61  0.0375   2674.719799  x:  0.00000   0.30508   0.00653   0.06099   0.04063   0.01345   0.02665   0.01267   0.03215   0.00000   0.00000   0.08792   0.02020   0.01691   0.05266   0.12020   0.00000   0.04134   0.00549   0.00000   0.05292   0.00712   0.13208   0.00000   0.33756   0.02589   0.06107   0.02419   0.01985   0.00000   0.00757   0.00696   0.00000   0.01449   0.06212   0.03312   0.01531   0.06092   0.12201   0.01323   0.07291   0.05402   0.04252   0.04385   0.01417   0.10283   0.58402   2.35169   1.18838   1.36193   1.72006   1.08447  
 62  0.0201   2674.235258  x:  0.00000   0.30886   0.00905   0.06170   0.04032   0.01363   0.02642   0.01278   0.03175   0.00000   0.00000   0.08901   0.01978   0.02004   0.05188   0.12221   0.00000   0.04321   0.00808   0.00000   0.05822   0.00504   0.13669   0.00000   0.32580   0.02371   0.05835   0.02309   0.01901   0.00000   0.00741   0.00666   0.00000   0.01238   0.06679   0.03401   0.01689   0.05982   0.12259   0.01323   0.07405   0.05247   0.04062   0.04398   0.01668   0.10447   0.58857   2.31108   1.17888   1.36841   1.72096   1.07962  
 63  0.0253   2673.694457  x:  0.00000   0.31032   0.00799   0.06101   0.03827   0.01176   0.02593   0.01251   0.03208   0.00000   0.00000   0.08717   0.02005   0.01995   0.05654   0.12103   0.00000   0.04595   0.00708   0.00000   0.06295   0.00656   0.13158   0.00000   0.30738   0.02233   0.05831   0.02536   0.01907   0.00000   0.00645   0.00616   0.00000   0.01333   0.06573   0.03025   0.01736   0.06109   0.11993   0.01325   0.07350   0.04703   0.04713   0.04275   0.01962   0.10927   0.60512   2.27501   1.17540   1.34152   1.70385   1.06526  
 64  0.0356   2673.402228  x:  0.00000   0.30740   0.00733   0.05909   0.03895   0.01326   0.02661   0.01281   0.03248   0.00000   0.00000   0.08657   0.01927   0.01900   0.05536   0.11963   0.00000   0.04447   0.00606   0.00000   0.06499   0.00652   0.12834   0.00000   0.29749   0.02145   0.05927   0.02808   0.01902   0.00000   0.00581   0.00584   0.00000   0.01273   0.06532   0.03321   0.01780   0.05929   0.12076   0.01350   0.07325   0.04892   0.04423   0.03644   0.02170   0.10437   0.61157   2.30251   1.16698   1.35591   1.69183   1.06375  
 65  0.0348   2673.089461  x:  0.00000   0.30017   0.00715   0.05861   0.04159   0.01266   0.02602   0.01266   0.03092   0.00000   0.00000   0.08618   0.01894   0.01991   0.05236   0.11933   0.00000   0.04210   0.00628   0.00000   0.06547   0.00634   0.13253   0.00000   0.29185   0.02699   0.06054   0.02767   0.01967   0.00000   0.00575   0.00539   0.00000   0.01196   0.06211   0.03447   0.01477   0.05930   0.11958   0.01399   0.07867   0.04826   0.04395   0.03751   0.02428   0.10261   0.62238   2.31635   1.17974   1.34425   1.71748   1.07114  
 66  0.0192   2672.405136  x:  0.00000   0.28216   0.00812   0.05815   0.04147   0.01335   0.02342   0.01347   0.03493   0.00000   0.00000   0.08396   0.02066   0.01706   0.05075   0.11826   0.00000   0.04249   0.00715   0.00000   0.06128   0.00736   0.13583   0.00000   0.29955   0.02471   0.05802   0.02649   0.02066   0.00000   0.00701   0.00512   0.00000   0.01534   0.06454   0.03180   0.01922   0.05931   0.11936   0.01473   0.07994   0.04467   0.03950   0.03835   0.02941   0.10256   0.63913   2.33932   1.20424   1.39231   1.75372   1.09557  
 67  0.0253   2671.058775  x:  0.00000   0.27219   0.00854   0.06189   0.03587   0.01350   0.03104   0.01249   0.03415   0.00000   0.00000   0.08551   0.01878   0.02031   0.05570   0.11924   0.00000   0.04429   0.00587   0.00000   0.04507   0.00647   0.12992   0.00000   0.32174   0.02088   0.05867   0.02671   0.01910   0.00000   0.00924   0.00514   0.00000   0.01267   0.06248   0.03365   0.01581   0.05724   0.12037   0.01533   0.07771   0.04041   0.04498   0.03469   0.03796   0.10623   0.66423   2.32768   1.18655   1.34968   1.69803   1.09042  
 68  0.0299   2670.070187  x:  0.00000   0.28655   0.00711   0.05914   0.03943   0.01301   0.02787   0.01299   0.03085   0.00000   0.00000   0.08438   0.01943   0.02204   0.05756   0.11900   0.00000   0.04502   0.00689   0.00000   0.03233   0.00646   0.12743   0.00000   0.32034   0.02570   0.06257   0.02557   0.02028   0.00000   0.00792   0.00468   0.00000   0.01200   0.07063   0.03108   0.01736   0.06415   0.12333   0.01498   0.08195   0.04047   0.04431   0.02705   0.04524   0.10218   0.65418   2.35373   1.17353   1.34424   1.69417   1.07438  
 69  0.0269   2669.520364  x:  0.00000   0.30163   0.00768   0.06129   0.04153   0.01278   0.02544   0.01265   0.03204   0.00000   0.00000   0.08708   0.02057   0.01863   0.05421   0.11994   0.00000   0.04272   0.00703   0.00000   0.03082   0.00645   0.13107   0.00000   0.30197   0.02392   0.06004   0.02573   0.01933   0.00000   0.00641   0.00456   0.00000   0.01311   0.06908   0.03453   0.01717   0.05886   0.12227   0.01492   0.08539   0.03915   0.04681   0.03055   0.04999   0.10258   0.62366   2.32506   1.17489   1.35479   1.69950   1.06897  
 70  0.0394   2669.396175  x:  0.00000   0.30505   0.00763   0.06058   0.03974   0.01272   0.02589   0.01267   0.03221   0.00000   0.00000   0.08615   0.01953   0.01862   0.05358   0.12026   0.00000   0.04308   0.00667   0.00000   0.03253   0.00663   0.13201   0.00000   0.30015   0.02339   0.05871   0.02561   0.01896   0.00000   0.00629   0.00473   0.00000   0.01303   0.06599   0.03322   0.01692   0.05967   0.12057   0.01532   0.08543   0.03718   0.04361   0.02649   0.05322   0.10453   0.61447   2.31620   1.17798   1.34826   1.70018   1.07352  
 71  0.0155   2669.337320  x:  0.00000   0.30514   0.00764   0.06015   0.03879   0.01303   0.02617   0.01283   0.03231   0.00000   0.00000   0.08554   0.01905   0.01931   0.05415   0.12046   0.00000   0.04407   0.00632   0.00000   0.03138   0.00677   0.13158   0.00000   0.30492   0.02307   0.05917   0.02577   0.01945   0.00000   0.00627   0.00514   0.00000   0.01275   0.06468   0.03237   0.01682   0.06027   0.11987   0.01534   0.08502   0.03827   0.04349   0.02896   0.05603   0.10344   0.61325   2.31278   1.17713   1.34966   1.69473   1.07904  
 72  0.0086   2669.305860  x:  0.00000   0.30506   0.00772   0.05962   0.03974   0.01283   0.02614   0.01278   0.03252   0.00000   0.00000   0.08560   0.01932   0.01911   0.05401   0.12043   0.00000   0.04400   0.00666   0.00000   0.03261   0.00648   0.13062   0.00000   0.30548   0.02395   0.05975   0.02634   0.01981   0.00000   0.00645   0.00553   0.00000   0.01322   0.06565   0.03281   0.01625   0.05959   0.12029   0.01523   0.08457   0.03748   0.04398   0.02825   0.05867   0.10345   0.61525   2.31305   1.17732   1.35149   1.69300   1.07941  
 73  0.0033   2669.296839  x:  0.00000   0.30459   0.00774   0.05991   0.03985   0.01293   0.02610   0.01275   0.03247   0.00000   0.00000   0.08565   0.01952   0.01890   0.05379   0.12023   0.00000   0.04368   0.00671   0.00000   0.03267   0.00660   0.13100   0.00000   0.30479   0.02356   0.05955   0.02612   0.01946   0.00000   0.00644   0.00576   0.00000   0.01292   0.06586   0.03264   0.01665   0.05975   0.12074   0.01501   0.08493   0.03840   0.04398   0.02802   0.05973   0.10370   0.61653   2.31676   1.17692   1.34874   1.69624   1.07723  
 74  0.0055   2669.293861  x:  0.00000   0.30380   0.00766   0.06008   0.03968   0.01288   0.02603   0.01271   0.03231   0.00000   0.00000   0.08584   0.01951   0.01916   0.05362   0.12012   0.00000   0.04358   0.00658   0.00000   0.03247   0.00660   0.13119   0.00000   0.30441   0.02362   0.05932   0.02605   0.01934   0.00000   0.00649   0.00592   0.00000   0.01291   0.06580   0.03257   0.01671   0.05992   0.12083   0.01490   0.08505   0.03762   0.04417   0.02786   0.06002   0.10349   0.61667   2.31638   1.17672   1.35119   1.69674   1.07526  
 75  0.0033   2669.292031  x:  0.00000   0.30328   0.00759   0.06000   0.03950   0.01282   0.02612   0.01271   0.03224   0.00000   0.00000   0.08573   0.01937   0.01908   0.05368   0.12022   0.00000   0.04372   0.00657   0.00000   0.03260   0.00660   0.13142   0.00000   0.30427   0.02360   0.05951   0.02595   0.01939   0.00000   0.00645   0.00613   0.00000   0.01300   0.06596   0.03270   0.01669   0.05975   0.12070   0.01480   0.08500   0.03783   0.04414   0.02809   0.05961   0.10386   0.61619   2.31608   1.17678   1.35010   1.69523   1.07411  
 76  0.0013   2669.291253  x:  0.00000   0.30336   0.00768   0.05996   0.03962   0.01289   0.02605   0.01273   0.03230   0.00000   0.00000   0.08589   0.01941   0.01904   0.05360   0.12018   0.00000   0.04371   0.00659   0.00000   0.03252   0.00659   0.13121   0.00000   0.30431   0.02361   0.05942   0.02595   0.01945   0.00000   0.00644   0.00625   0.00000   0.01296   0.06580   0.03257   0.01665   0.05970   0.12065   0.01483   0.08509   0.03788   0.04423   0.02793   0.05934   0.10358   0.61620   2.31542   1.17664   1.34998   1.69466   1.07467  
 77  0.0009   2669.291085  x:  0.00000   0.30356   0.00766   0.05996   0.03968   0.01287   0.02609   0.01273   0.03230   0.00000   0.00000   0.08583   0.01944   0.01907   0.05358   0.12017   0.00000   0.04373   0.00660   0.00000   0.03248   0.00660   0.13118   0.00000   0.30413   0.02360   0.05943   0.02599   0.01942   0.00000   0.00642   0.00630   0.00000   0.01296   0.06587   0.03259   0.01666   0.05979   0.12068   0.01488   0.08512   0.03782   0.04411   0.02796   0.05930   0.10363   0.61630   2.31564   1.17663   1.34999   1.69517   1.07533  
 78  0.0008   2669.291060  x:  0.00000   0.30365   0.00765   0.05994   0.03965   0.01287   0.02608   0.01273   0.03231   0.00000   0.00000   0.08580   0.01943   0.01908   0.05359   0.12019   0.00000   0.04373   0.00660   0.00000   0.03249   0.00660   0.13121   0.00000   0.30404   0.02361   0.05944   0.02600   0.01942   0.00000   0.00644   0.00630   0.00000   0.01296   0.06585   0.03257   0.01666   0.05977   0.12070   0.01491   0.08512   0.03785   0.04414   0.02797   0.05931   0.10361   0.61637   2.31556   1.17666   1.35012   1.69524   1.07539  
 79  0.0002   2669.291058  x:  0.00000   0.30364   0.00766   0.05994   0.03965   0.01287   0.02608   0.01273   0.03231   0.00000   0.00000   0.08580   0.01943   0.01907   0.05359   0.12018   0.00000   0.04373   0.00660   0.00000   0.03248   0.00660   0.13121   0.00000   0.30405   0.02361   0.05944   0.02600   0.01942   0.00000   0.00644   0.00630   0.00000   0.01296   0.06585   0.03258   0.01666   0.05977   0.12069   0.01492   0.08511   0.03784   0.04415   0.02797   0.05931   0.10362   0.61636   2.31568   1.17666   1.35009   1.69525   1.07534  
 80  0.0001   2669.291058  x:  0.00000   0.30364   0.00766   0.05994   0.03965   0.01287   0.02608   0.01273   0.03231   0.00000   0.00000   0.08580   0.01943   0.01907   0.05359   0.12018   0.00000   0.04373   0.00660   0.00000   0.03249   0.00660   0.13121   0.00000   0.30405   0.02361   0.05944   0.02600   0.01942   0.00000   0.00644   0.00630   0.00000   0.01296   0.06585   0.03258   0.01666   0.05977   0.12069   0.01493   0.08511   0.03784   0.04415   0.02797   0.05931   0.10361   0.61635   2.31569   1.17666   1.35010   1.69526   1.07531  
 81  0.0000   2669.291058  x:  0.00000   0.30363   0.00766   0.05994   0.03965   0.01287   0.02608   0.01273   0.03231   0.00000   0.00000   0.08580   0.01943   0.01907   0.05359   0.12018   0.00000   0.04373   0.00660   0.00000   0.03249   0.00660   0.13121   0.00000   0.30405   0.02361   0.05944   0.02600   0.01942   0.00000   0.00644   0.00630   0.00000   0.01296   0.06585   0.03258   0.01666   0.05977   0.12069   0.01493   0.08511   0.03784   0.04414   0.02797   0.05931   0.10362   0.61635   2.31567   1.17666   1.35010   1.69525   1.07530  
 82  0.0000   2669.291058  x:  0.00000   0.30363   0.00766   0.05994   0.03965   0.01287   0.02608   0.01273   0.03231   0.00000   0.00000   0.08580   0.01943   0.01907   0.05359   0.12018   0.00000   0.04373   0.00660   0.00000   0.03249   0.00660   0.13121   0.00000   0.30405   0.02361   0.05944   0.02600   0.01942   0.00000   0.00644   0.00630   0.00000   0.01296   0.06585   0.03258   0.01666   0.05977   0.12069   0.01493   0.08511   0.03784   0.04414   0.02797   0.05931   0.10362   0.61635   2.31567   1.17666   1.35010   1.69525   1.07531  
 83  0.0000   2669.291058  x:  0.00000   0.30363   0.00766   0.05994   0.03965   0.01287   0.02608   0.01273   0.03231   0.00000   0.00000   0.08580   0.01943   0.01907   0.05359   0.12018   0.00000   0.04373   0.00660   0.00000   0.03249   0.00660   0.13121   0.00000   0.30405   0.02361   0.05944   0.02600   0.01942   0.00000   0.00644   0.00630   0.00000   0.01296   0.06585   0.03258   0.01666   0.05977   0.12069   0.01493   0.08511   0.03784   0.04414   0.02797   0.05931   0.10362   0.61635   2.31567   1.17666   1.35010   1.69525   1.07531  
 84  0.0000   2669.291058  x:  0.00000   0.30363   0.00766   0.05994   0.03965   0.01287   0.02608   0.01273   0.03231   0.00000   0.00000   0.08580   0.01943   0.01907   0.05359   0.12018   0.00000   0.04373   0.00660   0.00000   0.03249   0.00660   0.13121   0.00000   0.30405   0.02361   0.05944   0.02600   0.01942   0.00000   0.00644   0.00630   0.00000   0.01296   0.06585   0.03258   0.01666   0.05977   0.12069   0.01493   0.08511   0.03784   0.04415   0.02797   0.05931   0.10362   0.61635   2.31567   1.17666   1.35010   1.69525   1.07531  
 85  0.0000   2669.291058  x:  0.00000   0.30363   0.00766   0.05994   0.03965   0.01287   0.02608   0.01273   0.03231   0.00000   0.00000   0.08580   0.01943   0.01907   0.05359   0.12018   0.00000   0.04373   0.00660   0.00000   0.03249   0.00660   0.13121   0.00000   0.30405   0.02361   0.05944   0.02600   0.01942   0.00000   0.00644   0.00630   0.00000   0.01296   0.06585   0.03258   0.01666   0.05977   0.12069   0.01493   0.08511   0.03784   0.04414   0.02797   0.05931   0.10362   0.61635   2.31567   1.17666   1.35010   1.69525   1.07531  