

TREE # 1

  0  0.0000   2555.129390  x:  0.35153   0.03513   0.18065   0.00000   0.00769   0.08306   0.01994   0.01110   0.02130   0.02802   0.00255   0.02385   0.05605   0.01515   0.02900   0.05813   0.07834   0.05162   0.03817   0.01836   0.00931   0.02350   0.01363   0.11359   0.10626   0.10965   0.01135   0.02575   0.02197   0.02296   0.03022   0.02216   0.03195   0.00041   0.03378   0.04480   0.02403   0.03204   0.03649   0.13503   0.09530   0.04483   0.02128   0.01070   0.01032   0.01848   0.10913   8.40433   1.27205   1.14896   1.28193   1.00000  
  1 99.0000   2555.125885  x:  0.35153   0.03513   0.18065   0.00000   0.00769   0.08306   0.01994   0.01110   0.02130   0.02802   0.00255   0.02385   0.05605   0.01515   0.02900   0.05813   0.07834   0.05162   0.03817   0.01836   0.00931   0.02350   0.01363   0.11359   0.10626   0.10965   0.01135   0.02575   0.02197   0.02296   0.03022   0.02216   0.03195   0.00041   0.03378   0.04480   0.02403   0.03204   0.03649   0.13503   0.09530   0.04483   0.02128   0.01070   0.01032   0.01848   0.10913   8.40433   1.27205   1.14896   1.28193   1.00000  
  2 716.1915   2554.416071  x:  0.35161   0.03528   0.18073   0.00000   0.00752   0.08286   0.01967   0.01069   0.02178   0.02764   0.00214   0.02388   0.05593   0.01474   0.02889   0.05810   0.07841   0.05144   0.03826   0.01825   0.00890   0.02344   0.01343   0.11357   0.10636   0.10973   0.01150   0.02566   0.02208   0.02290   0.03029   0.02200   0.03180   0.00000   0.03361   0.04481   0.02386   0.03193   0.03646   0.13509   0.09533   0.04482   0.02101   0.01054   0.01039   0.01822   0.10917   8.40430   1.27207   1.14891   1.28197   1.00007  
  3 1111.1256   2551.953587  x:  0.35203   0.03586   0.18113   0.00000   0.00768   0.08186   0.01846   0.00854   0.02114   0.02567   0.00000   0.02399   0.05538   0.01257   0.02841   0.05796   0.07875   0.05059   0.03864   0.01786   0.00674   0.02320   0.01271   0.11343   0.10681   0.11015   0.01149   0.02530   0.02239   0.02267   0.03055   0.02137   0.03115   0.00000   0.03288   0.04485   0.02311   0.03140   0.03634   0.13537   0.09549   0.04481   0.01980   0.01009   0.01037   0.01711   0.10939   8.40415   1.27214   1.14867   1.28218   1.00048  
  4 1578.8444   2547.188230  x:  0.35314   0.03578   0.18233   0.00000   0.00791   0.07933   0.01718   0.00189   0.02162   0.01961   0.00000   0.02386   0.05440   0.00581   0.02727   0.05777   0.07925   0.04857   0.03857   0.01851   0.00000   0.02349   0.01365   0.11307   0.10766   0.11097   0.01022   0.02541   0.02116   0.02288   0.03012   0.02137   0.03056   0.00000   0.03206   0.04487   0.02281   0.03085   0.03634   0.13600   0.09576   0.04475   0.01829   0.01183   0.00986   0.01625   0.10983   8.40366   1.27235   1.14793   1.28288   1.00174  
  5 1207.3679   2546.210313  x:  0.35343   0.03568   0.18266   0.00000   0.00799   0.07871   0.01706   0.00000   0.02155   0.01791   0.00000   0.02383   0.05421   0.00389   0.02696   0.05775   0.07933   0.04810   0.03851   0.01865   0.00000   0.02357   0.01388   0.11299   0.10783   0.11115   0.01060   0.02548   0.02105   0.02295   0.03003   0.02146   0.03052   0.00000   0.03196   0.04487   0.02284   0.03081   0.03635   0.13615   0.09582   0.04473   0.01806   0.01208   0.00999   0.01621   0.10993   8.40352   1.27241   1.14772   1.28309   1.00209  
  6 3539.7013   2544.940220  x:  0.35397   0.03551   0.18331   0.00000   0.00813   0.07769   0.01722   0.00000   0.02157   0.01453   0.00000   0.02383   0.05403   0.00000   0.02633   0.05774   0.07939   0.04740   0.03842   0.01868   0.00000   0.02361   0.01398   0.11287   0.10805   0.11137   0.01049   0.02558   0.02142   0.02300   0.03005   0.02163   0.03059   0.00000   0.03198   0.04486   0.02301   0.03086   0.03639   0.13636   0.09588   0.04469   0.01801   0.01188   0.01002   0.01641   0.11005   8.40325   1.27252   1.14731   1.28349   1.00279  
  7 2888.0546   2542.334190  x:  0.35595   0.03563   0.18609   0.00000   0.00874   0.07480   0.01806   0.00000   0.02165   0.00000   0.00000   0.02392   0.05405   0.00000   0.02325   0.05782   0.07930   0.04587   0.03857   0.01813   0.00000   0.02330   0.01314   0.11262   0.10835   0.11162   0.01087   0.02539   0.01995   0.02270   0.03018   0.02150   0.03096   0.00000   0.03243   0.04484   0.02318   0.03118   0.03638   0.13680   0.09597   0.04464   0.01876   0.01122   0.00892   0.01689   0.11025   8.40205   1.27298   1.14566   1.28523   1.00573  
  8 1884.8402   2541.005493  x:  0.36224   0.03700   0.19593   0.00000   0.01076   0.06776   0.01995   0.00000   0.02175   0.00000   0.00000   0.02401   0.05521   0.00000   0.01170   0.05823   0.07862   0.04320   0.03951   0.01680   0.00000   0.02230   0.01057   0.11228   0.10838   0.11132   0.00954   0.02425   0.01593   0.02169   0.03048   0.02009   0.03183   0.00000   0.03391   0.04483   0.02270   0.03196   0.03614   0.13753   0.09600   0.04466   0.02193   0.01154   0.01347   0.01733   0.11041   8.39777   1.27457   1.14006   1.29134   1.01603  
  9 572.8406   2538.114653  x:  0.38483   0.04510   0.23337   0.00000   0.01565   0.05480   0.02020   0.00000   0.02247   0.00000   0.00000   0.02331   0.06343   0.00000   0.02220   0.06090   0.07574   0.04458   0.04368   0.01676   0.00000   0.02034   0.00850   0.11332   0.10386   0.10539   0.01025   0.01930   0.02029   0.01972   0.03085   0.01207   0.03196   0.00000   0.03752   0.04500   0.01603   0.03294   0.03434   0.13670   0.09495   0.04559   0.03364   0.02233   0.01366   0.01181   0.10874   8.37934   1.28091   1.11751   1.31658   1.05872  
 10 145.3833   2536.286489  x:  0.39858   0.04756   0.25418   0.00000   0.01916   0.06339   0.01003   0.00000   0.02322   0.00000   0.00000   0.02496   0.06681   0.00000   0.02199   0.06035   0.07594   0.05240   0.04260   0.01586   0.00000   0.02257   0.01353   0.11587   0.09848   0.10090   0.01125   0.02423   0.01955   0.02210   0.03193   0.02490   0.02651   0.00000   0.03286   0.04523   0.01696   0.02900   0.03404   0.13362   0.09412   0.04609   0.03252   0.01627   0.01069   0.00703   0.10649   8.36282   1.28572   1.09980   1.33668   1.09399  
 11 146.7854   2535.120847  x:  0.40660   0.04453   0.26251   0.00000   0.02155   0.07505   0.00734   0.00000   0.02381   0.00000   0.00000   0.02371   0.06426   0.00000   0.02496   0.05830   0.07857   0.05717   0.03875   0.01871   0.00000   0.02315   0.01148   0.11794   0.09617   0.10116   0.01116   0.02440   0.01599   0.02242   0.03015   0.02126   0.02311   0.00000   0.02583   0.04525   0.01862   0.02541   0.03499   0.13155   0.09428   0.04606   0.02202   0.01139   0.01107   0.01824   0.10565   8.34799   1.28939   1.08594   1.35249   1.12323  
 12 154.0937   2534.224975  x:  0.41015   0.04035   0.26240   0.00000   0.02337   0.08702   0.01521   0.00000   0.02425   0.00000   0.00000   0.02354   0.05991   0.00000   0.02292   0.05641   0.08074   0.06063   0.03615   0.01853   0.00000   0.02292   0.01139   0.11962   0.09552   0.10324   0.01210   0.02397   0.01735   0.02217   0.02948   0.01765   0.02406   0.00000   0.02327   0.04514   0.01922   0.02509   0.03577   0.13021   0.09472   0.04591   0.01086   0.01273   0.00863   0.01482   0.10547   8.33490   1.29210   1.07556   1.36458   1.14697  
 13 160.4449   2533.187350  x:  0.41001   0.03336   0.24745   0.00000   0.02528   0.09927   0.01042   0.00000   0.02479   0.00000   0.00000   0.02427   0.04950   0.00000   0.02611   0.05499   0.08314   0.05843   0.03597   0.01548   0.00000   0.02121   0.00939   0.12048   0.09941   0.11114   0.01139   0.02248   0.01484   0.02071   0.03079   0.01588   0.03019   0.00000   0.03021   0.04473   0.02028   0.02997   0.03643   0.13127   0.09619   0.04513   0.01055   0.01225   0.01029   0.01012   0.10715   8.31394   1.29537   1.06262   1.37984   1.18061  
 14 99.4674   2532.359758  x:  0.40631   0.03748   0.22730   0.00000   0.02696   0.10819   0.00799   0.00000   0.02519   0.00000   0.00000   0.02342   0.04447   0.00000   0.02250   0.05510   0.08353   0.05565   0.03958   0.01778   0.00000   0.02128   0.01014   0.12044   0.10368   0.11649   0.01250   0.02102   0.01875   0.02064   0.03057   0.01509   0.02878   0.00000   0.03057   0.04477   0.01641   0.03005   0.03523   0.13276   0.09708   0.04507   0.01604   0.01560   0.00736   0.01232   0.10860   8.29319   1.29801   1.05270   1.39213   1.21080  
 15 141.5599   2531.643313  x:  0.40112   0.04430   0.20583   0.00000   0.02823   0.11062   0.01356   0.00000   0.02552   0.00000   0.00000   0.02378   0.04519   0.00000   0.02612   0.05644   0.08265   0.05060   0.04292   0.01743   0.00000   0.02182   0.01021   0.11905   0.10773   0.11956   0.01186   0.02181   0.01575   0.02111   0.03052   0.01762   0.02469   0.00000   0.02806   0.04499   0.01511   0.02784   0.03385   0.13492   0.09726   0.04525   0.01815   0.01433   0.00990   0.01165   0.10991   8.27190   1.30030   1.04453   1.40268   1.23955  
 16 185.3989   2531.050857  x:  0.39228   0.04616   0.18712   0.00000   0.02924   0.10698   0.01024   0.00000   0.02585   0.00000   0.00000   0.02378   0.05541   0.00000   0.02557   0.05831   0.07943   0.04829   0.04163   0.01616   0.00000   0.02169   0.00972   0.11644   0.10742   0.11608   0.01218   0.02276   0.01642   0.02116   0.02987   0.01431   0.02499   0.00000   0.02644   0.04511   0.02155   0.02670   0.03449   0.13578   0.09527   0.04563   0.01505   0.01545   0.00943   0.01002   0.10944   8.25010   1.30185   1.04062   1.40943   1.26437  
 17 98.6712   2530.673747  x:  0.38362   0.04347   0.17881   0.00000   0.02972   0.10129   0.00903   0.00000   0.02604   0.00000   0.00000   0.02380   0.05903   0.00000   0.02540   0.05806   0.07869   0.04942   0.04060   0.01719   0.00000   0.02102   0.00971   0.11452   0.10521   0.11163   0.01227   0.02085   0.01617   0.02037   0.03086   0.01689   0.02645   0.00000   0.02702   0.04502   0.01506   0.02732   0.03518   0.13534   0.09363   0.04557   0.01094   0.01516   0.00926   0.01095   0.10839   8.23318   1.30248   1.04108   1.41140   1.27974  
 18 74.6567   2530.013421  x:  0.36224   0.03809   0.17402   0.00000   0.03024   0.08878   0.00918   0.00000   0.02633   0.00000   0.00000   0.02366   0.05153   0.00000   0.02521   0.05384   0.08335   0.05656   0.04200   0.01746   0.00000   0.02291   0.01071   0.11217   0.10120   0.10509   0.01252   0.02275   0.01541   0.02213   0.03035   0.01332   0.02213   0.00000   0.02411   0.04492   0.01442   0.02574   0.03463   0.13291   0.09282   0.04505   0.01365   0.01290   0.00909   0.00859   0.10645   8.19356   1.30303   1.04831   1.40997   1.30812  
 19 65.6173   2529.460998  x:  0.34403   0.04220   0.17500   0.00000   0.03051   0.08062   0.00890   0.00000   0.02652   0.00000   0.00000   0.02403   0.04448   0.00000   0.02576   0.05258   0.08649   0.06254   0.04354   0.01573   0.00000   0.02100   0.00780   0.11155   0.10121   0.10408   0.01272   0.02151   0.01604   0.02034   0.03006   0.01766   0.02261   0.00000   0.02364   0.04509   0.01923   0.02478   0.03406   0.13127   0.09395   0.04523   0.01096   0.01629   0.00907   0.01028   0.10599   8.15521   1.30337   1.05717   1.40653   1.33240  
 20 134.3683   2528.790909  x:  0.32467   0.04996   0.18117   0.00000   0.03061   0.07616   0.00809   0.00000   0.02675   0.00000   0.00000   0.02424   0.04306   0.00000   0.02570   0.05510   0.08719   0.06608   0.04193   0.01599   0.00000   0.02036   0.01512   0.11240   0.10587   0.11039   0.01268   0.02180   0.01486   0.02004   0.03104   0.01477   0.02625   0.00000   0.02504   0.04533   0.01919   0.02541   0.03494   0.13108   0.09664   0.04568   0.00763   0.01273   0.00908   0.01077   0.10740   8.10134   1.30367   1.07115   1.39950   1.36231  
 21 139.6171   2527.690975  x:  0.30374   0.04928   0.19217   0.00000   0.03046   0.07580   0.00737   0.00000   0.02719   0.00000   0.00000   0.02328   0.04864   0.00000   0.02572   0.05825   0.08626   0.06384   0.03520   0.01970   0.00000   0.02398   0.00813   0.11407   0.11399   0.12362   0.01280   0.02396   0.01493   0.02297   0.02928   0.01579   0.02578   0.00000   0.02204   0.04530   0.01625   0.02511   0.03728   0.13325   0.09912   0.04556   0.00900   0.01287   0.00874   0.00767   0.11088   8.01643   1.30406   1.09375   1.38669   1.40517  
 22 208.0118   2526.496939  x:  0.29469   0.04039   0.20188   0.00000   0.02999   0.07954   0.00701   0.00000   0.02750   0.00000   0.00000   0.02541   0.05564   0.00000   0.02560   0.05717   0.08410   0.05470   0.04161   0.01284   0.00000   0.02120   0.01077   0.11525   0.11826   0.13219   0.01318   0.02178   0.01562   0.02034   0.03098   0.01628   0.01752   0.00000   0.02080   0.04510   0.01556   0.02275   0.03551   0.13699   0.09722   0.04480   0.00850   0.01620   0.00868   0.00974   0.11348   7.91956   1.30457   1.11881   1.37099   1.44901  
 23 223.4087   2524.704037  x:  0.30223   0.03874   0.21003   0.00000   0.02876   0.08581   0.00633   0.00000   0.02804   0.00000   0.00000   0.02344   0.05658   0.00000   0.02548   0.05003   0.08328   0.03588   0.05511   0.02496   0.00000   0.01902   0.00985   0.11419   0.11653   0.13009   0.01330   0.02048   0.01505   0.01922   0.03186   0.01647   0.02236   0.00000   0.01970   0.04540   0.01869   0.01866   0.02983   0.14205   0.08937   0.04448   0.00579   0.01388   0.00920   0.00634   0.11373   7.75542   1.30577   1.15825   1.34418   1.51598  
 24 277.7273   2522.212678  x:  0.32729   0.04724   0.21269   0.00000   0.02687   0.08981   0.00453   0.00000   0.02864   0.00000   0.00000   0.02483   0.04912   0.00000   0.02511   0.04607   0.08700   0.01733   0.05091   0.01686   0.00000   0.02519   0.00889   0.11023   0.11199   0.11995   0.01325   0.02383   0.01567   0.02327   0.02927   0.01454   0.02305   0.00000   0.01729   0.04592   0.01490   0.02450   0.03570   0.14631   0.08300   0.04555   0.00331   0.01726   0.01013   0.00731   0.11251   7.54315   1.30785   1.20460   1.31092   1.59653  
 25 469.9353   2520.554291  x:  0.35249   0.04831   0.20976   0.00000   0.02538   0.08695   0.00417   0.00000   0.02901   0.00000   0.00000   0.02396   0.04450   0.00000   0.02446   0.04824   0.09176   0.01658   0.03760   0.01627   0.00000   0.01907   0.01156   0.10654   0.11252   0.11675   0.01362   0.01842   0.01579   0.01815   0.03063   0.01470   0.02133   0.00000   0.01357   0.04607   0.01489   0.01757   0.03886   0.14971   0.08420   0.04605   0.00694   0.01821   0.01100   0.00486   0.11344   7.39179   1.30975   1.23331   1.28900   1.65035  
 26 555.0508   2519.166165  x:  0.37745   0.04792   0.20511   0.00000   0.02403   0.08024   0.00352   0.00000   0.02933   0.00000   0.00000   0.02370   0.04320   0.00000   0.02327   0.05238   0.09493   0.02581   0.03413   0.01846   0.00000   0.01858   0.01026   0.10430   0.11563   0.11776   0.01388   0.01987   0.01608   0.01910   0.03210   0.01386   0.01441   0.00000   0.02069   0.04599   0.01490   0.01397   0.03701   0.15266   0.08906   0.04590   0.00372   0.01923   0.01128   0.00428   0.11540   7.26299   1.31172   1.25411   1.27223   1.69326  
 27 672.2154   2518.211189  x:  0.39480   0.04539   0.20124   0.00000   0.02301   0.07353   0.00253   0.00000   0.02951   0.00000   0.00000   0.02505   0.04479   0.00000   0.02279   0.05442   0.09765   0.03569   0.03798   0.01746   0.00000   0.01988   0.01022   0.10420   0.11898   0.12122   0.01367   0.02091   0.01616   0.01982   0.03303   0.01395   0.01790   0.00000   0.01300   0.04599   0.01430   0.01724   0.03434   0.15315   0.09537   0.04546   0.00294   0.02035   0.01180   0.00457   0.11725   7.17487   1.31350   1.26424   1.26315   1.71973  
 28 446.2201   2517.656013  x:  0.39951   0.04545   0.20060   0.00000   0.02215   0.06964   0.00229   0.00000   0.02961   0.00000   0.00000   0.02472   0.04907   0.00000   0.02246   0.04708   0.10240   0.03636   0.04049   0.01587   0.00000   0.02288   0.01078   0.10760   0.11995   0.12415   0.01382   0.01858   0.01662   0.01976   0.02899   0.01442   0.02018   0.00000   0.01429   0.04692   0.01375   0.01254   0.03898   0.14638   0.10138   0.04550   0.00307   0.02015   0.01221   0.00438   0.11714   7.11696   1.31599   1.25925   1.26458   1.72927  
 29 98.7571   2516.942746  x:  0.40208   0.04651   0.20131   0.00000   0.02089   0.06544   0.00207   0.00000   0.02973   0.00000   0.00000   0.02386   0.05340   0.00000   0.02195   0.04028   0.10799   0.03387   0.04056   0.01918   0.00000   0.01940   0.01119   0.11218   0.12005   0.12651   0.01355   0.01809   0.01685   0.01817   0.02982   0.01483   0.01584   0.00000   0.01412   0.04771   0.01469   0.01822   0.04272   0.13605   0.10749   0.04565   0.00280   0.02023   0.01272   0.00331   0.11624   7.03679   1.32002   1.24712   1.26991   1.73882  
 30 252.0657   2515.563118  x:  0.40145   0.04576   0.20553   0.00000   0.01832   0.05993   0.00162   0.00000   0.02992   0.00000   0.00000   0.02664   0.05520   0.00000   0.02076   0.04333   0.11534   0.02558   0.03881   0.01989   0.00000   0.01477   0.00993   0.11803   0.11835   0.12749   0.01372   0.02532   0.01716   0.02065   0.04000   0.01339   0.01712   0.00000   0.01350   0.04754   0.01296   0.01317   0.03923   0.12025   0.11275   0.04567   0.00255   0.02433   0.01354   0.00435   0.11416   6.87792   1.32858   1.21655   1.28473   1.75304  
 31 338.8142   2514.229262  x:  0.39834   0.04454   0.21137   0.00000   0.01585   0.05597   0.00105   0.00000   0.03015   0.00000   0.00000   0.02507   0.05402   0.00000   0.01933   0.05189   0.11802   0.02030   0.03757   0.02034   0.00000   0.02320   0.01046   0.11902   0.11725   0.12656   0.01360   0.01863   0.01753   0.01745   0.04170   0.01355   0.01515   0.00000   0.01295   0.04663   0.01435   0.01305   0.03313   0.11575   0.11205   0.04551   0.00141   0.02418   0.01429   0.00328   0.11335   6.72446   1.33688   1.18417   1.30083   1.76431  
 32 506.4005   2512.279060  x:  0.39213   0.04476   0.22162   0.00000   0.01248   0.05242   0.00044   0.00000   0.03046   0.00000   0.00000   0.02683   0.05346   0.00000   0.01786   0.05079   0.12020   0.02225   0.03819   0.02029   0.00000   0.01641   0.01091   0.10928   0.12098   0.12459   0.01341   0.01779   0.01867   0.02257   0.03452   0.01349   0.01505   0.00000   0.01192   0.04699   0.01334   0.01235   0.03591   0.13385   0.10173   0.04584   0.00081   0.02402   0.01551   0.00248   0.11698   6.50960   1.34794   1.13750   1.32395   1.77880  
 33 400.2383   2511.238749  x:  0.38865   0.04595   0.22807   0.00000   0.01049   0.05133   0.00071   0.00000   0.03061   0.00000   0.00000   0.02994   0.05571   0.00000   0.01713   0.04506   0.12708   0.02477   0.03840   0.02232   0.00000   0.02112   0.01062   0.09956   0.12545   0.12277   0.01343   0.01919   0.01882   0.01852   0.04396   0.01273   0.01529   0.00000   0.01167   0.04838   0.01399   0.01144   0.04164   0.14799   0.09498   0.04638   0.00108   0.02631   0.01616   0.00305   0.12069   6.37706   1.35430   1.11110   1.33658   1.78966  
 34 565.6740   2510.741793  x:  0.38823   0.04620   0.22980   0.00000   0.00997   0.05158   0.00075   0.00000   0.03073   0.00000   0.00000   0.02019   0.05787   0.00000   0.01691   0.04373   0.13219   0.02441   0.03768   0.01931   0.00000   0.02037   0.01089   0.09644   0.12730   0.12078   0.01333   0.02164   0.01911   0.01781   0.04378   0.01317   0.01618   0.00000   0.01213   0.04794   0.01307   0.01194   0.03727   0.15059   0.09628   0.04513   0.00108   0.02635   0.01635   0.00314   0.12176   6.31432   1.35553   1.10599   1.33830   1.79602  
 35 92.2469   2508.851491  x:  0.38855   0.04608   0.23449   0.00000   0.00833   0.05214   0.00117   0.00000   0.03118   0.00000   0.00000   0.02691   0.06387   0.00000   0.01558   0.04649   0.14924   0.02052   0.03512   0.01883   0.00000   0.01717   0.01147   0.09053   0.13207   0.11215   0.01310   0.01682   0.02032   0.02365   0.03464   0.01338   0.01683   0.00000   0.01434   0.04558   0.01254   0.01494   0.02342   0.15308   0.10519   0.04063   0.00162   0.02469   0.01685   0.00330   0.12381   6.04972   1.35838   1.09408   1.34027   1.82332  
 36 271.4456   2505.776622  x:  0.39147   0.04154   0.23933   0.00000   0.00601   0.04804   0.00197   0.00000   0.03196   0.00000   0.00000   0.02642   0.06106   0.00000   0.01397   0.06554   0.15014   0.01706   0.04505   0.02118   0.00000   0.01197   0.01098   0.09450   0.13386   0.10388   0.01301   0.02216   0.02226   0.01783   0.02125   0.01377   0.01594   0.00000   0.01408   0.04251   0.01099   0.01504   0.03564   0.15258   0.11313   0.03861   0.00124   0.02150   0.01778   0.00204   0.12347   5.60523   1.36180   1.07825   1.34215   1.86375  
 37 717.2458   2501.556884  x:  0.39755   0.04000   0.24195   0.00000   0.00347   0.03625   0.00292   0.00000   0.03292   0.00000   0.00000   0.01927   0.05129   0.00000   0.01300   0.06218   0.12055   0.01825   0.04421   0.01896   0.00000   0.00974   0.01127   0.10993   0.13151   0.10732   0.01301   0.01188   0.02256   0.03496   0.02644   0.01430   0.01432   0.00000   0.01095   0.04541   0.01266   0.01377   0.03869   0.15120   0.11260   0.04352   0.00060   0.01974   0.01879   0.00159   0.12045   5.01669   1.36540   1.06073   1.34403   1.90756  
 38 1007.3981   2499.138742  x:  0.40115   0.04106   0.24244   0.00000   0.00231   0.02843   0.00283   0.00000   0.03347   0.00000   0.00000   0.02319   0.04541   0.00000   0.01282   0.05162   0.09857   0.01999   0.03736   0.01776   0.00000   0.01073   0.01114   0.11757   0.12844   0.11399   0.01281   0.01853   0.02374   0.02614   0.02003   0.01332   0.01421   0.00000   0.01007   0.04679   0.01009   0.01311   0.02858   0.14948   0.10882   0.04596   0.00049   0.01878   0.01944   0.00173   0.11844   4.67303   1.36791   1.05153   1.34503   1.92632  
 39 1379.1785   2490.126000  x:  0.40542   0.04686   0.23990   0.00000   0.00392   0.01605   0.00320   0.00000   0.03527   0.00000   0.00000   0.02285   0.04251   0.00000   0.01307   0.04926   0.09524   0.02045   0.03913   0.01667   0.00000   0.00926   0.01088   0.08651   0.10776   0.14846   0.01337   0.01747   0.02438   0.02859   0.01805   0.01368   0.01246   0.00000   0.00808   0.02628   0.00945   0.01170   0.02929   0.13730   0.09380   0.02701   0.00024   0.01613   0.01953   0.00089   0.11862   3.43311   1.39275   1.03804   1.34005   1.88152  
 40 353.9260   2486.629191  x:  0.40608   0.04516   0.23892   0.00000   0.00484   0.01176   0.00333   0.00000   0.03612   0.00000   0.00000   0.02239   0.04152   0.00000   0.01293   0.05251   0.09919   0.01864   0.04065   0.01615   0.00000   0.00828   0.01049   0.08023   0.10518   0.15474   0.01367   0.01787   0.02479   0.02868   0.01549   0.01385   0.01177   0.00000   0.00799   0.04913   0.00866   0.01193   0.02677   0.13688   0.09240   0.04245   0.00030   0.01425   0.01939   0.00062   0.12082   2.85538   1.40291   1.03235   1.33748   1.85802  
 41 2006.1865   2484.186957  x:  0.40396   0.04255   0.23928   0.00000   0.00553   0.01137   0.00326   0.00000   0.03664   0.00000   0.00000   0.02315   0.03918   0.00000   0.01314   0.04793   0.09331   0.01491   0.03963   0.01648   0.00000   0.00931   0.00992   0.09937   0.12332   0.13319   0.01407   0.01910   0.02478   0.02719   0.01797   0.01325   0.01139   0.00000   0.00767   0.03833   0.00830   0.01116   0.02546   0.15203   0.11119   0.04821   0.00021   0.01346   0.01927   0.00073   0.12195   2.47875   1.40417   1.02798   1.33641   1.84051  
 42 524.2721   2483.608656  x:  0.40442   0.04246   0.24000   0.00000   0.00543   0.01147   0.00318   0.00000   0.03675   0.00000   0.00000   0.02310   0.03807   0.00000   0.01315   0.04780   0.08964   0.01494   0.03965   0.01654   0.00000   0.00970   0.00982   0.10035   0.13024   0.12848   0.01412   0.01898   0.02482   0.02722   0.01866   0.01310   0.01129   0.00000   0.00757   0.04498   0.00840   0.01115   0.02645   0.15032   0.11140   0.03392   0.00031   0.01332   0.01934   0.00080   0.12215   2.39332   1.39787   1.02646   1.33594   1.84239  
 43 111.6510   2483.171822  x:  0.40555   0.04190   0.24116   0.00000   0.00515   0.01198   0.00307   0.00000   0.03683   0.00000   0.00000   0.02268   0.03737   0.00000   0.01306   0.04770   0.08685   0.01521   0.04085   0.01659   0.00000   0.00992   0.00976   0.09228   0.13369   0.12844   0.01410   0.01852   0.02493   0.02782   0.01867   0.01314   0.01113   0.00000   0.00765   0.03882   0.00855   0.01132   0.02733   0.14376   0.11035   0.03997   0.00056   0.01283   0.01945   0.00088   0.12393   2.32438   1.38627   1.02477   1.33548   1.84836  
 44 78.7124   2482.914319  x:  0.40527   0.04293   0.24135   0.00000   0.00499   0.01266   0.00304   0.00000   0.03681   0.00000   0.00000   0.02274   0.03796   0.00000   0.01298   0.04829   0.08751   0.01364   0.04108   0.01696   0.00000   0.01000   0.00968   0.09045   0.11992   0.13415   0.01402   0.01865   0.02500   0.02746   0.01959   0.01309   0.01100   0.00000   0.00793   0.03928   0.00865   0.01128   0.02764   0.15130   0.11962   0.03987   0.00057   0.01301   0.01951   0.00100   0.11891   2.29161   1.36857   1.02264   1.33632   1.84945  
 45 17.1293   2482.480892  x:  0.40683   0.04444   0.24047   0.00000   0.00488   0.01163   0.00304   0.00000   0.03675   0.00000   0.00000   0.02258   0.04026   0.00000   0.01271   0.05032   0.09811   0.01494   0.04058   0.01665   0.00000   0.00986   0.00976   0.10065   0.11638   0.13946   0.01392   0.01844   0.02515   0.02727   0.01913   0.01328   0.01131   0.00000   0.00847   0.03774   0.00871   0.01189   0.02722   0.15293   0.10726   0.04024   0.00063   0.01275   0.01951   0.00125   0.12044   2.24374   1.33061   1.01786   1.33665   1.84615  
 46 20.6675   2481.704306  x:  0.40817   0.04440   0.24197   0.00000   0.00486   0.01507   0.00308   0.00000   0.03664   0.00000   0.00000   0.02294   0.04005   0.00000   0.01268   0.05029   0.09785   0.01547   0.04108   0.01643   0.00000   0.00967   0.00958   0.09306   0.12397   0.13856   0.01390   0.01809   0.02529   0.02696   0.01861   0.01318   0.01146   0.00000   0.00864   0.04130   0.00862   0.01211   0.02751   0.14385   0.10191   0.03976   0.00036   0.01209   0.01946   0.00148   0.12490   2.16487   1.26647   1.00680   1.33479   1.83555  
 47 71.9149   2480.704925  x:  0.40698   0.04498   0.24150   0.00000   0.00519   0.01813   0.00310   0.00000   0.03677   0.00000   0.00000   0.02301   0.04035   0.00000   0.01274   0.05104   0.10020   0.01756   0.04114   0.01558   0.00000   0.00973   0.00926   0.09775   0.12786   0.14524   0.01382   0.01814   0.02564   0.02654   0.01813   0.01311   0.01214   0.00000   0.00937   0.04170   0.00848   0.01289   0.02689   0.14483   0.09291   0.04249   0.00039   0.01105   0.01941   0.00161   0.10128   2.13502   1.28728   0.96279   1.27064   1.83022  
 48  5.8932   2480.059699  x:  0.40532   0.04642   0.24087   0.00000   0.00542   0.02041   0.00309   0.00000   0.03689   0.00000   0.00000   0.02311   0.03964   0.00000   0.01284   0.05100   0.09839   0.01820   0.04069   0.01512   0.00000   0.00991   0.00905   0.10445   0.11643   0.14576   0.01381   0.01831   0.02586   0.02615   0.01829   0.01298   0.01264   0.00000   0.00997   0.04236   0.00847   0.01338   0.02657   0.14458   0.09186   0.04168   0.00043   0.01019   0.01940   0.00167   0.12362   2.12197   1.30356   0.93552   1.23105   1.82565  
 49 40.8381   2474.546489  x:  0.41362   0.04844   0.23501   0.00000   0.00730   0.02663   0.00302   0.00000   0.03929   0.00000   0.00000   0.02449   0.03367   0.00000   0.01367   0.04935   0.08963   0.02050   0.03987   0.01125   0.00000   0.01223   0.00693   0.12678   0.11493   0.15063   0.01423   0.02081   0.02759   0.02355   0.02160   0.01262   0.01541   0.00000   0.01299   0.04274   0.00839   0.01537   0.02439   0.15712   0.08758   0.04550   0.00080   0.00256   0.01861   0.00053   0.12116   2.31754   1.30237   1.01119   1.36322   1.70165  
 50  4.9867   2473.279538  x:  0.41626   0.04788   0.23301   0.00000   0.00800   0.02629   0.00298   0.00000   0.04011   0.00000   0.00000   0.02450   0.03155   0.00000   0.01414   0.04936   0.08435   0.02109   0.04040   0.01096   0.00000   0.01260   0.00647   0.12582   0.11729   0.15103   0.01448   0.02064   0.02794   0.02290   0.02138   0.01265   0.01562   0.00000   0.01385   0.04521   0.00875   0.01633   0.02504   0.15633   0.08812   0.04726   0.00078   0.00099   0.01836   0.00165   0.12142   2.40662   1.33078   1.03191   1.39022   1.66350  
 51  7.3630   2469.457737  x:  0.42076   0.04757   0.22891   0.00000   0.01041   0.02612   0.00274   0.00000   0.04148   0.00000   0.00000   0.02559   0.02458   0.00000   0.01620   0.04775   0.07011   0.02119   0.04224   0.00956   0.00000   0.01510   0.00459   0.12946   0.12777   0.15084   0.01560   0.02187   0.02749   0.01991   0.02443   0.01198   0.01730   0.00000   0.01712   0.05048   0.00944   0.01901   0.02613   0.15858   0.09326   0.05341   0.00090   0.00666   0.01700   0.00347   0.11998   2.74385   1.22656   0.98026   1.36036   1.48328  
 52 10.0506   2466.377681  x:  0.42854   0.04772   0.21765   0.00000   0.01021   0.02783   0.00238   0.00000   0.04511   0.00000   0.00000   0.02810   0.03372   0.00000   0.01821   0.05267   0.09135   0.02254   0.04745   0.01020   0.00000   0.01908   0.00444   0.11555   0.14051   0.14766   0.01686   0.02333   0.02724   0.01720   0.03283   0.01262   0.02075   0.00000   0.02135   0.05224   0.01220   0.02239   0.03134   0.15657   0.09497   0.05148   0.00083   0.00781   0.01508   0.00380   0.12583   2.65982   1.38441   1.10085   1.43679   1.30814  
 53  1.3827   2465.013877  x:  0.42366   0.04889   0.21839   0.00000   0.01040   0.02685   0.00219   0.00000   0.04489   0.00000   0.00000   0.02901   0.03879   0.00000   0.01932   0.05287   0.09786   0.02059   0.04960   0.01178   0.00000   0.02067   0.00532   0.11004   0.14745   0.14130   0.01714   0.02380   0.02630   0.01579   0.03662   0.01261   0.02127   0.00000   0.02174   0.05122   0.01313   0.02256   0.03263   0.15651   0.10299   0.04989   0.00092   0.00663   0.01388   0.00347   0.12472   2.67351   1.22545   0.99008   1.29431   1.20956  
 54  2.4865   2463.353690  x:  0.41824   0.05184   0.21529   0.00000   0.01258   0.03267   0.00261   0.00000   0.04922   0.00000   0.00000   0.02689   0.04002   0.00000   0.01940   0.05090   0.09413   0.02301   0.04639   0.01346   0.00000   0.01835   0.00882   0.11720   0.13616   0.13961   0.01792   0.02125   0.02750   0.01763   0.03262   0.01234   0.01971   0.00000   0.01718   0.04824   0.01305   0.02116   0.03050   0.16385   0.10589   0.04670   0.00122   0.00720   0.01245   0.00384   0.12239   2.48075   1.23963   1.02258   1.32661   1.05381  
 55  0.3845   2462.171404  x:  0.41607   0.05161   0.21915   0.00000   0.01379   0.03394   0.00283   0.00000   0.05324   0.00000   0.00000   0.02599   0.04207   0.00000   0.01832   0.05276   0.08425   0.02679   0.04585   0.01358   0.00000   0.01893   0.00890   0.11091   0.12567   0.12947   0.01768   0.01973   0.03010   0.01940   0.03469   0.01312   0.02176   0.00000   0.01862   0.04548   0.01354   0.02296   0.03316   0.15777   0.10978   0.04218   0.00134   0.00717   0.01232   0.00390   0.11793   2.27801   1.21062   1.02049   1.27336   1.14498  
 56  0.5153   2461.208262  x:  0.41393   0.05122   0.21914   0.00000   0.01570   0.03839   0.00321   0.00000   0.05780   0.00000   0.00000   0.02423   0.04012   0.00000   0.01814   0.05401   0.09580   0.02107   0.04781   0.01309   0.00000   0.01867   0.00454   0.10760   0.12971   0.13125   0.01776   0.01919   0.03144   0.01986   0.03521   0.01325   0.01777   0.00000   0.01623   0.04333   0.01136   0.02161   0.03157   0.15419   0.10013   0.03926   0.00167   0.00726   0.01206   0.00420   0.11968   2.25484   1.19329   0.98501   1.24438   1.15759  
 57  0.0716   2460.570819  x:  0.41624   0.04933   0.21932   0.00000   0.01822   0.04194   0.00356   0.00000   0.06315   0.00000   0.00000   0.02483   0.03835   0.00000   0.01794   0.05382   0.09684   0.01775   0.04801   0.01300   0.00000   0.01791   0.00924   0.10222   0.13498   0.13337   0.01781   0.01928   0.03307   0.01668   0.03638   0.01349   0.01802   0.00000   0.01763   0.04358   0.01253   0.02174   0.03167   0.14973   0.09574   0.03929   0.00199   0.00791   0.01240   0.00474   0.12124   2.32939   1.21657   0.97610   1.26229   1.20121  
 58  0.1040   2459.945547  x:  0.42035   0.04852   0.22049   0.00000   0.02193   0.04543   0.00405   0.00000   0.06974   0.00000   0.00000   0.02662   0.04019   0.00000   0.01881   0.05244   0.09084   0.02298   0.04868   0.01230   0.00000   0.01813   0.00660   0.09811   0.13365   0.13250   0.01779   0.01886   0.03387   0.01618   0.03696   0.01197   0.02017   0.00000   0.01978   0.04535   0.01328   0.02252   0.03402   0.15119   0.10877   0.04120   0.00243   0.00845   0.01255   0.00537   0.12051   2.39304   1.21641   0.98367   1.27297   1.17830  
 59  0.0569   2459.718377  x:  0.42166   0.04932   0.21893   0.00000   0.02414   0.04690   0.00448   0.00000   0.07254   0.00000   0.00000   0.02592   0.03845   0.00000   0.01944   0.05315   0.09030   0.02128   0.05018   0.01352   0.00000   0.01930   0.00621   0.10282   0.13400   0.13571   0.01779   0.01975   0.03285   0.02011   0.03692   0.01348   0.01926   0.00000   0.01987   0.04606   0.01341   0.02207   0.03427   0.15335   0.10367   0.04209   0.00273   0.00851   0.01238   0.00568   0.12095   2.37936   1.20318   0.99474   1.26343   1.16874  
 60  0.0244   2459.532783  x:  0.41654   0.05088   0.21909   0.00000   0.02649   0.04725   0.00486   0.00000   0.07450   0.00000   0.00000   0.02562   0.03790   0.00000   0.01942   0.05233   0.09188   0.02071   0.04797   0.01254   0.00000   0.01909   0.00591   0.10589   0.13233   0.13468   0.01766   0.01918   0.03133   0.01622   0.03666   0.01314   0.01917   0.00000   0.01891   0.04574   0.01207   0.02163   0.03232   0.15521   0.10081   0.04173   0.00307   0.00834   0.01260   0.00598   0.12091   2.33077   1.20150   0.99703   1.26321   1.16595  
 61  0.0392   2459.322112  x:  0.41243   0.05135   0.21997   0.00000   0.02938   0.04436   0.00548   0.00000   0.07478   0.00000   0.00000   0.02510   0.03785   0.00000   0.01835   0.05289   0.09432   0.02095   0.04773   0.01164   0.00000   0.02014   0.00675   0.10342   0.13378   0.13247   0.01751   0.01975   0.02855   0.01900   0.03652   0.01196   0.01939   0.00000   0.01905   0.04549   0.01262   0.02193   0.03248   0.15375   0.10275   0.04064   0.00349   0.00769   0.01314   0.00627   0.12098   2.32941   1.21366   0.97716   1.26736   1.17133  
 62  0.0137   2459.166535  x:  0.41475   0.05016   0.21931   0.00000   0.03142   0.04071   0.00588   0.00000   0.07318   0.00000   0.00000   0.02586   0.03965   0.00000   0.01783   0.05288   0.09186   0.02141   0.04769   0.01449   0.00000   0.01953   0.00639   0.10271   0.13482   0.13379   0.01736   0.01984   0.02679   0.01739   0.03685   0.01297   0.01983   0.00000   0.01952   0.04540   0.01327   0.02214   0.03210   0.15289   0.10262   0.04078   0.00382   0.00702   0.01335   0.00644   0.12124   2.36483   1.21752   0.98390   1.26747   1.18147  
 63  0.0334   2459.072768  x:  0.41794   0.04958   0.21864   0.00000   0.03232   0.03793   0.00611   0.00000   0.07082   0.00000   0.00000   0.02623   0.03945   0.00000   0.01843   0.05303   0.09244   0.02164   0.04816   0.01226   0.00000   0.01910   0.00656   0.10259   0.13376   0.13491   0.01731   0.01972   0.02698   0.01745   0.03724   0.01347   0.01980   0.00000   0.01956   0.04527   0.01286   0.02244   0.03326   0.15248   0.10300   0.04118   0.00400   0.00645   0.01316   0.00647   0.12113   2.36921   1.20929   0.99615   1.26190   1.17380  
 64  0.0163   2459.018997  x:  0.41836   0.04966   0.21898   0.00000   0.03285   0.03710   0.00627   0.00000   0.06880   0.00000   0.00000   0.02571   0.03833   0.00000   0.01882   0.05322   0.09341   0.02158   0.04897   0.01301   0.00000   0.01890   0.00627   0.10396   0.13199   0.13448   0.01739   0.01919   0.02910   0.01748   0.03662   0.01240   0.01920   0.00000   0.01898   0.04512   0.01303   0.02230   0.03357   0.15373   0.10313   0.04129   0.00414   0.00610   0.01311   0.00646   0.12108   2.35147   1.21399   0.99912   1.27377   1.17416  
 65  0.0146   2458.993659  x:  0.41792   0.04992   0.21942   0.00000   0.03346   0.03751   0.00638   0.00000   0.06785   0.00000   0.00000   0.02557   0.03943   0.00000   0.01887   0.05258   0.09256   0.02104   0.04881   0.01259   0.00000   0.01887   0.00627   0.10356   0.13288   0.13373   0.01753   0.01928   0.03073   0.01759   0.03682   0.01320   0.01918   0.00000   0.01899   0.04528   0.01282   0.02216   0.03312   0.15355   0.10238   0.04116   0.00428   0.00599   0.01277   0.00651   0.12128   2.35218   1.21478   0.99189   1.27044   1.17218  
 66  0.0061   2458.980965  x:  0.41774   0.05038   0.21914   0.00000   0.03404   0.03814   0.00646   0.00000   0.06723   0.00000   0.00000   0.02568   0.03867   0.00000   0.01874   0.05289   0.09323   0.02132   0.04885   0.01293   0.00000   0.01924   0.00653   0.10287   0.13357   0.13382   0.01764   0.01944   0.03121   0.01739   0.03704   0.01284   0.01946   0.00000   0.01926   0.04547   0.01267   0.02218   0.03285   0.15316   0.10276   0.04108   0.00442   0.00597   0.01261   0.00657   0.12131   2.35795   1.21392   0.99283   1.26416   1.17354  
 67  0.0060   2458.968862  x:  0.41776   0.05048   0.21914   0.00000   0.03463   0.03899   0.00656   0.00000   0.06612   0.00000   0.00000   0.02587   0.03913   0.00000   0.01894   0.05306   0.09277   0.02146   0.04814   0.01274   0.00000   0.01926   0.00639   0.10368   0.13350   0.13460   0.01765   0.01960   0.03092   0.01741   0.03673   0.01270   0.01962   0.00000   0.01928   0.04547   0.01330   0.02213   0.03288   0.15351   0.10275   0.04124   0.00460   0.00602   0.01268   0.00663   0.12126   2.36137   1.21356   0.99504   1.26946   1.17664  
 68  0.0040   2458.959727  x:  0.41737   0.05028   0.21924   0.00000   0.03472   0.03942   0.00658   0.00000   0.06502   0.00000   0.00000   0.02593   0.03881   0.00000   0.01899   0.05315   0.09237   0.02150   0.04831   0.01284   0.00000   0.01932   0.00634   0.10307   0.13333   0.13461   0.01763   0.01936   0.03020   0.01752   0.03694   0.01296   0.01960   0.00000   0.01954   0.04533   0.01273   0.02228   0.03332   0.15327   0.10271   0.04109   0.00472   0.00608   0.01279   0.00663   0.12123   2.35284   1.21583   0.99526   1.27276   1.17223  
 69  0.0075   2458.953859  x:  0.41747   0.05003   0.21926   0.00000   0.03439   0.03979   0.00651   0.00000   0.06419   0.00000   0.00000   0.02566   0.03900   0.00000   0.01873   0.05284   0.09277   0.02134   0.04877   0.01275   0.00000   0.01912   0.00640   0.10302   0.13316   0.13379   0.01756   0.01940   0.02975   0.01752   0.03698   0.01290   0.01927   0.00000   0.01935   0.04526   0.01284   0.02223   0.03304   0.15331   0.10284   0.04107   0.00476   0.00618   0.01283   0.00659   0.12117   2.35406   1.21293   0.99342   1.26714   1.17416  
 70  0.0048   2458.946937  x:  0.41803   0.04976   0.21891   0.00000   0.03368   0.03976   0.00637   0.00000   0.06404   0.00000   0.00000   0.02575   0.03858   0.00000   0.01866   0.05284   0.09288   0.02111   0.04888   0.01281   0.00000   0.01911   0.00629   0.10255   0.13309   0.13408   0.01740   0.01934   0.03008   0.01727   0.03731   0.01289   0.01974   0.00000   0.01929   0.04559   0.01325   0.02234   0.03329   0.15258   0.10234   0.04125   0.00484   0.00637   0.01288   0.00651   0.12103   2.35178   1.21411   0.99223   1.26755   1.17184  
 71  0.0009   2458.931513  x:  0.41870   0.04993   0.21892   0.00000   0.03296   0.03938   0.00623   0.00000   0.06409   0.00000   0.00000   0.02578   0.03933   0.00000   0.01871   0.05292   0.09313   0.02135   0.04868   0.01294   0.00000   0.01926   0.00648   0.10340   0.13302   0.13422   0.01710   0.01920   0.03048   0.01751   0.03725   0.01281   0.01979   0.00000   0.01888   0.04596   0.01263   0.02242   0.03339   0.15313   0.10281   0.04146   0.00521   0.00669   0.01299   0.00643   0.12113   2.36389   1.21537   0.99450   1.27215   1.17893  
 72  0.0057   2458.909496  x:  0.41785   0.05044   0.21924   0.00000   0.03309   0.03838   0.00623   0.00000   0.06486   0.00000   0.00000   0.02574   0.03894   0.00000   0.01904   0.05289   0.09231   0.02135   0.04864   0.01274   0.00000   0.01930   0.00635   0.10316   0.13418   0.13379   0.01704   0.01955   0.03024   0.01754   0.03715   0.01285   0.01942   0.00000   0.01926   0.04545   0.01296   0.02242   0.03296   0.15401   0.10321   0.04067   0.00595   0.00681   0.01287   0.00637   0.12150   2.34792   1.21384   0.99457   1.26780   1.17147  
 73  0.0089   2458.902602  x:  0.41709   0.05027   0.21949   0.00000   0.03321   0.03873   0.00626   0.00000   0.06534   0.00000   0.00000   0.02578   0.03878   0.00000   0.01862   0.05301   0.09280   0.02136   0.04845   0.01279   0.00000   0.01928   0.00637   0.10324   0.13294   0.13419   0.01738   0.01937   0.03017   0.01746   0.03704   0.01295   0.01936   0.00000   0.01926   0.04528   0.01287   0.02222   0.03311   0.15309   0.10256   0.04124   0.00630   0.00680   0.01279   0.00635   0.12112   2.35573   1.21145   0.99181   1.26672   1.17345  
 74  0.0050   2458.899370  x:  0.41781   0.04986   0.21902   0.00000   0.03300   0.03887   0.00625   0.00000   0.06549   0.00000   0.00000   0.02571   0.03896   0.00000   0.01885   0.05282   0.09268   0.02127   0.04876   0.01280   0.00000   0.01900   0.00639   0.10301   0.13327   0.13407   0.01768   0.01938   0.03020   0.01752   0.03688   0.01280   0.01945   0.00000   0.01940   0.04534   0.01287   0.02215   0.03310   0.15309   0.10276   0.04123   0.00648   0.00663   0.01276   0.00626   0.12123   2.35452   1.21492   0.99423   1.26896   1.17420  
 75  0.0022   2458.897549  x:  0.41787   0.04999   0.21908   0.00000   0.03280   0.03894   0.00624   0.00000   0.06549   0.00000   0.00000   0.02572   0.03891   0.00000   0.01887   0.05302   0.09282   0.02149   0.04876   0.01278   0.00000   0.01916   0.00641   0.10309   0.13319   0.13388   0.01775   0.01943   0.03014   0.01745   0.03686   0.01296   0.01944   0.00000   0.01931   0.04551   0.01293   0.02220   0.03317   0.15332   0.10290   0.04114   0.00651   0.00638   0.01278   0.00618   0.12121   2.35349   1.21336   0.99320   1.26836   1.17346  
 76  0.0012   2458.896959  x:  0.41764   0.05014   0.21920   0.00000   0.03271   0.03903   0.00623   0.00000   0.06551   0.00000   0.00000   0.02576   0.03897   0.00000   0.01878   0.05292   0.09263   0.02137   0.04863   0.01278   0.00000   0.01921   0.00637   0.10310   0.13327   0.13398   0.01766   0.01941   0.03011   0.01750   0.03693   0.01285   0.01944   0.00000   0.01932   0.04553   0.01287   0.02225   0.03315   0.15320   0.10259   0.04115   0.00649   0.00629   0.01280   0.00616   0.12122   2.35463   1.21341   0.99351   1.26804   1.17321  
 77  0.0011   2458.896741  x:  0.41757   0.05014   0.21921   0.00000   0.03267   0.03911   0.00624   0.00000   0.06553   0.00000   0.00000   0.02575   0.03887   0.00000   0.01877   0.05289   0.09270   0.02135   0.04858   0.01279   0.00000   0.01918   0.00638   0.10308   0.13328   0.13403   0.01754   0.01942   0.03012   0.01750   0.03694   0.01291   0.01944   0.00000   0.01930   0.04545   0.01288   0.02226   0.03307   0.15324   0.10275   0.04117   0.00649   0.00628   0.01281   0.00616   0.12124   2.35505   1.21425   0.99404   1.26871   1.17399  
 78  0.0010   2458.896539  x:  0.41768   0.05003   0.21921   0.00000   0.03267   0.03909   0.00626   0.00000   0.06554   0.00000   0.00000   0.02572   0.03894   0.00000   0.01879   0.05299   0.09261   0.02137   0.04866   0.01279   0.00000   0.01917   0.00640   0.10306   0.13325   0.13407   0.01742   0.01941   0.03016   0.01747   0.03699   0.01287   0.01943   0.00000   0.01933   0.04539   0.01289   0.02226   0.03309   0.15322   0.10274   0.04119   0.00653   0.00625   0.01281   0.00619   0.12123   2.35461   1.21372   0.99368   1.26857   1.17351  
 79  0.0003   2458.896066  x:  0.41768   0.05001   0.21914   0.00000   0.03261   0.03911   0.00633   0.00000   0.06560   0.00000   0.00000   0.02580   0.03894   0.00000   0.01878   0.05281   0.09285   0.02139   0.04863   0.01278   0.00000   0.01917   0.00637   0.10313   0.13324   0.13378   0.01740   0.01937   0.03014   0.01752   0.03692   0.01289   0.01945   0.00000   0.01937   0.04548   0.01290   0.02224   0.03320   0.15330   0.10278   0.04116   0.00657   0.00624   0.01278   0.00628   0.12122   2.35463   1.21368   0.99374   1.26813   1.17306  
 80  0.0002   2458.895545  x:  0.41776   0.05009   0.21912   0.00000   0.03241   0.03912   0.00639   0.00000   0.06556   0.00000   0.00000   0.02573   0.03894   0.00000   0.01876   0.05290   0.09271   0.02140   0.04867   0.01279   0.00000   0.01921   0.00639   0.10312   0.13323   0.13406   0.01748   0.01944   0.03011   0.01747   0.03690   0.01290   0.01942   0.00000   0.01933   0.04557   0.01288   0.02224   0.03310   0.15318   0.10263   0.04116   0.00654   0.00625   0.01280   0.00638   0.12121   2.35415   1.21418   0.99389   1.26849   1.17350  
 81  0.0004   2458.895457  x:  0.41764   0.05010   0.21920   0.00000   0.03236   0.03909   0.00640   0.00000   0.06552   0.00000   0.00000   0.02574   0.03891   0.00000   0.01879   0.05292   0.09267   0.02136   0.04862   0.01279   0.00000   0.01918   0.00639   0.10308   0.13329   0.13400   0.01752   0.01942   0.03013   0.01748   0.03692   0.01289   0.01945   0.00000   0.01933   0.04547   0.01288   0.02225   0.03310   0.15322   0.10273   0.04117   0.00653   0.00625   0.01280   0.00639   0.12123   2.35454   1.21367   0.99364   1.26834   1.17361  
 82  0.0006   2458.895452  x:  0.41763   0.05009   0.21919   0.00000   0.03236   0.03909   0.00640   0.00000   0.06552   0.00000   0.00000   0.02575   0.03891   0.00000   0.01878   0.05291   0.09266   0.02137   0.04862   0.01278   0.00000   0.01919   0.00638   0.10308   0.13327   0.13400   0.01753   0.01942   0.03014   0.01748   0.03694   0.01289   0.01944   0.00000   0.01933   0.04545   0.01289   0.02226   0.03310   0.15323   0.10273   0.04117   0.00653   0.00625   0.01280   0.00640   0.12123   2.35459   1.21379   0.99374   1.26840   1.17356  
 83  0.0001   2458.895451  x:  0.41764   0.05009   0.21919   0.00000   0.03236   0.03910   0.00640   0.00000   0.06552   0.00000   0.00000   0.02575   0.03891   0.00000   0.01878   0.05291   0.09267   0.02137   0.04862   0.01279   0.00000   0.01919   0.00639   0.10309   0.13327   0.13400   0.01753   0.01942   0.03013   0.01748   0.03695   0.01289   0.01944   0.00000   0.01932   0.04545   0.01289   0.02226   0.03310   0.15323   0.10273   0.04117   0.00653   0.00625   0.01280   0.00640   0.12123   2.35458   1.21378   0.99373   1.26840   1.17357  
 84  0.0000   2458.895451  x:  0.41764   0.05009   0.21919   0.00000   0.03236   0.03910   0.00640   0.00000   0.06552   0.00000   0.00000   0.02575   0.03891   0.00000   0.01878   0.05291   0.09267   0.02137   0.04862   0.01279   0.00000   0.01919   0.00638   0.10309   0.13327   0.13400   0.01753   0.01942   0.03013   0.01748   0.03695   0.01289   0.01944   0.00000   0.01932   0.04546   0.01289   0.02225   0.03310   0.15323   0.10274   0.04117   0.00653   0.00625   0.01280   0.00640   0.12123   2.35460   1.21378   0.99373   1.26840   1.17358  
 85  0.0000   2458.895451  x:  0.41764   0.05009   0.21919   0.00000   0.03236   0.03910   0.00640   0.00000   0.06552   0.00000   0.00000   0.02575   0.03891   0.00000   0.01878   0.05291   0.09267   0.02137   0.04862   0.01279   0.00000   0.01919   0.00639   0.10309   0.13327   0.13400   0.01753   0.01942   0.03013   0.01748   0.03695   0.01289   0.01944   0.00000   0.01932   0.04546   0.01289   0.02225   0.03310   0.15323   0.10273   0.04117   0.00653   0.00625   0.01280   0.00640   0.12123   2.35457   1.21378   0.99373   1.26840   1.17358  
 86  0.0000   2458.895451  x:  0.41764   0.05009   0.21919   0.00000   0.03236   0.03910   0.00640   0.00000   0.06552   0.00000   0.00000   0.02575   0.03891   0.00000   0.01878   0.05291   0.09267   0.02137   0.04862   0.01279   0.00000   0.01919   0.00638   0.10309   0.13327   0.13400   0.01753   0.01942   0.03013   0.01748   0.03695   0.01289   0.01944   0.00000   0.01932   0.04545   0.01289   0.02225   0.03310   0.15323   0.10274   0.04117   0.00653   0.00625   0.01280   0.00639   0.12123   2.35459   1.21378   0.99373   1.26840   1.17357  
 87  0.0000   2458.895451  x:  0.41764   0.05009   0.21919   0.00000   0.03236   0.03910   0.00640   0.00000   0.06552   0.00000   0.00000   0.02575   0.03891   0.00000   0.01878   0.05291   0.09267   0.02137   0.04862   0.01279   0.00000   0.01919   0.00638   0.10309   0.13327   0.13400   0.01753   0.01942   0.03013   0.01748   0.03695   0.01289   0.01944   0.00000   0.01932   0.04545   0.01289   0.02225   0.03310   0.15323   0.10274   0.04117   0.00653   0.00625   0.01280   0.00639   0.12123   2.35459   1.21378   0.99373   1.26840   1.17357  
 88  0.0000   2458.895451  x:  0.41764   0.05009   0.21919   0.00000   0.03236   0.03910   0.00640   0.00000   0.06552   0.00000   0.00000   0.02575   0.03891   0.00000   0.01878   0.05291   0.09267   0.02137   0.04862   0.01279   0.00000   0.01919   0.00638   0.10309   0.13327   0.13400   0.01753   0.01942   0.03013   0.01748   0.03695   0.01289   0.01944   0.00000   0.01932   0.04545   0.01289   0.02225   0.03310   0.15323   0.10274   0.04117   0.00653   0.00625   0.01280   0.00639   0.12123   2.35459   1.21378   0.99373   1.26840   1.17357  

TREE # 2

  0  0.0000   2496.994759  x:  0.10215   0.11701   0.02568   0.03360   0.02146   0.03506   0.04826   0.03030   0.02967   0.00911   0.02488   0.04709   0.01543   0.03476   0.04735   0.13063   0.09429   0.04394   0.02794   0.01859   0.01448   0.02259   0.09793   0.02923   0.17398   0.00607   0.01029   0.08323   0.01323   0.00196   0.02107   0.03151   0.00000   0.01611   0.04052   0.02547   0.03975   0.05884   0.06987   0.05082   0.04960   0.03040   0.00215   0.02874   0.01567   0.11397   0.31536   2.35459   1.14419   0.98771   1.25647   1.17357  
  1 99.0000   2496.992421  x:  0.10215   0.11701   0.02568   0.03360   0.02146   0.03506   0.04826   0.03029   0.02967   0.00911   0.02488   0.04709   0.01543   0.03476   0.04735   0.13063   0.09429   0.04394   0.02794   0.01859   0.01448   0.02259   0.09793   0.02923   0.17398   0.00607   0.01029   0.08323   0.01323   0.00196   0.02107   0.03151   0.00000   0.01611   0.04052   0.02547   0.03975   0.05884   0.06987   0.05082   0.04960   0.03040   0.00215   0.02874   0.01567   0.11397   0.31536   2.35459   1.14419   0.98771   1.25647   1.17357  
  2 670.4559   2493.970768  x:  0.10265   0.11727   0.02520   0.03287   0.02189   0.03422   0.04786   0.02927   0.02909   0.00717   0.02452   0.04703   0.01521   0.03416   0.04684   0.13093   0.09444   0.04393   0.02651   0.01742   0.01434   0.02129   0.09831   0.03003   0.17437   0.00449   0.00941   0.08226   0.01244   0.00000   0.02159   0.02971   0.00000   0.01659   0.04045   0.02350   0.03889   0.05865   0.07041   0.05006   0.04957   0.02935   0.00018   0.02818   0.01468   0.11379   0.31589   2.35461   1.14431   0.98770   1.25649   1.17355  
  3 1137.8343   2493.768883  x:  0.10269   0.11729   0.02517   0.03282   0.02191   0.03415   0.04783   0.02920   0.02905   0.00700   0.02450   0.04702   0.01521   0.03412   0.04680   0.13095   0.09445   0.04393   0.02640   0.01734   0.01433   0.02119   0.09833   0.03007   0.17440   0.00436   0.00947   0.08218   0.01241   0.00000   0.02150   0.02956   0.00000   0.01657   0.04044   0.02333   0.03883   0.05864   0.07045   0.04999   0.04957   0.02927   0.00000   0.02815   0.01462   0.11378   0.31593   2.35461   1.14432   0.98769   1.25649   1.17355  
  4 2467.7379   2489.327273  x:  0.10338   0.11788   0.02537   0.03235   0.02046   0.03321   0.04742   0.02810   0.02910   0.00000   0.02503   0.04700   0.01609   0.03382   0.04619   0.13162   0.09465   0.04383   0.02359   0.01696   0.01502   0.01960   0.09896   0.02860   0.17569   0.00008   0.00961   0.07964   0.01435   0.00000   0.02230   0.02330   0.00000   0.01408   0.04046   0.01622   0.03760   0.05846   0.07077   0.04811   0.04962   0.02816   0.00000   0.02835   0.01561   0.11337   0.31740   2.35474   1.14480   0.98767   1.25669   1.17344  
  5 894.2758   2489.271818  x:  0.10338   0.11789   0.02538   0.03235   0.02046   0.03320   0.04742   0.02809   0.02911   0.00000   0.02504   0.04700   0.01609   0.03382   0.04619   0.13163   0.09465   0.04383   0.02355   0.01697   0.01502   0.01959   0.09896   0.02858   0.17572   0.00000   0.00962   0.07960   0.01438   0.00000   0.02230   0.02318   0.00000   0.01412   0.04046   0.01608   0.03759   0.05846   0.07076   0.04808   0.04962   0.02815   0.00000   0.02836   0.01564   0.11336   0.31743   2.35475   1.14481   0.98767   1.25669   1.17344  
  6 1365.5905   2484.800555  x:  0.10381   0.11823   0.02609   0.03326   0.02322   0.03388   0.04787   0.02886   0.02995   0.00000   0.02524   0.04706   0.01476   0.03452   0.04646   0.13223   0.09485   0.04376   0.02206   0.01873   0.01377   0.02037   0.09913   0.02896   0.17841   0.00000   0.01025   0.07623   0.01391   0.00000   0.02233   0.01009   0.00000   0.01361   0.04056   0.00000   0.03706   0.05860   0.07012   0.04613   0.04975   0.02893   0.00000   0.02920   0.01682   0.11297   0.31998   2.35505   1.14588   0.98763   1.25720   1.17319  
  7 1132.1924   2483.377058  x:  0.10376   0.11814   0.02599   0.03379   0.02183   0.03457   0.04817   0.02974   0.03004   0.00000   0.02478   0.04708   0.01522   0.03488   0.04690   0.13234   0.09493   0.04378   0.02253   0.01947   0.01465   0.02154   0.09894   0.03009   0.18059   0.00000   0.01077   0.07460   0.01245   0.00000   0.02237   0.00000   0.00000   0.01370   0.04056   0.00000   0.03535   0.05875   0.06974   0.04552   0.04976   0.02984   0.00000   0.02914   0.01617   0.11288   0.32170   2.35532   1.14679   0.98764   1.25764   1.17297  
  8 517.9079   2482.345827  x:  0.10288   0.11750   0.02480   0.03501   0.01957   0.03694   0.04914   0.03265   0.02942   0.00000   0.02358   0.04711   0.01603   0.03560   0.04845   0.13256   0.09514   0.04386   0.02551   0.02054   0.01387   0.02560   0.09794   0.03130   0.19297   0.00000   0.01289   0.06772   0.01119   0.00000   0.02261   0.00000   0.00000   0.01340   0.04043   0.00000   0.01868   0.05918   0.06896   0.04330   0.04957   0.03280   0.00000   0.02804   0.01285   0.11268   0.33011   2.35686   1.15187   0.98803   1.26018   1.17170  
  9 138.0104   2475.043173  x:  0.10429   0.11865   0.01912   0.02716   0.02617   0.03079   0.04561   0.02553   0.02210   0.00000   0.02426   0.04639   0.01672   0.02937   0.04464   0.13695   0.09782   0.04390   0.01544   0.00670   0.02716   0.01850   0.09998   0.02847   0.24833   0.00000   0.01126   0.03099   0.01930   0.00000   0.02375   0.00000   0.00000   0.00898   0.03964   0.00000   0.02545   0.05859   0.07679   0.02494   0.04762   0.02535   0.00000   0.02153   0.00995   0.11038   0.37539   2.36532   1.17988   0.99016   1.27389   1.16486  
 10 62.5854   2472.535278  x:  0.10789   0.12080   0.02188   0.02449   0.01955   0.02482   0.04291   0.01854   0.02412   0.00000   0.02369   0.04629   0.01561   0.02764   0.04088   0.13986   0.09938   0.04359   0.00531   0.01438   0.01963   0.00871   0.10314   0.03097   0.26229   0.00000   0.01052   0.03333   0.01529   0.00000   0.02411   0.00000   0.00000   0.00711   0.03973   0.00000   0.02653   0.05730   0.07890   0.02136   0.04743   0.01830   0.00000   0.02419   0.01293   0.10920   0.39117   2.36854   1.19016   0.99109   1.27902   1.16230  
 11 163.7742   2471.902545  x:  0.11211   0.12361   0.02357   0.02420   0.01751   0.02135   0.04133   0.01514   0.02566   0.00000   0.02390   0.04633   0.01760   0.02720   0.03805   0.14289   0.10057   0.04301   0.01189   0.01154   0.01691   0.00670   0.10662   0.03101   0.26577   0.00000   0.01096   0.03630   0.01334   0.00000   0.02431   0.00000   0.00000   0.00664   0.03993   0.00000   0.02772   0.05616   0.07949   0.02014   0.04779   0.01505   0.00000   0.02581   0.01388   0.10788   0.39994   2.37036   1.19567   0.99158   1.28183   1.16089  
 12 100.3302   2471.290240  x:  0.11740   0.12705   0.02391   0.02389   0.01714   0.01935   0.03979   0.01466   0.02594   0.00000   0.02384   0.04638   0.01998   0.02650   0.03535   0.14632   0.10174   0.04221   0.00911   0.00632   0.01704   0.01141   0.11100   0.03006   0.26482   0.00000   0.01158   0.04336   0.01274   0.00000   0.02454   0.00000   0.00000   0.00622   0.04004   0.00000   0.02803   0.05476   0.08022   0.02271   0.04826   0.01475   0.00000   0.02598   0.01251   0.10657   0.40821   2.37248   1.20171   0.99233   1.28503   1.15927  
 13 96.1376   2470.741992  x:  0.12311   0.13056   0.02137   0.02276   0.01889   0.02025   0.03871   0.01641   0.02340   0.00000   0.02326   0.04630   0.02143   0.02516   0.03403   0.14968   0.10263   0.04139   0.00904   0.00875   0.02157   0.00771   0.11563   0.02852   0.25897   0.00000   0.01236   0.04889   0.01430   0.00000   0.02479   0.00000   0.00000   0.00587   0.03985   0.00000   0.02764   0.05353   0.08176   0.02622   0.04849   0.01636   0.00000   0.02316   0.00839   0.10545   0.41576   2.37504   1.20851   0.99352   1.28876   1.15736  
 14 85.7130   2470.374575  x:  0.12596   0.13173   0.01815   0.02167   0.01659   0.02255   0.03935   0.01576   0.02035   0.00000   0.02219   0.04608   0.01789   0.02467   0.03653   0.15060   0.10233   0.04123   0.00903   0.00706   0.02243   0.00665   0.11748   0.02943   0.24654   0.00000   0.01287   0.04839   0.01461   0.00000   0.02496   0.00000   0.00000   0.00560   0.03934   0.00000   0.02641   0.05379   0.08381   0.02736   0.04804   0.01548   0.00000   0.02011   0.01207   0.10556   0.41836   2.37749   1.21426   0.99522   1.29215   1.15559  
 15 53.2640   2469.980413  x:  0.12741   0.13171   0.01833   0.02043   0.01602   0.02081   0.03961   0.01278   0.02040   0.00000   0.02221   0.04579   0.01804   0.02423   0.03811   0.15017   0.10129   0.04143   0.00913   0.00847   0.02293   0.00893   0.11804   0.02962   0.22727   0.00000   0.01326   0.04406   0.01537   0.00000   0.02518   0.00000   0.00000   0.00523   0.03890   0.00000   0.02490   0.05448   0.08698   0.02586   0.04743   0.01263   0.00000   0.02058   0.00876   0.10625   0.41824   2.38064   1.22108   0.99789   1.29637   1.15338  
 16 74.0604   2469.784814  x:  0.12737   0.13115   0.01966   0.02079   0.01623   0.01934   0.03940   0.01402   0.02161   0.00000   0.02232   0.04574   0.01986   0.02420   0.03773   0.14944   0.10068   0.04159   0.00832   0.00650   0.02275   0.00677   0.11764   0.03010   0.21677   0.00000   0.01341   0.04179   0.01467   0.00000   0.02530   0.00000   0.00000   0.00502   0.03892   0.00000   0.02373   0.05476   0.08823   0.02475   0.04745   0.01408   0.00000   0.02172   0.00814   0.10664   0.41713   2.38245   1.22477   0.99958   1.29876   1.15214  
 17 96.2662   2469.735459  x:  0.12676   0.13061   0.01938   0.02070   0.01687   0.01882   0.03840   0.01426   0.02110   0.00000   0.02220   0.04582   0.02134   0.02345   0.03543   0.14893   0.10070   0.04164   0.00836   0.00704   0.02301   0.00717   0.11707   0.03046   0.21452   0.00000   0.01350   0.04130   0.01400   0.00000   0.02534   0.00000   0.00000   0.00496   0.03917   0.00000   0.02322   0.05433   0.08848   0.02420   0.04797   0.01403   0.00000   0.02092   0.00957   0.10648   0.41598   2.38336   1.22641   1.00057   1.29992   1.15154  
 18 26.1168   2469.679334  x:  0.12498   0.12944   0.01898   0.02110   0.01604   0.02030   0.03730   0.01391   0.02070   0.00000   0.02234   0.04604   0.02095   0.02349   0.03250   0.14797   0.10105   0.04167   0.00822   0.00673   0.02248   0.00699   0.11564   0.03053   0.21409   0.00000   0.01373   0.04102   0.01415   0.00000   0.02542   0.00000   0.00000   0.00500   0.03958   0.00000   0.02375   0.05354   0.08794   0.02381   0.04906   0.01384   0.00000   0.02049   0.00858   0.10584   0.41344   2.38524   1.22968   1.00273   1.30235   1.15032  
 19 18.5251   2469.546297  x:  0.12079   0.12691   0.01839   0.01911   0.01625   0.01775   0.03702   0.01311   0.02070   0.00000   0.02157   0.04610   0.02068   0.02413   0.03339   0.14595   0.10248   0.04186   0.00799   0.00637   0.02480   0.00631   0.11261   0.03164   0.21675   0.00000   0.01446   0.04214   0.01399   0.00000   0.02567   0.00000   0.00000   0.00517   0.03940   0.00000   0.02390   0.05224   0.08705   0.02461   0.05008   0.01294   0.00000   0.02107   0.00864   0.10390   0.40532   2.39132   1.23989   1.00982   1.31018   1.14646  
 20 24.6448   2469.407875  x:  0.12003   0.12680   0.01963   0.02069   0.01582   0.01765   0.03738   0.01300   0.01990   0.00000   0.02255   0.04545   0.02209   0.02083   0.03552   0.14560   0.10362   0.04218   0.00774   0.00640   0.02421   0.00629   0.11315   0.03199   0.21995   0.00000   0.01499   0.04286   0.01325   0.00000   0.02593   0.00000   0.00000   0.00535   0.03854   0.00000   0.02484   0.05289   0.08991   0.02320   0.04780   0.01317   0.00000   0.01915   0.00820   0.10308   0.39601   2.39859   1.25153   1.01849   1.31950   1.14207  
 21 36.1881   2469.235214  x:  0.12292   0.12903   0.01902   0.01878   0.01596   0.02015   0.03725   0.01382   0.02055   0.00000   0.02146   0.04514   0.02317   0.02246   0.03433   0.14699   0.10397   0.04207   0.00769   0.00642   0.02438   0.00642   0.11686   0.03266   0.22266   0.00000   0.01535   0.04192   0.01245   0.00000   0.02623   0.00000   0.00000   0.00558   0.03868   0.00000   0.02493   0.05430   0.09454   0.02292   0.04564   0.01258   0.00000   0.02157   0.00862   0.10383   0.38487   2.40848   1.26658   1.03033   1.33214   1.13641  
 22 52.6555   2469.110299  x:  0.12611   0.13121   0.01851   0.02050   0.01555   0.01794   0.03728   0.01258   0.02094   0.00000   0.02146   0.04562   0.02159   0.02450   0.03306   0.14866   0.10328   0.04149   0.00776   0.00678   0.02474   0.00661   0.11966   0.03310   0.22348   0.00000   0.01545   0.04038   0.01247   0.00000   0.02645   0.00000   0.00000   0.00577   0.03937   0.00000   0.02485   0.05453   0.09545   0.02368   0.04695   0.01460   0.00000   0.02084   0.00871   0.10501   0.37889   2.41593   1.27742   1.03910   1.34169   1.13240  
 23 63.7494   2468.990188  x:  0.12910   0.13310   0.01939   0.02154   0.01564   0.01736   0.03768   0.01471   0.02118   0.00000   0.02231   0.04629   0.02062   0.02432   0.03328   0.15042   0.10179   0.04080   0.00764   0.00668   0.02519   0.00650   0.12122   0.03310   0.22304   0.00000   0.01545   0.03948   0.01205   0.00000   0.02665   0.00000   0.00000   0.00594   0.03980   0.00000   0.02457   0.05384   0.09281   0.02367   0.04992   0.01200   0.00000   0.02012   0.00857   0.10604   0.37631   2.42331   1.28762   1.04750   1.35118   1.12877  
 24 58.5570   2468.808601  x:  0.13281   0.13516   0.02025   0.01963   0.01641   0.01919   0.03798   0.01263   0.02088   0.00000   0.02251   0.04671   0.02111   0.02172   0.03463   0.15277   0.09930   0.04024   0.00743   0.00646   0.02508   0.00641   0.12196   0.03290   0.22134   0.00000   0.01539   0.03910   0.01138   0.00000   0.02697   0.00000   0.00000   0.00623   0.03959   0.00000   0.02431   0.05243   0.08671   0.02215   0.05321   0.01332   0.00000   0.02099   0.00874   0.10676   0.37644   2.43478   1.30295   1.06011   1.36595   1.12351  
 25 82.0469   2468.562850  x:  0.13469   0.13548   0.01776   0.01916   0.01587   0.01733   0.03678   0.01466   0.01985   0.00000   0.02000   0.04514   0.02154   0.02211   0.03468   0.15419   0.09759   0.04153   0.00749   0.00679   0.02179   0.00689   0.11984   0.03303   0.21841   0.00000   0.01534   0.03886   0.01307   0.00000   0.02738   0.00000   0.00000   0.00681   0.03813   0.00000   0.02565   0.05248   0.08212   0.02072   0.04978   0.01394   0.00000   0.02104   0.00806   0.10511   0.38498   2.45086   1.32354   1.07666   1.38664   1.11699  
 26 59.7278   2468.265385  x:  0.13444   0.13442   0.01857   0.02168   0.01754   0.01872   0.03658   0.01255   0.02099   0.00000   0.02166   0.04404   0.02203   0.02476   0.03395   0.15445   0.09714   0.04286   0.00700   0.00659   0.02247   0.00612   0.11623   0.03261   0.21451   0.00000   0.01535   0.03916   0.01188   0.00000   0.02789   0.00000   0.00000   0.00742   0.03790   0.00000   0.02503   0.05354   0.08136   0.02322   0.04490   0.01250   0.00000   0.02002   0.00875   0.10260   0.39903   2.47070   1.34822   1.09626   1.41212   1.10961  
 27 128.3655   2468.039111  x:  0.13220   0.13295   0.02054   0.01942   0.01688   0.01808   0.03742   0.01398   0.02106   0.00000   0.02365   0.04532   0.01868   0.02294   0.03297   0.15338   0.09875   0.04245   0.00759   0.00696   0.02260   0.00671   0.11452   0.03124   0.21192   0.00000   0.01542   0.03943   0.01055   0.00000   0.02827   0.00000   0.00000   0.00791   0.03955   0.00000   0.02493   0.05409   0.08685   0.02412   0.04573   0.01383   0.00000   0.02090   0.00885   0.10151   0.41191   2.48579   1.36625   1.11020   1.43138   1.10486  
 28 101.1016   2467.945834  x:  0.13015   0.13201   0.01980   0.02123   0.01733   0.01871   0.03817   0.01369   0.02137   0.00000   0.02131   0.04637   0.01960   0.02276   0.03409   0.15202   0.10048   0.04148   0.00748   0.00698   0.02209   0.00667   0.11518   0.03164   0.21089   0.00000   0.01544   0.04027   0.01138   0.00000   0.02841   0.00000   0.00000   0.00816   0.03993   0.00000   0.02513   0.05397   0.09031   0.02341   0.04899   0.01354   0.00000   0.02161   0.00896   0.10243   0.41754   2.49198   1.37283   1.11502   1.43908   1.10377  
 29 50.6967   2467.909248  x:  0.12864   0.13156   0.01962   0.02032   0.01733   0.01884   0.03783   0.01380   0.02121   0.00000   0.02250   0.04593   0.02049   0.02437   0.03473   0.15073   0.10179   0.04108   0.00739   0.00703   0.02124   0.00669   0.11730   0.03172   0.21062   0.00000   0.01546   0.04036   0.01112   0.00000   0.02846   0.00000   0.00000   0.00824   0.03895   0.00000   0.02540   0.05363   0.09051   0.02294   0.04991   0.01372   0.00000   0.02051   0.00883   0.10428   0.41928   2.49424   1.37392   1.11541   1.44151   1.10474  
 30 13.5419   2467.840873  x:  0.12593   0.13078   0.01966   0.02100   0.01735   0.01849   0.03718   0.01369   0.02100   0.00000   0.02231   0.04474   0.01946   0.02295   0.03393   0.14802   0.10405   0.04095   0.00742   0.00697   0.02197   0.00661   0.12246   0.03178   0.21021   0.00000   0.01554   0.03992   0.01090   0.00000   0.02852   0.00000   0.00000   0.00838   0.03821   0.00000   0.02510   0.05327   0.08868   0.02359   0.04845   0.01353   0.00000   0.02176   0.00892   0.10829   0.42112   2.49812   1.37322   1.11349   1.44483   1.10906  
 31 13.5112   2467.757169  x:  0.12509   0.13050   0.02088   0.01982   0.01738   0.01845   0.03832   0.01350   0.02217   0.00000   0.02057   0.04650   0.01947   0.02287   0.03339   0.14682   0.10435   0.04083   0.00736   0.00683   0.02193   0.00653   0.12492   0.03215   0.20994   0.00000   0.01559   0.04003   0.01147   0.00000   0.02858   0.00000   0.00000   0.00857   0.04116   0.00000   0.02507   0.05383   0.08741   0.02304   0.04666   0.01342   0.00000   0.01964   0.00877   0.10932   0.42165   2.50245   1.36964   1.10870   1.44729   1.11670  
 32 14.7608   2467.412151  x:  0.12620   0.13066   0.01737   0.02052   0.01771   0.01731   0.03953   0.01309   0.01833   0.00000   0.02389   0.05108   0.02098   0.02333   0.03357   0.14634   0.10188   0.04032   0.00677   0.00665   0.02097   0.00606   0.12689   0.03264   0.20902   0.00000   0.01576   0.04033   0.01018   0.00000   0.02876   0.00000   0.00000   0.00919   0.04523   0.00000   0.02472   0.05530   0.08756   0.02174   0.04531   0.01290   0.00000   0.02197   0.00830   0.10685   0.42139   2.51962   1.35122   1.08613   1.45455   1.15102  
 33 41.9564   2466.710301  x:  0.13142   0.13238   0.01841   0.01949   0.01777   0.01743   0.03460   0.01279   0.02209   0.00000   0.02222   0.04818   0.01972   0.02161   0.03287   0.14885   0.09711   0.04054   0.00660   0.00648   0.02100   0.00590   0.12566   0.03415   0.20741   0.00000   0.01606   0.03865   0.01018   0.00000   0.02909   0.00000   0.00000   0.01052   0.03792   0.00000   0.02346   0.05435   0.09317   0.02281   0.04847   0.01272   0.00000   0.02033   0.00823   0.09988   0.42005   2.55403   1.31233   1.04003   1.46608   1.22148  
 34 143.1478   2466.613750  x:  0.13238   0.13322   0.02055   0.01956   0.01787   0.01723   0.03642   0.01262   0.01940   0.00000   0.02075   0.04493   0.01960   0.02279   0.03216   0.15026   0.09833   0.04104   0.00651   0.00641   0.02114   0.00583   0.12378   0.03326   0.20705   0.00000   0.01610   0.03885   0.00965   0.00000   0.02913   0.00000   0.00000   0.01067   0.03824   0.00000   0.02327   0.05301   0.09401   0.02209   0.04889   0.01265   0.00000   0.02042   0.00817   0.10088   0.41987   2.55840   1.30711   1.03509   1.46483   1.23051  
 35 43.7245   2466.509175  x:  0.13368   0.13468   0.01831   0.01935   0.01786   0.01708   0.03805   0.01259   0.02137   0.00000   0.02183   0.04218   0.01977   0.02191   0.03181   0.15295   0.10212   0.04168   0.00640   0.00637   0.02104   0.00576   0.12000   0.03352   0.20663   0.00000   0.01614   0.03897   0.00956   0.00000   0.02915   0.00000   0.00000   0.01086   0.04007   0.00000   0.02313   0.05139   0.09462   0.02159   0.04875   0.01255   0.00000   0.02017   0.00807   0.10457   0.42003   2.56255   1.30178   1.03228   1.45830   1.23912  
 36 28.0273   2466.322566  x:  0.13524   0.13705   0.01971   0.01913   0.01790   0.01704   0.03440   0.01244   0.02000   0.00000   0.02164   0.04656   0.02003   0.02172   0.03241   0.15748   0.10854   0.04172   0.00635   0.00630   0.02076   0.00566   0.11458   0.03480   0.20602   0.00000   0.01623   0.03831   0.01025   0.00000   0.02916   0.00000   0.00000   0.01123   0.03918   0.00000   0.02290   0.05199   0.09495   0.02255   0.04759   0.01245   0.00000   0.02034   0.00798   0.11081   0.42106   2.56905   1.29291   1.03112   1.43887   1.25250  
 37 34.5290   2466.044422  x:  0.13446   0.13766   0.01805   0.01912   0.01813   0.01641   0.03563   0.01209   0.02094   0.00000   0.02003   0.04853   0.01916   0.02187   0.03112   0.15941   0.10904   0.04092   0.00605   0.00612   0.02135   0.00541   0.11537   0.03065   0.20489   0.00000   0.01630   0.03908   0.00688   0.00000   0.02919   0.00000   0.00000   0.01157   0.03603   0.00000   0.02239   0.05508   0.09501   0.02056   0.04777   0.01213   0.00000   0.01952   0.00765   0.11076   0.42295   2.57693   1.28122   1.03333   1.40322   1.26844  
 38 42.4312   2465.487832  x:  0.13362   0.13708   0.01901   0.01828   0.01832   0.01602   0.03817   0.01176   0.02004   0.00000   0.02187   0.04582   0.01944   0.02111   0.02873   0.16048   0.10586   0.04034   0.00592   0.00585   0.02166   0.00522   0.12195   0.03739   0.20300   0.00000   0.01645   0.03948   0.00991   0.00000   0.02913   0.00000   0.00000   0.01268   0.03556   0.00000   0.02115   0.05751   0.09647   0.02015   0.04943   0.01189   0.00000   0.01978   0.00754   0.10537   0.42807   2.59292   1.25700   1.03902   1.32376   1.30046  
 39 160.0522   2465.329635  x:  0.13405   0.13665   0.01896   0.01840   0.01821   0.01622   0.03470   0.01179   0.01986   0.00000   0.02105   0.04433   0.02009   0.02101   0.03105   0.15928   0.10399   0.04098   0.00583   0.00594   0.02057   0.00520   0.12433   0.03607   0.20270   0.00000   0.01649   0.03786   0.00855   0.00000   0.02913   0.00000   0.00000   0.01292   0.03934   0.00000   0.02133   0.05391   0.09768   0.02203   0.04953   0.01189   0.00000   0.01971   0.00738   0.10348   0.42949   2.59688   1.25047   1.03993   1.30119   1.30810  
 40 87.4902   2465.291565  x:  0.13592   0.13630   0.01900   0.01868   0.01828   0.01628   0.03496   0.01188   0.02008   0.00000   0.02122   0.04564   0.01958   0.02139   0.03101   0.15688   0.10317   0.04148   0.00587   0.00593   0.02109   0.00529   0.12428   0.03621   0.20273   0.00000   0.01650   0.03841   0.00863   0.00000   0.02913   0.00000   0.00000   0.01300   0.03863   0.00000   0.02110   0.05043   0.09846   0.02080   0.04847   0.01196   0.00000   0.01980   0.00743   0.10381   0.42976   2.59676   1.24932   1.03821   1.29600   1.30732  
 41 13.4032   2465.222997  x:  0.14075   0.13547   0.01891   0.01825   0.01812   0.01610   0.03651   0.01176   0.01985   0.00000   0.02095   0.04594   0.02055   0.02077   0.03045   0.15071   0.10208   0.04116   0.00578   0.00595   0.02008   0.00513   0.12266   0.03577   0.20372   0.00000   0.01659   0.03749   0.00843   0.00000   0.02916   0.00000   0.00000   0.01315   0.03784   0.00000   0.02152   0.05091   0.09874   0.02284   0.04879   0.01183   0.00000   0.01966   0.00733   0.10568   0.43048   2.59430   1.24802   1.03090   1.28736   1.30033  
 42 13.2090   2465.145714  x:  0.14439   0.13484   0.01905   0.01838   0.01842   0.01603   0.03421   0.01170   0.01985   0.00000   0.02117   0.04448   0.01960   0.02107   0.03080   0.14639   0.10197   0.04079   0.00580   0.00583   0.02103   0.00514   0.12153   0.03573   0.20395   0.00000   0.01663   0.03897   0.00848   0.00000   0.02920   0.00000   0.00000   0.01331   0.03908   0.00000   0.02103   0.05373   0.09875   0.02069   0.04942   0.01182   0.00000   0.01964   0.00727   0.10680   0.43073   2.59033   1.24641   1.02099   1.27824   1.28997  
 43 30.7838   2464.737981  x:  0.14220   0.13397   0.01889   0.01829   0.01893   0.01593   0.03510   0.01164   0.01968   0.00000   0.02114   0.04574   0.01922   0.02075   0.03053   0.15341   0.10909   0.04185   0.00566   0.00576   0.01960   0.00515   0.12549   0.03609   0.20070   0.00000   0.01640   0.03769   0.00812   0.00000   0.02938   0.00000   0.00000   0.01403   0.03874   0.00000   0.01984   0.05277   0.09795   0.02082   0.04962   0.01175   0.00000   0.01953   0.00704   0.10148   0.42917   2.56270   1.23480   0.96252   1.23515   1.22278  
 44 29.1934   2464.658729  x:  0.13915   0.13494   0.01884   0.01818   0.01896   0.01575   0.03479   0.01157   0.01957   0.00000   0.02104   0.04525   0.01926   0.02058   0.03030   0.15603   0.10391   0.03762   0.00563   0.00572   0.01953   0.00507   0.12469   0.03678   0.20130   0.00000   0.01653   0.03806   0.00807   0.00000   0.02945   0.00000   0.00000   0.01419   0.03881   0.00000   0.01987   0.05201   0.09915   0.02087   0.04824   0.01167   0.00000   0.01945   0.00695   0.10478   0.42985   2.55543   1.22845   0.95523   1.22976   1.20878  
 45 20.5106   2464.581085  x:  0.13662   0.13667   0.01873   0.01798   0.01900   0.01560   0.03463   0.01142   0.01944   0.00000   0.02104   0.04566   0.01935   0.02038   0.03004   0.15750   0.09898   0.04277   0.00558   0.00564   0.01965   0.00496   0.12455   0.03737   0.20225   0.00000   0.01673   0.03866   0.00795   0.00000   0.02955   0.00000   0.00000   0.01434   0.03884   0.00000   0.01990   0.05262   0.10048   0.02090   0.04891   0.01155   0.00000   0.01934   0.00684   0.10832   0.43083   2.54606   1.21799   0.95166   1.22675   1.19396  
 46 24.1483   2464.297071  x:  0.13790   0.14355   0.01856   0.01783   0.01922   0.01541   0.03456   0.01128   0.01922   0.00000   0.02094   0.04570   0.01916   0.02013   0.02987   0.15268   0.10359   0.04113   0.00545   0.00552   0.01942   0.00493   0.12519   0.03860   0.20172   0.00000   0.01696   0.03785   0.00754   0.00000   0.02993   0.00000   0.00000   0.01471   0.03893   0.00000   0.01922   0.05230   0.10030   0.02044   0.04888   0.01143   0.00000   0.01919   0.00656   0.10415   0.43135   2.50499   1.16637   0.95417   1.22467   1.14235  
 47 22.2704   2464.227860  x:  0.14198   0.13306   0.01861   0.01780   0.01928   0.01538   0.03451   0.01127   0.01917   0.00000   0.02089   0.04570   0.01910   0.02011   0.02988   0.15601   0.10433   0.04072   0.00546   0.00548   0.01939   0.00494   0.12657   0.03837   0.20211   0.00000   0.01706   0.03793   0.00742   0.00000   0.03004   0.00000   0.00000   0.01479   0.03897   0.00000   0.01917   0.05242   0.10052   0.02030   0.04895   0.01142   0.00000   0.01915   0.00649   0.10517   0.43143   2.49139   1.15778   0.95595   1.22543   1.13424  
 48 10.9763   2463.084603  x:  0.14004   0.13528   0.01789   0.01811   0.02110   0.01578   0.03495   0.01169   0.01873   0.00000   0.02023   0.04521   0.01663   0.02048   0.03011   0.15500   0.10356   0.04067   0.00590   0.00536   0.01662   0.00559   0.12552   0.04303   0.20392   0.00000   0.01792   0.03817   0.00567   0.00000   0.03189   0.00000   0.00000   0.01584   0.03879   0.00000   0.01757   0.05230   0.10044   0.02105   0.04899   0.01180   0.00000   0.01861   0.00545   0.10439   0.43013   2.17023   1.19818   0.97784   1.24979   1.15446  
 49  5.4965   2461.377016  x:  0.13428   0.13392   0.01718   0.01982   0.02510   0.01809   0.03722   0.01345   0.01852   0.00000   0.01897   0.04499   0.01043   0.02180   0.03228   0.15328   0.10225   0.04126   0.00743   0.00563   0.01054   0.00754   0.12146   0.05343   0.21632   0.00000   0.02088   0.03922   0.00306   0.00000   0.03863   0.00000   0.00000   0.01613   0.03861   0.00000   0.01746   0.05354   0.09591   0.02196   0.04890   0.01337   0.00000   0.01811   0.00425   0.10437   0.42323   2.36354   1.20181   0.98261   1.25849   1.17071  
 50  0.8486   2460.094610  x:  0.12978   0.13315   0.01640   0.02094   0.02844   0.01922   0.03933   0.01434   0.01957   0.00000   0.01741   0.04534   0.01062   0.02357   0.03533   0.15253   0.10189   0.04147   0.00742   0.00666   0.01177   0.00811   0.11819   0.05859   0.22620   0.00000   0.02640   0.03905   0.01033   0.00000   0.04782   0.00000   0.00000   0.01827   0.03821   0.00000   0.01988   0.05458   0.09069   0.02155   0.04868   0.01407   0.00000   0.01867   0.00784   0.10355   0.41889   2.39336   1.20336   0.98662   1.26180   1.17815  
 51  0.0583   2459.413875  x:  0.13151   0.13357   0.01845   0.01948   0.03043   0.01797   0.03753   0.01316   0.02002   0.00000   0.01998   0.04561   0.01785   0.02277   0.03407   0.15265   0.10234   0.04120   0.00619   0.00732   0.01537   0.00665   0.12046   0.05743   0.22340   0.00000   0.03061   0.03907   0.00801   0.00000   0.05490   0.00000   0.00000   0.02081   0.03947   0.00000   0.01907   0.05260   0.09068   0.02076   0.04861   0.01294   0.00000   0.02007   0.00732   0.10199   0.41764   2.36958   1.21886   0.99586   1.27327   1.17498  
 52  0.0341   2459.046367  x:  0.13490   0.13464   0.01763   0.01840   0.03152   0.01657   0.03540   0.01201   0.01926   0.00000   0.01993   0.04557   0.01348   0.02167   0.03252   0.15358   0.10295   0.04103   0.00609   0.00603   0.01329   0.00520   0.12299   0.05265   0.21712   0.00000   0.03228   0.03843   0.00748   0.00000   0.06040   0.00000   0.00000   0.02309   0.03940   0.00000   0.01923   0.05146   0.09387   0.02066   0.04854   0.01210   0.00000   0.01930   0.00627   0.10237   0.41837   2.32302   1.22187   0.99859   1.27317   1.16918  
 53  0.0474   2458.936874  x:  0.13398   0.13446   0.01736   0.01926   0.03131   0.01725   0.03655   0.01266   0.01928   0.00000   0.01943   0.04552   0.01266   0.02202   0.03285   0.15340   0.10239   0.04115   0.00661   0.00574   0.01310   0.00674   0.12154   0.05051   0.21544   0.00000   0.03345   0.03904   0.00651   0.00000   0.06303   0.00000   0.00000   0.02420   0.03895   0.00000   0.01821   0.05293   0.09305   0.02174   0.04869   0.01253   0.00000   0.01907   0.00658   0.10364   0.41714   2.33335   1.20713   0.99007   1.26005   1.17394  
 54  0.0274   2458.913064  x:  0.13347   0.13413   0.01760   0.01949   0.03100   0.01748   0.03692   0.01293   0.01951   0.00000   0.01923   0.04546   0.01289   0.02222   0.03298   0.15335   0.10266   0.04117   0.00651   0.00644   0.01222   0.00647   0.12126   0.04992   0.21813   0.00000   0.03373   0.03930   0.00635   0.00000   0.06410   0.00000   0.00000   0.02452   0.03887   0.00000   0.01859   0.05310   0.09273   0.02144   0.04866   0.01277   0.00000   0.01923   0.00637   0.10332   0.41783   2.34804   1.20996   0.99101   1.26446   1.17332  
 55  0.0206   2458.906701  x:  0.13327   0.13397   0.01758   0.01947   0.03087   0.01751   0.03703   0.01294   0.01947   0.00000   0.01930   0.04543   0.01268   0.02228   0.03308   0.15327   0.10279   0.04115   0.00656   0.00635   0.01292   0.00636   0.12124   0.04969   0.21955   0.00000   0.03377   0.03919   0.00630   0.00000   0.06463   0.00000   0.00000   0.02469   0.03889   0.00000   0.01874   0.05297   0.09272   0.02138   0.04866   0.01283   0.00000   0.01920   0.00629   0.10305   0.41790   2.35727   1.21352   0.99309   1.26844   1.17333  
 56  0.0149   2458.902421  x:  0.13322   0.13390   0.01750   0.01938   0.03049   0.01746   0.03698   0.01287   0.01939   0.00000   0.01938   0.04542   0.01303   0.02227   0.03314   0.15319   0.10281   0.04117   0.00654   0.00606   0.01268   0.00637   0.12126   0.04967   0.21993   0.00000   0.03353   0.03903   0.00635   0.00000   0.06515   0.00000   0.00000   0.02499   0.03891   0.00000   0.01880   0.05281   0.09279   0.02134   0.04861   0.01280   0.00000   0.01915   0.00648   0.10293   0.41787   2.35934   1.21582   0.99498   1.27055   1.17363  
 57  0.0035   2458.897477  x:  0.13327   0.13398   0.01751   0.01934   0.02985   0.01748   0.03693   0.01281   0.01941   0.00000   0.01940   0.04547   0.01291   0.02224   0.03320   0.15315   0.10274   0.04118   0.00650   0.00627   0.01279   0.00635   0.12122   0.04984   0.21883   0.00000   0.03300   0.03912   0.00652   0.00000   0.06572   0.00000   0.00000   0.02547   0.03893   0.00000   0.01869   0.05281   0.09266   0.02140   0.04860   0.01272   0.00000   0.01921   0.00637   0.10307   0.41735   2.35405   1.21436   0.99475   1.26855   1.17438  
 58  0.0041   2458.896137  x:  0.13334   0.13405   0.01755   0.01944   0.02985   0.01745   0.03690   0.01291   0.01944   0.00000   0.01929   0.04545   0.01289   0.02223   0.03302   0.15327   0.10277   0.04117   0.00657   0.00626   0.01283   0.00639   0.12128   0.05008   0.21914   0.00000   0.03264   0.03909   0.00642   0.00000   0.06569   0.00000   0.00000   0.02559   0.03892   0.00000   0.01889   0.05292   0.09272   0.02136   0.04863   0.01279   0.00000   0.01919   0.00644   0.10310   0.41763   2.35273   1.21321   0.99319   1.26770   1.17311  
 59  0.0020   2458.895707  x:  0.13330   0.13402   0.01752   0.01944   0.02997   0.01747   0.03693   0.01291   0.01943   0.00000   0.01928   0.04545   0.01290   0.02225   0.03303   0.15327   0.10274   0.04116   0.00655   0.00623   0.01281   0.00642   0.12126   0.05019   0.21931   0.00000   0.03243   0.03909   0.00643   0.00000   0.06564   0.00000   0.00000   0.02562   0.03891   0.00000   0.01875   0.05294   0.09273   0.02137   0.04863   0.01281   0.00000   0.01917   0.00635   0.10310   0.41771   2.35468   1.21360   0.99332   1.26833   1.17321  
 60  0.0022   2458.895533  x:  0.13327   0.13400   0.01753   0.01941   0.03006   0.01749   0.03696   0.01289   0.01943   0.00000   0.01934   0.04546   0.01287   0.02226   0.03310   0.15325   0.10272   0.04116   0.00652   0.00625   0.01280   0.00640   0.12123   0.05019   0.21920   0.00000   0.03234   0.03910   0.00638   0.00000   0.06561   0.00000   0.00000   0.02564   0.03891   0.00000   0.01876   0.05292   0.09268   0.02136   0.04863   0.01279   0.00000   0.01919   0.00639   0.10309   0.41770   2.35478   1.21377   0.99366   1.26843   1.17364  
 61  0.0006   2458.895493  x:  0.13326   0.13400   0.01753   0.01941   0.03011   0.01749   0.03696   0.01288   0.01943   0.00000   0.01933   0.04546   0.01289   0.02226   0.03312   0.15323   0.10273   0.04117   0.00654   0.00625   0.01280   0.00639   0.12122   0.05013   0.21915   0.00000   0.03233   0.03909   0.00639   0.00000   0.06560   0.00000   0.00000   0.02566   0.03891   0.00000   0.01880   0.05291   0.09267   0.02136   0.04862   0.01278   0.00000   0.01919   0.00637   0.10309   0.41764   2.35463   1.21372   0.99374   1.26831   1.17370  
 62  0.0003   2458.895473  x:  0.13328   0.13400   0.01754   0.01942   0.03015   0.01748   0.03694   0.01289   0.01944   0.00000   0.01932   0.04545   0.01289   0.02225   0.03310   0.15323   0.10274   0.04118   0.00653   0.00625   0.01280   0.00639   0.12123   0.05007   0.21918   0.00000   0.03233   0.03909   0.00641   0.00000   0.06560   0.00000   0.00000   0.02569   0.03892   0.00000   0.01879   0.05290   0.09267   0.02137   0.04862   0.01279   0.00000   0.01919   0.00639   0.10309   0.41764   2.35440   1.21378   0.99373   1.26836   1.17353  
 63  0.0002   2458.895462  x:  0.13327   0.13399   0.01753   0.01942   0.03015   0.01748   0.03696   0.01289   0.01944   0.00000   0.01934   0.04546   0.01289   0.02226   0.03310   0.15324   0.10273   0.04117   0.00654   0.00625   0.01281   0.00639   0.12123   0.05007   0.21919   0.00000   0.03234   0.03909   0.00641   0.00000   0.06558   0.00000   0.00000   0.02572   0.03892   0.00000   0.01877   0.05292   0.09267   0.02137   0.04863   0.01279   0.00000   0.01919   0.00639   0.10309   0.41765   2.35453   1.21371   0.99364   1.26837   1.17355  
 64  0.0001   2458.895454  x:  0.13327   0.13400   0.01753   0.01942   0.03014   0.01748   0.03696   0.01289   0.01944   0.00000   0.01933   0.04546   0.01289   0.02226   0.03310   0.15324   0.10273   0.04117   0.00653   0.00625   0.01281   0.00640   0.12123   0.05008   0.21919   0.00000   0.03235   0.03910   0.00641   0.00000   0.06554   0.00000   0.00000   0.02574   0.03891   0.00000   0.01879   0.05292   0.09267   0.02137   0.04863   0.01279   0.00000   0.01919   0.00639   0.10309   0.41766   2.35463   1.21373   0.99368   1.26838   1.17361  
 65  0.0001   2458.895451  x:  0.13327   0.13400   0.01753   0.01942   0.03014   0.01748   0.03695   0.01289   0.01944   0.00000   0.01932   0.04545   0.01289   0.02225   0.03310   0.15323   0.10274   0.04117   0.00653   0.00625   0.01280   0.00639   0.12123   0.05009   0.21918   0.00000   0.03236   0.03910   0.00640   0.00000   0.06553   0.00000   0.00000   0.02575   0.03891   0.00000   0.01878   0.05291   0.09267   0.02137   0.04862   0.01279   0.00000   0.01919   0.00639   0.10309   0.41764   2.35462   1.21378   0.99373   1.26840   1.17359  
 66  0.0001   2458.895451  x:  0.13327   0.13400   0.01753   0.01942   0.03013   0.01748   0.03695   0.01289   0.01944   0.00000   0.01933   0.04545   0.01289   0.02225   0.03310   0.15323   0.10274   0.04117   0.00653   0.00625   0.01280   0.00639   0.12123   0.05009   0.21919   0.00000   0.03236   0.03909   0.00640   0.00000   0.06552   0.00000   0.00000   0.02575   0.03891   0.00000   0.01878   0.05291   0.09267   0.02137   0.04862   0.01279   0.00000   0.01919   0.00638   0.10309   0.41764   2.35459   1.21378   0.99373   1.26840   1.17357  
 67  0.0000   2458.895451  x:  0.13327   0.13400   0.01753   0.01942   0.03013   0.01748   0.03695   0.01289   0.01944   0.00000   0.01932   0.04545   0.01289   0.02225   0.03310   0.15323   0.10274   0.04117   0.00653   0.00625   0.01280   0.00639   0.12123   0.05009   0.21919   0.00000   0.03236   0.03910   0.00640   0.00000   0.06552   0.00000   0.00000   0.02575   0.03891   0.00000   0.01878   0.05291   0.09267   0.02137   0.04862   0.01279   0.00000   0.01919   0.00638   0.10309   0.41764   2.35459   1.21378   0.99373   1.26840   1.17357  
 68  0.0000   2458.895451  x:  0.13327   0.13400   0.01753   0.01942   0.03013   0.01748   0.03695   0.01289   0.01944   0.00000   0.01932   0.04545   0.01289   0.02225   0.03310   0.15323   0.10274   0.04117   0.00653   0.00625   0.01280   0.00639   0.12123   0.05009   0.21919   0.00000   0.03236   0.03910   0.00640   0.00000   0.06552   0.00000   0.00000   0.02575   0.03891   0.00000   0.01878   0.05291   0.09267   0.02137   0.04862   0.01279   0.00000   0.01919   0.00638   0.10309   0.41764   2.35459   1.21378   0.99373   1.26840   1.17357  