

TREE # 1

  0  0.0000   2108.064096  x:  0.01972   0.20925   0.02571   0.03211   0.02495   0.05815   0.02188   0.05666   0.08536   0.02661   0.17168   0.01972   0.20925   0.02571   0.03211   0.02495   0.05815   0.02188   0.05666   0.08536   0.02661   0.17168   0.21568   8.40433   1.92641   1.18024   1.46409   1.00000  
  1 99.0000   1987.495482  x:  0.00874   0.22048   0.27571   0.14149   0.02098   0.05088   0.02176   0.04101   0.07098   0.12024   0.14315   0.01241   0.21177   0.19077   0.14240   0.05643   0.05548   0.00000   0.05894   0.06922   0.14766   0.14167   0.18160   8.40457   1.92839   1.17818   1.46424   0.99611  
  2 1563.7606   1985.830701  x:  0.00861   0.22099   0.28067   0.14369   0.02091   0.05068   0.02162   0.04030   0.07006   0.12186   0.14155   0.01248   0.21185   0.19396   0.14461   0.05708   0.05562   0.00974   0.05882   0.06817   0.14990   0.13995   0.17959   8.40458   1.92850   1.17812   1.46422   0.99586  
  3 1297.5233   1951.736143  x:  0.01650   0.24479   0.29007   0.14925   0.02188   0.04644   0.01043   0.00776   0.01756   0.10446   0.05492   0.03001   0.21382   0.19261   0.14962   0.04814   0.05772   0.00967   0.04507   0.00720   0.14040   0.04557   0.06766   8.40556   1.93456   1.17633   1.46189   0.98258  
  4 267.5689   1945.380665  x:  0.01829   0.25155   0.29235   0.15150   0.02398   0.04615   0.01544   0.02085   0.00757   0.09914   0.02962   0.03124   0.21419   0.19221   0.15152   0.04692   0.05806   0.00968   0.04284   0.00272   0.13748   0.01760   0.03182   8.40588   1.93652   1.17554   1.46130   0.97827  
  5 903.9849   1943.840833  x:  0.01924   0.25394   0.29295   0.15242   0.02389   0.04615   0.01554   0.01937   0.00774   0.09718   0.02225   0.03159   0.21431   0.19199   0.15230   0.04674   0.05814   0.00968   0.04246   0.00887   0.13637   0.01035   0.01893   8.40600   1.93729   1.17519   1.46111   0.97659  
  6 582.3933   1943.079135  x:  0.02038   0.25592   0.29346   0.15350   0.02367   0.04642   0.01605   0.01914   0.01153   0.09560   0.01983   0.03135   0.21441   0.19166   0.15285   0.04713   0.05810   0.00967   0.04294   0.00782   0.13546   0.01262   0.00927   8.40612   1.93804   1.17477   1.46097   0.97498  
  7 195.7583   1942.719928  x:  0.02591   0.26666   0.29601   0.15797   0.02288   0.04781   0.01590   0.01924   0.00923   0.08758   0.02410   0.02876   0.21478   0.19040   0.15621   0.04943   0.05777   0.00964   0.04567   0.00801   0.13091   0.01227   0.00747   8.40683   1.94244   1.17223   1.46027   0.96536  
  8 38.2890   1942.184001  x:  0.02763   0.28629   0.30066   0.16589   0.02263   0.04920   0.01617   0.01931   0.01153   0.07380   0.01982   0.02689   0.21548   0.18789   0.16168   0.05161   0.05738   0.00960   0.04795   0.00783   0.12282   0.01328   0.01146   8.40820   1.95086   1.16745   1.45891   0.94694  
  9 134.7048   1941.856660  x:  0.02040   0.29926   0.30331   0.16903   0.02387   0.04816   0.01575   0.01990   0.00878   0.06863   0.02182   0.02766   0.21587   0.18614   0.16376   0.05002   0.05744   0.00960   0.04570   0.00905   0.11894   0.01597   0.01051   8.40934   1.95762   1.16373   1.45790   0.93191  
 10 82.2714   1941.693526  x:  0.01746   0.30594   0.30442   0.16970   0.02391   0.04728   0.01631   0.01980   0.01148   0.06834   0.02488   0.02760   0.21601   0.18497   0.16366   0.04860   0.05757   0.00961   0.04408   0.00837   0.11787   0.01358   0.01035   8.41013   1.96209   1.16133   1.45730   0.92187  
 11 86.2715   1941.133268  x:  0.02302   0.32700   0.30648   0.16414   0.02152   0.04453   0.01744   0.02113   0.01204   0.08021   0.02437   0.02963   0.21627   0.18090   0.15735   0.04397   0.05837   0.00964   0.04028   0.00941   0.12135   0.01523   0.01129   8.41401   1.98299   1.15069   1.45481   0.87391  
 12 61.5826   1940.740595  x:  0.02055   0.33619   0.30604   0.15854   0.02376   0.04719   0.01452   0.02112   0.01204   0.08746   0.02325   0.02596   0.21612   0.17904   0.15220   0.04878   0.05801   0.00956   0.04647   0.00913   0.12584   0.01496   0.01116   8.41715   1.99901   1.14299   1.45321   0.83668  
 13 108.9644   1940.630256  x:  0.01970   0.33571   0.30545   0.15719   0.02356   0.04821   0.01842   0.01968   0.01141   0.08739   0.02312   0.02564   0.21590   0.17953   0.15144   0.05036   0.05762   0.00954   0.04733   0.00902   0.12751   0.01507   0.01114   8.41831   2.00436   1.14079   1.45284   0.82405  
 14 72.2440   1940.072215  x:  0.02006   0.31846   0.30155   0.15429   0.02047   0.04987   0.01659   0.02097   0.01237   0.07685   0.02398   0.02965   0.21411   0.18695   0.15268   0.05315   0.05549   0.00950   0.04274   0.00869   0.13554   0.01454   0.01091   8.42482   2.03199   1.13122   1.45173   0.75822  
 15 75.7051   1939.934586  x:  0.02128   0.31187   0.30057   0.15531   0.02499   0.04717   0.01684   0.02032   0.01240   0.07561   0.02380   0.02742   0.21369   0.18853   0.15457   0.04962   0.05697   0.00952   0.04361   0.00858   0.13485   0.01471   0.01097   8.42687   2.03959   1.12936   1.45192   0.74064  
 16 60.9411   1939.864719  x:  0.02056   0.30749   0.30003   0.15739   0.02209   0.04619   0.01669   0.02036   0.01189   0.07736   0.02339   0.02560   0.21360   0.18840   0.15651   0.04745   0.05821   0.00953   0.04555   0.00843   0.13143   0.01480   0.01090   8.42828   2.04376   1.12914   1.45263   0.73199  
 17 31.3730   1939.807617  x:  0.02078   0.30325   0.29984   0.16068   0.02290   0.04789   0.01675   0.02039   0.01180   0.08140   0.02356   0.02782   0.21382   0.18720   0.15875   0.04872   0.05808   0.00950   0.04539   0.00844   0.12548   0.01467   0.01088   8.43009   2.04795   1.13000   1.45419   0.72511  
 18 20.2946   1939.792868  x:  0.02084   0.30242   0.29993   0.16137   0.02291   0.04730   0.01669   0.02027   0.01165   0.08210   0.02336   0.02628   0.21428   0.18651   0.15876   0.04993   0.05703   0.00950   0.04377   0.00843   0.12457   0.01481   0.01090   8.43117   2.04965   1.13121   1.45554   0.72415  
 19  6.9718   1939.603817  x:  0.02060   0.29767   0.30467   0.16587   0.02267   0.04303   0.01705   0.02092   0.01179   0.08096   0.02438   0.02834   0.22333   0.17807   0.15321   0.05082   0.05346   0.00954   0.04698   0.00910   0.12735   0.01508   0.01106   8.45305   2.08007   1.15850   1.48498   0.72252  
 20  7.1429   1939.385602  x:  0.02047   0.29345   0.30915   0.16818   0.02286   0.04984   0.01703   0.02129   0.01198   0.07975   0.02512   0.02561   0.23077   0.17143   0.14895   0.04837   0.05716   0.00950   0.04529   0.00975   0.13041   0.01589   0.01133   8.47957   2.11680   1.19069   1.52039   0.72186  
 21 94.3728   1938.937078  x:  0.02024   0.29294   0.30591   0.15571   0.02227   0.04567   0.01751   0.02247   0.01419   0.08066   0.02686   0.02513   0.22302   0.17895   0.15654   0.05487   0.06618   0.00922   0.04506   0.01029   0.12734   0.01718   0.01184   8.53666   2.19564   1.25285   1.59373   0.72607  
 22 50.9597   1938.675169  x:  0.02016   0.29367   0.30113   0.15073   0.02254   0.04872   0.01759   0.02286   0.01523   0.08236   0.02752   0.02363   0.21494   0.18650   0.16122   0.05052   0.05649   0.00942   0.04697   0.01045   0.12593   0.01794   0.01211   8.56920   2.24043   1.28486   1.63391   0.72986  
 23 107.3525   1938.552129  x:  0.02010   0.29422   0.29113   0.16234   0.02260   0.04848   0.01761   0.02290   0.01487   0.08448   0.02770   0.02326   0.20784   0.19200   0.15702   0.05118   0.05744   0.00937   0.04699   0.01060   0.12978   0.01823   0.01221   8.58706   2.26418   1.28953   1.64983   0.73588  
 24 17.6897   1938.306189  x:  0.02004   0.28529   0.28843   0.16088   0.02246   0.04843   0.01773   0.02338   0.01531   0.08586   0.02825   0.02226   0.21742   0.19034   0.16308   0.05133   0.05702   0.00938   0.04725   0.01097   0.13055   0.01889   0.01240   8.63072   2.31380   1.25543   1.66126   0.76228  
 25  8.2154   1938.230062  x:  0.02007   0.28060   0.29620   0.15913   0.02236   0.04827   0.01781   0.02363   0.01535   0.08404   0.02862   0.02169   0.21026   0.18941   0.15515   0.05125   0.05701   0.00940   0.04757   0.01144   0.12593   0.01933   0.01247   8.64653   2.32192   1.24641   1.65821   0.76865  
 26  9.0751   1937.988315  x:  0.01976   0.27491   0.29642   0.16034   0.02228   0.04849   0.01812   0.02449   0.01622   0.08540   0.02994   0.02080   0.19790   0.17473   0.16364   0.05216   0.05692   0.00933   0.04813   0.01218   0.13406   0.02042   0.01283   8.71103   2.29666   1.23907   1.61498   0.77278  
 27  5.1065   1937.391563  x:  0.01925   0.26759   0.28757   0.16016   0.02201   0.04942   0.01901   0.02695   0.01914   0.08883   0.03358   0.01762   0.21248   0.18948   0.15783   0.05386   0.05710   0.00919   0.05045   0.01427   0.13002   0.02351   0.01390   8.87550   2.21615   1.22320   1.50694   0.77725  
 28 38.9423   1936.988617  x:  0.01876   0.26305   0.28582   0.15933   0.02170   0.04960   0.01944   0.02824   0.02082   0.08961   0.03538   0.01593   0.21122   0.18902   0.15709   0.05471   0.05663   0.00910   0.05128   0.01536   0.13050   0.02514   0.01434   8.99845   2.09793   1.16457   1.52739   0.76028  
 29  8.9194   1936.031526  x:  0.01819   0.27787   0.27601   0.15536   0.02199   0.04972   0.02008   0.03143   0.02742   0.08718   0.03356   0.02686   0.21388   0.18283   0.15089   0.05392   0.05589   0.00802   0.05199   0.01963   0.12717   0.02690   0.01099  10.17984   2.11911   1.16926   1.54900   0.77594  
 30  0.8143   1935.597008  x:  0.01965   0.27925   0.26310   0.15136   0.02175   0.04882   0.01960   0.03091   0.03012   0.08547   0.03123   0.01844   0.21287   0.17414   0.14904   0.05227   0.05693   0.00684   0.04969   0.02226   0.12432   0.02696   0.01067  10.72987   2.18255   1.19382   1.57767   0.78041  
 31  0.3453   1935.395412  x:  0.01928   0.26656   0.24751   0.14852   0.02164   0.04911   0.01916   0.02942   0.03064   0.08567   0.03203   0.01963   0.21363   0.17035   0.14666   0.05245   0.05676   0.00580   0.04993   0.02401   0.12269   0.02549   0.01272  10.75275   2.12027   1.16305   1.54687   0.77447  
 32  0.0467   1935.316291  x:  0.01901   0.27717   0.24324   0.14663   0.02202   0.04943   0.01929   0.02815   0.02979   0.08472   0.03156   0.02012   0.21390   0.16655   0.14272   0.05250   0.05647   0.00540   0.05071   0.02457   0.11979   0.02426   0.01234  10.45173   2.12789   1.16399   1.55099   0.77562  
 33  0.1734   1935.299827  x:  0.01921   0.27324   0.24132   0.14670   0.02192   0.04939   0.01934   0.02832   0.02938   0.08445   0.03162   0.02030   0.21360   0.16695   0.14396   0.05228   0.05659   0.00550   0.05059   0.02455   0.11998   0.02439   0.01174  10.26028   2.14059   1.17162   1.55892   0.77588  
 34  0.1434   1935.296748  x:  0.01929   0.27319   0.24133   0.14640   0.02186   0.04929   0.01936   0.02881   0.02950   0.08459   0.03187   0.01993   0.21356   0.16602   0.14337   0.05224   0.05667   0.00558   0.05045   0.02483   0.12010   0.02487   0.01175  10.22556   2.13504   1.16832   1.55516   0.77508  
 35  0.0251   1935.296153  x:  0.01923   0.27350   0.24062   0.14636   0.02187   0.04929   0.01934   0.02896   0.02957   0.08453   0.03183   0.02009   0.21367   0.16623   0.14333   0.05221   0.05657   0.00566   0.05043   0.02494   0.11984   0.02498   0.01182  10.23422   2.13586   1.16930   1.55582   0.77511  
 36  0.0049   1935.295842  x:  0.01927   0.27341   0.24070   0.14631   0.02187   0.04930   0.01934   0.02892   0.02950   0.08441   0.03171   0.02007   0.21369   0.16582   0.14330   0.05222   0.05663   0.00577   0.05045   0.02493   0.11982   0.02492   0.01184  10.23577   2.13663   1.16914   1.55622   0.77529  
 37  0.0008   1935.295788  x:  0.01927   0.27339   0.24054   0.14630   0.02187   0.04930   0.01935   0.02889   0.02950   0.08450   0.03174   0.02004   0.21363   0.16601   0.14327   0.05222   0.05661   0.00580   0.05047   0.02490   0.11986   0.02489   0.01182  10.23722   2.13594   1.16896   1.55590   0.77521  
 38  0.0013   1935.295782  x:  0.01926   0.27339   0.24057   0.14630   0.02187   0.04930   0.01935   0.02888   0.02951   0.08450   0.03177   0.02005   0.21365   0.16597   0.14327   0.05221   0.05661   0.00581   0.05047   0.02490   0.11984   0.02489   0.01181  10.23824   2.13586   1.16895   1.55583   0.77523  
 39  0.0007   1935.295781  x:  0.01926   0.27340   0.24055   0.14629   0.02187   0.04930   0.01935   0.02888   0.02952   0.08449   0.03178   0.02005   0.21365   0.16597   0.14327   0.05221   0.05661   0.00581   0.05046   0.02490   0.11984   0.02489   0.01181  10.23827   2.13598   1.16898   1.55589   0.77522  
 40  0.0001   1935.295781  x:  0.01926   0.27340   0.24056   0.14629   0.02187   0.04930   0.01935   0.02887   0.02952   0.08449   0.03178   0.02005   0.21365   0.16597   0.14327   0.05221   0.05661   0.00581   0.05046   0.02490   0.11984   0.02489   0.01182  10.23791   2.13597   1.16899   1.55590   0.77522  
 41  0.0001   1935.295781  x:  0.01926   0.27340   0.24055   0.14629   0.02187   0.04930   0.01935   0.02887   0.02953   0.08449   0.03177   0.02005   0.21365   0.16597   0.14327   0.05221   0.05661   0.00581   0.05046   0.02490   0.11984   0.02489   0.01181  10.23798   2.13597   1.16898   1.55589   0.77522  
 42  0.0001   1935.295781  x:  0.01926   0.27340   0.24055   0.14629   0.02187   0.04930   0.01935   0.02887   0.02953   0.08449   0.03178   0.02005   0.21365   0.16597   0.14327   0.05221   0.05661   0.00581   0.05046   0.02490   0.11984   0.02489   0.01181  10.23800   2.13597   1.16898   1.55589   0.77522  
 43  0.0000   1935.295781  x:  0.01926   0.27340   0.24055   0.14629   0.02187   0.04930   0.01935   0.02888   0.02952   0.08449   0.03178   0.02005   0.21365   0.16597   0.14327   0.05221   0.05661   0.00581   0.05046   0.02490   0.11984   0.02489   0.01181  10.23800   2.13597   1.16898   1.55589   0.77522  
 44  0.0000   1935.295781  x:  0.01926   0.27340   0.24055   0.14629   0.02187   0.04930   0.01935   0.02888   0.02952   0.08449   0.03178   0.02005   0.21365   0.16597   0.14327   0.05221   0.05661   0.00581   0.05046   0.02490   0.11984   0.02489   0.01181  10.23801   2.13597   1.16898   1.55589   0.77522  
 45  0.0000   1935.295781  x:  0.01926   0.27340   0.24055   0.14629   0.02187   0.04930   0.01935   0.02888   0.02952   0.08449   0.03178   0.02005   0.21365   0.16597   0.14327   0.05221   0.05661   0.00581   0.05046   0.02490   0.11984   0.02489   0.01181  10.23801   2.13597   1.16898   1.55589   0.77522  

TREE # 2

  0  0.0000   2116.561273  x:  0.01926   0.27340   0.24055   0.14629   0.02187   0.04930   0.01935   0.02888   0.02952   0.08449   0.03178   0.02005   0.21365   0.16597   0.14327   0.05221   0.05661   0.00581   0.05046   0.02490   0.11984   0.02489   0.01181  10.23801   2.02168   1.08447   1.47704   0.77522  
  1 99.0000   2035.375511  x:  0.00000   0.25537   0.22258   0.15365   0.11062   0.10105   0.03782   0.10697   0.04970   0.07603   0.04760   0.00733   0.19546   0.14965   0.15833   0.07229   0.11825   0.10527   0.09216   0.02817   0.10179   0.04742   0.02903  10.23801   2.02190   1.08496   1.47717   0.77511  
  2 1267.0615   2006.406766  x:  0.00000   0.22078   0.18749   0.16451   0.11058   0.12181   0.02934   0.11552   0.04922   0.06252   0.05529   0.00000   0.16062   0.11854   0.18060   0.08539   0.15149   0.07597   0.10900   0.02470   0.06851   0.04695   0.01348  10.23804   2.02178   1.08805   1.47661   0.77484  
  3 367.3618   1988.195786  x:  0.00000   0.18988   0.15614   0.17410   0.11089   0.13998   0.02221   0.12329   0.04889   0.05101   0.06206   0.00753   0.12950   0.09083   0.20014   0.09665   0.18048   0.05053   0.12374   0.02189   0.03906   0.04673   0.00149  10.23807   2.02168   1.09078   1.47612   0.77460  
  4 12983.3271   1969.795877  x:  0.00000   0.15389   0.11962   0.18506   0.10980   0.15984   0.01415   0.13091   0.04824   0.03820   0.06919   0.01327   0.09333   0.05873   0.22236   0.10896   0.21252   0.01960   0.13985   0.01908   0.00563   0.04635   0.00912  10.23810   2.02157   1.09394   1.47556   0.77433  
  5 6978.4144   1958.596991  x:  0.00000   0.11781   0.08302   0.19416   0.10730   0.17286   0.01551   0.13521   0.04811   0.03470   0.07083   0.01607   0.05837   0.03023   0.23966   0.11513   0.23441   0.00000   0.15084   0.02675   0.02377   0.04633   0.01191  10.23812   2.02157   1.09666   1.47516   0.77415  
  6 776.9183   1951.492566  x:  0.00000   0.08854   0.05343   0.20090   0.09458   0.17710   0.01458   0.12922   0.04574   0.03425   0.06970   0.01718   0.03125   0.01061   0.25220   0.11733   0.24543   0.00676   0.15569   0.03030   0.02906   0.04370   0.01298  10.23813   2.02160   1.09886   1.47480   0.77407  
  7 1068.3817   1949.377298  x:  0.00484   0.07931   0.04415   0.20298   0.09084   0.17837   0.01455   0.12747   0.04510   0.03436   0.06926   0.01750   0.02313   0.00586   0.25603   0.11791   0.24877   0.00863   0.15716   0.03132   0.03053   0.04298   0.01329  10.23814   2.02161   1.09954   1.47470   0.77405  
  8 4070.5260   1944.838031  x:  0.00632   0.05554   0.02196   0.20782   0.08429   0.18139   0.01642   0.12463   0.04448   0.03637   0.06770   0.01810   0.00730   0.01509   0.26485   0.11860   0.25634   0.01011   0.16046   0.03292   0.03232   0.04225   0.01382  10.23815   2.02168   1.10108   1.47449   0.77397  
  9 718.0349   1942.961528  x:  0.00662   0.03763   0.01076   0.21116   0.08136   0.18273   0.01844   0.12298   0.04478   0.03908   0.06586   0.01835   0.01433   0.01525   0.27051   0.11768   0.26062   0.01044   0.16202   0.03310   0.03277   0.04258   0.01401  10.23816   2.02176   1.10217   1.47440   0.77391  
 10 301.4203   1941.532939  x:  0.00698   0.01679   0.01729   0.21530   0.07963   0.18333   0.02063   0.12113   0.04572   0.04288   0.06284   0.01848   0.01480   0.01519   0.27698   0.11506   0.26455   0.01054   0.16301   0.03247   0.03287   0.04366   0.01410  10.23817   2.02192   1.10354   1.47435   0.77384  
 11 186.6165   1941.031271  x:  0.00694   0.02065   0.01774   0.22772   0.08244   0.18079   0.02271   0.11595   0.04836   0.04606   0.05324   0.01869   0.01475   0.01514   0.29763   0.09941   0.27255   0.01042   0.16233   0.02908   0.03322   0.04693   0.01413  10.23821   2.02298   1.10849   1.47441   0.77368  
 12 32.4574   1940.881067  x:  0.00719   0.02103   0.01879   0.23202   0.08389   0.17835   0.02022   0.11562   0.04708   0.04299   0.05622   0.01884   0.01586   0.01627   0.30630   0.09244   0.27469   0.01107   0.16117   0.03176   0.03403   0.04480   0.01432  10.23824   2.02370   1.11134   1.47456   0.77364  
 13 37.9738   1940.820732  x:  0.00709   0.02063   0.01826   0.23293   0.08515   0.17540   0.02270   0.11737   0.04663   0.04343   0.05952   0.01859   0.01527   0.01572   0.31019   0.08852   0.27348   0.01084   0.15906   0.03177   0.03322   0.04412   0.01416  10.23827   2.02442   1.11366   1.47482   0.77364  
 14 23.6024   1940.792902  x:  0.00708   0.02023   0.01786   0.23228   0.08553   0.17318   0.02070   0.11972   0.04717   0.04417   0.06010   0.01849   0.01502   0.01559   0.31280   0.08814   0.27205   0.01083   0.15765   0.03088   0.03336   0.04546   0.01412  10.23831   2.02535   1.11632   1.47521   0.77368  
 15 11.5957   1940.747249  x:  0.00714   0.02057   0.01830   0.22981   0.08438   0.17047   0.02164   0.12359   0.04688   0.04281   0.05837   0.01853   0.01539   0.01579   0.31894   0.09136   0.26988   0.01105   0.15632   0.03121   0.03342   0.04530   0.01412  10.23841   2.02808   1.12373   1.47642   0.77378  
 16 12.2288   1940.700123  x:  0.00714   0.02098   0.01847   0.22656   0.08685   0.17078   0.02123   0.12198   0.04728   0.04559   0.05880   0.01847   0.01549   0.01578   0.32327   0.09417   0.26708   0.01105   0.15686   0.03224   0.03316   0.04340   0.01413  10.23857   2.03253   1.13403   1.47861   0.77398  
 17 11.1633   1940.637515  x:  0.00719   0.02067   0.01854   0.22276   0.08954   0.17257   0.02191   0.11838   0.04681   0.04357   0.06011   0.01844   0.01560   0.01594   0.32571   0.09498   0.26306   0.01127   0.15806   0.03095   0.03359   0.04615   0.01413  10.23881   2.03967   1.14863   1.48228   0.77429  
 18 22.2414   1940.489852  x:  0.00717   0.02043   0.01849   0.22018   0.08750   0.17858   0.02130   0.12170   0.05018   0.04256   0.05805   0.01823   0.01551   0.01602   0.31960   0.08755   0.25850   0.01119   0.16109   0.03107   0.03308   0.04426   0.01397  10.23946   2.06058   1.18263   1.49394   0.77537  
 19 17.5258   1940.385760  x:  0.00719   0.02155   0.01912   0.22262   0.08533   0.18028   0.02119   0.12387   0.04515   0.04576   0.05886   0.01816   0.01592   0.01635   0.31422   0.08641   0.26001   0.01126   0.16121   0.03181   0.03297   0.04646   0.01398  10.23994   2.07687   1.20406   1.50362   0.77631  
 20 35.1969   1940.171495  x:  0.00729   0.02192   0.01953   0.23332   0.08800   0.17375   0.02181   0.12289   0.04768   0.04500   0.06026   0.01817   0.01639   0.01699   0.30071   0.09167   0.26653   0.01174   0.15414   0.02840   0.03405   0.04468   0.01412  10.24093   2.11410   1.24047   1.52726   0.77861  
 21 34.9751   1940.105743  x:  0.00724   0.02151   0.01917   0.23511   0.09007   0.17050   0.02207   0.12223   0.04879   0.04455   0.05868   0.01795   0.01611   0.01678   0.29695   0.09220   0.26698   0.01156   0.15258   0.03263   0.03260   0.04663   0.01387  10.24124   2.12683   1.24842   1.53587   0.77942  
 22 36.9666   1939.800323  x:  0.00722   0.02000   0.01866   0.22990   0.09704   0.16050   0.02129   0.12357   0.04318   0.04379   0.05357   0.01760   0.01582   0.01671   0.29208   0.08921   0.26458   0.01120   0.15994   0.03032   0.03215   0.04376   0.01362  10.24266   2.19102   1.25805   1.58279   0.78344  
 23 21.8580   1939.364711  x:  0.00742   0.02200   0.02061   0.22187   0.09382   0.15419   0.02314   0.12456   0.04960   0.04599   0.05899   0.01739   0.01720   0.01783   0.29144   0.08775   0.26323   0.01159   0.16914   0.03026   0.03246   0.04696   0.01371  10.24475   2.28610   1.26715   1.65290   0.78905  
 24 125.7896   1939.043206  x:  0.00756   0.02177   0.02099   0.21850   0.09591   0.16948   0.02247   0.12691   0.04879   0.04620   0.05762   0.01703   0.01759   0.01825   0.29384   0.08695   0.25528   0.01238   0.15106   0.03018   0.03213   0.04674   0.01353  10.24630   2.35198   1.26800   1.70185   0.79142  
 25 45.1106   1938.960086  x:  0.00758   0.02189   0.02100   0.22913   0.09690   0.17166   0.02236   0.12911   0.04891   0.04617   0.05793   0.01678   0.01774   0.01832   0.29366   0.09012   0.24355   0.01250   0.15507   0.03014   0.03185   0.04697   0.01340  10.24696   2.35133   1.26370   1.70159   0.78321  
 26  2.9935   1938.216053  x:  0.00800   0.02241   0.02276   0.21644   0.10391   0.16589   0.02295   0.13282   0.04957   0.04806   0.05659   0.01580   0.01909   0.02012   0.27846   0.08600   0.23957   0.01364   0.14948   0.02946   0.03114   0.04805   0.01309  10.25353   2.28042   1.22070   1.65036   0.69745  
 27  5.7527   1937.162431  x:  0.00850   0.02315   0.02526   0.20849   0.11488   0.15975   0.02451   0.13986   0.05085   0.05038   0.05490   0.01425   0.02125   0.02281   0.25678   0.08222   0.22390   0.01511   0.14578   0.02818   0.02982   0.04972   0.01247  10.26215   2.12413   1.14938   1.55455   0.77564  
 28  9.8321   1937.014604  x:  0.00887   0.02172   0.02557   0.21002   0.11545   0.15920   0.02529   0.13942   0.05102   0.05140   0.05482   0.01405   0.02155   0.02406   0.26133   0.08280   0.22524   0.01590   0.14570   0.02849   0.02959   0.04982   0.01267  10.25816   2.15820   1.14642   1.50729   0.78078  
 29  0.1951   1936.392962  x:  0.01053   0.01547   0.02640   0.21678   0.11733   0.15783   0.02790   0.13737   0.05129   0.05555   0.05397   0.01312   0.02249   0.02955   0.28176   0.08352   0.23282   0.01970   0.14408   0.02961   0.02852   0.04989   0.01347  10.23985   2.12883   1.16491   1.55429   0.78095  
 30  0.8583   1935.757146  x:  0.01249   0.02346   0.02543   0.21453   0.12013   0.16446   0.02704   0.13953   0.04993   0.05501   0.05842   0.00981   0.02133   0.03651   0.26878   0.08726   0.23770   0.02460   0.14698   0.02975   0.02231   0.04873   0.01421  10.21157   2.15123   1.18177   1.57668   0.77591  
 31  0.0254   1935.529975  x:  0.01333   0.02020   0.02422   0.21199   0.12030   0.16680   0.02444   0.14349   0.05070   0.05163   0.05587   0.00749   0.01892   0.03825   0.27282   0.08158   0.24066   0.02706   0.14802   0.02750   0.02075   0.04944   0.01508  10.21572   2.13437   1.16261   1.54510   0.77208  
 32  0.0227   1935.420612  x:  0.01312   0.01888   0.02409   0.21448   0.11911   0.16594   0.02368   0.14474   0.05065   0.05056   0.05636   0.00648   0.01737   0.03609   0.27637   0.08672   0.24185   0.02791   0.14595   0.02923   0.02314   0.04976   0.01638  10.24394   2.13290   1.17118   1.55565   0.77613  
 33  0.0144   1935.340733  x:  0.01254   0.02052   0.02526   0.21428   0.11973   0.16587   0.02545   0.14368   0.05042   0.05268   0.05716   0.00527   0.01769   0.03303   0.27369   0.08367   0.24184   0.02796   0.14742   0.02935   0.02307   0.04928   0.01742  10.26574   2.13974   1.17219   1.56367   0.77712  
 34  0.0108   1935.316049  x:  0.01215   0.02002   0.02546   0.21293   0.11990   0.16649   0.02529   0.14279   0.05041   0.05274   0.05640   0.00562   0.01904   0.03143   0.27322   0.08505   0.24151   0.02771   0.14716   0.02828   0.02262   0.04921   0.01797  10.25801   2.13350   1.16585   1.54926   0.77414  
 35  0.0092   1935.304113  x:  0.01218   0.01979   0.02501   0.21389   0.12020   0.16667   0.02464   0.14347   0.05047   0.05202   0.05658   0.00542   0.01957   0.03138   0.27408   0.08464   0.24153   0.02847   0.14651   0.02893   0.02157   0.04937   0.01862  10.24479   2.13639   1.16910   1.55462   0.77445  
 36  0.0084   1935.299640  x:  0.01213   0.02009   0.02478   0.21401   0.11995   0.16629   0.02468   0.14352   0.05048   0.05199   0.05683   0.00580   0.01977   0.03134   0.27393   0.08438   0.24175   0.02877   0.14689   0.02890   0.02205   0.04934   0.01905  10.23876   2.13657   1.17028   1.55852   0.77560  
 37  0.0048   1935.297287  x:  0.01215   0.02008   0.02473   0.21335   0.12020   0.16613   0.02493   0.14379   0.05050   0.05223   0.05660   0.00574   0.01950   0.03158   0.27301   0.08479   0.24079   0.02926   0.14656   0.02883   0.02197   0.04933   0.01937  10.23749   2.13578   1.16867   1.55539   0.77543  
 38  0.0022   1935.296514  x:  0.01209   0.02003   0.02483   0.21377   0.12004   0.16603   0.02497   0.14341   0.05047   0.05228   0.05658   0.00583   0.01926   0.03162   0.27358   0.08430   0.24058   0.02933   0.14626   0.02894   0.02187   0.04931   0.01944  10.23848   2.13607   1.16899   1.55529   0.77505  
 39  0.0008   1935.296242  x:  0.01204   0.02003   0.02493   0.21361   0.11985   0.16592   0.02487   0.14318   0.05045   0.05220   0.05663   0.00584   0.01920   0.03168   0.27337   0.08456   0.24053   0.02936   0.14635   0.02885   0.02183   0.04930   0.01944  10.23884   2.13615   1.16910   1.55636   0.77521  
 40  0.0006   1935.296005  x:  0.01193   0.02005   0.02499   0.21366   0.11966   0.16590   0.02486   0.14318   0.05048   0.05218   0.05656   0.00580   0.01930   0.03173   0.27324   0.08446   0.24038   0.02941   0.14623   0.02890   0.02186   0.04930   0.01941  10.23833   2.13543   1.16850   1.55541   0.77547  
 41  0.0004   1935.295864  x:  0.01186   0.02004   0.02489   0.21364   0.11965   0.16588   0.02492   0.14318   0.05044   0.05221   0.05662   0.00580   0.01929   0.03182   0.27347   0.08448   0.24040   0.02946   0.14626   0.02887   0.02189   0.04928   0.01940  10.23714   2.13652   1.16922   1.55613   0.77520  
 42  0.0008   1935.295812  x:  0.01182   0.02005   0.02486   0.21366   0.11977   0.16592   0.02491   0.14318   0.05045   0.05223   0.05660   0.00580   0.01926   0.03179   0.27335   0.08451   0.24054   0.02945   0.14630   0.02889   0.02187   0.04929   0.01938  10.23723   2.13562   1.16881   1.55579   0.77513  
 43  0.0005   1935.295793  x:  0.01181   0.02005   0.02488   0.21364   0.11985   0.16597   0.02489   0.14326   0.05047   0.05221   0.05661   0.00580   0.01925   0.03179   0.27340   0.08448   0.24053   0.02946   0.14629   0.02887   0.02187   0.04931   0.01937  10.23769   2.13608   1.16897   1.55593   0.77529  
 44  0.0004   1935.295789  x:  0.01181   0.02005   0.02490   0.21365   0.11986   0.16597   0.02489   0.14329   0.05046   0.05221   0.05661   0.00581   0.01926   0.03180   0.27340   0.08449   0.24057   0.02948   0.14632   0.02888   0.02187   0.04930   0.01937  10.23798   2.13594   1.16900   1.55586   0.77522  
 45  0.0002   1935.295785  x:  0.01181   0.02005   0.02490   0.21365   0.11984   0.16598   0.02490   0.14328   0.05046   0.05221   0.05660   0.00581   0.01926   0.03178   0.27340   0.08449   0.24059   0.02950   0.14628   0.02887   0.02187   0.04930   0.01936  10.23851   2.13604   1.16896   1.55598   0.77515  
 46  0.0001   1935.295781  x:  0.01181   0.02005   0.02489   0.21364   0.11984   0.16597   0.02490   0.14327   0.05046   0.05221   0.05661   0.00581   0.01926   0.03178   0.27340   0.08449   0.24055   0.02952   0.14629   0.02887   0.02187   0.04930   0.01935  10.23859   2.13595   1.16898   1.55588   0.77522  
 47  0.0001   1935.295781  x:  0.01181   0.02005   0.02489   0.21365   0.11984   0.16597   0.02490   0.14327   0.05046   0.05221   0.05661   0.00581   0.01926   0.03178   0.27340   0.08449   0.24055   0.02952   0.14629   0.02888   0.02187   0.04930   0.01935  10.23833   2.13598   1.16898   1.55590   0.77523  
 48  0.0002   1935.295781  x:  0.01181   0.02005   0.02489   0.21365   0.11984   0.16597   0.02490   0.14327   0.05046   0.05221   0.05661   0.00581   0.01926   0.03178   0.27340   0.08449   0.24055   0.02952   0.14629   0.02887   0.02187   0.04930   0.01935  10.23809   2.13596   1.16898   1.55589   0.77522  
 49  0.0001   1935.295781  x:  0.01181   0.02005   0.02489   0.21365   0.11984   0.16597   0.02490   0.14327   0.05046   0.05221   0.05661   0.00581   0.01926   0.03178   0.27340   0.08449   0.24055   0.02952   0.14629   0.02887   0.02187   0.04930   0.01935  10.23802   2.13597   1.16898   1.55589   0.77522  
 50  0.0001   1935.295781  x:  0.01181   0.02005   0.02489   0.21365   0.11984   0.16597   0.02490   0.14327   0.05046   0.05221   0.05661   0.00581   0.01926   0.03178   0.27340   0.08449   0.24055   0.02952   0.14629   0.02888   0.02187   0.04930   0.01935  10.23801   2.13597   1.16898   1.55589   0.77522  
 51  0.0000   1935.295781  x:  0.01181   0.02005   0.02489   0.21365   0.11984   0.16597   0.02490   0.14327   0.05046   0.05221   0.05661   0.00581   0.01926   0.03178   0.27340   0.08449   0.24055   0.02952   0.14629   0.02888   0.02187   0.04930   0.01935  10.23801   2.13597   1.16898   1.55589   0.77522  