

TREE # 1

  0  0.0000   2245.778013  x:  0.01972   0.20925   0.02571   0.03211   0.02495   0.05815   0.02188   0.05666   0.08536   0.02661   0.17168   0.01972   0.20925   0.02571   0.03211   0.02495   0.05815   0.02188   0.05666   0.08536   0.02661   0.17168   0.21568   8.40433   1.61766   0.97093   1.39478   1.00000  
  1 99.0000   2124.881690  x:  0.00000   0.20675   0.14257   0.08829   0.03573   0.07572   0.02426   0.06653   0.07839   0.09219   0.15918   0.00035   0.20646   0.12963   0.10848   0.03085   0.06615   0.01476   0.07048   0.08094   0.08308   0.15623   0.20114   8.40444   1.61794   0.96879   1.39624   0.99854  
  2 1611.4474   2124.705473  x:  0.00000   0.20671   0.14252   0.08836   0.03574   0.07586   0.02426   0.06660   0.07826   0.09217   0.15897   0.00000   0.20641   0.12960   0.10855   0.03084   0.06625   0.01466   0.07057   0.08084   0.08307   0.15596   0.20089   8.40445   1.61794   0.96876   1.39626   0.99851  
  3 286.0227   2098.130192  x:  0.00000   0.19133   0.13517   0.09437   0.03279   0.06641   0.01327   0.06451   0.04148   0.09087   0.06626   0.00000   0.19084   0.12744   0.12169   0.03356   0.06905   0.05838   0.06574   0.05177   0.08541   0.02788   0.08365   8.40547   1.61780   0.95575   1.40693   0.98607  
  4 525.0641   2096.858884  x:  0.00000   0.19034   0.13563   0.09308   0.03460   0.06771   0.02879   0.06402   0.04566   0.09129   0.05782   0.00000   0.18973   0.12777   0.12006   0.03214   0.06490   0.05979   0.06558   0.05353   0.08561   0.02274   0.06561   8.40568   1.61797   0.95253   1.40941   0.98345  
  5 162.1632   2096.067692  x:  0.00000   0.18939   0.13639   0.09228   0.03533   0.06891   0.02511   0.06362   0.05060   0.09177   0.05224   0.00000   0.18859   0.12825   0.11796   0.03087   0.06131   0.05834   0.06681   0.05634   0.08569   0.02936   0.04684   8.40598   1.61829   0.94783   1.41297   0.97970  
  6 98.8429   2095.850336  x:  0.00000   0.18885   0.13775   0.09072   0.03487   0.06936   0.02261   0.06363   0.05487   0.09252   0.05594   0.00000   0.18783   0.12903   0.11478   0.03144   0.05997   0.05446   0.06757   0.06018   0.08570   0.02426   0.04372   8.40650   1.61894   0.93973   1.41909   0.97323  
  7 30.0078   2094.995198  x:  0.00000   0.18284   0.14144   0.08594   0.03285   0.06366   0.02328   0.06361   0.05117   0.09489   0.04814   0.00000   0.18119   0.13145   0.10645   0.03439   0.06460   0.04617   0.06394   0.06327   0.08600   0.02530   0.04689   8.41030   1.62332   0.88370   1.46202   0.92649  
  8 40.5329   2094.477878  x:  0.00000   0.18068   0.13944   0.08957   0.03714   0.06737   0.02368   0.06164   0.04835   0.09280   0.05457   0.00000   0.17930   0.12992   0.11166   0.02928   0.05968   0.05095   0.06385   0.05820   0.08509   0.02622   0.04657   8.41318   1.62635   0.84781   1.49098   0.89258  
  9 85.4722   2094.371134  x:  0.00000   0.18201   0.13815   0.09117   0.03349   0.06791   0.02419   0.06262   0.05123   0.09162   0.05492   0.00000   0.18086   0.12911   0.11490   0.03245   0.05996   0.05385   0.06673   0.05730   0.08482   0.02668   0.04668   8.41411   1.62710   0.84223   1.49731   0.88314  
 10 35.0530   2094.294051  x:  0.00000   0.18591   0.13732   0.09130   0.03528   0.06768   0.02351   0.06480   0.05430   0.09120   0.05272   0.00000   0.18509   0.12897   0.11647   0.03003   0.06211   0.05505   0.06732   0.05852   0.08491   0.02614   0.04771   8.41552   1.62779   0.84347   1.50204   0.87159  
 11 15.9805   2094.109990  x:  0.00000   0.19522   0.13733   0.08963   0.03399   0.06975   0.02361   0.06330   0.04980   0.09196   0.05324   0.00000   0.19502   0.12984   0.11616   0.03142   0.06174   0.05292   0.06483   0.05893   0.08498   0.02613   0.04607   8.42007   1.62963   0.85534   1.51311   0.83767  
 12 25.4320   2094.013060  x:  0.00000   0.19429   0.13845   0.09181   0.03549   0.06576   0.02392   0.06312   0.04985   0.09134   0.05362   0.00000   0.19402   0.12973   0.11453   0.03196   0.05985   0.05082   0.06784   0.05649   0.08394   0.02613   0.04618   8.42315   1.63116   0.86486   1.51875   0.81862  
 13 25.0433   2093.912964  x:  0.00000   0.18859   0.13958   0.09240   0.03328   0.06795   0.02381   0.06276   0.05238   0.09070   0.05373   0.00000   0.18795   0.12976   0.11374   0.03014   0.06082   0.05178   0.06600   0.05646   0.08375   0.02636   0.04721   8.42697   1.63364   0.87619   1.52457   0.79940  
 14 27.6249   2093.881782  x:  0.00000   0.18646   0.13892   0.09106   0.03525   0.06870   0.02377   0.06362   0.05222   0.09092   0.05428   0.00000   0.18566   0.12967   0.11474   0.03207   0.06145   0.05262   0.06595   0.05805   0.08431   0.02661   0.04722   8.42849   1.63506   0.87958   1.52657   0.79442  
 15 18.0546   2093.853543  x:  0.00000   0.18548   0.13752   0.08946   0.03414   0.06773   0.02396   0.06437   0.05102   0.09212   0.05468   0.00000   0.18451   0.12969   0.11652   0.03069   0.06081   0.05231   0.06736   0.05987   0.08540   0.02671   0.04720   8.43052   1.63773   0.88166   1.52879   0.79298  
 16  6.6768   2093.440743  x:  0.00000   0.18521   0.12766   0.09381   0.03517   0.06801   0.02320   0.05812   0.05537   0.10282   0.05175   0.00000   0.18249   0.12873   0.12057   0.03229   0.05799   0.04362   0.06452   0.05902   0.08977   0.02628   0.04960   8.46596   1.68847   0.90204   1.56526   0.79954  
 17  8.7963   2092.029297  x:  0.00000   0.18677   0.12833   0.09715   0.03358   0.06546   0.02528   0.06958   0.05425   0.10828   0.06325   0.00000   0.18138   0.13096   0.11784   0.03065   0.07094   0.03143   0.06140   0.05034   0.08848   0.02875   0.04356   8.59331   1.86846   0.97129   1.69477   0.82930  
 18 121.7056   2090.811660  x:  0.00000   0.18746   0.14191   0.09333   0.03463   0.07608   0.02339   0.06760   0.05000   0.09501   0.05699   0.00000   0.18250   0.13399   0.11555   0.02991   0.06419   0.02384   0.07294   0.05505   0.08226   0.02881   0.04963   8.70162   2.01710   1.02867   1.80321   0.85558  
 19 282.1194   2090.720597  x:  0.00000   0.18641   0.14323   0.09550   0.03453   0.07373   0.02371   0.06523   0.04957   0.08921   0.05753   0.00000   0.18336   0.13279   0.11888   0.03001   0.06556   0.02079   0.07080   0.05808   0.08385   0.02878   0.04888   8.70991   2.02241   1.03167   1.80920   0.85744  
 20 21.1315   2090.092669  x:  0.00000   0.17682   0.14963   0.09776   0.03411   0.07658   0.02312   0.07230   0.04948   0.09450   0.05729   0.00000   0.19323   0.11890   0.11733   0.03062   0.06267   0.01390   0.07016   0.05710   0.09474   0.02922   0.05030   8.77328   1.97455   1.03334   1.82039   0.86785  
 21  7.4363   2089.161823  x:  0.00000   0.17161   0.14598   0.10016   0.03560   0.07922   0.02407   0.06175   0.04867   0.10276   0.06103   0.00000   0.19798   0.12455   0.11420   0.02855   0.07544   0.00809   0.08016   0.05922   0.09139   0.03056   0.04947   8.86799   1.89791   1.03337   1.83197   0.88221  
 22 94.9565   2088.912302  x:  0.00000   0.17536   0.14207   0.10331   0.03501   0.07960   0.02383   0.06642   0.04816   0.10174   0.06062   0.00000   0.19400   0.13109   0.11418   0.02919   0.07257   0.00507   0.07775   0.06076   0.08809   0.03069   0.05018   8.89259   1.87841   1.03227   1.83221   0.88506  
 23 64.7863   2088.826246  x:  0.00000   0.17998   0.14073   0.10859   0.03481   0.08055   0.02402   0.06747   0.04614   0.10159   0.06079   0.00000   0.18990   0.13119   0.11056   0.02914   0.07278   0.00611   0.07888   0.06424   0.09106   0.03089   0.05033   8.90200   1.87236   1.03096   1.83014   0.88530  
 24 25.8977   2088.743379  x:  0.00000   0.18833   0.14309   0.10693   0.03506   0.08070   0.02401   0.06616   0.04660   0.10146   0.06101   0.00000   0.18232   0.12779   0.11114   0.02894   0.07389   0.00520   0.07971   0.06279   0.09412   0.03094   0.05021   8.91138   1.86955   1.02725   1.82179   0.88325  
 25 13.3329   2088.433994  x:  0.00000   0.18465   0.14586   0.11301   0.03484   0.08141   0.02422   0.06612   0.04363   0.10706   0.06074   0.00000   0.18556   0.12275   0.11089   0.02878   0.07581   0.00399   0.08067   0.06805   0.08885   0.03098   0.04971   8.94990   1.87950   0.99996   1.75523   0.86276  
 26  8.7733   2088.321285  x:  0.00000   0.18163   0.14321   0.11212   0.03501   0.08237   0.02413   0.06601   0.04390   0.10420   0.06078   0.00000   0.18838   0.12676   0.10820   0.02862   0.07628   0.00340   0.08219   0.06546   0.09552   0.03102   0.04972   8.96445   1.88294   0.99004   1.73103   0.85535  
 27 35.8680   2083.776119  x:  0.00000   0.17683   0.14258   0.11711   0.03549   0.09994   0.02032   0.07905   0.03630   0.09876   0.04936   0.00000   0.16746   0.14053   0.14144   0.02840   0.08656   0.00758   0.08958   0.04149   0.09217   0.02801   0.04357   9.64425   1.64124   0.87203   1.47200   0.82098  
 28  2.3974   2082.154915  x:  0.00000   0.18588   0.15860   0.11941   0.03609   0.10962   0.02357   0.08504   0.05127   0.09714   0.06123   0.00000   0.17819   0.15139   0.15405   0.02841   0.08979   0.00825   0.09221   0.05168   0.08869   0.03503   0.05452  10.02678   1.55781   0.85666   1.43653   0.83189  
 29  0.4243   2081.065056  x:  0.00000   0.18114   0.17570   0.12679   0.03602   0.11853   0.02332   0.08764   0.04492   0.09388   0.05659   0.00000   0.17821   0.16065   0.16901   0.02810   0.09290   0.00771   0.09573   0.04967   0.09172   0.03337   0.05191  10.22997   1.66065   0.93178   1.60633   0.85810  
 30  0.3326   2080.085502  x:  0.00000   0.18355   0.19627   0.13115   0.03595   0.12196   0.02306   0.08492   0.03962   0.10625   0.05519   0.00000   0.17679   0.17779   0.17926   0.02805   0.09003   0.00887   0.09584   0.04458   0.09878   0.03145   0.04861  10.18671   1.67494   0.89687   1.50770   0.83599  
 31  0.0678   2079.831675  x:  0.00000   0.18127   0.20349   0.13313   0.03616   0.11790   0.02273   0.08237   0.03995   0.11035   0.05544   0.00000   0.17432   0.18515   0.18086   0.02798   0.08740   0.00822   0.09307   0.04386   0.10136   0.03081   0.04823  10.03097   1.60040   0.89383   1.50071   0.83800  
 32  0.1429   2079.765619  x:  0.00000   0.18120   0.20622   0.13325   0.03645   0.11274   0.02301   0.08093   0.04191   0.10991   0.05639   0.00000   0.17527   0.18927   0.17989   0.02814   0.08556   0.00832   0.09122   0.04472   0.10195   0.03128   0.04966   9.91169   1.62836   0.89884   1.51738   0.83705  
 33  0.1019   2079.756613  x:  0.00000   0.18135   0.20704   0.13402   0.03647   0.11048   0.02306   0.08132   0.04062   0.10926   0.05584   0.00000   0.17610   0.18985   0.17972   0.02829   0.08653   0.00821   0.09173   0.04483   0.10184   0.03133   0.04932   9.90614   1.62634   0.89823   1.51350   0.83868  
 34  0.0053   2079.755687  x:  0.00000   0.18152   0.20704   0.13403   0.03642   0.11015   0.02302   0.08168   0.04096   0.10921   0.05587   0.00000   0.17555   0.18977   0.17972   0.02821   0.08687   0.00820   0.09208   0.04449   0.10168   0.03137   0.04932   9.92131   1.62625   0.89821   1.51384   0.83821  
 35  0.0133   2079.755631  x:  0.00000   0.18146   0.20704   0.13403   0.03640   0.11012   0.02302   0.08174   0.04096   0.10929   0.05592   0.00000   0.17563   0.18973   0.17978   0.02820   0.08687   0.00821   0.09215   0.04461   0.10171   0.03137   0.04935   9.92815   1.62617   0.89819   1.51398   0.83803  
 36  0.0054   2079.755624  x:  0.00000   0.18146   0.20706   0.13401   0.03640   0.11010   0.02302   0.08173   0.04095   0.10932   0.05591   0.00000   0.17564   0.18973   0.17981   0.02820   0.08683   0.00821   0.09216   0.04458   0.10173   0.03136   0.04935   9.93088   1.62622   0.89821   1.51398   0.83813  
 37  0.0018   2079.755624  x:  0.00000   0.18146   0.20705   0.13401   0.03640   0.11010   0.02302   0.08172   0.04095   0.10931   0.05591   0.00000   0.17562   0.18973   0.17981   0.02820   0.08683   0.00821   0.09215   0.04458   0.10172   0.03136   0.04934   9.93139   1.62623   0.89821   1.51398   0.83813  
 38  0.0005   2079.755624  x:  0.00000   0.18146   0.20705   0.13401   0.03640   0.11010   0.02302   0.08172   0.04095   0.10931   0.05591   0.00000   0.17563   0.18973   0.17981   0.02820   0.08683   0.00821   0.09215   0.04458   0.10172   0.03136   0.04934   9.93153   1.62623   0.89821   1.51398   0.83813  
 39  0.0001   2079.755624  x:  0.00000   0.18146   0.20705   0.13401   0.03640   0.11010   0.02302   0.08172   0.04095   0.10931   0.05591   0.00000   0.17563   0.18973   0.17981   0.02820   0.08683   0.00821   0.09215   0.04458   0.10172   0.03136   0.04934   9.93155   1.62623   0.89821   1.51398   0.83813  
 40  0.0000   2079.755624  x:  0.00000   0.18146   0.20705   0.13401   0.03640   0.11010   0.02302   0.08172   0.04095   0.10931   0.05591   0.00000   0.17563   0.18973   0.17981   0.02820   0.08683   0.00821   0.09215   0.04458   0.10172   0.03136   0.04934   9.93155   1.62623   0.89821   1.51398   0.83813  

TREE # 2

  0  0.0000   2231.533070  x:  0.00000   0.18146   0.20705   0.13401   0.03640   0.11010   0.02302   0.08172   0.04095   0.10931   0.05591   0.00000   0.17563   0.18973   0.17981   0.02820   0.08683   0.00821   0.09215   0.04458   0.10172   0.03136   0.04934   9.93155   1.58044   0.87872   1.38547   0.83813  
  1 99.0000   2192.105401  x:  0.14550   0.17006   0.19371   0.13888   0.06300   0.12191   0.04197   0.10023   0.06023   0.09889   0.06813   0.07749   0.16359   0.17812   0.18121   0.07034   0.11126   0.06489   0.10127   0.05586   0.09236   0.06814   0.04422   9.93155   1.58042   0.87814   1.38630   0.83803  
  2 1726.3841   2119.560121  x:  0.12692   0.05844   0.10110   0.15944   0.13874   0.18240   0.07614   0.18322   0.12583   0.02084   0.08739   0.01649   0.04894   0.10127   0.17845   0.14944   0.20477   0.05761   0.13928   0.10251   0.02520   0.14446   0.00000   9.93159   1.57830   0.87838   1.39185   0.83753  
  3 423.1494   2109.857742  x:  0.12293   0.03375   0.08069   0.16390   0.15486   0.19538   0.08326   0.20102   0.13975   0.00423   0.09153   0.00337   0.02356   0.08441   0.17786   0.16634   0.22485   0.05606   0.14741   0.11243   0.01161   0.16085   0.00654   9.93160   1.57782   0.87845   1.39307   0.83743  
  4 7298.1731   2098.995775  x:  0.11593   0.01104   0.06372   0.16654   0.16082   0.20180   0.08355   0.21021   0.14528   0.01176   0.09348   0.00995   0.00000   0.07200   0.17750   0.17281   0.23484   0.05368   0.15116   0.11604   0.01875   0.16683   0.00750   9.93162   1.57730   0.87863   1.39413   0.83739  
  5 634.3519   2096.608698  x:  0.11751   0.00000   0.05721   0.16717   0.16030   0.20243   0.08135   0.21104   0.14421   0.01187   0.09356   0.00762   0.00000   0.06867   0.17742   0.17311   0.23625   0.05461   0.15110   0.11494   0.02114   0.16671   0.00732   9.93162   1.57701   0.87879   1.39463   0.83738  
  6 370.2061   2095.460386  x:  0.11838   0.00000   0.03684   0.16920   0.15641   0.20398   0.07185   0.21282   0.13840   0.00994   0.09362   0.01129   0.00000   0.06132   0.17649   0.17177   0.24005   0.05481   0.14952   0.10917   0.01399   0.16416   0.00727   9.93165   1.57590   0.87939   1.39678   0.83738  
  7 162.8712   2095.035381  x:  0.11905   0.00000   0.03761   0.17410   0.15230   0.21129   0.05836   0.22180   0.13141   0.00660   0.09450   0.01285   0.00000   0.06740   0.17294   0.17295   0.25327   0.05161   0.14862   0.10415   0.01704   0.16293   0.00723   9.93173   1.57339   0.87990   1.40336   0.83738  
  8 28.7737   2094.784005  x:  0.12064   0.00000   0.03893   0.17717   0.14942   0.21619   0.05038   0.22798   0.12728   0.01071   0.09489   0.01100   0.00000   0.07077   0.17065   0.17372   0.26214   0.05025   0.14789   0.10089   0.01537   0.16209   0.00734   9.93179   1.57160   0.88024   1.40813   0.83739  
  9 141.6402   2094.396205  x:  0.11969   0.00000   0.04474   0.17820   0.13757   0.22379   0.05754   0.23538   0.11866   0.01060   0.09194   0.01184   0.00000   0.06152   0.16794   0.16796   0.27520   0.05303   0.14495   0.09962   0.01494   0.15407   0.00741   9.93204   1.56584   0.88168   1.42407   0.83705  
 10 18.5618   2093.803138  x:  0.11780   0.00000   0.03548   0.17506   0.12622   0.22769   0.06887   0.23643   0.12051   0.01184   0.09168   0.01180   0.00000   0.07356   0.16858   0.15797   0.28570   0.05278   0.14267   0.10657   0.01620   0.14580   0.00762   9.93261   1.55579   0.88421   1.45547   0.83609  
 11 22.6725   2091.509226  x:  0.10553   0.00000   0.03940   0.16642   0.12332   0.21592   0.04878   0.21255   0.14384   0.01245   0.09986   0.01567   0.00000   0.05821   0.18253   0.13234   0.29282   0.04375   0.14678   0.11261   0.01843   0.14074   0.00809   9.93514   1.52158   0.89488   1.57804   0.83150  
 12 36.6697   2089.525828  x:  0.07942   0.00000   0.03558   0.17614   0.14377   0.20530   0.05485   0.20353   0.12440   0.01624   0.08308   0.01925   0.00000   0.06071   0.18455   0.13971   0.27365   0.05455   0.15345   0.08725   0.02225   0.15125   0.00857   9.93754   1.50971   0.90321   1.66406   0.82745  
 13 49.3700   2088.291080  x:  0.07278   0.00000   0.03307   0.18086   0.14581   0.20248   0.05718   0.20811   0.10116   0.01914   0.09239   0.02029   0.00000   0.05584   0.17568   0.15365   0.24652   0.03729   0.14540   0.09670   0.02413   0.15129   0.00879   9.93914   1.52243   0.90848   1.69328   0.82567  
 14 35.8599   2087.035355  x:  0.05404   0.00000   0.03221   0.17997   0.13313   0.20741   0.04516   0.22042   0.10458   0.01972   0.09472   0.02281   0.00000   0.05346   0.16460   0.16130   0.22143   0.05531   0.14161   0.10655   0.02543   0.14153   0.00920   9.94099   1.55958   0.91532   1.69524   0.82506  
 15 32.4513   2085.498470  x:  0.04836   0.00000   0.03001   0.17748   0.12044   0.21635   0.04502   0.23027   0.12223   0.02006   0.07727   0.02552   0.00000   0.04913   0.16536   0.15283   0.20803   0.03812   0.14254   0.08778   0.02915   0.13085   0.00968   9.94332   1.61953   0.92559   1.67496   0.82542  
 16 44.7026   2084.386575  x:  0.03853   0.00000   0.02884   0.17854   0.12538   0.21563   0.04896   0.22159   0.11076   0.02264   0.09214   0.02714   0.00000   0.04849   0.18130   0.12635   0.22337   0.03763   0.14928   0.08079   0.03103   0.13058   0.00994   9.94518   1.67192   0.93506   1.64420   0.82696  
 17 42.3563   2084.155641  x:  0.03723   0.00000   0.02850   0.17965   0.12804   0.21194   0.04633   0.21505   0.10500   0.02353   0.08194   0.02779   0.00000   0.04794   0.18259   0.12195   0.23129   0.03677   0.15045   0.08969   0.03095   0.13059   0.01001   9.94563   1.68178   0.93779   1.63516   0.82770  
 18 27.7234   2084.080422  x:  0.03595   0.00000   0.02846   0.18030   0.12634   0.20606   0.04770   0.20766   0.10606   0.02388   0.08278   0.02784   0.00000   0.04778   0.17635   0.12760   0.23805   0.03633   0.14910   0.08819   0.03123   0.12794   0.01005   9.94593   1.68009   0.93993   1.62843   0.82885  
 19  7.4695   2083.801682  x:  0.03710   0.00000   0.02849   0.18484   0.12151   0.20226   0.04812   0.20801   0.10541   0.02420   0.08383   0.02756   0.00000   0.04827   0.16483   0.11702   0.23319   0.03588   0.15547   0.08782   0.03154   0.13257   0.00999   9.94811   1.63597   0.94539   1.58751   0.84004  
 20  3.7953   2083.323939  x:  0.03677   0.00000   0.02953   0.18291   0.11776   0.20377   0.04621   0.20716   0.10170   0.02474   0.08349   0.02744   0.00000   0.05008   0.18298   0.12118   0.22742   0.03681   0.14914   0.08680   0.03202   0.12232   0.01004   9.95205   1.56003   0.94284   1.51739   0.85802  
 21 33.2679   2082.950450  x:  0.03710   0.00000   0.02928   0.17420   0.12059   0.21059   0.04488   0.19829   0.09988   0.02526   0.08271   0.02703   0.00000   0.05028   0.17693   0.11415   0.22640   0.03850   0.13208   0.08359   0.03305   0.12424   0.01001   9.95527   1.52329   0.89438   1.47790   0.86123  
 22 13.2564   2082.636210  x:  0.03899   0.00000   0.02915   0.17718   0.11263   0.20602   0.04458   0.19348   0.09648   0.02565   0.08344   0.02663   0.00000   0.05055   0.17807   0.11443   0.22483   0.03742   0.14502   0.08342   0.03281   0.11744   0.01004   9.95810   1.50045   0.84481   1.45058   0.85843  
 23 26.0542   2082.531666  x:  0.03915   0.00000   0.02934   0.18428   0.10762   0.19544   0.04508   0.19735   0.09779   0.02542   0.08321   0.02645   0.00000   0.05070   0.18195   0.11263   0.22523   0.03802   0.13879   0.08329   0.03298   0.12063   0.00999   9.95916   1.50190   0.83924   1.44816   0.84954  
 24  5.8427   2082.207878  x:  0.04321   0.00000   0.02959   0.18365   0.11479   0.18835   0.04444   0.19809   0.09579   0.02566   0.08390   0.02554   0.00000   0.05167   0.17933   0.10744   0.22310   0.03919   0.13574   0.08195   0.03310   0.10765   0.01002   9.96260   1.52391   0.85278   1.45563   0.80976  
 25  6.8420   2081.903294  x:  0.04503   0.00000   0.02997   0.17531   0.10394   0.19188   0.04337   0.18747   0.09007   0.02652   0.08373   0.02471   0.00000   0.05278   0.18158   0.10964   0.22052   0.03967   0.13674   0.08037   0.03316   0.11487   0.00988   9.96579   1.54897   0.87021   1.46573   0.77687  
 26 25.9205   2081.759001  x:  0.04659   0.00000   0.03014   0.18803   0.10174   0.19929   0.04394   0.17672   0.09102   0.02683   0.08432   0.02421   0.00000   0.05298   0.18261   0.10906   0.21715   0.04041   0.13378   0.08095   0.03313   0.11327   0.00982   9.96706   1.56933   0.87997   1.47791   0.78748  
 27  7.7050   2081.438095  x:  0.04999   0.00000   0.03030   0.17790   0.09988   0.18781   0.04338   0.17629   0.08621   0.02703   0.08417   0.02305   0.00000   0.05392   0.18266   0.10869   0.21567   0.04130   0.13179   0.07860   0.03338   0.11195   0.00974   9.96955   1.62353   0.90189   1.51262   0.84319  
 28 13.9949   2080.835351  x:  0.05175   0.00000   0.03409   0.17043   0.10173   0.18756   0.04807   0.17855   0.09747   0.02916   0.08699   0.01427   0.00000   0.05995   0.18001   0.10929   0.19657   0.04196   0.13125   0.08744   0.03566   0.11248   0.01001   9.95494   1.64036   0.89963   1.52008   0.84043  
 29  0.0294   2080.535677  x:  0.05376   0.00000   0.03139   0.17381   0.10284   0.19024   0.04507   0.18207   0.09609   0.03116   0.08777   0.00772   0.00000   0.05734   0.18002   0.11113   0.20193   0.04219   0.13172   0.08589   0.03772   0.11329   0.01036   9.93672   1.63328   0.89917   1.51464   0.83788  
 30  0.0304   2080.377438  x:  0.04857   0.00000   0.03168   0.17796   0.10179   0.19072   0.04357   0.18121   0.08952   0.03190   0.08575   0.00872   0.00000   0.05556   0.18147   0.10822   0.20885   0.04012   0.13414   0.08116   0.03863   0.11158   0.01124   9.92882   1.62105   0.89802   1.51927   0.83487  
 31  0.0164   2080.204937  x:  0.04638   0.00000   0.02908   0.17312   0.10071   0.18827   0.04548   0.17702   0.09432   0.03149   0.08786   0.00782   0.00000   0.05370   0.18391   0.11031   0.21662   0.04069   0.13323   0.08248   0.03977   0.11222   0.01362   9.92597   1.61904   0.89899   1.49703   0.84286  
 32  0.0092   2079.934512  x:  0.04519   0.00000   0.03337   0.17513   0.10363   0.18922   0.04421   0.18051   0.09239   0.02939   0.08787   0.00672   0.00000   0.05754   0.18140   0.11120   0.20270   0.04200   0.13154   0.08289   0.03959   0.11227   0.01786   9.93607   1.63489   0.90137   1.51746   0.84575  
 33  0.0153   2079.806556  x:  0.04897   0.00000   0.03185   0.17593   0.10246   0.19134   0.04403   0.18214   0.09314   0.02698   0.08686   0.00964   0.00000   0.05663   0.18110   0.11002   0.20473   0.04120   0.13305   0.08270   0.03812   0.11107   0.02037   9.94496   1.63525   0.90181   1.51869   0.84307  
 34  0.0117   2079.768322  x:  0.05005   0.00000   0.03115   0.17569   0.10137   0.18952   0.04540   0.17907   0.09186   0.02713   0.08641   0.00831   0.00000   0.05574   0.18152   0.10860   0.20722   0.04068   0.13447   0.08171   0.03770   0.10989   0.02181   9.93899   1.62618   0.89880   1.51725   0.83753  
 35  0.0136   2079.759913  x:  0.04945   0.00000   0.03137   0.17567   0.10175   0.18966   0.04386   0.17970   0.09219   0.02736   0.08700   0.00806   0.00000   0.05583   0.18148   0.10949   0.20771   0.04090   0.13409   0.08160   0.03724   0.11011   0.02268   9.93322   1.62448   0.89736   1.51211   0.83714  
 36  0.0062   2079.756752  x:  0.04903   0.00000   0.03136   0.17564   0.10177   0.18977   0.04479   0.17999   0.09200   0.02771   0.08689   0.00817   0.00000   0.05602   0.18149   0.10946   0.20691   0.04112   0.13383   0.08177   0.03671   0.11012   0.02309   9.92996   1.62579   0.89786   1.51285   0.83795  
 37  0.0032   2079.755794  x:  0.04927   0.00000   0.03140   0.17556   0.10175   0.18970   0.04460   0.17970   0.09233   0.02803   0.08678   0.00821   0.00000   0.05591   0.18151   0.10917   0.20697   0.04083   0.13408   0.08174   0.03642   0.11013   0.02310   9.92960   1.62677   0.89848   1.51448   0.83839  
 38  0.0017   2079.755633  x:  0.04935   0.00000   0.03135   0.17564   0.10170   0.18975   0.04457   0.17982   0.09214   0.02817   0.08682   0.00821   0.00000   0.05588   0.18144   0.10933   0.20706   0.04095   0.13401   0.08174   0.03637   0.11008   0.02303   9.93028   1.62638   0.89829   1.51412   0.83819  
 39  0.0009   2079.755625  x:  0.04934   0.00000   0.03136   0.17563   0.10173   0.18972   0.04459   0.17980   0.09214   0.02819   0.08683   0.00821   0.00000   0.05591   0.18146   0.10931   0.20706   0.04095   0.13401   0.08172   0.03639   0.11010   0.02301   9.93085   1.62623   0.89820   1.51394   0.83813  
 40  0.0006   2079.755624  x:  0.04934   0.00000   0.03136   0.17562   0.10172   0.18973   0.04458   0.17981   0.09215   0.02820   0.08683   0.00821   0.00000   0.05591   0.18146   0.10930   0.20704   0.04095   0.13401   0.08172   0.03639   0.11009   0.02301   9.93120   1.62622   0.89820   1.51397   0.83812  
 41  0.0003   2079.755624  x:  0.04934   0.00000   0.03136   0.17563   0.10172   0.18973   0.04458   0.17981   0.09215   0.02820   0.08683   0.00821   0.00000   0.05591   0.18146   0.10931   0.20704   0.04095   0.13401   0.08172   0.03640   0.11010   0.02302   9.93157   1.62622   0.89821   1.51398   0.83813  
 42  0.0002   2079.755624  x:  0.04934   0.00000   0.03136   0.17563   0.10172   0.18973   0.04458   0.17981   0.09215   0.02820   0.08683   0.00821   0.00000   0.05591   0.18146   0.10931   0.20705   0.04095   0.13401   0.08172   0.03640   0.11010   0.02302   9.93160   1.62623   0.89821   1.51398   0.83813  
 43  0.0000   2079.755624  x:  0.04934   0.00000   0.03136   0.17563   0.10172   0.18973   0.04458   0.17981   0.09215   0.02820   0.08683   0.00821   0.00000   0.05591   0.18146   0.10931   0.20705   0.04095   0.13401   0.08172   0.03640   0.11010   0.02302   9.93158   1.62623   0.89821   1.51398   0.83813  
 44  0.0000   2079.755624  x:  0.04934   0.00000   0.03136   0.17563   0.10172   0.18973   0.04458   0.17981   0.09215   0.02820   0.08683   0.00821   0.00000   0.05591   0.18146   0.10931   0.20705   0.04095   0.13401   0.08172   0.03640   0.11010   0.02302   9.93156   1.62623   0.89821   1.51398   0.83813  
 45  0.0000   2079.755624  x:  0.04934   0.00000   0.03136   0.17563   0.10172   0.18973   0.04458   0.17981   0.09215   0.02820   0.08683   0.00821   0.00000   0.05591   0.18146   0.10931   0.20705   0.04095   0.13401   0.08172   0.03640   0.11010   0.02302   9.93155   1.62623   0.89821   1.51398   0.83813  
 46  0.0000   2079.755624  x:  0.04934   0.00000   0.03136   0.17563   0.10172   0.18973   0.04458   0.17981   0.09215   0.02820   0.08683   0.00821   0.00000   0.05591   0.18146   0.10931   0.20705   0.04095   0.13401   0.08172   0.03640   0.11010   0.02302   9.93155   1.62623   0.89821   1.51398   0.83813  
 47  0.0000   2079.755624  x:  0.04934   0.00000   0.03136   0.17563   0.10172   0.18973   0.04458   0.17981   0.09215   0.02820   0.08683   0.00821   0.00000   0.05591   0.18146   0.10931   0.20705   0.04095   0.13401   0.08172   0.03640   0.11010   0.02302   9.93155   1.62623   0.89821   1.51398   0.83813  