-6.868903698960500126e-01
-8.575679555654360797e-01
-5.064409231842939008e-01
5.321310414199462713e-01
-1.149626214006470137e+00
1.490669557997377215e-01
-1.136351820348610531e+01
1.760720245905135872e+00
2.008847345624389935e-01
-3.289096328372040468e+00
-8.916576533760969259e-01
-2.347170328150042895e+00
-7.618204073424700296e-01
-1.761673319484288402e+00
-1.331690121999410614e+00
-9.560382485340770842e+00
-5.779585923970017580e-01
-5.992494195665619694e-01
-2.686926596328463646e+00
-4.954471357187304470e+00
-6.529369520947899685e-01
-1.458147482204311007e+00
-6.007116450109577233e-02
-4.530953218443071751e-01
-4.661872482393310535e-01
-5.280406923573796041e-01
-5.418824767523333641e-01
-9.227783616713697290e-01
-3.316183741547826358e+00
-3.951864805196159569e+00
-2.466371645154763481e+00
-2.963307186731070519e+00
-1.216558365762079763e+00
-2.067795913428506882e+00
-1.055140222916959525e+00
-1.449937588491279072e+00
