-6.934394492604470939e-01
-8.055360753739109203e-01
-5.295508071084183976e-01
6.666619583578722308e-01
-1.107066875464879363e+00
-1.173294393453557308e-02
-9.333120807490739423e+01
1.562940984619678453e+00
-1.956935433111168576e+00
1.815248348942387069e-01
-1.537613433227889903e+00
-1.081286830304786895e+00
-6.347646392564437745e-01
-1.306104027795292000e+00
-1.603970357722744655e+00
-5.117420935392854808e+00
-8.794334112737055564e-01
-6.085299770397127883e-01
-3.170964900229753969e+00
-1.651748328419344602e+00
-4.612630733263065608e-01
-1.528257504372295239e+00
-5.433690729999601787e-01
-9.702607000353588029e-01
-1.915105832319535573e+00
-1.816872143170628340e-01
-8.523221510204145313e-01
-6.415834929665490405e-01
-2.987568807943369986e+00
-2.391454983591493999e+00
-1.934802900843532125e+00
-2.769752720485687547e+00
-2.298335570670009709e+00
-1.652126607080486087e+00
-1.936775786616465211e+00
-8.370170989319272170e-01
