

TREE # 1

  0  0.0000   2366.447234  x:  0.01972   0.20925   0.02571   0.03211   0.02495   0.05815   0.02188   0.05666   0.08536   0.02661   0.17168   0.01972   0.20925   0.02571   0.03211   0.02495   0.05815   0.02188   0.05666   0.08536   0.02661   0.17168   0.21568   8.40433   1.57954   1.37186   1.47973   1.00000  
  1 99.0000   2213.354458  x:  0.00000   0.21091   0.16355   0.09830   0.04235   0.05897   0.00995   0.07813   0.07392   0.09382   0.15632   0.00236   0.21108   0.17535   0.09250   0.04304   0.05331   0.02493   0.06741   0.08182   0.09183   0.15566   0.20321   8.40418   1.57979   1.36991   1.48134   0.99835  
  2 1929.9073   2211.919529  x:  0.00000   0.21106   0.16328   0.09892   0.04237   0.05903   0.00961   0.07948   0.07218   0.09372   0.15418   0.00000   0.21125   0.17514   0.09311   0.04280   0.05281   0.02491   0.06839   0.08096   0.09161   0.15347   0.20150   8.40416   1.57985   1.36967   1.48153   0.99810  
  3 289.6255   2186.890494  x:  0.00000   0.21419   0.15907   0.10485   0.03592   0.06547   0.05674   0.06542   0.00000   0.10008   0.05637   0.00000   0.22135   0.17856   0.09986   0.03786   0.05444   0.02869   0.05651   0.05158   0.08809   0.04648   0.12553   8.40305   1.58182   1.35697   1.49260   0.98558  
  4 594.7518   2183.349536  x:  0.00000   0.21501   0.15831   0.10752   0.03528   0.06505   0.06467   0.06356   0.00974   0.10132   0.03206   0.00000   0.22402   0.17845   0.10050   0.03746   0.05494   0.02844   0.05554   0.04638   0.08708   0.02041   0.10632   8.40274   1.58232   1.35334   1.49587   0.98208  
  5 475.0647   2182.461124  x:  0.00000   0.21656   0.15780   0.10595   0.03899   0.05835   0.06395   0.06103   0.00935   0.10280   0.02120   0.00000   0.22858   0.17910   0.09637   0.04140   0.05787   0.02469   0.05826   0.05376   0.08802   0.02740   0.08864   8.40214   1.58297   1.34681   1.50186   0.97634  
  6 69.2158   2181.811153  x:  0.00000   0.21763   0.15752   0.10502   0.04093   0.05430   0.06340   0.05979   0.00911   0.10370   0.01625   0.00776   0.23157   0.17954   0.09382   0.04357   0.05960   0.02294   0.05960   0.05817   0.08849   0.03089   0.07744   8.40173   1.58340   1.34241   1.50590   0.97246  
  7 456.3918   2181.412260  x:  0.00000   0.22129   0.15837   0.10369   0.03984   0.05168   0.06050   0.06111   0.00878   0.10339   0.02086   0.00731   0.23610   0.17994   0.09070   0.04359   0.06101   0.02745   0.05718   0.06341   0.08922   0.02938   0.06433   8.40094   1.58425   1.33425   1.51322   0.96519  
  8 59.6256   2180.844572  x:  0.00000   0.23074   0.16165   0.10227   0.03484   0.05840   0.05330   0.06096   0.00827   0.10058   0.01989   0.00761   0.24542   0.18012   0.08871   0.04000   0.06067   0.02008   0.05157   0.06718   0.08941   0.02835   0.06285   8.39842   1.58681   1.30962   1.53534   0.94269  
  9 39.8851   2180.047380  x:  0.00000   0.24410   0.16506   0.10011   0.03628   0.06561   0.04634   0.05721   0.00787   0.09683   0.01427   0.00862   0.25860   0.17958   0.08752   0.04083   0.06087   0.02909   0.05252   0.06879   0.08856   0.02811   0.06968   8.39395   1.59118   1.26742   1.57333   0.90350  
 10 141.9888   2179.446823  x:  0.00000   0.24996   0.16430   0.09971   0.04307   0.06039   0.05074   0.05717   0.00735   0.09727   0.01950   0.00765   0.26514   0.17926   0.08868   0.04610   0.06234   0.02449   0.05766   0.06479   0.08719   0.02410   0.07336   8.38991   1.59484   1.23287   1.60476   0.86979  
 11 114.1732   2179.031717  x:  0.00000   0.24812   0.16167   0.10278   0.03901   0.05198   0.05788   0.06309   0.00800   0.09977   0.01927   0.00721   0.26424   0.17933   0.09185   0.04411   0.06159   0.02550   0.05476   0.05895   0.08653   0.02853   0.07520   8.38654   1.59747   1.20895   1.62733   0.84414  
 12 88.1034   2178.811543  x:  0.00000   0.23915   0.15955   0.10603   0.03629   0.05324   0.05904   0.05896   0.00824   0.10145   0.02122   0.00670   0.25598   0.17973   0.09343   0.03953   0.05803   0.02568   0.05917   0.05919   0.08687   0.02981   0.07250   8.38379   1.59890   1.19742   1.64019   0.82760  
 13 38.0264   2178.627430  x:  0.00000   0.22723   0.15854   0.10580   0.04041   0.05719   0.05732   0.06108   0.00802   0.10192   0.02125   0.00656   0.24442   0.18012   0.09209   0.04030   0.05657   0.02583   0.05588   0.06086   0.08742   0.02936   0.07117   8.38061   1.60001   1.18959   1.65141   0.81201  
 14 42.3402   2178.565907  x:  0.00000   0.22329   0.15963   0.10386   0.03753   0.05616   0.05467   0.06107   0.00762   0.10142   0.02084   0.00659   0.23987   0.18011   0.09136   0.04319   0.05845   0.02573   0.05615   0.06094   0.08774   0.02804   0.07168   8.37890   1.60036   1.18875   1.65519   0.80630  
 15 22.1234   2178.517847  x:  0.00000   0.22311   0.16180   0.10277   0.03893   0.05391   0.05217   0.05990   0.00740   0.10032   0.02060   0.00664   0.23744   0.17901   0.09199   0.04037   0.06109   0.02563   0.05564   0.05920   0.08799   0.02773   0.07160   8.37596   1.60076   1.19236   1.65817   0.80115  
 16  8.3556   2178.270646  x:  0.00000   0.23048   0.16689   0.10421   0.03854   0.05873   0.05407   0.06099   0.00797   0.09765   0.02156   0.00675   0.23269   0.17425   0.09303   0.04259   0.06335   0.02559   0.05716   0.05402   0.08933   0.03123   0.06768   8.35599   1.60354   1.22179   1.67416   0.77433  
 17 14.1740   2177.904340  x:  0.00000   0.23871   0.16541   0.10584   0.03848   0.05419   0.05404   0.06241   0.00722   0.09833   0.02024   0.00705   0.23147   0.17485   0.09303   0.04181   0.05631   0.02554   0.05752   0.06302   0.09009   0.02812   0.07143   8.32465   1.60890   1.26581   1.69844   0.73864  
 18 52.9364   2177.544180  x:  0.00000   0.23248   0.15336   0.10565   0.03850   0.05618   0.04508   0.06159   0.00753   0.10445   0.02075   0.00644   0.24408   0.18673   0.09133   0.04117   0.05918   0.02574   0.05724   0.05608   0.08486   0.02842   0.07081   8.29060   1.61961   1.29914   1.72471   0.72156  
 19 25.4799   2176.904093  x:  0.00000   0.21161   0.16009   0.09662   0.03795   0.05893   0.04497   0.06685   0.00805   0.09987   0.02110   0.00605   0.26422   0.18478   0.10220   0.03783   0.05873   0.02596   0.06139   0.05847   0.08222   0.02835   0.06982   8.22460   1.64859   1.33760   1.77586   0.72391  
 20 29.1131   2175.893090  x:  0.00000   0.19332   0.16999   0.11375   0.03857   0.05389   0.03368   0.06432   0.00601   0.09281   0.02154   0.00574   0.27842   0.17385   0.09753   0.04211   0.05042   0.02568   0.05872   0.05331   0.08446   0.02692   0.06974   8.11898   1.69896   1.38700   1.85576   0.74180  
 21 100.9570   2173.845423  x:  0.00000   0.20102   0.16820   0.11978   0.03747   0.05818   0.02086   0.07689   0.00435   0.10668   0.01925   0.00625   0.25931   0.17151   0.08475   0.03148   0.06180   0.02571   0.07053   0.05406   0.09436   0.02232   0.07154   7.90094   1.80918   1.46927   2.01351   0.79579  
 22 127.8821   2172.613764  x:  0.00000   0.21320   0.16170   0.11545   0.03825   0.05778   0.00799   0.07522   0.00477   0.10650   0.01880   0.00654   0.24111   0.17663   0.09908   0.03512   0.05517   0.02549   0.06824   0.05043   0.09181   0.02276   0.06662   7.78218   1.87049   1.51032   2.09496   0.82603  
 23 272.9312   2172.328179  x:  0.00000   0.21630   0.16276   0.11376   0.03832   0.05655   0.00885   0.07683   0.00505   0.09372   0.01836   0.00665   0.23542   0.18747   0.09433   0.03329   0.05163   0.02528   0.07068   0.04816   0.08544   0.02365   0.06535   7.75165   1.88702   1.51825   2.10999   0.83187  
 24 54.5523   2172.191153  x:  0.00000   0.21641   0.16259   0.11966   0.03818   0.05732   0.00865   0.07739   0.00474   0.09050   0.01822   0.00671   0.23559   0.18854   0.09697   0.03366   0.05752   0.02527   0.07059   0.05236   0.07974   0.02329   0.06572   7.73458   1.89798   1.51452   2.09854   0.82754  
 25 10.1853   2171.426613  x:  0.00000   0.21564   0.16809   0.11799   0.03837   0.05804   0.00374   0.07959   0.00488   0.09246   0.01724   0.00718   0.24325   0.18693   0.09256   0.03248   0.05458   0.02522   0.07287   0.05116   0.07946   0.02299   0.06565   7.64581   1.95430   1.48609   2.01695   0.79689  
 26 39.0600   2171.364973  x:  0.00000   0.21539   0.16528   0.11865   0.03843   0.05819   0.00360   0.07980   0.00497   0.08862   0.01714   0.00733   0.24431   0.18785   0.09371   0.03247   0.05585   0.02519   0.07305   0.05118   0.08602   0.02272   0.06583   7.63732   1.95544   1.48298   2.00977   0.79471  
 27 16.9761   2169.196068  x:  0.00000   0.22686   0.17210   0.12914   0.03942   0.06007   0.00000   0.09077   0.00350   0.08545   0.01002   0.00951   0.25673   0.18762   0.09981   0.03010   0.05268   0.02416   0.08283   0.04755   0.08286   0.01835   0.05777   7.19938   1.57300   1.28794   1.73485   0.77393  
 28  7.3237   2167.862532  x:  0.00000   0.23513   0.17493   0.13383   0.04027   0.06037   0.00267   0.09643   0.00260   0.08674   0.00556   0.01100   0.26143   0.18612   0.10597   0.02988   0.04880   0.02355   0.08785   0.04425   0.08362   0.01556   0.05221   6.93920   1.48586   1.20661   1.60021   0.75607  
 29 21.0381   2164.308741  x:  0.00000   0.24200   0.18218   0.13797   0.04094   0.06444   0.00376   0.10952   0.00994   0.09461   0.02189   0.00861   0.24609   0.19034   0.11953   0.03229   0.03845   0.02426   0.09589   0.04678   0.08888   0.02600   0.06702   6.27512   1.47190   1.13840   1.45202   0.74965  
 30  1.7714   2162.199693  x:  0.00000   0.24924   0.18621   0.13989   0.04169   0.06393   0.00417   0.11877   0.01199   0.10235   0.02012   0.00951   0.22359   0.20095   0.13407   0.03696   0.03712   0.02464   0.10014   0.04113   0.09349   0.02644   0.06317   6.45241   1.74447   1.29155   1.69445   0.78320  
 31  0.5869   2160.697949  x:  0.00000   0.24106   0.20234   0.14552   0.04029   0.05949   0.00570   0.12878   0.01441   0.10189   0.02285   0.00914   0.22980   0.22279   0.13502   0.03677   0.05115   0.02669   0.10411   0.04423   0.09567   0.02766   0.07146   7.16527   1.65707   1.31235   1.71895   0.79756  
 32  0.6021   2159.328141  x:  0.00000   0.24080   0.22587   0.15251   0.03986   0.05872   0.00608   0.14028   0.01364   0.10660   0.01849   0.01089   0.24278   0.25162   0.14311   0.03603   0.04302   0.02760   0.10813   0.04168   0.09907   0.02084   0.06539   7.27545   1.65135   1.25286   1.58211   0.77721  
 33  0.1365   2158.813322  x:  0.00000   0.24092   0.23956   0.15669   0.03964   0.06060   0.00661   0.14067   0.01262   0.10723   0.01740   0.01093   0.23781   0.26667   0.14498   0.03460   0.03780   0.02675   0.10573   0.03971   0.09980   0.02387   0.06437   6.87529   1.60551   1.25490   1.62583   0.77590  
 34  0.3551   2158.570972  x:  0.00000   0.24274   0.24820   0.15934   0.03998   0.06162   0.00688   0.13478   0.01012   0.10900   0.01587   0.01095   0.23419   0.27476   0.14465   0.03541   0.04558   0.02579   0.09980   0.03825   0.10044   0.02538   0.06422   6.77768   1.62094   1.24753   1.61783   0.76861  
 35  0.0746   2158.440529  x:  0.00000   0.24328   0.25242   0.15997   0.04043   0.06070   0.00724   0.12735   0.00739   0.10929   0.01627   0.01045   0.23613   0.27913   0.14330   0.03617   0.04276   0.02572   0.09482   0.04113   0.10042   0.02416   0.06496   6.96697   1.62652   1.25608   1.62091   0.77158  
 36  0.1550   2158.424166  x:  0.00000   0.24225   0.25214   0.16047   0.04064   0.06029   0.00737   0.12561   0.00675   0.10936   0.01725   0.01010   0.23692   0.27920   0.14393   0.03582   0.04191   0.02610   0.09623   0.03896   0.10056   0.02426   0.06463   6.94228   1.62518   1.25667   1.62264   0.77433  
 37  0.0179   2158.418277  x:  0.00000   0.24192   0.25205   0.16086   0.04073   0.06037   0.00746   0.12480   0.00664   0.10959   0.01738   0.01003   0.23608   0.27928   0.14445   0.03592   0.04189   0.02624   0.09790   0.04000   0.10088   0.02481   0.06480   6.92641   1.62634   1.25539   1.62166   0.77420  
 38  0.0109   2158.417194  x:  0.00000   0.24218   0.25238   0.16094   0.04070   0.06045   0.00754   0.12445   0.00659   0.10962   0.01723   0.01002   0.23628   0.27956   0.14459   0.03590   0.04223   0.02610   0.09839   0.03970   0.10085   0.02465   0.06498   6.94001   1.62609   1.25591   1.62186   0.77295  
 39  0.0085   2158.416644  x:  0.00000   0.24245   0.25250   0.16078   0.04067   0.06035   0.00765   0.12427   0.00667   0.10946   0.01700   0.01006   0.23642   0.27959   0.14459   0.03581   0.04206   0.02615   0.09851   0.03980   0.10069   0.02454   0.06466   6.93870   1.62587   1.25601   1.62202   0.77339  
 40  0.0005   2158.416018  x:  0.00000   0.24223   0.25216   0.16058   0.04071   0.06032   0.00785   0.12418   0.00679   0.10939   0.01701   0.01005   0.23623   0.27913   0.14444   0.03588   0.04210   0.02618   0.09833   0.03972   0.10066   0.02461   0.06497   6.93543   1.62555   1.25531   1.62148   0.77369  
 41  0.0010   2158.415792  x:  0.00000   0.24224   0.25218   0.16074   0.04072   0.06031   0.00795   0.12427   0.00673   0.10953   0.01712   0.01005   0.23631   0.27918   0.14451   0.03589   0.04214   0.02614   0.09824   0.03978   0.10078   0.02459   0.06478   6.93544   1.62589   1.25560   1.62149   0.77328  
 42  0.0004   2158.415758  x:  0.00000   0.24230   0.25221   0.16082   0.04069   0.06029   0.00797   0.12437   0.00669   0.10954   0.01709   0.01007   0.23630   0.27926   0.14454   0.03587   0.04209   0.02614   0.09826   0.03976   0.10078   0.02460   0.06484   6.93653   1.62607   1.25573   1.62155   0.77329  
 43  0.0007   2158.415751  x:  0.00000   0.24229   0.25218   0.16083   0.04069   0.06029   0.00797   0.12440   0.00666   0.10952   0.01709   0.01007   0.23630   0.27924   0.14452   0.03588   0.04211   0.02614   0.09827   0.03977   0.10076   0.02460   0.06482   6.93637   1.62596   1.25569   1.62166   0.77334  
 44  0.0001   2158.415751  x:  0.00000   0.24228   0.25217   0.16083   0.04069   0.06029   0.00797   0.12440   0.00666   0.10952   0.01709   0.01007   0.23630   0.27922   0.14451   0.03588   0.04211   0.02614   0.09827   0.03977   0.10076   0.02460   0.06482   6.93650   1.62597   1.25567   1.62161   0.77332  
 45  0.0001   2158.415751  x:  0.00000   0.24228   0.25218   0.16082   0.04069   0.06029   0.00797   0.12440   0.00666   0.10952   0.01709   0.01007   0.23630   0.27922   0.14451   0.03588   0.04211   0.02614   0.09827   0.03977   0.10076   0.02460   0.06482   6.93644   1.62597   1.25568   1.62162   0.77332  
 46  0.0000   2158.415751  x:  0.00000   0.24228   0.25218   0.16082   0.04069   0.06029   0.00797   0.12440   0.00666   0.10952   0.01709   0.01007   0.23630   0.27922   0.14451   0.03588   0.04211   0.02614   0.09827   0.03977   0.10076   0.02460   0.06482   6.93646   1.62597   1.25568   1.62162   0.77332  
 47  0.0000   2158.415751  x:  0.00000   0.24228   0.25218   0.16082   0.04069   0.06029   0.00797   0.12440   0.00666   0.10952   0.01709   0.01006   0.23630   0.27922   0.14451   0.03588   0.04211   0.02614   0.09827   0.03977   0.10076   0.02460   0.06482   6.93646   1.62597   1.25568   1.62162   0.77332  
 48  0.0000   2158.415751  x:  0.00000   0.24228   0.25218   0.16082   0.04069   0.06029   0.00797   0.12440   0.00666   0.10952   0.01709   0.01006   0.23630   0.27922   0.14451   0.03588   0.04211   0.02614   0.09827   0.03977   0.10076   0.02460   0.06482   6.93646   1.62597   1.25568   1.62162   0.77332  
 49  0.0000   2158.415751  x:  0.00000   0.24228   0.25218   0.16082   0.04069   0.06029   0.00797   0.12440   0.00666   0.10952   0.01709   0.01006   0.23630   0.27922   0.14451   0.03588   0.04211   0.02614   0.09827   0.03977   0.10076   0.02460   0.06482   6.93646   1.62597   1.25568   1.62162   0.77332  
 50  0.0000   2158.415751  x:  0.00000   0.24228   0.25218   0.16082   0.04069   0.06029   0.00797   0.12440   0.00666   0.10952   0.01709   0.01006   0.23630   0.27922   0.14451   0.03588   0.04211   0.02614   0.09827   0.03977   0.10076   0.02460   0.06482   6.93646   1.62597   1.25568   1.62162   0.77332  

TREE # 2

  0  0.0000   2413.537152  x:  0.00000   0.24228   0.25218   0.16082   0.04069   0.06029   0.00797   0.12440   0.00666   0.10952   0.01709   0.01006   0.23630   0.27922   0.14451   0.03588   0.04211   0.02614   0.09827   0.03977   0.10076   0.02460   0.06482   6.93646   1.47782   1.23315   1.48422   0.77332  
  1 99.0000   2315.460322  x:  0.19173   0.22853   0.23428   0.16777   0.07988   0.12505   0.11983   0.13309   0.16553   0.10350   0.05253   0.04294   0.22146   0.26070   0.15589   0.08486   0.13058   0.02715   0.11125   0.07455   0.09091   0.04678   0.04902   6.93645   1.47861   1.23218   1.48518   0.77350  
  2 2185.2096   2257.769259  x:  0.17218   0.16811   0.18019   0.18218   0.11040   0.19103   0.10028   0.13459   0.15348   0.06668   0.04355   0.01861   0.15878   0.20638   0.17601   0.11399   0.18820   0.01035   0.13680   0.11180   0.05906   0.05844   0.00000   6.93649   1.48091   1.23105   1.48615   0.77316  
  3 416.6081   2223.030869  x:  0.15504   0.11118   0.12921   0.19507   0.13374   0.24482   0.08304   0.13593   0.14403   0.03439   0.03812   0.00725   0.09943   0.15500   0.19378   0.13669   0.23588   0.00000   0.15724   0.14109   0.03354   0.07005   0.02348   6.93652   1.48304   1.22991   1.48718   0.77278  
  4 1979.9893   2186.799327  x:  0.12684   0.02342   0.05133   0.21249   0.15591   0.30690   0.05738   0.13816   0.13070   0.00000   0.03825   0.06673   0.00662   0.07560   0.21717   0.15905   0.29223   0.00313   0.18180   0.17079   0.00995   0.07814   0.03594   6.93657   1.48633   1.22799   1.48899   0.77212  
  5 2073.9192   2182.951889  x:  0.12502   0.01742   0.04612   0.21362   0.15712   0.31077   0.05580   0.13853   0.13019   0.00275   0.03841   0.06912   0.00000   0.07012   0.21865   0.16031   0.29575   0.00309   0.18332   0.17255   0.00974   0.07848   0.03666   6.93657   1.48657   1.22785   1.48913   0.77205  
  6 2108.8805   2178.433021  x:  0.12225   0.00000   0.03254   0.21616   0.15626   0.31691   0.05350   0.13938   0.13147   0.00114   0.04050   0.06894   0.00000   0.05293   0.22161   0.16015   0.30180   0.00249   0.18565   0.17344   0.02546   0.07629   0.03701   6.93659   1.48744   1.22726   1.48974   0.77180  
  7 516.5938   2176.488218  x:  0.12228   0.00000   0.02478   0.21987   0.14532   0.31872   0.05270   0.14137   0.13716   0.00000   0.04441   0.06439   0.00000   0.02785   0.22349   0.15258   0.30429   0.00092   0.18251   0.16318   0.01848   0.06629   0.03611   6.93662   1.48952   1.22557   1.49147   0.77128  
  8 113.5786   2176.488218  x:  0.12228   0.00000   0.02478   0.21987   0.14532   0.31872   0.05270   0.14137   0.13716   0.00000   0.04441   0.06439   0.00000   0.02785   0.22349   0.15258   0.30429   0.00092   0.18251   0.16318   0.01848   0.06629   0.03611   6.93662   1.48952   1.22557   1.49147   0.77128  
  9 174.5012   2168.945296  x:  0.11774   0.00568   0.02507   0.22047   0.14241   0.31751   0.05048   0.14360   0.13671   0.05095   0.04430   0.05833   0.00000   0.02719   0.22368   0.15009   0.30260   0.00053   0.18214   0.16103   0.02598   0.06442   0.02869   6.93664   1.48993   1.22528   1.49182   0.77106  
 10 701.5826   2163.466523  x:  0.10020   0.00506   0.02350   0.22231   0.13267   0.31280   0.04205   0.14352   0.12588   0.05054   0.04038   0.03535   0.00000   0.01929   0.22511   0.14089   0.29669   0.00041   0.18014   0.15274   0.04042   0.05881   0.00349   6.93666   1.49151   1.22415   1.49284   0.77079  
 11 180.0553   2161.571903  x:  0.08429   0.01193   0.02358   0.22426   0.12346   0.30828   0.03638   0.14378   0.11589   0.04999   0.03915   0.01875   0.00000   0.01659   0.22682   0.13224   0.29097   0.00313   0.17763   0.14488   0.04713   0.05778   0.01059   6.93668   1.49311   1.22293   1.49394   0.77058  
 12 203.7143   2159.838786  x:  0.05765   0.01381   0.02280   0.22831   0.10740   0.29949   0.03460   0.14542   0.09891   0.05065   0.04374   0.02854   0.00000   0.01582   0.23142   0.11655   0.27964   0.00499   0.17145   0.13014   0.04484   0.05924   0.01096   6.93671   1.49659   1.22025   1.49632   0.77038  
 13 120.9139   2159.447354  x:  0.05963   0.01021   0.02689   0.23125   0.10089   0.29386   0.04078   0.14679   0.09484   0.05155   0.04273   0.02460   0.00000   0.01885   0.23549   0.10949   0.27184   0.00484   0.16693   0.12382   0.03784   0.06111   0.01005   6.93671   1.49962   1.21790   1.49856   0.77044  
 14 47.7440   2159.281089  x:  0.06605   0.01259   0.02580   0.23421   0.09711   0.28811   0.04235   0.14681   0.09487   0.05116   0.04253   0.02616   0.00000   0.01654   0.23933   0.10585   0.26393   0.00839   0.16341   0.12154   0.04037   0.06107   0.00972   6.93671   1.50353   1.21492   1.50165   0.77055  
 15 30.2992   2159.211581  x:  0.06734   0.01067   0.02327   0.23607   0.09674   0.28475   0.04159   0.14636   0.09610   0.05127   0.04285   0.02628   0.00000   0.01642   0.24170   0.10542   0.25915   0.00695   0.16124   0.12166   0.04178   0.06092   0.01075   6.93670   1.50641   1.21282   1.50391   0.77070  
 16 30.5583   2159.145521  x:  0.06657   0.01248   0.02390   0.23853   0.09837   0.28062   0.04006   0.14547   0.09835   0.05096   0.04334   0.02622   0.00000   0.01801   0.24469   0.10699   0.25331   0.00596   0.15909   0.12310   0.04127   0.06058   0.01009   6.93669   1.51108   1.20959   1.50758   0.77102  
 17 27.0879   2159.097446  x:  0.06494   0.01151   0.02496   0.24021   0.10044   0.27754   0.03960   0.14489   0.09978   0.05115   0.04324   0.02595   0.00000   0.01678   0.24674   0.10896   0.24918   0.00819   0.15818   0.12457   0.04028   0.06055   0.01011   6.93667   1.51550   1.20666   1.51112   0.77133  
 18 35.8241   2159.065522  x:  0.06393   0.01231   0.02341   0.24013   0.10218   0.27624   0.04251   0.14516   0.09815   0.05116   0.04178   0.02580   0.00000   0.01651   0.24681   0.11084   0.24759   0.00802   0.15912   0.12529   0.04048   0.06124   0.00995   6.93664   1.52144   1.20340   1.51600   0.77178  
 19 11.4413   2159.022675  x:  0.06492   0.01194   0.02499   0.23863   0.10326   0.27528   0.04253   0.14524   0.09495   0.05123   0.04365   0.02586   0.00000   0.01588   0.24539   0.11204   0.24743   0.00659   0.16135   0.12509   0.04133   0.06125   0.01024   6.93658   1.53239   1.19819   1.52508   0.77259  
 20 16.3048   2158.989338  x:  0.06564   0.01138   0.02427   0.23710   0.10320   0.27495   0.04116   0.14514   0.09382   0.05130   0.04407   0.02577   0.00000   0.01787   0.24387   0.11211   0.24828   0.00777   0.16304   0.12455   0.04104   0.06076   0.01010   6.93653   1.54192   1.19419   1.53309   0.77326  
 21 35.1573   2158.949504  x:  0.06562   0.01171   0.02405   0.23507   0.10180   0.27542   0.03961   0.14505   0.09599   0.05132   0.04190   0.02610   0.00000   0.01681   0.24160   0.11065   0.25029   0.00682   0.16353   0.12362   0.03936   0.06020   0.01020   6.93646   1.55412   1.19034   1.54360   0.77401  
 22 26.7966   2158.927441  x:  0.06453   0.01149   0.02464   0.23452   0.10083   0.27662   0.04117   0.14527   0.09884   0.05105   0.04290   0.02595   0.00000   0.01728   0.24080   0.10920   0.25212   0.00699   0.16239   0.12369   0.04068   0.06058   0.01018   6.93642   1.56164   1.18983   1.55047   0.77431  
 23 15.9452   2158.894433  x:  0.06488   0.01174   0.02408   0.23693   0.10096   0.28077   0.04052   0.14496   0.09694   0.05116   0.04323   0.02566   0.00000   0.01683   0.24254   0.10875   0.25515   0.00738   0.15688   0.12539   0.04020   0.06140   0.00989   6.93638   1.57425   1.19780   1.56381   0.77391  
 24  7.1857   2158.872798  x:  0.06483   0.01110   0.02533   0.23837   0.10080   0.28238   0.04044   0.14505   0.09654   0.05112   0.04140   0.02643   0.00000   0.01762   0.24395   0.10901   0.25544   0.00725   0.15699   0.12500   0.04140   0.06002   0.01032   6.93637   1.58277   1.20633   1.57332   0.77337  
 25 13.9086   2158.813584  x:  0.06478   0.01152   0.02426   0.24085   0.09983   0.28484   0.04073   0.14561   0.09797   0.05095   0.04307   0.02592   0.00000   0.01687   0.24664   0.11018   0.25408   0.00673   0.16185   0.12253   0.04014   0.05852   0.01029   6.93637   1.60638   1.23348   1.60029   0.77160  
 26 32.0798   2158.793460  x:  0.06481   0.01136   0.02461   0.24003   0.09965   0.28378   0.03986   0.14554   0.09820   0.05091   0.04254   0.02599   0.00000   0.01717   0.24587   0.10971   0.25307   0.00670   0.16322   0.12323   0.04051   0.06183   0.01001   6.93638   1.61443   1.24380   1.60952   0.77100  
 27 20.7882   2158.774352  x:  0.06469   0.01132   0.02470   0.23672   0.10022   0.28013   0.04036   0.14542   0.09767   0.05091   0.04269   0.02598   0.00000   0.01740   0.24249   0.10857   0.25192   0.00683   0.16209   0.12565   0.04020   0.06051   0.01007   6.93642   1.62187   1.25451   1.61801   0.77056  
 28 11.7918   2158.771403  x:  0.06471   0.01132   0.02471   0.23592   0.10078   0.27897   0.04037   0.14532   0.09780   0.05089   0.04269   0.02599   0.00000   0.01746   0.24175   0.10952   0.25223   0.00693   0.16099   0.12418   0.04039   0.06063   0.01006   6.93643   1.62301   1.25628   1.61921   0.77077  
 29  3.0459   2158.769750  x:  0.06470   0.01137   0.02463   0.23644   0.10084   0.27745   0.04042   0.14542   0.09775   0.05087   0.04268   0.02595   0.00000   0.01738   0.24244   0.10929   0.25363   0.00684   0.16127   0.12433   0.04039   0.06061   0.01003   6.93645   1.62371   1.25697   1.61899   0.77363  
 30  0.3407   2158.765619  x:  0.06468   0.01136   0.02461   0.23581   0.10135   0.27881   0.04044   0.14451   0.09771   0.05081   0.04266   0.02592   0.00000   0.01736   0.24218   0.10886   0.25222   0.00698   0.16106   0.12398   0.04049   0.06059   0.00995   6.93658   1.62534   1.25812   1.61786   0.78001  
 31  0.7651   2158.763038  x:  0.06466   0.01128   0.02468   0.23560   0.10010   0.27928   0.04027   0.14565   0.09769   0.05068   0.04265   0.02589   0.00000   0.01738   0.24183   0.10997   0.25158   0.00703   0.16074   0.12436   0.04053   0.06059   0.00988   6.93670   1.62616   1.25851   1.61726   0.78204  
 32  1.2963   2158.739881  x:  0.06468   0.01114   0.02454   0.23913   0.10222   0.27954   0.03939   0.14985   0.09776   0.04972   0.04250   0.02569   0.00000   0.01727   0.23873   0.10853   0.25077   0.00707   0.16059   0.12363   0.04097   0.06048   0.00931   6.93809   1.63129   1.25918   1.61360   0.78106  
 33  0.5034   2158.665753  x:  0.06419   0.01058   0.02452   0.24135   0.09905   0.27847   0.03996   0.14344   0.09709   0.04758   0.04209   0.02493   0.00000   0.01685   0.23812   0.10982   0.25150   0.00681   0.16088   0.12398   0.04221   0.06007   0.00756   6.94251   1.64484   1.26038   1.60466   0.77369  
 34  3.9568   2158.640153  x:  0.06391   0.01059   0.02440   0.23574   0.10047   0.27870   0.03924   0.14580   0.09698   0.04664   0.04191   0.02464   0.00000   0.01659   0.24385   0.10859   0.25160   0.00680   0.16056   0.12374   0.04271   0.05992   0.00691   6.94401   1.64550   1.25999   1.60589   0.77164  
 35  3.2147   2158.607868  x:  0.06369   0.01022   0.02451   0.23734   0.09993   0.27836   0.03897   0.14531   0.09673   0.04555   0.04168   0.02436   0.00000   0.01663   0.24172   0.10873   0.25087   0.00666   0.16040   0.12355   0.04323   0.05968   0.00614   6.94571   1.63153   1.25696   1.62304   0.77392  
 36  2.1072   2158.451728  x:  0.06646   0.00888   0.02454   0.23577   0.10208   0.27980   0.04043   0.14438   0.09908   0.03807   0.04197   0.02765   0.00000   0.01712   0.24267   0.11090   0.25286   0.00591   0.16129   0.12560   0.04136   0.05983   0.00726   6.95177   1.62867   1.25589   1.62830   0.77292  
 37  0.0093   2158.417593  x:  0.06476   0.01026   0.02453   0.23617   0.10059   0.27906   0.03987   0.14447   0.09816   0.03569   0.04215   0.02680   0.00000   0.01707   0.24253   0.10935   0.25215   0.00660   0.16080   0.12421   0.04084   0.06022   0.00785   6.93324   1.62531   1.25539   1.62305   0.77289  
 38  0.0177   2158.415772  x:  0.06476   0.01005   0.02460   0.23630   0.10070   0.27920   0.03974   0.14452   0.09824   0.03592   0.04213   0.02616   0.00000   0.01708   0.24228   0.10947   0.25216   0.00668   0.16081   0.12436   0.04069   0.06030   0.00798   6.93598   1.62574   1.25565   1.62150   0.77332  
 39  0.0034   2158.415751  x:  0.06482   0.01007   0.02460   0.23630   0.10076   0.27923   0.03977   0.14451   0.09827   0.03587   0.04211   0.02614   0.00000   0.01709   0.24227   0.10952   0.25218   0.00666   0.16083   0.12441   0.04069   0.06030   0.00797   6.93647   1.62595   1.25568   1.62155   0.77333  
 40  0.0006   2158.415751  x:  0.06482   0.01006   0.02460   0.23630   0.10076   0.27922   0.03977   0.14451   0.09827   0.03588   0.04211   0.02614   0.00000   0.01709   0.24228   0.10952   0.25218   0.00666   0.16082   0.12440   0.04069   0.06029   0.00797   6.93647   1.62596   1.25568   1.62161   0.77332  
 41  0.0001   2158.415751  x:  0.06482   0.01006   0.02460   0.23630   0.10076   0.27922   0.03977   0.14451   0.09827   0.03588   0.04211   0.02614   0.00000   0.01709   0.24228   0.10952   0.25218   0.00666   0.16082   0.12440   0.04069   0.06029   0.00797   6.93646   1.62597   1.25568   1.62162   0.77332  
 42  0.0000   2158.415751  x:  0.06482   0.01006   0.02460   0.23630   0.10076   0.27922   0.03977   0.14451   0.09827   0.03588   0.04211   0.02614   0.00000   0.01709   0.24228   0.10952   0.25218   0.00666   0.16082   0.12440   0.04069   0.06029   0.00797   6.93646   1.62597   1.25568   1.62162   0.77332  