-6.962184911545435950e-01
-8.103346302682308266e-01
-5.104947591457503764e-01
6.998965608906307923e-01
-1.289122926753221599e+00
-4.998947033094375492e+00
-3.964990241426440964e-01
1.697742287572707287e+00
-3.657592857147664023e-01
-5.237994342006407900e-01
-2.039074558770559875e+00
-1.170972221920011824e+00
-6.156127063543412881e-01
-1.938852040227592166e+00
-1.899598793310562472e+00
-5.437990263867038543e+00
-1.069387622638287239e+00
-8.307893976614494358e-01
-4.079962491157830051e+00
-3.019457937202848719e+00
-6.483234262100435741e-01
-1.510020660348751154e+00
-9.242625842824591098e-01
-1.203370696918961480e+00
-1.271330653949210410e+00
-3.661697323165833406e-01
-1.104679529404385629e+00
-1.006910527880927386e+00
-3.608512514954418826e+00
-3.122501863667018984e+00
-2.918529902674016352e+00
-3.264232499769417650e+00
-2.362877768419637814e+00
-2.029414318351883573e+00
-1.840093757404869912e+00
-1.167251003431027501e+00
