

TREE # 1

  0  0.0000   2078.283757  x:  0.01972   0.20925   0.02571   0.03211   0.02495   0.05815   0.02188   0.05666   0.08536   0.02661   0.17168   0.01972   0.20925   0.02571   0.03211   0.02495   0.05815   0.02188   0.05666   0.08536   0.02661   0.17168   0.21568   8.40433   1.68717   1.20338   1.69540   1.00000  
  1 99.0000   1983.040570  x:  0.00687   0.21376   0.16900   0.14228   0.04226   0.05690   0.00000   0.06048   0.05961   0.06347   0.14771   0.02557   0.21475   0.14773   0.14275   0.03472   0.05752   0.01727   0.05423   0.06857   0.12250   0.14741   0.18638   8.40428   1.68863   1.20182   1.69591   0.99966  
  2 1320.0756   1980.632986  x:  0.00641   0.21424   0.17830   0.14957   0.04346   0.05699   0.01471   0.06082   0.05660   0.06561   0.14490   0.02608   0.21531   0.15564   0.15013   0.03519   0.05747   0.01709   0.05398   0.06665   0.12864   0.14452   0.18285   8.40428   1.68880   1.20167   1.69594   0.99962  
  3 1984.2273   1954.491028  x:  0.02583   0.22226   0.17806   0.15545   0.03572   0.05429   0.01488   0.06143   0.00000   0.05375   0.09183   0.03144   0.22364   0.15493   0.15783   0.02775   0.05694   0.02266   0.05046   0.03174   0.12409   0.08870   0.11399   8.40420   1.69206   1.19950   1.69570   0.99900  
  4 282.3449   1938.269509  x:  0.02381   0.22970   0.17677   0.16151   0.03172   0.05264   0.01489   0.06200   0.01088   0.04632   0.03560   0.03542   0.23169   0.15239   0.16421   0.02529   0.05657   0.02127   0.04886   0.00364   0.11740   0.02838   0.03693   8.40410   1.69569   1.19696   1.69569   0.99823  
  5 680.7419   1935.477050  x:  0.02063   0.23151   0.17587   0.16237   0.03201   0.05256   0.01487   0.06211   0.00985   0.04529   0.02445   0.03663   0.23360   0.15209   0.16614   0.02604   0.05654   0.02030   0.04899   0.01202   0.11538   0.01540   0.01628   8.40407   1.69670   1.19615   1.69581   0.99805  
  6 599.3488   1935.098345  x:  0.01819   0.23234   0.17543   0.16263   0.03290   0.05276   0.01483   0.06213   0.00898   0.04565   0.02585   0.03769   0.23442   0.15174   0.16673   0.02698   0.05657   0.01978   0.04935   0.01095   0.11443   0.01732   0.00967   8.40405   1.69730   1.19562   1.69594   0.99791  
  7 105.6180   1934.996037  x:  0.01456   0.23477   0.17437   0.16361   0.03421   0.05311   0.01478   0.06214   0.00780   0.04637   0.02620   0.03947   0.23688   0.15102   0.16870   0.02813   0.05664   0.01931   0.04992   0.01011   0.11188   0.01585   0.01047   8.40399   1.69910   1.19404   1.69634   0.99750  
  8 28.6936   1934.807955  x:  0.01671   0.24341   0.17154   0.16779   0.03521   0.05374   0.01475   0.06200   0.00871   0.04804   0.02583   0.04299   0.24594   0.14966   0.17634   0.02817   0.05676   0.02008   0.05060   0.01067   0.10389   0.01735   0.01088   8.40377   1.70610   1.18796   1.69787   0.99593  
  9 35.5307   1934.744777  x:  0.01670   0.24663   0.17047   0.16893   0.03377   0.05346   0.01478   0.06186   0.00888   0.04761   0.02810   0.04023   0.24963   0.14966   0.17871   0.02709   0.05671   0.01926   0.05020   0.01073   0.10213   0.01641   0.01065   8.40363   1.71007   1.18464   1.69874   0.99502  
 10 29.8841   1934.705422  x:  0.01545   0.24847   0.16970   0.16902   0.03305   0.05308   0.01479   0.06183   0.00868   0.04671   0.02680   0.03768   0.25205   0.14998   0.17947   0.02709   0.05663   0.01938   0.04990   0.01075   0.10220   0.01777   0.01086   8.40350   1.71391   1.18153   1.69960   0.99412  
 11 26.0367   1934.621760  x:  0.01635   0.25088   0.16824   0.16673   0.03552   0.05264   0.01475   0.06215   0.00904   0.04515   0.02740   0.03672   0.25636   0.15159   0.17786   0.02974   0.05651   0.02059   0.05000   0.01071   0.10646   0.01726   0.01081   8.40304   1.72702   1.17130   1.70266   0.99099  
 12 19.6752   1934.530354  x:  0.01612   0.25215   0.16762   0.16397   0.03488   0.05290   0.01475   0.06204   0.00912   0.04552   0.02714   0.03940   0.25951   0.15322   0.17533   0.02763   0.05647   0.01817   0.04968   0.01087   0.11083   0.01748   0.01092   8.40247   1.74275   1.15945   1.70638   0.98718  
 13 48.5095   1934.490468  x:  0.01541   0.25144   0.16834   0.16328   0.03332   0.05337   0.01477   0.06177   0.00916   0.04701   0.02744   0.04008   0.25925   0.15341   0.17434   0.02678   0.05656   0.02054   0.04989   0.01096   0.11114   0.01722   0.01077   8.40215   1.75077   1.15395   1.70838   0.98516  
 14 32.4046   1934.401563  x:  0.01622   0.24682   0.17169   0.16367   0.03274   0.05411   0.01477   0.06145   0.00868   0.04998   0.02687   0.03847   0.25454   0.15219   0.17322   0.02880   0.05669   0.01917   0.05102   0.01083   0.10721   0.01720   0.01073   8.40131   1.77009   1.14228   1.71348   0.98008  
 15 30.0282   1934.352941  x:  0.01587   0.24365   0.17331   0.16496   0.03498   0.05329   0.01475   0.06178   0.00870   0.04783   0.02704   0.03839   0.25088   0.15134   0.17362   0.02701   0.05650   0.01956   0.04997   0.01097   0.10467   0.01731   0.01074   8.40078   1.78102   1.13688   1.71662   0.97707  
 16 32.9100   1934.336264  x:  0.01574   0.24272   0.17296   0.16582   0.03367   0.05285   0.01478   0.06174   0.00882   0.04586   0.02733   0.03937   0.24929   0.15105   0.17452   0.02798   0.05638   0.01952   0.04975   0.01108   0.10454   0.01739   0.01082   8.40051   1.78490   1.13643   1.71808   0.97586  
 17 11.9923   1934.266597  x:  0.01569   0.24164   0.16520   0.16859   0.03411   0.05422   0.01473   0.06157   0.00881   0.04733   0.02742   0.03876   0.24243   0.14933   0.17974   0.02741   0.05653   0.01948   0.05085   0.01103   0.10863   0.01755   0.01084   8.39882   1.80145   1.14448   1.72696   0.96978  
 18  7.7925   1934.167566  x:  0.01542   0.24281   0.16429   0.16721   0.03416   0.04902   0.01479   0.06203   0.00885   0.05050   0.02783   0.03899   0.24015   0.15019   0.17977   0.02849   0.05619   0.01941   0.04716   0.01132   0.10854   0.01782   0.01096   8.39599   1.82372   1.16280   1.74178   0.96149  
 19 14.3315   1933.799645  x:  0.01423   0.24709   0.17100   0.16065   0.03511   0.05462   0.01464   0.06170   0.00934   0.04823   0.02977   0.03847   0.23894   0.15587   0.17416   0.02852   0.05627   0.01917   0.05014   0.01275   0.10452   0.01923   0.01157   8.38474   1.90795   1.23723   1.80115   0.93087  
 20 68.2445   1933.733003  x:  0.01395   0.24206   0.17266   0.16441   0.03524   0.05209   0.01466   0.06139   0.00922   0.04853   0.03021   0.03846   0.24445   0.15041   0.17208   0.02799   0.05776   0.01909   0.05338   0.01338   0.10670   0.01952   0.01170   8.38235   1.91947   1.24783   1.81471   0.93057  
 21 13.7519   1933.689824  x:  0.01379   0.23816   0.17323   0.16674   0.03533   0.05441   0.01461   0.06140   0.00914   0.04919   0.03047   0.03840   0.24813   0.14695   0.17109   0.02872   0.05635   0.01906   0.05019   0.01375   0.10803   0.01969   0.01178   8.38066   1.92534   1.25324   1.82456   0.93260  
 22 20.7223   1933.487337  x:  0.01303   0.22863   0.16849   0.16120   0.03543   0.05416   0.01454   0.06421   0.00950   0.05027   0.03156   0.03817   0.24864   0.15530   0.17475   0.02878   0.05557   0.01888   0.05155   0.01378   0.10481   0.02043   0.01205   8.37054   1.93482   1.26054   1.88360   0.96844  
 23  7.9327   1933.430082  x:  0.01283   0.23117   0.16923   0.16119   0.03607   0.05419   0.01453   0.05881   0.00958   0.05007   0.03185   0.03806   0.24583   0.15462   0.17394   0.02906   0.05786   0.01881   0.05061   0.01404   0.10525   0.02066   0.01214   8.36758   1.93632   1.26138   1.89896   0.97897  
 24 20.9910   1933.373982  x:  0.01256   0.23830   0.17191   0.16292   0.03598   0.05401   0.01452   0.06077   0.00961   0.04999   0.03223   0.03791   0.24060   0.15066   0.17122   0.02904   0.05558   0.01875   0.05141   0.01462   0.10697   0.02097   0.01225   8.36444   1.93668   1.26107   1.91227   0.98942  
 25 16.7016   1933.366882  x:  0.01251   0.23880   0.17211   0.16303   0.03588   0.05437   0.01450   0.06204   0.00963   0.04999   0.03230   0.03789   0.24021   0.15032   0.17101   0.02917   0.05740   0.01873   0.05091   0.01469   0.10711   0.02102   0.01227   8.36390   1.93608   1.26058   1.91200   0.99013  
 26  3.0974   1932.905419  x:  0.00961   0.23382   0.17212   0.15779   0.03795   0.05498   0.01425   0.06134   0.01066   0.05346   0.03733   0.03724   0.23645   0.14925   0.16999   0.03094   0.05686   0.01816   0.05213   0.01841   0.10930   0.02447   0.01371   8.32313   1.86440   1.20854   1.79103   1.00057  
 27  3.4356   1932.892661  x:  0.00954   0.23382   0.17031   0.16109   0.03798   0.05499   0.01424   0.06130   0.01060   0.05372   0.03745   0.03725   0.23626   0.15163   0.16684   0.03104   0.05686   0.01815   0.05210   0.01856   0.10850   0.02455   0.01374   8.32168   1.86042   1.20616   1.78983   0.99762  
 28  3.7739   1932.842286  x:  0.00943   0.23346   0.17070   0.15952   0.03812   0.05494   0.01420   0.06126   0.01063   0.05393   0.03780   0.03716   0.23576   0.15048   0.16776   0.03112   0.05680   0.01808   0.05211   0.01896   0.10902   0.02480   0.01381   8.31403   1.83366   1.19186   1.79819   0.96760  
 29  3.2874   1932.379137  x:  0.01557   0.23647   0.16330   0.15561   0.03853   0.05501   0.01266   0.06129   0.00745   0.05391   0.04008   0.03789   0.23870   0.14562   0.16367   0.03135   0.05662   0.01840   0.05183   0.02551   0.10725   0.02664   0.01257   8.01709   1.83956   1.19197   1.79791   0.96445  
 30  0.2337   1932.111924  x:  0.01170   0.23829   0.15615   0.15143   0.03756   0.05477   0.01076   0.06153   0.00833   0.05146   0.03879   0.03808   0.24081   0.13921   0.16079   0.03060   0.05661   0.01849   0.05127   0.03004   0.10319   0.02579   0.01048   7.86522   1.87714   1.21376   1.83445   0.96263  
 31  0.1122   1932.012103  x:  0.01141   0.23510   0.15383   0.14762   0.03696   0.05501   0.00933   0.06170   0.00946   0.05137   0.03813   0.03714   0.23704   0.13681   0.15564   0.03017   0.05669   0.01854   0.05144   0.03124   0.10253   0.02529   0.01284   7.95036   1.85617   1.19999   1.81448   0.96379  
 32  0.0627   1931.966780  x:  0.01233   0.23597   0.15121   0.14693   0.03755   0.05541   0.00799   0.06185   0.00863   0.05208   0.03727   0.03796   0.23857   0.13612   0.15542   0.03085   0.05666   0.01837   0.05178   0.02938   0.10158   0.02465   0.01233   8.07308   1.84903   1.19448   1.80910   0.96581  
 33  0.0527   1931.945369  x:  0.01189   0.23618   0.15354   0.14734   0.03744   0.05536   0.00728   0.06186   0.00911   0.05164   0.03769   0.03750   0.23843   0.13599   0.15573   0.03061   0.05664   0.01849   0.05154   0.02749   0.10217   0.02487   0.01199   8.05072   1.86054   1.20148   1.82034   0.96592  
 34  0.0136   1931.940302  x:  0.01185   0.23589   0.15306   0.14784   0.03728   0.05531   0.00705   0.06194   0.00907   0.05167   0.03827   0.03750   0.23823   0.13729   0.15657   0.03047   0.05666   0.01848   0.05154   0.02762   0.10225   0.02530   0.01223   7.98993   1.85661   1.19904   1.81520   0.96421  
 35  0.0378   1931.938412  x:  0.01194   0.23591   0.15441   0.14816   0.03737   0.05536   0.00688   0.06194   0.00893   0.05183   0.03812   0.03766   0.23827   0.13705   0.15659   0.03061   0.05666   0.01843   0.05161   0.02804   0.10255   0.02525   0.01223   7.99120   1.85479   1.19847   1.81374   0.96452  
 36  0.0014   1931.937897  x:  0.01190   0.23599   0.15425   0.14832   0.03738   0.05537   0.00686   0.06194   0.00897   0.05182   0.03796   0.03759   0.23829   0.13765   0.15702   0.03060   0.05666   0.01845   0.05159   0.02811   0.10266   0.02514   0.01220   8.00484   1.85614   1.19923   1.81505   0.96485  
 37  0.0111   1931.937887  x:  0.01190   0.23594   0.15427   0.14836   0.03737   0.05536   0.00686   0.06195   0.00896   0.05180   0.03799   0.03757   0.23826   0.13762   0.15701   0.03057   0.05666   0.01846   0.05157   0.02813   0.10266   0.02514   0.01220   8.00653   1.85631   1.19924   1.81513   0.96477  
 38  0.0015   1931.937886  x:  0.01190   0.23595   0.15428   0.14835   0.03737   0.05536   0.00686   0.06195   0.00897   0.05180   0.03800   0.03758   0.23827   0.13763   0.15701   0.03057   0.05666   0.01846   0.05157   0.02813   0.10266   0.02514   0.01220   8.00720   1.85629   1.19922   1.81511   0.96479  
 39  0.0005   1931.937886  x:  0.01190   0.23595   0.15428   0.14835   0.03737   0.05536   0.00686   0.06195   0.00897   0.05180   0.03800   0.03758   0.23827   0.13763   0.15701   0.03057   0.05666   0.01846   0.05157   0.02813   0.10266   0.02514   0.01220   8.00723   1.85630   1.19923   1.81512   0.96480  
 40  0.0000   1931.937886  x:  0.01190   0.23595   0.15428   0.14835   0.03737   0.05536   0.00686   0.06195   0.00897   0.05180   0.03800   0.03758   0.23827   0.13763   0.15701   0.03057   0.05666   0.01846   0.05157   0.02813   0.10266   0.02514   0.01220   8.00722   1.85630   1.19923   1.81511   0.96480  
 41  0.0000   1931.937886  x:  0.01190   0.23595   0.15428   0.14835   0.03737   0.05536   0.00686   0.06195   0.00897   0.05180   0.03800   0.03758   0.23827   0.13763   0.15701   0.03057   0.05666   0.01846   0.05157   0.02813   0.10266   0.02514   0.01220   8.00721   1.85630   1.19923   1.81511   0.96480  

TREE # 2

  0  0.0000   2062.053101  x:  0.01190   0.23595   0.15428   0.14835   0.03737   0.05536   0.00686   0.06195   0.00897   0.05180   0.03800   0.03758   0.23827   0.13763   0.15701   0.03057   0.05666   0.01846   0.05157   0.02813   0.10266   0.02514   0.01220   8.00721   1.69694   1.09631   1.80464   0.96480  
  1 99.0000   2010.515826  x:  0.00000   0.21507   0.13299   0.16170   0.08203   0.09385   0.09371   0.10361   0.12352   0.04377   0.05117   0.02364   0.21432   0.11944   0.16826   0.05154   0.09973   0.01016   0.10084   0.05908   0.08611   0.05689   0.00405   8.00721   1.69800   1.09744   1.80364   0.96473  
  2 1063.2875   1990.162025  x:  0.11550   0.16267   0.07791   0.18830   0.11564   0.13044   0.08697   0.14278   0.12698   0.02224   0.06211   0.00477   0.15327   0.07366   0.19247   0.06402   0.14387   0.01107   0.14414   0.07201   0.04721   0.06741   0.02236   8.00720   1.70036   1.10118   1.80034   0.96430  
  3 490.9639   1977.329306  x:  0.15222   0.11501   0.03079   0.20793   0.13444   0.15240   0.07469   0.16763   0.12218   0.01513   0.06682   0.06207   0.09739   0.03606   0.21055   0.06822   0.17106   0.00736   0.17062   0.07675   0.02045   0.06986   0.01469   8.00721   1.70229   1.10475   1.79729   0.96394  
  4 828.0221   1967.279999  x:  0.14513   0.08271   0.00784   0.21773   0.13907   0.15948   0.06343   0.17712   0.11529   0.02146   0.06573   0.05535   0.05777   0.02226   0.21965   0.06651   0.18068   0.00612   0.18010   0.07648   0.02704   0.06757   0.00164   8.00722   1.70357   1.10735   1.79507   0.96367  
  5 409.4185   1963.605745  x:  0.13714   0.06196   0.00232   0.22412   0.14183   0.16386   0.05666   0.18305   0.11135   0.02441   0.06490   0.05309   0.03140   0.01711   0.22544   0.06530   0.18668   0.00549   0.18600   0.07632   0.02992   0.06636   0.00973   8.00724   1.70446   1.10907   1.79359   0.96349  
  6 920.8893   1959.969503  x:  0.13244   0.04429   0.00752   0.23007   0.14462   0.16814   0.05061   0.18864   0.10769   0.02597   0.06440   0.05157   0.00838   0.01416   0.23073   0.06447   0.19245   0.00513   0.19165   0.07626   0.03076   0.06543   0.01062   8.00725   1.70527   1.11061   1.79226   0.96331  
  7 1494.0921   1959.116668  x:  0.13032   0.03747   0.00683   0.23288   0.14597   0.17027   0.04784   0.19137   0.10575   0.02512   0.06427   0.05106   0.00441   0.02097   0.23327   0.06418   0.19536   0.00532   0.19446   0.07619   0.02918   0.06513   0.01017   8.00725   1.70573   1.11142   1.79156   0.96323  
  8 251.5620   1957.942538  x:  0.12384   0.02350   0.00789   0.23952   0.14890   0.17513   0.04118   0.19776   0.10094   0.02410   0.06381   0.04914   0.00965   0.02307   0.23932   0.06326   0.20205   0.00519   0.20093   0.07595   0.02729   0.06431   0.01036   8.00727   1.70686   1.11342   1.78983   0.96305  
  9 218.1472   1955.873937  x:  0.10129   0.03464   0.00738   0.25988   0.15689   0.19035   0.02251   0.21812   0.08315   0.01674   0.06301   0.04234   0.01048   0.02330   0.25841   0.06046   0.22334   0.00413   0.22126   0.07495   0.01957   0.06252   0.01052   8.00733   1.71117   1.12087   1.78346   0.96247  
 10 117.0637   1955.459921  x:  0.09997   0.03814   0.00798   0.26599   0.15803   0.19526   0.02290   0.22470   0.07607   0.02212   0.06367   0.04352   0.01153   0.02565   0.26399   0.06010   0.22979   0.00405   0.22717   0.07509   0.02612   0.06242   0.01126   8.00737   1.71306   1.12398   1.78078   0.96227  
 11 85.5577   1955.299836  x:  0.09851   0.03820   0.00791   0.26888   0.15454   0.19680   0.03007   0.22700   0.06924   0.02362   0.06392   0.04265   0.01153   0.02553   0.26626   0.05950   0.23175   0.00301   0.22812   0.07358   0.02367   0.06224   0.01127   8.00745   1.71545   1.12789   1.77737   0.96209  
 12 32.1664   1955.259372  x:  0.09824   0.03809   0.00786   0.26978   0.15234   0.19703   0.03135   0.22729   0.06842   0.02227   0.06408   0.04274   0.01150   0.02536   0.26680   0.05972   0.23242   0.00519   0.22828   0.07350   0.02424   0.06258   0.01121   8.00750   1.71700   1.13036   1.77519   0.96196  
 13 22.8235   1955.129668  x:  0.09854   0.03791   0.00783   0.27271   0.14357   0.19739   0.03190   0.22753   0.06919   0.01874   0.06470   0.04299   0.01148   0.02543   0.26839   0.06033   0.23440   0.00293   0.22812   0.07403   0.02647   0.06415   0.01114   8.00773   1.72377   1.14093   1.76581   0.96144  
 14 35.2280   1954.883916  x:  0.09920   0.03843   0.00780   0.27812   0.12685   0.19781   0.02968   0.22752   0.07399   0.02213   0.06554   0.04278   0.01162   0.02561   0.27100   0.06161   0.23818   0.00351   0.22770   0.07493   0.02439   0.06628   0.01119   8.00822   1.73840   1.16339   1.74580   0.96033  
 15 90.8349   1954.629755  x:  0.10000   0.03879   0.00790   0.27867   0.13277   0.19923   0.03078   0.22515   0.07630   0.02182   0.06133   0.04287   0.01175   0.02585   0.26835   0.05789   0.23728   0.00378   0.22596   0.07463   0.02480   0.05631   0.01138   8.00899   1.76008   1.19162   1.71974   0.95933  
 16 21.7045   1954.374477  x:  0.09853   0.03851   0.00799   0.27564   0.14660   0.19917   0.03006   0.22156   0.07284   0.02260   0.06480   0.04248   0.01174   0.02584   0.26408   0.05846   0.23333   0.00388   0.22330   0.07313   0.02472   0.06477   0.01130   8.00994   1.78582   1.22103   1.69213   0.95866  
 17 43.7169   1954.304697  x:  0.09744   0.03833   0.00805   0.27164   0.14789   0.19659   0.02990   0.22274   0.07083   0.02278   0.06528   0.04218   0.01171   0.02580   0.26548   0.06597   0.23174   0.00341   0.22455   0.07682   0.02436   0.06286   0.01131   8.01037   1.79561   1.22367   1.68940   0.95960  
 18  8.0378   1953.939261  x:  0.09632   0.03795   0.00843   0.25183   0.14539   0.18307   0.02969   0.23322   0.07055   0.02247   0.06134   0.04161   0.01167   0.02588   0.27500   0.06007   0.22549   0.00341   0.23773   0.07393   0.02440   0.06453   0.01141   8.01312   1.85100   1.22090   1.69262   0.96774  
 19 11.2073   1953.536391  x:  0.09304   0.03782   0.00851   0.25432   0.14365   0.18481   0.02926   0.23052   0.07160   0.02198   0.07844   0.04026   0.01165   0.02590   0.27440   0.05628   0.22402   0.00376   0.23548   0.07164   0.02449   0.05810   0.01152   8.01666   1.90948   1.21557   1.70877   0.97785  
 20 20.9200   1952.171750  x:  0.08402   0.03824   0.00855   0.28218   0.14089   0.20399   0.02913   0.21148   0.07064   0.02253   0.06248   0.03677   0.01176   0.02617   0.26270   0.06072   0.22563   0.00416   0.21329   0.07271   0.02457   0.06377   0.01143   8.02843   2.08558   1.20386   1.77296   1.00977  
 21 70.1986   1947.804986  x:  0.05121   0.03692   0.01059   0.27471   0.13502   0.17898   0.02332   0.24341   0.05645   0.02265   0.06194   0.02408   0.01195   0.02717   0.20871   0.04793   0.23603   0.00524   0.18247   0.09411   0.02274   0.06474   0.01195   8.07022   2.32836   1.42176   2.10140   1.06360  
 22 18.2531   1945.398766  x:  0.03712   0.03705   0.01171   0.27223   0.13633   0.17521   0.02233   0.23561   0.06023   0.02206   0.05970   0.01817   0.01227   0.02811   0.21765   0.06660   0.22682   0.00453   0.17747   0.05564   0.02532   0.06055   0.01266   8.09164   2.43937   1.53488   2.26607   1.08563  
 23 181.3385   1943.640673  x:  0.02613   0.03721   0.01242   0.27175   0.13816   0.18261   0.02520   0.19513   0.05832   0.02293   0.05982   0.01330   0.01250   0.02871   0.25891   0.05839   0.19788   0.00572   0.18687   0.06931   0.02405   0.06231   0.01279   8.10880   2.51526   1.62054   2.38866   1.09449  
 24 107.0004   1942.544336  x:  0.01748   0.03727   0.01278   0.27680   0.13259   0.16936   0.02609   0.17411   0.05242   0.02376   0.05927   0.01029   0.01272   0.02914   0.23279   0.06061   0.20352   0.00404   0.21563   0.06681   0.02408   0.06084   0.01308   8.12215   2.48772   1.58544   2.35682   1.00645  
 25  6.0910   1941.363848  x:  0.01053   0.03784   0.01314   0.28046   0.13351   0.16245   0.02599   0.19300   0.05479   0.02285   0.05938   0.00745   0.01307   0.02980   0.24336   0.05837   0.19529   0.00578   0.18513   0.06779   0.02444   0.06115   0.01318   8.13615   2.44748   1.53842   2.30828   0.91359  
 26 36.6781   1940.527908  x:  0.00584   0.03804   0.01377   0.26428   0.12696   0.17455   0.02486   0.19069   0.05319   0.02308   0.05951   0.00625   0.01325   0.03054   0.23780   0.05767   0.19873   0.00615   0.18028   0.06733   0.02484   0.06059   0.01343   8.14304   2.36136   1.48596   2.21933   0.99504  
 27  6.1988   1940.004351  x:  0.00565   0.03885   0.01385   0.28756   0.13094   0.14600   0.02732   0.19250   0.05595   0.02286   0.05972   0.00598   0.01350   0.03116   0.23765   0.05777   0.18823   0.00663   0.18151   0.06823   0.02494   0.06077   0.01352   8.14740   2.30564   1.45217   2.16256   1.04755  
 28 34.4112   1937.477125  x:  0.00769   0.04121   0.01513   0.27718   0.11371   0.16764   0.02806   0.20254   0.06187   0.02204   0.05937   0.00812   0.01467   0.03416   0.21384   0.05945   0.13372   0.00851   0.18127   0.06775   0.02650   0.06027   0.01407   8.16645   2.11819   1.33268   1.99118   1.04244  
 29  4.2863   1934.248970  x:  0.01056   0.04387   0.01716   0.23972   0.10922   0.14484   0.03657   0.16714   0.06814   0.02232   0.05997   0.01099   0.01613   0.03806   0.22164   0.05394   0.16491   0.00989   0.14538   0.06852   0.02889   0.05997   0.01467   8.19144   1.87439   1.17418   1.76781   1.03004  
 30 120.0290   1933.136975  x:  0.00651   0.04100   0.01808   0.24061   0.10805   0.13409   0.03481   0.15858   0.06300   0.02626   0.05768   0.01684   0.01491   0.03764   0.23805   0.05159   0.15962   0.00901   0.15663   0.06441   0.03337   0.05795   0.01355   8.13983   1.85519   1.19160   1.80440   0.95462  
 31  0.1805   1932.398555  x:  0.01162   0.03607   0.01884   0.23403   0.10294   0.14036   0.02961   0.16193   0.05577   0.03144   0.05500   0.01691   0.01251   0.03580   0.24715   0.05039   0.15967   0.00780   0.16016   0.06061   0.03777   0.05491   0.01060   8.05538   1.80764   1.19036   1.79001   0.96655  
 32  0.1411   1932.139096  x:  0.01248   0.03629   0.01965   0.23618   0.10572   0.13854   0.02958   0.15401   0.05364   0.03235   0.05669   0.01797   0.01204   0.03645   0.24151   0.05311   0.15423   0.00869   0.14591   0.06164   0.03918   0.05502   0.00863   8.00862   1.87098   1.22058   1.84043   0.95690  
 33  0.1183   1932.032807  x:  0.01248   0.03732   0.02044   0.24032   0.10206   0.13718   0.02774   0.15841   0.05031   0.03205   0.05733   0.01878   0.01191   0.03720   0.23405   0.05300   0.15405   0.00906   0.14682   0.06270   0.03914   0.05537   0.00732   7.99110   1.85252   1.19436   1.80894   0.95859  
 34  0.0600   1931.990718  x:  0.01256   0.03852   0.02152   0.23662   0.10095   0.13652   0.02794   0.15485   0.05118   0.03086   0.05646   0.01878   0.01216   0.03818   0.23348   0.05088   0.15288   0.00925   0.14881   0.06135   0.03818   0.05543   0.00697   7.99533   1.85798   1.19744   1.81660   0.96705  
 35  0.0140   1931.961959  x:  0.01225   0.03851   0.02289   0.23717   0.10380   0.13790   0.02752   0.15796   0.05093   0.02984   0.05620   0.01890   0.01206   0.03852   0.23674   0.05119   0.15357   0.00907   0.14730   0.06140   0.03696   0.05498   0.00692   8.01018   1.85468   1.19824   1.81423   0.97039  
 36  0.0113   1931.946701  x:  0.01221   0.03781   0.02403   0.23835   0.10170   0.13778   0.02796   0.15667   0.05138   0.02983   0.05676   0.01874   0.01181   0.03844   0.23662   0.05238   0.15465   0.00874   0.14834   0.06216   0.03649   0.05500   0.00690   8.01136   1.85674   1.20066   1.81680   0.96359  
 37  0.0071   1931.940143  x:  0.01225   0.03730   0.02478   0.23865   0.10302   0.13729   0.02817   0.15641   0.05146   0.03046   0.05671   0.01857   0.01166   0.03824   0.23586   0.05166   0.15405   0.00895   0.14827   0.06189   0.03686   0.05554   0.00684   8.00551   1.85438   1.19789   1.81334   0.96242  
 38  0.0061   1931.938390  x:  0.01223   0.03744   0.02506   0.23809   0.10254   0.13760   0.02813   0.15733   0.05165   0.03064   0.05661   0.01850   0.01175   0.03820   0.23577   0.05172   0.15424   0.00901   0.14824   0.06193   0.03718   0.05542   0.00688   8.00564   1.85777   1.19997   1.81633   0.96500  
 39  0.0052   1931.938013  x:  0.01222   0.03758   0.02513   0.23825   0.10270   0.13773   0.02815   0.15698   0.05158   0.03064   0.05668   0.01847   0.01184   0.03817   0.23589   0.05185   0.15428   0.00897   0.14844   0.06196   0.03734   0.05531   0.00688   8.00674   1.85594   1.19906   1.81484   0.96537  
 40  0.0026   1931.937918  x:  0.01221   0.03760   0.02514   0.23833   0.10264   0.13763   0.02813   0.15702   0.05160   0.03058   0.05665   0.01846   0.01188   0.03809   0.23604   0.05179   0.15429   0.00896   0.14834   0.06194   0.03741   0.05537   0.00685   8.00745   1.85618   1.19914   1.81494   0.96461  
 41  0.0008   1931.937894  x:  0.01220   0.03757   0.02514   0.23823   0.10269   0.13760   0.02813   0.15703   0.05157   0.03055   0.05666   0.01845   0.01189   0.03803   0.23595   0.05181   0.15429   0.00896   0.14838   0.06196   0.03740   0.05537   0.00685   8.00749   1.85641   1.19931   1.81519   0.96472  
 42  0.0003   1931.937888  x:  0.01219   0.03757   0.02514   0.23828   0.10266   0.13764   0.02813   0.15701   0.05158   0.03056   0.05666   0.01845   0.01189   0.03800   0.23594   0.05180   0.15428   0.00897   0.14835   0.06195   0.03738   0.05536   0.00685   8.00733   1.85629   1.19924   1.81511   0.96483  
 43  0.0003   1931.937886  x:  0.01220   0.03758   0.02514   0.23827   0.10265   0.13762   0.02813   0.15701   0.05157   0.03057   0.05666   0.01845   0.01190   0.03800   0.23595   0.05180   0.15428   0.00896   0.14835   0.06195   0.03737   0.05536   0.00685   8.00717   1.85629   1.19922   1.81511   0.96481  
 44  0.0001   1931.937886  x:  0.01220   0.03758   0.02514   0.23827   0.10266   0.13763   0.02813   0.15701   0.05157   0.03057   0.05666   0.01846   0.01190   0.03800   0.23595   0.05180   0.15428   0.00897   0.14835   0.06195   0.03737   0.05536   0.00686   8.00719   1.85631   1.19923   1.81512   0.96479  
 45  0.0000   1931.937886  x:  0.01220   0.03758   0.02514   0.23827   0.10266   0.13763   0.02813   0.15701   0.05157   0.03057   0.05666   0.01846   0.01190   0.03800   0.23595   0.05180   0.15428   0.00897   0.14835   0.06195   0.03737   0.05536   0.00686   8.00721   1.85630   1.19923   1.81512   0.96479  
 46  0.0000   1931.937886  x:  0.01220   0.03758   0.02514   0.23827   0.10266   0.13763   0.02813   0.15701   0.05157   0.03057   0.05666   0.01846   0.01190   0.03800   0.23595   0.05180   0.15428   0.00897   0.14835   0.06195   0.03737   0.05536   0.00686   8.00721   1.85630   1.19923   1.81511   0.96480  
 47  0.0000   1931.937886  x:  0.01220   0.03758   0.02514   0.23827   0.10266   0.13763   0.02813   0.15701   0.05157   0.03057   0.05666   0.01846   0.01190   0.03800   0.23595   0.05180   0.15428   0.00897   0.14835   0.06195   0.03737   0.05536   0.00686   8.00721   1.85630   1.19923   1.81511   0.96480  
 48  0.0000   1931.937886  x:  0.01220   0.03758   0.02514   0.23827   0.10266   0.13763   0.02813   0.15701   0.05157   0.03057   0.05666   0.01846   0.01190   0.03800   0.23595   0.05180   0.15428   0.00897   0.14835   0.06195   0.03737   0.05536   0.00686   8.00721   1.85630   1.19923   1.81511   0.96480  
 49  0.0000   1931.937886  x:  0.01220   0.03758   0.02514   0.23827   0.10266   0.13763   0.02813   0.15701   0.05157   0.03057   0.05666   0.01846   0.01190   0.03800   0.23595   0.05180   0.15428   0.00897   0.14835   0.06195   0.03737   0.05536   0.00686   8.00721   1.85630   1.19923   1.81511   0.96480  