

TREE # 1

  0  0.0000  21515.707817  x:  0.03495   0.08636   0.04613   0.07622   0.07269   0.07678   0.04186   0.14034   0.07178   0.09032   0.06590   0.03335   0.10338   0.05804   0.05613   0.05319   0.03511   0.10602   0.02765   0.00000   0.10438   0.05696   0.06118   0.05303   0.12386   0.02277   0.11042   0.13039   0.06975   0.05295   0.02282   0.09571   0.08732   0.02696   0.08339   0.09346   0.07656   0.09379   0.28566   8.40433   0.66490   0.95607   0.76467   1.00000  
  1 99.0000  17662.213093  x:  0.13628   0.28658   0.55787   0.42217   0.33774   0.43627   0.25288   0.31831   0.51230   0.13459   0.06829   0.01362   0.11141   0.17729   0.09240   0.05619   0.09833   0.08957   0.03725   0.18909   0.27991   0.46571   0.50124   0.49238   0.43029   0.24054   0.49061   0.41992   0.11046   0.07201   0.00000   0.11575   0.21125   0.17222   0.09591   0.09522   0.05233   0.05849   0.62781   8.37509   0.63092   0.98551   0.74376   0.99889  
  2 8908.7672  17569.181083  x:  0.13183   0.29165   0.53449   0.41927   0.35200   0.43391   0.24751   0.33849   0.51719   0.13974   0.05967   0.00000   0.11337   0.17560   0.09185   0.05277   0.08840   0.08214   0.02966   0.17126   0.28521   0.45226   0.48855   0.49757   0.44103   0.22745   0.52729   0.43696   0.11272   0.06994   0.10070   0.12340   0.22407   0.14738   0.09520   0.09702   0.04371   0.03898   0.71587   8.35374   0.61592   0.99846   0.74014   0.99393  
  3 1263.4526  17439.693435  x:  0.11664   0.30081   0.47125   0.40927   0.38454   0.42505   0.23193   0.38559   0.52505   0.15154   0.04165   0.13356   0.12002   0.17224   0.09063   0.04668   0.06909   0.06712   0.02196   0.12217   0.29564   0.41524   0.45326   0.50717   0.46452   0.19198   0.61197   0.47547   0.11587   0.06294   0.19548   0.13325   0.25050   0.08767   0.09265   0.09735   0.02997   0.00246   0.92254   8.29878   0.58100   1.02978   0.73124   0.98158  
  4 2853.1042  17357.852471  x:  0.09780   0.31007   0.40068   0.39849   0.42063   0.41543   0.21443   0.43732   0.53360   0.16448   0.02396   0.25497   0.12573   0.16830   0.08928   0.04199   0.04971   0.05305   0.01997   0.06543   0.30661   0.37424   0.41430   0.51836   0.49059   0.15190   0.70488   0.51774   0.11923   0.05526   0.28524   0.14207   0.27843   0.02644   0.09031   0.09784   0.02438   0.08106   1.14965   8.23589   0.54383   1.06414   0.72126   0.96773  
  5 8029.7578  17266.405808  x:  0.06752   0.30844   0.33494   0.38740   0.44618   0.40370   0.19530   0.47374   0.53260   0.17420   0.04009   0.27805   0.12179   0.16292   0.08803   0.05291   0.05983   0.06670   0.05485   0.00000   0.30867   0.33666   0.37868   0.52445   0.50721   0.11094   0.76976   0.54528   0.12054   0.05031   0.29364   0.13650   0.29159   0.12470   0.09864   0.09515   0.05523   0.09647   1.32459   8.17042   0.53063   1.08744   0.71359   0.95516  
  6 1461.4734  17127.823055  x:  0.00000   0.29242   0.26496   0.38343   0.48054   0.39481   0.16783   0.51381   0.52674   0.17433   0.05203   0.19423   0.10482   0.15861   0.08645   0.05806   0.07888   0.08233   0.01116   0.00000   0.30077   0.30169   0.34692   0.54223   0.52878   0.05166   0.84205   0.57584   0.12173   0.05048   0.17713   0.10727   0.28787   0.11207   0.09012   0.08544   0.03485   0.08146   1.55053   8.04608   0.55578   1.10182   0.71097   0.93693  
  7 950.1971  17127.823055  x:  0.00000   0.29242   0.26496   0.38343   0.48054   0.39481   0.16783   0.51381   0.52674   0.17433   0.05203   0.19423   0.10482   0.15861   0.08645   0.05806   0.07888   0.08233   0.01116   0.00000   0.30077   0.30169   0.34692   0.54223   0.52878   0.05166   0.84205   0.57584   0.12173   0.05048   0.17713   0.10727   0.28787   0.11207   0.09012   0.08544   0.03485   0.08146   1.55053   8.04608   0.55578   1.10182   0.71097   0.93693  
  8 3599.0373  16911.639604  x:  0.03749   0.32273   0.39256   0.46160   0.53903   0.47026   0.20851   0.54938   0.60872   0.17252   0.03705   0.08997   0.11067   0.18709   0.09555   0.04753   0.07699   0.06848   0.22025   0.00000   0.32446   0.39751   0.44721   0.63982   0.59144   0.09912   0.91840   0.63376   0.13026   0.05691   0.07466   0.11897   0.30071   0.10737   0.09362   0.09321   0.04799   0.00000   1.65902   7.98005   0.55052   1.10012   0.72143   0.93600  
  9 1084.9553  16796.956425  x:  0.06439   0.34470   0.48513   0.51837   0.58158   0.52510   0.23803   0.57525   0.66837   0.17122   0.02628   0.01398   0.11489   0.20771   0.10210   0.04000   0.07565   0.05847   0.37038   0.00000   0.34164   0.46705   0.52003   0.71081   0.63702   0.13349   0.97400   0.67588   0.13641   0.06151   0.00000   0.12746   0.31002   0.10397   0.09614   0.09906   0.05787   0.00846   1.73806   7.93190   0.54689   1.09881   0.72907   0.93530  
 10 21756.1560  16771.556830  x:  0.06158   0.34735   0.49934   0.52854   0.59151   0.53600   0.24236   0.58102   0.68248   0.17178   0.03120   0.00000   0.11557   0.20911   0.10146   0.04439   0.07799   0.06122   0.36527   0.00000   0.34375   0.47853   0.53285   0.72750   0.64698   0.13695   0.98893   0.68536   0.13603   0.06001   0.01873   0.13006   0.31172   0.10383   0.09623   0.09953   0.05276   0.00873   1.76066   7.91653   0.55412   1.09551   0.73232   0.93391  
 11 944.5721  16653.724300  x:  0.02535   0.37213   0.63891   0.63003   0.69371   0.64599   0.28437   0.64001   0.82736   0.17730   0.07874   0.07343   0.12628   0.22243   0.09350   0.08487   0.10400   0.09005   0.28116   0.00000   0.36333   0.59208   0.66057   0.89927   0.74847   0.16842   1.14426   0.78230   0.13030   0.04222   0.10802   0.15073   0.32712   0.10337   0.09639   0.10086   0.00000   0.01015   1.99723   7.75396   0.63253   1.05917   0.76772   0.91858  
 12 3329.5733  16562.938097  x:  0.00000   0.38884   0.73352   0.69899   0.76337   0.72084   0.31282   0.68019   0.92613   0.18111   0.11163   0.12393   0.13355   0.23127   0.08793   0.11286   0.12190   0.11003   0.22099   0.00000   0.37654   0.66913   0.74734   1.01636   0.81761   0.18954   1.25027   0.84836   0.12627   0.02993   0.17120   0.16484   0.33759   0.10311   0.09647   0.10172   0.00074   0.01084   2.15878   7.64285   0.68653   1.03419   0.79196   0.90804  
 13 58681.0248  16388.273528  x:  0.00000   0.38710   0.81087   0.75854   0.84825   0.79301   0.32558   0.72041   1.03860   0.16532   0.07363   0.08652   0.11530   0.21915   0.08846   0.06136   0.08640   0.07245   0.01163   0.00000   0.36890   0.73174   0.82340   1.16062   0.89106   0.18814   1.38995   0.92214   0.14474   0.06740   0.10649   0.13966   0.34124   0.11124   0.09532   0.09807   0.00066   0.00693   2.38792   7.46284   0.69416   1.02194   0.83400   0.88389  
 14 1261.8662  16244.413619  x:  0.00000   0.29083   0.72407   0.72879   0.94532   0.80339   0.25492   0.73600   1.14982   0.15921   0.00904   0.06740   0.09080   0.13528   0.09525   0.03378   0.07713   0.12055   0.02695   0.00000   0.27028   0.67165   0.78934   1.33496   0.93613   0.06774   1.59819   0.97924   0.09845   0.00000   0.07991   0.07858   0.31711   0.11928   0.08815   0.06621   0.00062   0.00618   2.78218   7.07841   0.68582   1.03889   0.86118   0.81626  
 15 522.5045  16168.469542  x:  0.00000   0.23486   0.67165   0.70870   0.99674   0.80511   0.21452   0.74217   1.20707   0.16353   0.00107   0.05867   0.08644   0.10207   0.09876   0.04027   0.07986   0.14246   0.04223   0.00000   0.21306   0.63469   0.76606   1.42768   0.95702   0.00000   1.70964   1.00744   0.09325   0.03790   0.06425   0.06303   0.30463   0.12134   0.08597   0.06154   0.00061   0.00585   2.99546   6.86468   0.68193   1.04993   0.87025   0.78175  
 16 5106.3648  16036.122021  x:  0.00000   0.13123   0.57612   0.66799   1.08581   0.80149   0.14243   0.74848   1.30186   0.18436   0.06467   0.02475   0.09701   0.09999   0.10361   0.05586   0.08548   0.15258   0.04930   0.00000   0.10665   0.56584   0.71866   1.58845   0.98680   0.00000   1.90230   1.05010   0.09222   0.03511   0.00000   0.09106   0.28630   0.12080   0.08728   0.08164   0.00054   0.00436   3.36898   6.47602   0.66751   1.07361   0.87597   0.73084  
 17 5584.3898  15952.145617  x:  0.00000   0.04331   0.50336   0.62764   1.16580   0.78877   0.08285   0.74601   1.37482   0.18372   0.04214   0.03556   0.11644   0.18079   0.10897   0.01550   0.06795   0.09051   0.07862   0.00000   0.01306   0.50913   0.67242   1.73076   1.00026   0.00000   2.06855   1.07605   0.13210   0.03443   0.02110   0.14396   0.27949   0.11364   0.09735   0.11003   0.00054   0.00454   3.70151   6.10095   0.62412   1.10341   0.86603   0.71026  
 18 2679.1082  15918.872182  x:  0.00000   0.02661   0.47295   0.60319   1.20453   0.77379   0.05752   0.73904   1.40173   0.17649   0.00000   0.03305   0.12330   0.22861   0.11007   0.07260   0.06408   0.04521   0.08450   0.00000   0.00470   0.48405   0.64423   1.79777   0.99561   0.00000   2.14624   1.07862   0.15420   0.02347   0.01629   0.16002   0.28127   0.10759   0.10230   0.11280   0.00053   0.00428   3.86508   5.89532   0.61216   1.11190   0.85201   0.71600  
 19 2114.2366  15918.872182  x:  0.00000   0.02661   0.47295   0.60319   1.20453   0.77379   0.05752   0.73904   1.40173   0.17649   0.00000   0.03305   0.12330   0.22861   0.11007   0.07260   0.06408   0.04521   0.08450   0.00000   0.00470   0.48405   0.64423   1.79777   0.99561   0.00000   2.14624   1.07862   0.15420   0.02347   0.01629   0.16002   0.28127   0.10759   0.10230   0.11280   0.00053   0.00428   3.86508   5.89532   0.61216   1.11190   0.85201   0.71600  
 20 1522.0014  15868.281094  x:  0.00000   0.02744   0.47331   0.60328   1.20462   0.77380   0.05771   0.73903   1.40175   0.17666   0.00087   0.03250   0.12324   0.22851   0.10995   0.07235   0.06435   0.04573   0.08395   0.00000   0.00581   0.48432   0.64435   1.79788   0.99553   0.00000   2.14631   1.07856   0.15421   0.02366   0.01595   0.15988   0.28137   0.10758   0.10226   0.11271   0.05782   0.01102   3.86526   5.89486   0.61259   1.11166   0.85195   0.71622  
 21 20905.5491  15824.009414  x:  0.00000   0.06594   0.49041   0.60791   1.20884   0.77413   0.06692   0.73844   1.40255   0.18433   0.03878   0.00670   0.12073   0.22415   0.10434   0.06076   0.07675   0.06947   0.05790   0.00000   0.05582   0.49714   0.65004   1.80325   0.99184   0.00000   2.14938   1.07538   0.15473   0.03217   0.00000   0.15333   0.28647   0.10706   0.10040   0.10712   0.05209   0.06970   3.87358   5.87330   0.63317   1.09962   0.84896   0.72672  
 22 891.6114  15813.298852  x:  0.00000   0.07892   0.50031   0.61050   1.21140   0.77424   0.07253   0.73793   1.40282   0.18465   0.04150   0.00000   0.12004   0.22176   0.10181   0.05566   0.08098   0.07356   0.04385   0.00000   0.06822   0.50407   0.65309   1.80675   0.98930   0.00000   2.15147   1.07316   0.15447   0.03543   0.02022   0.15078   0.29011   0.10682   0.09959   0.10415   0.05253   0.06493   3.87926   5.85862   0.64388   1.09242   0.84756   0.73276  
 23 651.9739  15801.158311  x:  0.00000   0.10417   0.52133   0.61601   1.21691   0.77442   0.08446   0.73675   1.40339   0.18481   0.04500   0.02304   0.11945   0.21712   0.09695   0.04624   0.08918   0.08033   0.01709   0.00000   0.09159   0.51874   0.65957   1.81436   0.98374   0.00000   2.15607   1.06827   0.15339   0.04122   0.03792   0.14456   0.29741   0.10644   0.09793   0.09776   0.05382   0.05108   3.89171   5.82643   0.66535   1.07734   0.84482   0.74545  
 24 1585.6184  15777.666592  x:  0.00000   0.13848   0.55988   0.62617   1.22742   0.77445   0.10636   0.73401   1.40426   0.18209   0.03911   0.01898   0.11743   0.20865   0.09168   0.04134   0.09670   0.08332   0.03265   0.00000   0.11963   0.54537   0.67159   1.82957   0.97232   0.00000   2.16547   1.05819   0.14915   0.04664   0.02456   0.13248   0.30972   0.10646   0.09558   0.08803   0.05760   0.01129   3.91708   5.76063   0.69578   1.05185   0.84135   0.76724  
 25 696.6282  15753.784642  x:  0.00000   0.15539   0.60762   0.63869   1.24136   0.77369   0.13334   0.72920   1.40486   0.17244   0.00000   0.01701   0.11716   0.20010   0.09241   0.05388   0.09276   0.06436   0.03377   0.00000   0.11756   0.57751   0.68649   1.85127   0.95537   0.00000   2.17926   1.04305   0.14157   0.04605   0.01933   0.12377   0.32433   0.10715   0.09486   0.08605   0.05654   0.02283   3.95429   5.66345   0.71434   1.02604   0.84011   0.79051  
 26 650.6159  15707.307620  x:  0.00000   0.15545   0.72443   0.66867   1.27849   0.76930   0.19728   0.71326   1.40700   0.17878   0.03380   0.00582   0.12110   0.18597   0.10365   0.07680   0.06854   0.02527   0.00993   0.00000   0.06095   0.65538   0.72338   1.91308   0.90533   0.00000   2.21921   0.99802   0.12469   0.03829   0.00274   0.12272   0.35494   0.10929   0.09759   0.10070   0.05702   0.01791   4.06207   5.37847   0.70787   0.98374   0.84349   0.83277  
 27 992.0491  15654.901784  x:  0.00000   0.15007   0.84208   0.69823   1.31703   0.76381   0.26057   0.69565   1.40878   0.18532   0.06537   0.01477   0.12561   0.17491   0.11297   0.08936   0.05159   0.04081   0.03133   0.00000   0.00000   0.73376   0.76054   1.97816   0.85216   0.00000   2.26131   0.95009   0.11220   0.03509   0.01558   0.12735   0.38401   0.11072   0.10039   0.11570   0.05573   0.03138   4.17572   5.07646   0.69285   0.94689   0.84596   0.87014  
 28 4328.8089  15654.901784  x:  0.00000   0.15007   0.84208   0.69823   1.31703   0.76381   0.26057   0.69565   1.40878   0.18532   0.06537   0.01477   0.12561   0.17491   0.11297   0.08936   0.05159   0.04081   0.03133   0.00000   0.00000   0.73376   0.76054   1.97816   0.85216   0.00000   2.26131   0.95009   0.11220   0.03509   0.01558   0.12735   0.38401   0.11072   0.10039   0.11570   0.05573   0.03138   4.17572   5.07646   0.69285   0.94689   0.84596   0.87014  
 29 2172.0493  15635.171072  x:  0.00000   0.14552   0.83928   0.69613   1.31829   0.76186   0.25698   0.69316   1.40791   0.18152   0.05391   0.00000   0.12310   0.18103   0.10688   0.07325   0.07642   0.07279   0.03326   0.00000   0.01384   0.73240   0.76009   1.98170   0.84850   0.00000   2.26350   0.94667   0.12230   0.04555   0.00193   0.12984   0.37849   0.10929   0.09897   0.10913   0.04523   0.02803   4.18190   5.05671   0.68383   0.95775   0.84213   0.85920  
 30 501.5719  15629.069375  x:  0.00000   0.14266   0.83754   0.69484   1.31905   0.76065   0.25476   0.69162   1.40739   0.17950   0.04747   0.01081   0.12210   0.18470   0.10358   0.06429   0.08757   0.08534   0.03370   0.00000   0.02112   0.73148   0.75973   1.98389   0.84622   0.00000   2.26486   0.94453   0.12742   0.05042   0.00000   0.13162   0.37524   0.10849   0.09824   0.10559   0.04028   0.02706   4.18575   5.04438   0.67883   0.96392   0.83993   0.85252  
 31 1193.6970  15620.599219  x:  0.00000   0.13248   0.83144   0.69031   1.32160   0.75639   0.24709   0.68629   1.40556   0.17456   0.02892   0.01240   0.11903   0.19501   0.09522   0.04128   0.10327   0.09596   0.03140   0.00000   0.03930   0.72782   0.75800   1.99151   0.83813   0.00000   2.26965   0.93691   0.13863   0.05836   0.03782   0.13881   0.36495   0.10633   0.09659   0.09680   0.03409   0.02987   4.19934   5.00076   0.66542   0.98177   0.83345   0.82986  
 32 706.1253  15589.335645  x:  0.00000   0.09880   0.81099   0.67543   1.32976   0.74213   0.22202   0.66874   1.39968   0.17221   0.00000   0.00932   0.11389   0.21895   0.08602   0.03806   0.09879   0.06287   0.02547   0.00000   0.07480   0.71404   0.75043   2.01716   0.81037   0.00000   2.28599   0.91076   0.15022   0.05295   0.02400   0.14388   0.33150   0.10362   0.09388   0.07935   0.05614   0.03598   4.24574   4.85085   0.64243   1.02178   0.81910   0.75959  
 33 439.7657  15549.600075  x:  0.00000   0.03285   0.76751   0.64481   1.34741   0.71191   0.17018   0.63209   1.38853   0.19461   0.06451   0.00681   0.11030   0.25556   0.08343   0.05017   0.08631   0.03876   0.04960   0.00000   0.13375   0.68368   0.73273   2.07357   0.74922   0.00000   2.32209   0.85310   0.16709   0.03872   0.02137   0.15214   0.26860   0.10142   0.09295   0.07131   0.03924   0.02419   4.34831   4.51625   0.62350   1.07954   0.80268   0.62837  
 34 1332.5240  15505.720423  x:  0.00000   0.00000   0.72783   0.61976   1.36623   0.68385   0.12626   0.59868   1.37724   0.19653   0.06937   0.00939   0.11631   0.26629   0.09978   0.06335   0.05278   0.08426   0.01854   0.00000   0.16165   0.65357   0.71337   2.13274   0.68679   0.00000   2.36030   0.79436   0.16385   0.01760   0.02600   0.14835   0.23330   0.10559   0.09835   0.10218   0.04590   0.05150   4.45615   4.15799   0.65539   1.08831   0.81461   0.56926  
 35 1069.1598  15351.926965  x:  0.00000   0.02041   0.60482   0.55053   1.43554   0.59539   0.00000   0.49428   1.33906   0.17889   0.01558   0.01022   0.13608   0.26911   0.13265   0.06193   0.05417   0.08169   0.10723   0.00000   0.22249   0.55493   0.64722   2.34414   0.47224   0.00000   2.49725   0.59337   0.15348   0.02709   0.03411   0.12547   0.17749   0.11880   0.11319   0.16262   0.05267   0.03562   4.84055   2.86463   0.77482   1.07423   0.89107   0.53234  
 36 2222.0032  15351.926965  x:  0.00000   0.02041   0.60482   0.55053   1.43554   0.59539   0.00000   0.49428   1.33906   0.17889   0.01558   0.01022   0.13608   0.26911   0.13265   0.06193   0.05417   0.08169   0.10723   0.00000   0.22249   0.55493   0.64722   2.34414   0.47224   0.00000   2.49725   0.59337   0.15348   0.02709   0.03411   0.12547   0.17749   0.11880   0.11319   0.16262   0.05267   0.03562   4.84055   2.86463   0.77482   1.07423   0.89107   0.53234  
 37 2845.3779  15316.784919  x:  0.00000   0.02889   0.60915   0.55441   1.43599   0.60104   0.01682   0.50096   1.33949   0.18131   0.02043   0.00000   0.13225   0.26224   0.12449   0.05629   0.07049   0.07840   0.08550   0.00000   0.21433   0.55800   0.64842   2.34495   0.47602   0.00000   2.49778   0.59670   0.15283   0.03662   0.01702   0.12719   0.19887   0.11597   0.10971   0.15035   0.04570   0.02942   4.84313   2.85108   0.76427   1.07163   0.89393   0.56417  
 38 653.6642  15291.139516  x:  0.00000   0.03833   0.61515   0.55965   1.43627   0.60838   0.03758   0.50971   1.33977   0.18354   0.02424   0.02955   0.12881   0.25314   0.11417   0.05076   0.08298   0.07460   0.05577   0.00000   0.20197   0.56227   0.65002   2.34598   0.48120   0.00000   2.49840   0.60119   0.15077   0.04466   0.00000   0.12960   0.22452   0.11227   0.10539   0.13388   0.04000   0.02659   4.84687   2.83130   0.75061   1.06754   0.89691   0.60099  
 39 1945.7425  15276.136038  x:  0.00000   0.04771   0.62311   0.56636   1.43608   0.61734   0.06159   0.52050   1.33960   0.18501   0.02528   0.04688   0.12378   0.24067   0.10257   0.04787   0.08747   0.07125   0.02111   0.00000   0.18393   0.56796   0.65202   2.34716   0.48801   0.00000   2.49903   0.60696   0.14703   0.05026   0.03542   0.13425   0.25351   0.10797   0.10079   0.11444   0.03885   0.02990   4.85211   2.80342   0.73454   1.06127   0.89907   0.63887  
 40 1148.8323  15260.863073  x:  0.00000   0.05464   0.64026   0.57968   1.43303   0.63288   0.09782   0.53968   1.33673   0.18288   0.01421   0.05040   0.11436   0.21432   0.09130   0.06103   0.05827   0.07482   0.06024   0.00000   0.13729   0.58034   0.65584   2.34895   0.50205   0.00000   2.49948   0.61878   0.13305   0.03790   0.04178   0.13590   0.28756   0.10381   0.09623   0.08373   0.05632   0.04493   4.86499   2.73442   0.71163   1.04348   0.89443   0.67198  
 41 372.3012  15237.583873  x:  0.00000   0.04493   0.67534   0.60363   1.42004   0.65435   0.13463   0.56769   1.32479   0.18406   0.01034   0.04549   0.11190   0.17575   0.10612   0.07040   0.03222   0.08129   0.04075   0.00000   0.02706   0.60637   0.66280   2.35088   0.52913   0.00000   2.49797   0.64147   0.12125   0.02381   0.03540   0.12802   0.29577   0.10917   0.10249   0.09465   0.04860   0.02183   4.89657   2.56457   0.69810   0.99662   0.86292   0.63656  
 42 312.8909  15229.878548  x:  0.00000   0.04350   0.68526   0.61023   1.41602   0.65966   0.14253   0.57469   1.32101   0.18465   0.01031   0.04618   0.11213   0.16846   0.10880   0.07157   0.04367   0.08219   0.04190   0.00000   0.00000   0.61408   0.66505   2.35140   0.53651   0.00000   2.49738   0.64766   0.12095   0.02558   0.03580   0.12657   0.29538   0.11015   0.10368   0.09753   0.04942   0.02775   4.90600   2.51403   0.69445   0.98394   0.85425   0.62460  
 43 1088.6936  15229.878548  x:  0.00000   0.04350   0.68526   0.61023   1.41602   0.65966   0.14253   0.57469   1.32101   0.18465   0.01031   0.04618   0.11213   0.16846   0.10880   0.07157   0.04367   0.08219   0.04190   0.00000   0.00000   0.61408   0.66505   2.35140   0.53651   0.00000   2.49738   0.64766   0.12095   0.02558   0.03580   0.12657   0.29538   0.11015   0.10368   0.09753   0.04942   0.02775   4.90600   2.51403   0.69445   0.98394   0.85425   0.62460  
 44 452.1014  15205.962689  x:  0.00000   0.05699   0.68844   0.61227   1.41477   0.66024   0.14416   0.57529   1.31949   0.18919   0.02361   0.00441   0.11308   0.17947   0.10095   0.05529   0.09741   0.07458   0.02782   0.00000   0.02120   0.61837   0.66770   2.35195   0.53793   0.00000   2.49700   0.64906   0.13380   0.05634   0.00000   0.12866   0.29876   0.10756   0.10017   0.09606   0.03930   0.02956   4.91020   2.49223   0.69019   0.98406   0.85640   0.63997  
 45 493.0801  15204.570261  x:  0.00000   0.05937   0.68916   0.61267   1.41436   0.66037   0.14455   0.57542   1.31903   0.18945   0.02468   0.00088   0.11377   0.18193   0.09965   0.05289   0.10180   0.07352   0.02799   0.00000   0.02440   0.61929   0.66823   2.35205   0.53825   0.00000   2.49687   0.64933   0.13511   0.05916   0.00721   0.13003   0.29987   0.10703   0.09960   0.09615   0.03880   0.02956   4.91136   2.48625   0.68938   0.98399   0.85683   0.64328  
 46 318.6436  15202.691642  x:  0.00000   0.06540   0.69115   0.61371   1.41314   0.66071   0.14564   0.57580   1.31766   0.18972   0.02667   0.01064   0.11618   0.18877   0.09649   0.04760   0.10981   0.07118   0.02991   0.00000   0.03211   0.62179   0.66962   2.35233   0.53913   0.00000   2.49647   0.65009   0.13751   0.06419   0.01306   0.13309   0.30274   0.10567   0.09818   0.09618   0.03851   0.02938   4.91475   2.46888   0.68726   0.98372   0.85795   0.65218  
 47 408.9986  15192.532410  x:  0.00000   0.09331   0.70368   0.61918   1.40319   0.66267   0.15279   0.57799   1.30679   0.18337   0.01885   0.00365   0.12843   0.22610   0.08566   0.04399   0.09023   0.06728   0.05414   0.00000   0.06119   0.63694   0.67739   2.35367   0.54460   0.00000   2.49311   0.65467   0.13412   0.05412   0.00455   0.14764   0.32049   0.09957   0.09254   0.09572   0.05280   0.02615   4.93991   2.34092   0.67756   0.98042   0.86327   0.70246  
 48 282.2464  15182.841192  x:  0.00000   0.10444   0.71361   0.62181   1.39094   0.66363   0.15807   0.57913   1.29432   0.18179   0.02083   0.00445   0.13017   0.24491   0.09180   0.05863   0.07493   0.07154   0.02261   0.00000   0.06935   0.64855   0.68260   2.35372   0.54888   0.00000   2.48845   0.65816   0.13190   0.04687   0.00499   0.15153   0.33333   0.10038   0.09452   0.09581   0.03761   0.03309   4.96688   2.20593   0.67784   0.97515   0.86375   0.72681  
 49 404.9341  15164.920974  x:  0.00000   0.09104   0.72945   0.62051   1.35612   0.66290   0.16466   0.57852   1.26050   0.18580   0.03667   0.00472   0.11219   0.24169   0.11647   0.06264   0.08373   0.08450   0.04492   0.00000   0.04089   0.66592   0.68783   2.35000   0.55502   0.00000   2.47366   0.66295   0.13528   0.05111   0.00582   0.13582   0.34699   0.11191   0.10793   0.09607   0.01991   0.02120   5.03471   1.87605   0.69723   0.96101   0.85510   0.71520  
 50 474.2517  15157.002792  x:  0.00000   0.08118   0.73694   0.61902   1.33646   0.66207   0.16724   0.57763   1.24142   0.18637   0.04093   0.00546   0.10488   0.23531   0.12304   0.05812   0.09120   0.08564   0.04183   0.00000   0.02295   0.67404   0.68983   2.34732   0.55753   0.00000   2.46488   0.66484   0.13737   0.05491   0.00705   0.12812   0.35138   0.11520   0.11162   0.09646   0.04618   0.03030   5.07222   1.69786   0.70516   0.95491   0.85145   0.70114  
 51 1704.2867  15151.864434  x:  0.00000   0.07387   0.73880   0.61681   1.32321   0.66065   0.16640   0.57572   1.22845   0.18027   0.02745   0.00517   0.11351   0.22422   0.10509   0.04098   0.08975   0.07107   0.03326   0.00000   0.01262   0.67604   0.68940   2.34403   0.55674   0.00000   2.45768   0.66396   0.13572   0.05334   0.00645   0.13139   0.34628   0.10698   0.10206   0.09601   0.04210   0.02159   5.09626   1.60055   0.69876   0.95660   0.85449   0.67805  
 52 384.3141  15150.709327  x:  0.00000   0.07329   0.73847   0.61590   1.31853   0.65996   0.16537   0.57467   1.22389   0.17934   0.02410   0.00518   0.11770   0.22022   0.09694   0.04638   0.09108   0.06856   0.03715   0.00000   0.01326   0.67581   0.68892   2.34230   0.55559   0.00000   2.45454   0.66292   0.13551   0.05422   0.00639   0.13465   0.34211   0.10341   0.09800   0.09603   0.03752   0.03147   5.10468   1.57588   0.69428   0.95821   0.85714   0.66809  
 53 217.3336  15150.126057  x:  0.00000   0.07546   0.73721   0.61508   1.31431   0.65929   0.16394   0.57346   1.21988   0.18103   0.02557   0.00544   0.12022   0.21803   0.09301   0.05483   0.09220   0.07208   0.03701   0.00000   0.01889   0.67473   0.68823   2.34013   0.55373   0.00000   2.45103   0.66128   0.13542   0.05546   0.00671   0.13831   0.33669   0.10198   0.09659   0.09599   0.03988   0.02636   5.11244   1.56471   0.69020   0.95983   0.86033   0.66013  
 54 94.7998  15149.592664  x:  0.00000   0.08055   0.73367   0.61342   1.30622   0.65819   0.16126   0.57120   1.21244   0.18458   0.02872   0.00518   0.11991   0.21725   0.09601   0.04898   0.08827   0.07721   0.03700   0.00000   0.03076   0.67138   0.68633   2.33521   0.54953   0.00000   2.44352   0.65763   0.13389   0.05405   0.00636   0.14170   0.32680   0.10407   0.09957   0.09610   0.03930   0.02820   5.12790   1.55696   0.68800   0.96137   0.86441   0.65141  
 55 57.5751  15149.002562  x:  0.00000   0.08415   0.72663   0.61016   1.29174   0.65704   0.15809   0.56817   1.19968   0.18411   0.02315   0.00542   0.11617   0.22009   0.10196   0.05155   0.08799   0.06784   0.03726   0.00000   0.04123   0.66410   0.68197   2.32573   0.54276   0.00000   2.42954   0.65178   0.13380   0.05423   0.00674   0.13947   0.31592   0.10580   0.10154   0.09603   0.03962   0.02739   5.15681   1.55255   0.69345   0.96180   0.86573   0.64970  
 56 57.1570  15147.710508  x:  0.00000   0.08149   0.70766   0.60138   1.25201   0.65613   0.15381   0.56312   1.16652   0.18372   0.02105   0.00546   0.11606   0.22686   0.09421   0.05065   0.08870   0.07743   0.03648   0.00000   0.04460   0.64343   0.66914   2.29837   0.52746   0.00000   2.39003   0.63853   0.13466   0.05335   0.00751   0.13027   0.30416   0.10158   0.09561   0.09589   0.03904   0.02772   5.24000   1.54944   0.70568   0.96365   0.86524   0.66276  
 57 90.2729  15146.521089  x:  0.00000   0.07773   0.69253   0.59544   1.21346   0.65783   0.15427   0.56221   1.13600   0.18590   0.03472   0.00496   0.12147   0.22644   0.09450   0.05132   0.08654   0.06955   0.03705   0.00000   0.03780   0.62661   0.65885   2.26957   0.51757   0.00000   2.34905   0.62970   0.13494   0.05316   0.00688   0.13591   0.30899   0.10395   0.09908   0.09613   0.03928   0.02768   5.32849   1.55048   0.69919   0.96817   0.86913   0.67437  
 58 145.7845  15145.468697  x:  0.00000   0.08197   0.68606   0.59510   1.18173   0.66221   0.15962   0.56611   1.11202   0.17678   0.02527   0.00533   0.11928   0.22097   0.10164   0.05094   0.09040   0.07582   0.03695   0.00000   0.03478   0.61967   0.65541   2.24212   0.51639   0.00000   2.31046   0.62791   0.13500   0.05604   0.00644   0.14390   0.32451   0.10613   0.10230   0.09599   0.03934   0.02765   5.41557   1.55488   0.68961   0.96889   0.87129   0.67590  
 59 139.6459  15143.797369  x:  0.00000   0.09829   0.68884   0.60255   1.13783   0.67318   0.17389   0.57957   1.08233   0.17544   0.03210   0.00566   0.11128   0.21138   0.09611   0.05087   0.08826   0.07227   0.03683   0.00000   0.04115   0.62447   0.66137   2.19513   0.52836   0.00000   2.24540   0.63579   0.13085   0.05251   0.00625   0.13929   0.35005   0.10087   0.09535   0.09580   0.03944   0.02770   5.57158   1.56673   0.69454   0.95782   0.86341   0.66238  
 60 143.0771  15142.581716  x:  0.00000   0.09589   0.69889   0.60986   1.11639   0.68124   0.18116   0.59143   1.07207   0.17946   0.02797   0.00515   0.12866   0.21645   0.09395   0.05102   0.08468   0.07278   0.03683   0.00000   0.04007   0.63784   0.67272   2.15935   0.54672   0.00000   2.19776   0.64865   0.13751   0.05822   0.00644   0.13109   0.34332   0.10781   0.10320   0.09687   0.03971   0.02774   5.70015   1.57661   0.69496   0.95355   0.85705   0.65611  
 61 123.2232  15141.040262  x:  0.00000   0.08096   0.71466   0.61796   1.10144   0.68925   0.18339   0.60464   1.07044   0.18687   0.02607   0.00515   0.12398   0.22528   0.09959   0.05069   0.09277   0.07294   0.03672   0.00000   0.03403   0.65774   0.68889   2.11552   0.57246   0.00000   2.14133   0.66634   0.13574   0.04679   0.00705   0.13554   0.31787   0.10325   0.09798   0.09613   0.03982   0.02777   5.86891   1.58823   0.68629   0.95496   0.85600   0.65817  
 62 187.0603  15140.442955  x:  0.00000   0.07484   0.72037   0.61942   1.10422   0.68992   0.17803   0.60664   1.07675   0.18533   0.02686   0.00547   0.11323   0.22209   0.09546   0.05046   0.08597   0.07265   0.03663   0.00000   0.03358   0.66363   0.69355   2.09948   0.58025   0.00000   2.12220   0.67118   0.13854   0.05648   0.00670   0.14018   0.31004   0.10284   0.09784   0.09594   0.03964   0.02775   5.94071   1.59192   0.68649   0.95639   0.85938   0.66239  
 63 119.9367  15138.976887  x:  0.00000   0.06859   0.73030   0.61766   1.13655   0.68409   0.14852   0.60104   1.11090   0.17187   0.03038   0.00570   0.11786   0.20162   0.09135   0.05105   0.09044   0.07266   0.03654   0.00000   0.04077   0.66856   0.69704   2.06490   0.58823   0.00000   2.08597   0.67327   0.12729   0.05332   0.00703   0.14071   0.30977   0.10790   0.10386   0.09697   0.03988   0.02779   6.13162   1.59818   0.69908   0.96342   0.87133   0.67135  
 64 103.5295  15137.721128  x:  0.00000   0.06978   0.73425   0.61407   1.17446   0.67795   0.12517   0.59345   1.14600   0.17185   0.03182   0.00541   0.12441   0.20346   0.10361   0.05033   0.08690   0.07288   0.03717   0.00000   0.04088   0.66549   0.69381   2.03842   0.58845   0.00000   2.06145   0.66982   0.13359   0.05696   0.00694   0.13478   0.31920   0.09907   0.09299   0.09508   0.04025   0.02787   6.30453   1.60316   0.70060   0.97450   0.87566   0.66543  
 65 183.3319  15136.450685  x:  0.00000   0.07553   0.73290   0.60936   1.21908   0.67354   0.11317   0.58617   1.18352   0.18196   0.02629   0.00538   0.11621   0.22070   0.09413   0.05053   0.08937   0.07250   0.03641   0.00000   0.03493   0.65652   0.68538   2.01654   0.58339   0.00000   2.04469   0.66271   0.13979   0.05036   0.00674   0.13500   0.33025   0.10470   0.09995   0.09674   0.03999   0.02782   6.48582   1.60826   0.69814   0.98034   0.87359   0.65229  
 66 203.6365  15135.379268  x:  0.00000   0.08111   0.72152   0.60512   1.26170   0.67635   0.13579   0.58462   1.21306   0.19310   0.02103   0.00525   0.12097   0.21727   0.09623   0.05023   0.08992   0.07280   0.03636   0.00000   0.03014   0.64405   0.67372   2.01145   0.57368   0.00000   2.04944   0.65490   0.13497   0.05436   0.00622   0.14728   0.32375   0.10338   0.09780   0.09569   0.04019   0.02788   6.64992   1.61295   0.69972   0.95811   0.86786   0.65050  
 67 93.1587  15134.708218  x:  0.00000   0.08190   0.71190   0.60375   1.28520   0.67713   0.15588   0.58245   1.22593   0.19046   0.02182   0.00553   0.11834   0.20938   0.09553   0.05043   0.08927   0.07219   0.03638   0.00000   0.03420   0.63874   0.66859   2.01730   0.56789   0.00000   2.06361   0.65177   0.13286   0.05480   0.00710   0.13354   0.31732   0.10336   0.09871   0.09698   0.04014   0.02783   6.75573   1.61665   0.68362   0.95494   0.86081   0.65276  
 68 105.1265  15133.873950  x:  0.00000   0.06958   0.70025   0.60555   1.30064   0.66748   0.17337   0.57024   1.22430   0.17225   0.02967   0.00543   0.11922   0.21216   0.09535   0.05029   0.08919   0.07244   0.03645   0.00000   0.04241   0.64121   0.67047   2.04625   0.56462   0.00000   2.10733   0.65428   0.14082   0.05075   0.00682   0.14074   0.31620   0.10485   0.09797   0.09254   0.04047   0.02799   6.89858   1.62688   0.68531   0.95945   0.84698   0.64494  
 69 59.5197  15132.708746  x:  0.00000   0.05895   0.69162   0.61165   1.31233   0.64677   0.18583   0.54879   1.21077   0.17059   0.03029   0.00535   0.11923   0.21729   0.09576   0.04989   0.08969   0.07221   0.03636   0.00000   0.04250   0.64887   0.67680   2.10060   0.56226   0.00000   2.18452   0.66123   0.14005   0.05154   0.00654   0.13873   0.32000   0.10083   0.09847   0.10853   0.04065   0.02783   7.10881   1.64543   0.68785   0.95541   0.86402   0.63562  
 70 130.9163  15131.734073  x:  0.00000   0.06098   0.69140   0.61725   1.31744   0.62986   0.18970   0.53389   1.19753   0.18219   0.02537   0.00556   0.11887   0.21393   0.09427   0.04985   0.09019   0.07186   0.03616   0.00000   0.03675   0.65477   0.68207   2.14864   0.56011   0.00000   2.25072   0.66621   0.13487   0.05387   0.00719   0.13544   0.32142   0.10345   0.09804   0.09117   0.04084   0.02807   7.27894   1.66089   0.68959   0.96023   0.87406   0.63284  
 71 225.4319  15131.286278  x:  0.00000   0.07043   0.69835   0.61853   1.31633   0.62509   0.18666   0.53337   1.19196   0.19035   0.02210   0.00564   0.11932   0.20628   0.09454   0.04982   0.09032   0.07180   0.03607   0.00000   0.03063   0.65567   0.68349   2.17464   0.55737   0.00000   2.28456   0.66614   0.13391   0.05491   0.00695   0.13871   0.31826   0.10392   0.09698   0.09760   0.04091   0.02802   7.36083   1.66823   0.69226   0.97122   0.86605   0.63444  
 72 106.6218  15130.872928  x:  0.00000   0.07869   0.71780   0.61168   1.30698   0.63491   0.17390   0.55423   1.19299   0.18299   0.02542   0.00558   0.11940   0.20616   0.09417   0.04978   0.09100   0.07183   0.03601   0.00000   0.02378   0.65099   0.68085   2.20526   0.54944   0.00000   2.31958   0.65843   0.13939   0.05243   0.00706   0.13820   0.31226   0.09868   0.10156   0.09591   0.04100   0.02808   7.43846   1.67570   0.69153   0.96722   0.86791   0.63202  
 73 38.8012  15130.695815  x:  0.00000   0.07639   0.72554   0.60716   1.30132   0.64270   0.16642   0.56615   1.19498   0.18226   0.02562   0.00557   0.11934   0.20751   0.09417   0.04975   0.09088   0.07178   0.03598   0.00000   0.02482   0.64882   0.67924   2.21976   0.54587   0.00000   2.33498   0.65430   0.13749   0.05340   0.00710   0.13784   0.31250   0.10586   0.09551   0.09670   0.04104   0.02808   7.47231   1.67879   0.69001   0.96524   0.86784   0.63027  
 74 57.3224  15130.580597  x:  0.00000   0.06915   0.72773   0.60385   1.29622   0.65117   0.15983   0.57512   1.19784   0.18643   0.02349   0.00559   0.11945   0.20792   0.09422   0.04972   0.09058   0.07172   0.03598   0.00000   0.02992   0.64793   0.67786   2.23035   0.54422   0.00000   2.34489   0.65157   0.13326   0.05546   0.00706   0.13816   0.31581   0.10293   0.09774   0.09640   0.04108   0.02807   7.49462   1.68053   0.68921   0.96542   0.86475   0.62917  
 75 31.8289  15130.549162  x:  0.00000   0.06848   0.72332   0.60562   1.29336   0.65698   0.15644   0.57676   1.20074   0.18855   0.02238   0.00561   0.11935   0.20570   0.09411   0.04971   0.09065   0.07165   0.03594   0.00000   0.03116   0.64866   0.67686   2.23462   0.54548   0.00000   2.34700   0.65165   0.13721   0.05343   0.00702   0.13831   0.31641   0.10320   0.09753   0.09643   0.04107   0.02807   7.50139   1.68069   0.68940   0.96486   0.86547   0.62979  
 76  7.4938  15130.516677  x:  0.00000   0.07088   0.71561   0.60956   1.28922   0.66485   0.15217   0.57715   1.20547   0.18731   0.02293   0.00559   0.11941   0.20685   0.09416   0.04972   0.09064   0.07170   0.03593   0.00000   0.02932   0.64960   0.67564   2.24008   0.54805   0.00000   2.34821   0.65247   0.13511   0.05448   0.00705   0.13823   0.31540   0.10313   0.09759   0.09641   0.04108   0.02808   7.50907   1.68077   0.68976   0.96564   0.86555   0.62905  
 77  8.1692  15130.472430  x:  0.00000   0.07154   0.71596   0.60580   1.28057   0.66615   0.15380   0.56834   1.21510   0.18740   0.02274   0.00558   0.11939   0.20647   0.09419   0.04975   0.09057   0.07170   0.03581   0.00000   0.02835   0.64627   0.68514   2.25229   0.54719   0.00000   2.33900   0.65033   0.13516   0.05443   0.00705   0.13819   0.31542   0.10313   0.09760   0.09642   0.04109   0.02809   7.52572   1.68148   0.68866   0.96374   0.86425   0.62886  
 78  1.4317  15130.366459  x:  0.00000   0.06938   0.71939   0.60880   1.27102   0.65884   0.16479   0.56862   1.22595   0.18742   0.02242   0.00557   0.11927   0.20604   0.09439   0.04987   0.09025   0.07177   0.03550   0.00000   0.02906   0.64658   0.67615   2.27714   0.54635   0.00000   2.31508   0.64808   0.13525   0.05414   0.00707   0.13783   0.31545   0.10321   0.09765   0.09640   0.04113   0.02811   7.56947   1.68294   0.69321   0.97103   0.86970   0.62750  
 79  4.5165  15130.230062  x:  0.00000   0.06832   0.71780   0.61077   1.26975   0.64626   0.15854   0.56939   1.22226   0.18682   0.02262   0.00553   0.11917   0.20489   0.09455   0.05002   0.08976   0.07179   0.03508   0.00000   0.02880   0.64977   0.66563   2.29915   0.54850   0.00000   2.29013   0.64930   0.13485   0.05402   0.00709   0.13777   0.31459   0.10326   0.09771   0.09639   0.04115   0.02813   7.62723   1.68519   0.68778   0.96154   0.86250   0.62739  
 80 10.4194  15129.838744  x:  0.00000   0.06881   0.70403   0.59886   1.29389   0.65663   0.15345   0.58441   1.18167   0.18551   0.02338   0.00546   0.11875   0.20261   0.09513   0.05048   0.08850   0.07198   0.03380   0.00000   0.02449   0.64521   0.67983   2.32572   0.55084   0.00000   2.24231   0.64981   0.13467   0.05317   0.00717   0.13699   0.31319   0.10348   0.09796   0.09628   0.04126   0.02822   7.79670   1.68987   0.69171   0.96645   0.86607   0.62534  
 81 13.1876  15129.441226  x:  0.00000   0.06020   0.72017   0.62255   1.29025   0.68092   0.15179   0.56501   1.15993   0.18382   0.02401   0.00538   0.11838   0.20005   0.09575   0.05096   0.08702   0.07215   0.03248   0.00000   0.02457   0.63842   0.67440   2.29725   0.54388   0.00000   2.23604   0.63972   0.13404   0.05256   0.00725   0.13617   0.31157   0.10372   0.09818   0.09617   0.04137   0.02830   7.97417   1.69480   0.69164   0.96496   0.86457   0.62384  
 82 13.9066  15128.678898  x:  0.00000   0.06188   0.70860   0.59620   1.24079   0.67270   0.15617   0.56515   1.16406   0.18234   0.02368   0.00521   0.11751   0.19490   0.09708   0.05197   0.08402   0.07251   0.02997   0.00000   0.02317   0.63987   0.66396   2.19830   0.55367   0.00000   2.26505   0.64773   0.13347   0.05052   0.00739   0.13447   0.30917   0.10420   0.09865   0.09598   0.04154   0.02846   8.31006   1.70172   0.69466   0.96680   0.86587   0.62076  
 83 26.0454  15128.612113  x:  0.00000   0.06055   0.70323   0.60628   1.23535   0.66413   0.15515   0.57445   1.16732   0.18248   0.02345   0.00519   0.11746   0.19452   0.09717   0.05205   0.08378   0.07253   0.02976   0.00000   0.02283   0.63696   0.67314   2.18813   0.54622   0.00000   2.26800   0.64623   0.13328   0.05049   0.00740   0.13434   0.30913   0.10423   0.09868   0.09594   0.04155   0.02847   8.34108   1.70174   0.69463   0.96638   0.86554   0.62072  
 84  9.8662  15128.599731  x:  0.00000   0.06046   0.70409   0.60682   1.23506   0.66469   0.15468   0.57460   1.16782   0.18248   0.02343   0.00518   0.11746   0.19465   0.09718   0.05207   0.08374   0.07252   0.02978   0.00000   0.02355   0.63259   0.67266   2.18781   0.54293   0.00000   2.26764   0.65546   0.13334   0.05036   0.00740   0.13435   0.30912   0.10423   0.09868   0.09593   0.04154   0.02848   8.35346   1.70142   0.69469   0.96642   0.86560   0.62078  
 85  0.6749  15128.529926  x:  0.00000   0.06170   0.70374   0.60377   1.23446   0.66804   0.15444   0.57351   1.16858   0.18242   0.02349   0.00508   0.11752   0.19550   0.09717   0.05212   0.08375   0.07251   0.02999   0.00000   0.02269   0.64547   0.67237   2.18562   0.52625   0.00000   2.26444   0.66320   0.13327   0.05040   0.00735   0.13445   0.30969   0.10421   0.09869   0.09594   0.04154   0.02853   8.43113   1.70125   0.69472   0.96640   0.86556   0.62177  
 86  2.7210  15127.797301  x:  0.00000   0.06865   0.70751   0.60647   1.23222   0.66430   0.15659   0.57941   1.16885   0.18106   0.02415   0.00403   0.11807   0.20573   0.09710   0.05277   0.08295   0.07223   0.03248   0.00000   0.03194   0.64041   0.67613   2.16713   0.55426   0.00000   2.24441   0.64904   0.13357   0.04962   0.00671   0.13525   0.31544   0.10393   0.09874   0.09650   0.04145   0.02905   9.30519   1.69253   0.69503   0.96465   0.86657   0.63265  
 87 16.2632  15127.459951  x:  0.00000   0.06397   0.70847   0.60633   1.24333   0.66597   0.15422   0.57808   1.17515   0.18428   0.02375   0.00517   0.11882   0.20037   0.09531   0.05126   0.08789   0.07208   0.03240   0.00000   0.02725   0.64042   0.67488   2.18020   0.55106   0.00000   2.24416   0.65120   0.13449   0.05271   0.00797   0.13626   0.31231   0.10355   0.09788   0.09613   0.04122   0.02870  10.08403   1.69009   0.69269   0.96607   0.86614   0.62433  
 88  0.4715  15127.359288  x:  0.00000   0.06437   0.70741   0.60634   1.24114   0.66568   0.15462   0.57598   1.17190   0.18257   0.02357   0.00479   0.11815   0.20036   0.09641   0.05137   0.08421   0.07238   0.03184   0.00000   0.02812   0.63991   0.67437   2.18362   0.54809   0.00000   2.25355   0.65010   0.13374   0.05074   0.00747   0.13559   0.31220   0.10393   0.09855   0.09619   0.04151   0.02828  10.76915   1.69651   0.69395   0.96555   0.86663   0.62559  
 89  0.3393  15127.339587  x:  0.00000   0.06439   0.70787   0.60648   1.24079   0.66509   0.15545   0.57695   1.17328   0.18305   0.02394   0.00491   0.11840   0.20132   0.09610   0.05160   0.08606   0.07213   0.03209   0.00000   0.02830   0.64044   0.67508   2.17946   0.55021   0.00000   2.25010   0.65093   0.13416   0.05152   0.00746   0.13568   0.31294   0.10375   0.09825   0.09631   0.04135   0.02861  11.15698   1.69520   0.69380   0.96564   0.86632   0.62575  
 90  0.2125  15127.337590  x:  0.00000   0.06443   0.70776   0.60641   1.24118   0.66553   0.15485   0.57693   1.17293   0.18302   0.02370   0.00491   0.11839   0.20083   0.09606   0.05150   0.08548   0.07222   0.03214   0.00000   0.02832   0.64019   0.67481   2.18097   0.54964   0.00000   2.25016   0.65060   0.13403   0.05136   0.00739   0.13580   0.31256   0.10377   0.09830   0.09622   0.04136   0.02853  11.26115   1.69533   0.69369   0.96566   0.86648   0.62550  
 91  0.0800  15127.337483  x:  0.00000   0.06438   0.70778   0.60640   1.24112   0.66550   0.15491   0.57689   1.17291   0.18301   0.02376   0.00493   0.11836   0.20090   0.09611   0.05151   0.08551   0.07223   0.03207   0.00000   0.02830   0.64021   0.67482   2.18091   0.54962   0.00000   2.25038   0.65062   0.13404   0.05135   0.00739   0.13575   0.31261   0.10379   0.09832   0.09624   0.04137   0.02853  11.29140   1.69527   0.69375   0.96565   0.86646   0.62559  
 92  0.0283  15127.337477  x:  0.00000   0.06439   0.70777   0.60641   1.24108   0.66548   0.15493   0.57688   1.17291   0.18300   0.02375   0.00493   0.11837   0.20091   0.09611   0.05151   0.08552   0.07222   0.03209   0.00000   0.02831   0.64021   0.67483   2.18080   0.54964   0.00000   2.25036   0.65063   0.13404   0.05135   0.00739   0.13575   0.31262   0.10379   0.09831   0.09624   0.04137   0.02853  11.29768   1.69532   0.69374   0.96565   0.86646   0.62557  
 93  0.0065  15127.337477  x:  0.00000   0.06439   0.70777   0.60641   1.24109   0.66548   0.15493   0.57689   1.17291   0.18301   0.02375   0.00493   0.11837   0.20091   0.09611   0.05151   0.08552   0.07222   0.03209   0.00000   0.02831   0.64021   0.67483   2.18082   0.54964   0.00000   2.25035   0.65063   0.13404   0.05135   0.00739   0.13575   0.31262   0.10379   0.09831   0.09624   0.04137   0.02853  11.29808   1.69532   0.69374   0.96565   0.86646   0.62557  
 94  0.0004  15127.337477  x:  0.00000   0.06439   0.70777   0.60641   1.24109   0.66548   0.15493   0.57689   1.17291   0.18301   0.02375   0.00493   0.11837   0.20091   0.09611   0.05151   0.08552   0.07222   0.03209   0.00000   0.02831   0.64021   0.67483   2.18082   0.54964   0.00000   2.25036   0.65063   0.13404   0.05135   0.00739   0.13575   0.31262   0.10379   0.09831   0.09624   0.04137   0.02853  11.29808   1.69532   0.69374   0.96565   0.86646   0.62557  
 95  0.0000  15127.337477  x:  0.00000   0.06439   0.70777   0.60641   1.24109   0.66548   0.15493   0.57689   1.17291   0.18301   0.02375   0.00493   0.11837   0.20091   0.09611   0.05151   0.08552   0.07222   0.03209   0.00000   0.02831   0.64021   0.67483   2.18082   0.54964   0.00000   2.25036   0.65063   0.13404   0.05135   0.00739   0.13575   0.31262   0.10379   0.09831   0.09624   0.04137   0.02853  11.29808   1.69532   0.69374   0.96565   0.86646   0.62557  
 96  0.0000  15127.337477  x:  0.00000   0.06439   0.70777   0.60641   1.24109   0.66548   0.15493   0.57689   1.17291   0.18301   0.02375   0.00493   0.11837   0.20091   0.09611   0.05151   0.08552   0.07222   0.03209   0.00000   0.02831   0.64021   0.67483   2.18082   0.54964   0.00000   2.25036   0.65063   0.13404   0.05135   0.00739   0.13575   0.31262   0.10379   0.09831   0.09624   0.04137   0.02853  11.29808   1.69532   0.69374   0.96565   0.86646   0.62557  

TREE # 2

  0  0.0000  19142.372803  x:  0.44785   0.00000   0.18568   0.08301   0.13795   0.13250   0.15169   0.00000   0.16786   0.15467   0.06043   0.03241   0.00708   0.10218   0.07120   0.06082   0.08277   0.04800   0.06686   0.10051   0.07903   0.14916   0.13976   0.09839   0.03340   0.14797   0.06038   0.14658   0.03474   0.04382   0.03945   0.07071   0.10251   0.08404   0.08254   0.09658   0.10659   0.02883   0.10466   1.69532   0.68762   0.93661   0.81843   0.62557  
  1 99.0000  16087.496193  x:  0.86492   0.10524   0.38713   0.60006   0.51681   0.53166   0.60725   1.03605   0.74613   0.60121   0.18217   0.13986   0.06332   0.13637   0.40681   0.14093   0.10871   0.15314   0.02630   0.02402   0.16492   0.40239   0.47454   0.57768   0.79656   0.57311   0.39282   0.56399   1.67063   0.32536   0.10725   0.00000   0.11793   0.21810   0.09758   0.05117   0.08540   0.17477   0.03275   1.65281   0.66567   0.91736   0.85102   0.73252  
  2 7816.3956  15952.812282  x:  1.00461   0.08233   0.38570   0.60701   0.53456   0.57710   0.63196   1.01292   0.79653   0.63030   0.14940   0.10245   0.00000   0.12943   0.38937   0.11988   0.09751   0.12126   0.07386   0.04153   0.14686   0.39714   0.49467   0.58902   0.80432   0.57618   0.37852   0.55788   1.66378   0.28574   0.05766   0.03800   0.11873   0.21289   0.09616   0.05098   0.08733   0.12389   0.02795   1.64249   0.66290   0.92805   0.85014   0.72527  
  3 812.0380  15846.952945  x:  1.13530   0.05395   0.37992   0.61120   0.55024   0.62125   0.65388   0.98355   0.84407   0.65625   0.12517   0.07329   0.00026   0.13186   0.37208   0.10519   0.09361   0.10050   0.05411   0.02190   0.12348   0.38830   0.51270   0.59770   0.80967   0.57792   0.36224   0.55017   1.64987   0.24880   0.01155   0.00000   0.11516   0.20674   0.09526   0.05194   0.08388   0.08021   0.03538   1.63248   0.66255   0.93634   0.85012   0.71823  
  4 1864.6130  15815.492163  x:  1.18670   0.03896   0.37523   0.61229   0.55629   0.63988   0.66223   0.96923   0.86351   0.66616   0.12156   0.06831   0.02061   0.13489   0.36554   0.10349   0.09514   0.09878   0.03651   0.02224   0.11068   0.38289   0.51967   0.60064   0.81197   0.57872   0.35487   0.54690   1.64289   0.23794   0.00000   0.01378   0.11567   0.20534   0.09541   0.05185   0.08367   0.07187   0.03491   1.62834   0.66339   0.93844   0.85088   0.71585  
  5 1930.8991  15766.739823  x:  1.27436   0.00000   0.35865   0.61240   0.56624   0.67617   0.67540   0.93555   0.89920   0.68207   0.13380   0.08139   0.02522   0.13757   0.35431   0.11369   0.10463   0.11208   0.01990   0.05461   0.07619   0.36696   0.53120   0.60408   0.81717   0.58090   0.33933   0.54099   1.62673   0.23601   0.00000   0.00357   0.11810   0.20453   0.09678   0.05063   0.08526   0.09334   0.02364   1.62048   0.66779   0.93838   0.85458   0.71341  
  6 1168.0982  15728.710333  x:  1.34772   0.00000   0.33843   0.61190   0.57472   0.71036   0.68611   0.90193   0.93117   0.69480   0.14887   0.09670   0.03493   0.14054   0.34614   0.12480   0.11274   0.12759   0.03574   0.04653   0.03803   0.34895   0.54103   0.60631   0.82383   0.58406   0.32476   0.53658   1.61223   0.24229   0.00000   0.00000   0.12034   0.20531   0.09801   0.05033   0.08638   0.11559   0.03635   1.61342   0.67273   0.93676   0.85870   0.71225  
  7 1678.8489  15698.547591  x:  1.40278   0.00000   0.31641   0.61124   0.58134   0.74009   0.69366   0.87150   0.95740   0.70359   0.16028   0.10756   0.02049   0.14010   0.34145   0.13231   0.11576   0.13720   0.02713   0.02093   0.00000   0.33085   0.54874   0.60750   0.83203   0.58816   0.31267   0.53435   1.60143   0.25397   0.00000   0.00599   0.12107   0.20711   0.09839   0.05088   0.08582   0.13199   0.03421   1.60767   0.67679   0.93503   0.86211   0.71218  
  8 1944.7684  15655.565342  x:  1.46993   0.00000   0.24862   0.61060   0.59160   0.80175   0.70015   0.80617   1.00271   0.70888   0.15900   0.09586   0.02745   0.13850   0.34903   0.12177   0.09593   0.12958   0.03051   0.01426   0.00000   0.28321   0.56124   0.60711   0.86521   0.60514   0.29310   0.54029   1.59405   0.29280   0.00000   0.00000   0.11485   0.21386   0.09488   0.05362   0.07926   0.11151   0.01662   1.59826   0.68013   0.93373   0.86564   0.71507  
  9 549.7325  15655.565342  x:  1.46993   0.00000   0.24862   0.61060   0.59160   0.80175   0.70015   0.80617   1.00271   0.70888   0.15900   0.09586   0.02745   0.13850   0.34903   0.12177   0.09593   0.12958   0.03051   0.01426   0.00000   0.28321   0.56124   0.60711   0.86521   0.60514   0.29310   0.54029   1.59405   0.29280   0.00000   0.00000   0.11485   0.21386   0.09488   0.05362   0.07926   0.11151   0.01662   1.59826   0.68013   0.93373   0.86564   0.71507  
 10 4299.8503  15638.484546  x:  1.51019   0.00000   0.24140   0.61121   0.59583   0.81812   0.70440   0.79090   1.01787   0.71421   0.14653   0.08122   0.00000   0.13537   0.34380   0.11508   0.09583   0.11720   0.05016   0.05980   0.00000   0.27654   0.56655   0.60846   0.86915   0.60610   0.28723   0.53857   1.58773   0.27876   0.00000   0.04593   0.11747   0.21164   0.09532   0.05159   0.08438   0.09413   0.05986   1.59515   0.67862   0.93811   0.86430   0.71228  
 11 679.9364  15569.440785  x:  1.70715   0.00000   0.20478   0.61407   0.61620   0.89883   0.72436   0.71439   1.09243   0.73932   0.09895   0.02426   0.01090   0.13260   0.32196   0.08796   0.09733   0.07096   0.05415   0.06236   0.00000   0.24263   0.59221   0.61477   0.88901   0.61105   0.25860   0.53035   1.55596   0.21333   0.00000   0.02136   0.11536   0.19771   0.09613   0.04861   0.08873   0.02351   0.06553   1.58040   0.67391   0.95720   0.85842   0.69923  
 12 533.8379  15518.590802  x:  1.87251   0.00000   0.17266   0.61633   0.63288   0.96731   0.73988   0.64799   1.15561   0.75961   0.08202   0.01285   0.00000   0.12995   0.30492   0.07494   0.09909   0.05087   0.05515   0.06231   0.00000   0.21293   0.61333   0.61966   0.90645   0.61547   0.23487   0.52403   1.52871   0.16546   0.00000   0.00509   0.11513   0.18828   0.09673   0.04830   0.09224   0.05667   0.06805   1.56833   0.67195   0.97035   0.85514   0.68994  
 13 1746.2819  15437.556526  x:  2.30615   0.00000   0.08604   0.62204   0.67546   1.14818   0.77772   0.46930   1.32214   0.81069   0.09266   0.07641   0.06313   0.12939   0.26667   0.06370   0.10424   0.05696   0.05902   0.06906   0.00000   0.13293   0.66762   0.63156   0.95392   0.62768   0.17381   0.50901   1.45621   0.06619   0.00000   0.01828   0.11911   0.16982   0.09804   0.04956   0.09977   0.09018   0.07713   1.53785   0.67115   0.99863   0.85010   0.66909  
 14 3635.4381  15325.490341  x:  2.73994   0.00000   0.00000   0.62790   0.71500   1.33121   0.80868   0.28085   1.48919   0.85518   0.10528   0.11290   0.03648   0.12603   0.24227   0.09666   0.10703   0.10043   0.05036   0.05777   0.00000   0.05341   0.71901   0.64151   1.00561   0.64179   0.11827   0.49896   1.38169   0.14648   0.00000   0.02135   0.12338   0.16479   0.09766   0.05273   0.09971   0.08184   0.06466   1.51065   0.67987   1.01225   0.85251   0.65692  
 15 2136.8164  15298.461253  x:  2.84751   0.00000   0.02757   0.63462   0.72082   1.38008   0.80202   0.21645   1.53073   0.85279   0.12717   0.13307   0.00000   0.13158   0.27003   0.09877   0.09809   0.10244   0.04656   0.04340   0.00000   0.06731   0.72740   0.64340   1.02724   0.64993   0.12197   0.50902   1.36088   0.13456   0.00000   0.03118   0.12111   0.18850   0.09575   0.04978   0.08662   0.06467   0.04506   1.51228   0.69370   0.99022   0.86614   0.66949  
 16 572.5085  15276.388402  x:  2.97342   0.00000   0.07655   0.64354   0.72087   1.43951   0.77984   0.12397   1.57934   0.83611   0.13653   0.11712   0.01889   0.14251   0.32299   0.09885   0.08775   0.09397   0.05302   0.04638   0.00000   0.10128   0.73080   0.64314   1.05895   0.66268   0.14072   0.53119   1.33416   0.15257   0.08406   0.03789   0.11613   0.22351   0.09397   0.04909   0.07463   0.07686   0.04436   1.52291   0.71131   0.95161   0.88690   0.68998  
 17 763.5120  15260.985231  x:  3.07427   0.00000   0.10233   0.64349   0.69559   1.49260   0.71872   0.00000   1.62039   0.78203   0.14859   0.09023   0.02832   0.13791   0.37695   0.12040   0.10965   0.12981   0.04169   0.05390   0.00000   0.13411   0.70920   0.62982   1.09636   0.67616   0.18253   0.56925   1.30115   0.14558   0.05299   0.01862   0.11223   0.23433   0.09851   0.06376   0.10178   0.08072   0.07068   1.55634   0.70119   0.93147   0.88571   0.69720  
 18 270.4628  15254.099709  x:  3.13591   0.00000   0.10215   0.63744   0.66391   1.53071   0.65505   0.00000   1.64981   0.72398   0.16259   0.07890   0.03388   0.13097   0.40020   0.11171   0.10104   0.13188   0.06264   0.05391   0.00000   0.14810   0.67950   0.61248   1.12441   0.68241   0.21628   0.59968   1.27263   0.15149   0.03502   0.02292   0.12012   0.22349   0.09496   0.03850   0.09256   0.08523   0.05915   1.59194   0.68329   0.93477   0.86658   0.69025  
 19 220.9269  15249.888958  x:  3.16639   0.00000   0.09286   0.63091   0.63737   1.55503   0.60330   0.00000   1.66856   0.67584   0.17104   0.07947   0.03307   0.12878   0.40329   0.10027   0.09230   0.11889   0.05600   0.05342   0.00000   0.15094   0.65360   0.59781   1.14233   0.68301   0.23770   0.61897   1.25198   0.15575   0.03574   0.03258   0.12329   0.21041   0.09640   0.06295   0.08283   0.08538   0.05125   1.62037   0.67327   0.93999   0.84936   0.68248  
 20 301.9354  15247.601432  x:  3.17027   0.00000   0.08155   0.62659   0.62198   1.56715   0.57160   0.00000   1.67807   0.64528   0.17060   0.08775   0.02915   0.13312   0.39100   0.10320   0.09739   0.10713   0.03991   0.05160   0.00000   0.14562   0.63768   0.58920   1.15002   0.67862   0.24451   0.62539   1.24028   0.15448   0.04687   0.03335   0.11794   0.20443   0.09574   0.05236   0.08706   0.08270   0.05653   1.63689   0.67610   0.93804   0.84461   0.68129  
 21 151.5261  15246.259146  x:  3.16869   0.00000   0.07295   0.62428   0.61239   1.57896   0.54748   0.00000   1.68760   0.62119   0.16475   0.09501   0.02533   0.13802   0.37437   0.10899   0.10142   0.10626   0.05404   0.05055   0.00000   0.13871   0.62720   0.58377   1.15547   0.67190   0.24514   0.62673   1.23010   0.15048   0.05446   0.02706   0.11304   0.20628   0.09680   0.05511   0.08999   0.07977   0.05685   1.64843   0.68246   0.93174   0.84858   0.68601  
 22 120.6032  15245.379224  x:  3.16652   0.00000   0.07237   0.62497   0.60944   1.59545   0.53029   0.00000   1.70105   0.60274   0.15395   0.09377   0.02612   0.13750   0.35957   0.10650   0.09469   0.11652   0.04945   0.05437   0.00000   0.13462   0.62332   0.58216   1.16122   0.66318   0.24108   0.62438   1.21921   0.14756   0.05386   0.02783   0.11872   0.21561   0.09621   0.05393   0.08479   0.08050   0.05406   1.65533   0.68406   0.92763   0.85823   0.69506  
 23 67.9084  15244.574222  x:  3.15610   0.00000   0.08469   0.62973   0.61440   1.62643   0.51783   0.00000   1.72636   0.58625   0.15295   0.09413   0.02820   0.13050   0.35203   0.10406   0.09950   0.11240   0.05081   0.04614   0.00000   0.13691   0.62748   0.58557   1.17047   0.64854   0.23144   0.61707   1.20264   0.15147   0.05127   0.03286   0.11855   0.22242   0.09599   0.05436   0.09015   0.08172   0.05593   1.65884   0.67997   0.93809   0.86050   0.69965  
 24 38.2952  15243.623802  x:  3.13868   0.00000   0.09559   0.63496   0.62125   1.66974   0.50838   0.01204   1.76225   0.57150   0.15862   0.09468   0.02947   0.13396   0.35336   0.10760   0.09967   0.10896   0.04979   0.05835   0.00000   0.13931   0.63462   0.59060   1.18304   0.63169   0.22198   0.60886   1.18171   0.15386   0.04765   0.02544   0.11330   0.21917   0.09661   0.05402   0.08456   0.08157   0.05437   1.66185   0.68500   0.94622   0.85759   0.69567  
 25 71.3459  15242.576705  x:  3.11067   0.00000   0.09068   0.63693   0.62557   1.71749   0.50515   0.03645   1.80269   0.56389   0.16169   0.08930   0.02784   0.14050   0.36429   0.10652   0.09272   0.11456   0.05081   0.05082   0.00000   0.13560   0.64130   0.59457   1.19620   0.61967   0.21997   0.60399   1.16290   0.15106   0.05136   0.02749   0.12121   0.20670   0.09655   0.05414   0.09045   0.08105   0.05794   1.66305   0.69195   0.94264   0.85866   0.68508  
 26 69.8108  15241.768626  x:  3.08790   0.00000   0.07517   0.63566   0.62648   1.75494   0.50557   0.05627   1.83491   0.56389   0.16158   0.08702   0.02672   0.13315   0.37559   0.10682   0.10337   0.11478   0.05027   0.05065   0.00000   0.12881   0.64545   0.59573   1.20650   0.61941   0.22749   0.60528   1.15390   0.14778   0.05587   0.03147   0.11775   0.20708   0.09593   0.05422   0.08463   0.08059   0.05309   1.65991   0.68409   0.93779   0.86424   0.68555  
 27 63.0150  15241.213325  x:  3.07802   0.00000   0.06481   0.63420   0.62699   1.78201   0.50489   0.06286   1.85810   0.56633   0.16148   0.09132   0.02646   0.13169   0.38001   0.10383   0.09452   0.11033   0.05036   0.05167   0.00000   0.12557   0.64839   0.59512   1.21423   0.62719   0.23806   0.60952   1.15295   0.14898   0.05496   0.02756   0.11330   0.21811   0.09641   0.05389   0.08899   0.07980   0.05570   1.65381   0.68112   0.93722   0.86005   0.69252  
 28 46.5230  15240.601398  x:  3.07324   0.00000   0.06269   0.63336   0.62854   1.81107   0.50134   0.05677   1.88247   0.57003   0.15583   0.09311   0.02690   0.13873   0.37553   0.10868   0.09925   0.10782   0.05042   0.04985   0.00000   0.12692   0.65164   0.59309   1.22199   0.64214   0.25048   0.61500   1.15918   0.14905   0.05391   0.02918   0.12255   0.22501   0.09621   0.05429   0.08524   0.08027   0.05522   1.64418   0.68580   0.93803   0.84942   0.69416  
 29 36.8810  15239.428859  x:  3.06857   0.00000   0.06926   0.63298   0.63074   1.85832   0.49260   0.03008   1.92135   0.57750   0.15034   0.09667   0.02427   0.13696   0.35800   0.10324   0.09918   0.11749   0.05015   0.05182   0.00000   0.13252   0.65486   0.58777   1.23216   0.66978   0.26528   0.62131   1.17915   0.14975   0.06034   0.02860   0.11515   0.21377   0.09600   0.05375   0.08874   0.07908   0.05111   1.62798   0.68333   0.93567   0.85074   0.68071  
 30 47.3195  15238.690524  x:  3.07915   0.00000   0.07150   0.63271   0.62778   1.88234   0.48864   0.01311   1.94094   0.58155   0.15749   0.09535   0.02572   0.13358   0.35634   0.11016   0.09370   0.11114   0.05045   0.04774   0.00000   0.13210   0.65145   0.58362   1.23547   0.67877   0.26369   0.62100   1.19137   0.15086   0.05708   0.02623   0.11665   0.20879   0.09643   0.05402   0.08055   0.07906   0.05899   1.62581   0.68191   0.92956   0.86237   0.67855  
 31 40.8149  15237.543609  x:  3.09381   0.00000   0.07120   0.63201   0.62194   1.89929   0.48762   0.00000   1.95460   0.58577   0.16504   0.09136   0.02647   0.13447   0.36063   0.11119   0.09386   0.10743   0.04998   0.05095   0.00000   0.12956   0.64462   0.57961   1.23583   0.68126   0.25581   0.61805   1.20326   0.15154   0.05594   0.02761   0.11975   0.20941   0.09620   0.05419   0.08610   0.07942   0.05310   1.62933   0.68481   0.92761   0.86768   0.68078  
 32 54.3003  15237.543609  x:  3.09381   0.00000   0.07120   0.63201   0.62194   1.89929   0.48762   0.00000   1.95460   0.58577   0.16504   0.09136   0.02647   0.13447   0.36063   0.11119   0.09386   0.10743   0.04998   0.05095   0.00000   0.12956   0.64462   0.57961   1.23583   0.68126   0.25581   0.61805   1.20326   0.15154   0.05594   0.02761   0.11975   0.20941   0.09620   0.05419   0.08610   0.07942   0.05310   1.62933   0.68481   0.92761   0.86768   0.68078  
 33 105.6418  15223.756266  x:  3.10273   0.00000   0.06408   0.63168   0.62371   1.90107   0.49198   0.00142   1.95680   0.58926   0.15425   0.07602   0.00283   0.13316   0.35472   0.10854   0.09507   0.10177   0.04107   0.03098   0.00000   0.12336   0.64651   0.58054   1.23475   0.67904   0.25021   0.61482   1.20179   0.15438   0.04719   0.00000   0.11756   0.20705   0.09584   0.05213   0.08449   0.07484   0.03471   1.62814   0.68414   0.93383   0.86356   0.67901  
 34 385.8921  15221.639003  x:  3.10764   0.00000   0.06041   0.63152   0.62469   1.90205   0.49431   0.00212   1.95801   0.59112   0.14929   0.06896   0.00000   0.13328   0.35180   0.10730   0.09569   0.09973   0.03880   0.02479   0.00000   0.12015   0.64756   0.58106   1.23419   0.67786   0.24720   0.61310   1.20102   0.15610   0.04327   0.00569   0.11742   0.20623   0.09577   0.05138   0.08439   0.07314   0.02895   1.62751   0.68385   0.93681   0.86168   0.67816  
 35 347.2646  15218.626336  x:  3.12084   0.00000   0.05103   0.63118   0.62733   1.90470   0.50043   0.00384   1.96122   0.59600   0.13788   0.05280   0.01248   0.13488   0.34463   0.10438   0.09720   0.09591   0.03681   0.01845   0.00000   0.11193   0.65036   0.58247   1.23273   0.67479   0.23923   0.60859   1.19900   0.16086   0.03387   0.00579   0.11697   0.20404   0.09569   0.05015   0.08434   0.06996   0.02235   1.62583   0.68323   0.94403   0.85729   0.67606  
 36 482.3633  15214.525501  x:  3.14455   0.00000   0.03570   0.63074   0.63208   1.90949   0.51101   0.00647   1.96697   0.60454   0.12234   0.03189   0.01132   0.13604   0.33214   0.10048   0.09926   0.09096   0.03930   0.02920   0.00000   0.09839   0.65539   0.58506   1.23026   0.66952   0.22531   0.60077   1.19549   0.16976   0.02064   0.00617   0.11671   0.20069   0.09573   0.04943   0.08480   0.06730   0.03003   1.62285   0.68253   0.95510   0.85103   0.67285  
 37 426.0046  15207.916034  x:  3.22335   0.00000   0.00000   0.63108   0.64809   1.92559   0.54280   0.01154   1.98572   0.63083   0.12009   0.05747   0.01096   0.13833   0.29858   0.09742   0.10192   0.09124   0.04857   0.02173   0.00000   0.06525   0.67213   0.59421   1.22331   0.65433   0.18287   0.57752   1.18524   0.20095   0.01081   0.00602   0.11848   0.19414   0.09652   0.05436   0.08682   0.07429   0.03779   1.61351   0.68356   0.97707   0.84308   0.66645  
 38 218.1765  15204.897795  x:  3.27233   0.00000   0.00045   0.63352   0.65853   1.93577   0.55887   0.01082   1.99702   0.64416   0.12223   0.06296   0.01155   0.13800   0.28662   0.09999   0.10117   0.09487   0.04068   0.03542   0.00000   0.05942   0.68258   0.60061   1.22031   0.64744   0.16122   0.56613   1.18012   0.21188   0.01404   0.00622   0.11908   0.19353   0.09623   0.05205   0.08628   0.07372   0.02388   1.60820   0.68606   0.98095   0.84604   0.66567  
 39 258.4782  15199.067067  x:  3.38993   0.00000   0.02439   0.64137   0.68282   1.96015   0.59165   0.00303   2.02352   0.67142   0.12678   0.05706   0.01263   0.13550   0.27212   0.10783   0.09747   0.10155   0.02585   0.02917   0.00000   0.06309   0.70670   0.61619   1.21490   0.63528   0.11806   0.54413   1.16954   0.22171   0.01971   0.00636   0.11926   0.19625   0.09531   0.04609   0.08442   0.06907   0.03631   1.59669   0.69355   0.97926   0.86104   0.66697  
 40 372.2676  15196.963874  x:  3.41877   0.00000   0.02966   0.64309   0.68808   1.96599   0.59860   0.00000   2.02987   0.67723   0.12804   0.05481   0.01230   0.13490   0.27100   0.10894   0.09680   0.10217   0.03232   0.02804   0.00000   0.06471   0.71205   0.61966   1.21382   0.63325   0.10968   0.53998   1.16727   0.22146   0.01962   0.00620   0.11914   0.19721   0.09529   0.04664   0.08412   0.06869   0.03526   1.59422   0.69523   0.97808   0.86482   0.66730  
 41 647.8868  15191.918963  x:  3.55988   0.00000   0.02759   0.64630   0.70303   1.99244   0.62027   0.00000   2.05907   0.69582   0.13791   0.05413   0.01227   0.13516   0.29055   0.10075   0.09921   0.09147   0.02688   0.03019   0.00000   0.06745   0.72925   0.63033   1.21095   0.63541   0.09838   0.53554   1.15998   0.19602   0.00306   0.00644   0.11810   0.20186   0.09767   0.06731   0.08757   0.08206   0.03314   1.58705   0.69905   0.97158   0.87578   0.66556  
 42 279.7639  15182.596224  x:  3.80014   0.00000   0.00000   0.64666   0.71750   2.03508   0.64404   0.00000   2.10659   0.71678   0.14318   0.04799   0.01169   0.13809   0.33117   0.08772   0.10489   0.08056   0.02715   0.02949   0.00000   0.06323   0.74846   0.64115   1.20823   0.64974   0.10712   0.54275   1.15252   0.16479   0.03417   0.00609   0.11778   0.20434   0.09643   0.05521   0.09061   0.08283   0.03442   1.58025   0.69959   0.96787   0.87949   0.65762  
 43 450.9981  15182.596224  x:  3.80014   0.00000   0.00000   0.64666   0.71750   2.03508   0.64404   0.00000   2.10659   0.71678   0.14318   0.04799   0.01169   0.13809   0.33117   0.08772   0.10489   0.08056   0.02715   0.02949   0.00000   0.06323   0.74846   0.64115   1.20823   0.64974   0.10712   0.54275   1.15252   0.16479   0.03417   0.00609   0.11778   0.20434   0.09643   0.05521   0.09061   0.08283   0.03442   1.58025   0.69959   0.96787   0.87949   0.65762  
 44 408.4309  15180.173472  x:  3.80409   0.00000   0.00395   0.64677   0.71642   2.03545   0.64166   0.00000   2.10689   0.71486   0.14167   0.04762   0.00489   0.13715   0.32922   0.09314   0.10335   0.08706   0.04491   0.02949   0.00000   0.06487   0.74717   0.64027   1.20870   0.65095   0.11021   0.54447   1.15282   0.16669   0.03244   0.00228   0.11776   0.20362   0.09617   0.05293   0.08856   0.07818   0.03182   1.58122   0.69910   0.96842   0.87768   0.65767  
 45 217.6816  15179.444436  x:  3.80836   0.00000   0.00745   0.64682   0.71522   2.03584   0.63912   0.00000   2.10722   0.71281   0.14038   0.04757   0.00674   0.13681   0.32741   0.09743   0.10190   0.09201   0.04906   0.02856   0.00000   0.06634   0.74577   0.63931   1.20916   0.65220   0.11337   0.54625   1.15315   0.16865   0.03100   0.00926   0.11811   0.20311   0.09601   0.05142   0.08710   0.07454   0.03104   1.58227   0.69859   0.96889   0.87591   0.65769  
 46 181.0189  15177.771681  x:  3.82434   0.00000   0.01813   0.64674   0.71063   2.03729   0.62981   0.00000   2.10847   0.70527   0.13630   0.04799   0.01332   0.13581   0.32105   0.10900   0.09727   0.10419   0.04424   0.02566   0.00000   0.07084   0.74053   0.63566   1.21079   0.65661   0.12457   0.55261   1.15431   0.17544   0.02611   0.00441   0.11809   0.20101   0.09568   0.04881   0.08265   0.06555   0.03209   1.58620   0.69681   0.97022   0.86994   0.65763  
 47 173.1973  15176.556815  x:  3.84083   0.00000   0.02516   0.64627   0.70577   2.03876   0.62054   0.00000   2.10980   0.69780   0.13334   0.04901   0.00465   0.13423   0.31519   0.11428   0.09437   0.10807   0.03772   0.02864   0.00000   0.07371   0.73518   0.63187   1.21225   0.66063   0.13474   0.55853   1.15545   0.18138   0.02313   0.00584   0.11829   0.19963   0.09574   0.04982   0.08147   0.06504   0.03296   1.59019   0.69512   0.97071   0.86526   0.65746  
 48 189.5845  15174.031835  x:  3.89771   0.00000   0.03675   0.64347   0.68899   2.04379   0.59025   0.00000   2.11461   0.67340   0.12866   0.05485   0.01063   0.13311   0.30015   0.11340   0.09220   0.10118   0.04139   0.03625   0.00000   0.07780   0.71724   0.61899   1.21641   0.67220   0.16418   0.57617   1.15908   0.19680   0.01905   0.00514   0.11856   0.19715   0.09651   0.05736   0.08601   0.08193   0.03052   1.60371   0.69006   0.96907   0.85484   0.65649  
 49 185.2159  15172.305732  x:  3.94026   0.00000   0.03783   0.64090   0.67728   2.04769   0.56995   0.00000   2.11849   0.65715   0.12766   0.05643   0.00861   0.13344   0.29399   0.10660   0.09531   0.09274   0.04296   0.02273   0.00000   0.07748   0.70508   0.61023   1.21875   0.67838   0.18027   0.58629   1.16137   0.20195   0.01773   0.00573   0.11855   0.19706   0.09618   0.05367   0.08826   0.08198   0.03275   1.61311   0.68735   0.96559   0.85186   0.65591  
 50 241.6972  15170.509633  x:  3.99926   0.00000   0.03158   0.63719   0.66307   2.05340   0.54608   0.00000   2.12432   0.63823   0.12918   0.05467   0.00940   0.13554   0.29319   0.09609   0.10210   0.08726   0.04316   0.03072   0.00000   0.07409   0.69077   0.59997   1.22093   0.68323   0.19374   0.59560   1.16385   0.20037   0.01741   0.00568   0.11827   0.19890   0.09538   0.04474   0.08740   0.06822   0.03230   1.62466   0.68523   0.95882   0.85344   0.65569  
 51 231.4119  15168.548486  x:  4.08397   0.00000   0.01884   0.63306   0.64835   2.06246   0.52148   0.00000   2.13361   0.61916   0.13441   0.04971   0.00857   0.13785   0.30287   0.09615   0.10527   0.09826   0.04256   0.02868   0.00000   0.07004   0.67653   0.59012   1.22258   0.68375   0.19802   0.60055   1.16602   0.18782   0.02060   0.00570   0.11800   0.20293   0.09670   0.06085   0.08279   0.06458   0.02866   1.63766   0.68492   0.95061   0.86004   0.65677  
 52 176.8837  15166.674555  x:  4.17973   0.00000   0.01326   0.63073   0.63810   2.07359   0.50298   0.00000   2.14483   0.60527   0.13967   0.04799   0.00840   0.13805   0.31632   0.10492   0.10126   0.10640   0.04339   0.03006   0.00000   0.07179   0.66676   0.58391   1.22375   0.68016   0.19290   0.60026   1.16727   0.17349   0.02651   0.00566   0.11806   0.20534   0.09580   0.05293   0.08233   0.07581   0.04117   1.64879   0.68604   0.94757   0.86458   0.65839  
 53 237.7549  15164.395324  x:  4.29231   0.00000   0.01700   0.63020   0.63190   2.08735   0.48978   0.00000   2.15854   0.59587   0.14251   0.04948   0.00754   0.13651   0.32942   0.11207   0.09417   0.10481   0.04021   0.02832   0.00000   0.07901   0.66079   0.58074   1.22484   0.67353   0.18080   0.59608   1.16778   0.16206   0.03288   0.00503   0.11828   0.20563   0.09511   0.04306   0.08550   0.08141   0.02637   1.65873   0.68795   0.95042   0.86532   0.65974  
 54 333.5880  15159.506723  x:  4.57250   0.00000   0.03924   0.63232   0.62733   2.12264   0.47434   0.00000   2.19346   0.58649   0.13884   0.05451   0.00848   0.13211   0.34946   0.11414   0.08471   0.08484   0.04312   0.03000   0.00000   0.10000   0.65603   0.57980   1.22728   0.65485   0.14423   0.58084   1.16751   0.15199   0.04114   0.00526   0.11881   0.20172   0.09692   0.05623   0.09295   0.06598   0.03395   1.67740   0.69245   0.96768   0.85909   0.66049  
 55 439.7686  15152.736313  x:  4.98105   0.00000   0.04797   0.63598   0.63472   2.17404   0.48288   0.00000   2.24492   0.59773   0.11866   0.05043   0.00797   0.13580   0.34315   0.09193   0.11629   0.10162   0.04211   0.02949   0.00000   0.10371   0.66316   0.58574   1.23086   0.63353   0.10026   0.56041   1.16641   0.17650   0.02741   0.00574   0.11822   0.19413   0.09600   0.05337   0.07647   0.07698   0.03342   1.69448   0.69562   0.98771   0.85577   0.65387  
 56 401.1980  15145.435521  x:  5.44016   0.00000   0.02114   0.63895   0.65598   2.23001   0.52254   0.00000   2.30175   0.63430   0.13231   0.07252   0.00763   0.14082   0.30644   0.10468   0.10375   0.10640   0.04189   0.02939   0.00000   0.07267   0.68492   0.59855   1.23647   0.62756   0.08719   0.55094   1.16771   0.21280   0.00664   0.00546   0.11774   0.19732   0.09592   0.05235   0.09773   0.07076   0.03326   1.70098   0.69883   0.98256   0.87507   0.64261  
 57 429.0116  15142.102168  x:  5.65208   0.00000   0.01321   0.64184   0.67260   2.25435   0.55023   0.00000   2.32637   0.65818   0.12913   0.05114   0.00911   0.13695   0.29175   0.11049   0.08933   0.09619   0.04261   0.02938   0.00000   0.05933   0.70206   0.60853   1.24077   0.63542   0.10336   0.55499   1.17123   0.21940   0.02425   0.00543   0.11882   0.20116   0.09620   0.05182   0.08423   0.07072   0.03275   1.69620   0.70081   0.97490   0.88146   0.63894  
 58 395.4792  15139.635557  x:  5.80595   0.00000   0.01887   0.64574   0.69037   2.26963   0.57652   0.00000   2.34157   0.67990   0.13631   0.04225   0.00971   0.13234   0.29226   0.10903   0.09354   0.09088   0.04298   0.02936   0.00000   0.05812   0.72079   0.61957   1.24535   0.65030   0.13353   0.56479   1.17508   0.19415   0.01063   0.00575   0.11852   0.20460   0.09618   0.05234   0.08015   0.07318   0.03266   1.68473   0.70019   0.96917   0.87853   0.63740  
 59 259.0391  15138.610137  x:  5.87599   0.00000   0.02234   0.64756   0.69962   2.27461   0.58972   0.00000   2.34642   0.69038   0.14142   0.04968   0.00898   0.13346   0.29766   0.10361   0.10145   0.09809   0.04249   0.02934   0.00000   0.05941   0.73096   0.62531   1.24754   0.65977   0.15192   0.57090   1.17739   0.18531   0.02369   0.00547   0.11833   0.20406   0.09603   0.05248   0.08529   0.07213   0.03315   1.67596   0.69746   0.96845   0.87282   0.63504  
 60 202.5933  15138.397403  x:  5.89140   0.00000   0.01745   0.64690   0.70112   2.27161   0.59191   0.00000   2.34327   0.69121   0.13486   0.05017   0.00861   0.13841   0.30516   0.10230   0.09792   0.09898   0.04260   0.02925   0.00000   0.05823   0.73363   0.62599   1.24724   0.66278   0.15618   0.57151   1.17702   0.18484   0.02247   0.00552   0.11822   0.20070   0.09619   0.05226   0.08779   0.07182   0.03312   1.66961   0.69409   0.97010   0.86760   0.63091  
 61 32.2373  15138.290819  x:  5.90066   0.00000   0.01532   0.64631   0.70169   2.26581   0.59223   0.00000   2.33717   0.69006   0.13345   0.05407   0.00859   0.13732   0.31037   0.10502   0.09954   0.09661   0.04269   0.02930   0.00000   0.05830   0.73541   0.62593   1.24631   0.66467   0.15735   0.57061   1.17595   0.18745   0.02172   0.00564   0.11836   0.19961   0.09606   0.05238   0.08402   0.07178   0.03300   1.66223   0.69335   0.96763   0.86620   0.62914  
 62 21.3936  15138.090293  x:  5.92050   0.00000   0.01669   0.64547   0.70258   2.24790   0.59159   0.00000   2.31828   0.68549   0.13239   0.05136   0.00881   0.13285   0.31535   0.10418   0.09995   0.09771   0.04258   0.02925   0.00000   0.06021   0.73886   0.62526   1.24329   0.66808   0.15689   0.56691   1.17258   0.19303   0.02027   0.00551   0.11825   0.20123   0.09599   0.05234   0.08789   0.07169   0.03304   1.64311   0.69301   0.95962   0.86697   0.62956  
 63 28.4937  15137.866881  x:  5.94419   0.00000   0.01892   0.64457   0.70291   2.22282   0.59100   0.00000   2.29184   0.67991   0.13770   0.05150   0.00851   0.13747   0.31122   0.10088   0.09617   0.09845   0.04269   0.02915   0.00000   0.06020   0.74134   0.62394   1.23889   0.67096   0.15443   0.56235   1.16833   0.19257   0.02023   0.00559   0.11824   0.20281   0.09626   0.05222   0.08435   0.07205   0.03317   1.62194   0.69043   0.95868   0.86549   0.63158  
 64 42.9727  15137.714096  x:  5.96130   0.00000   0.01823   0.64387   0.70254   2.20270   0.59164   0.00000   2.27072   0.67701   0.13755   0.04947   0.00861   0.13873   0.30495   0.10514   0.10030   0.09716   0.04256   0.02928   0.00000   0.05809   0.74169   0.62293   1.23535   0.67230   0.15261   0.56017   1.16543   0.18868   0.02199   0.00553   0.11824   0.20197   0.09593   0.05240   0.08637   0.07183   0.03300   1.61076   0.69057   0.96189   0.86352   0.63159  
 65 49.6034  15137.581545  x:  5.97674   0.00000   0.01742   0.64381   0.70180   2.18212   0.59469   0.00000   2.24923   0.67737   0.13384   0.05248   0.00901   0.13319   0.30105   0.10304   0.09856   0.09848   0.04260   0.02921   0.00000   0.05701   0.74024   0.62287   1.23205   0.67258   0.15218   0.56094   1.16324   0.18415   0.02281   0.00559   0.11826   0.19962   0.09616   0.05229   0.08586   0.07176   0.03308   1.60928   0.69457   0.96461   0.86553   0.63006  
 66 29.7221  15137.337711  x:  6.00742   0.00000   0.02044   0.64529   0.70077   2.13865   0.60481   0.00000   2.20392   0.68333   0.13077   0.05329   0.00860   0.13837   0.30410   0.10388   0.09932   0.09760   0.04255   0.02924   0.00000   0.06067   0.73582   0.62489   1.22603   0.67192   0.15398   0.56698   1.15986   0.18487   0.02273   0.00557   0.11802   0.20011   0.09587   0.05248   0.08589   0.07196   0.03309   1.61998   0.69666   0.96844   0.87679   0.63212  
 67 34.0768  15137.217935  x:  6.02292   0.00000   0.01912   0.64555   0.70044   2.11664   0.61018   0.00000   2.18115   0.68747   0.13621   0.05046   0.00861   0.13636   0.30828   0.10352   0.09906   0.09774   0.04257   0.02921   0.00000   0.06017   0.73349   0.62568   1.22328   0.67077   0.15432   0.57008   1.15877   0.18846   0.02196   0.00553   0.11845   0.20172   0.09634   0.05229   0.08586   0.07187   0.03307   1.62868   0.69801   0.97151   0.87171   0.63457  
 68 36.9441  15137.175840  x:  6.02889   0.00000   0.02001   0.64524   0.70140   2.10932   0.61113   0.00000   2.17388   0.68982   0.13624   0.05042   0.00864   0.13580   0.30745   0.10357   0.09894   0.09772   0.04256   0.02921   0.00000   0.05951   0.73389   0.62554   1.22321   0.66934   0.15236   0.56984   1.15979   0.18731   0.02232   0.00557   0.11762   0.20046   0.09473   0.05246   0.08582   0.07187   0.03306   1.63421   0.69242   0.96512   0.86737   0.63441  
 69  8.4236  15137.165186  x:  6.03058   0.00000   0.02017   0.64503   0.70177   2.10769   0.61104   0.00000   2.17236   0.69044   0.13573   0.05067   0.00861   0.13632   0.30705   0.10368   0.09903   0.09771   0.04255   0.02921   0.00000   0.05953   0.73427   0.62549   1.22348   0.66901   0.15187   0.56962   1.16041   0.18691   0.02241   0.00553   0.11833   0.20067   0.09674   0.05228   0.08584   0.07188   0.03307   1.63557   0.69215   0.96304   0.86595   0.63461  
 70  8.6966  15137.149834  x:  6.03351   0.00000   0.01964   0.64435   0.70251   2.10642   0.60969   0.00000   2.17165   0.69115   0.13460   0.05131   0.00857   0.13717   0.30659   0.10367   0.09894   0.09772   0.04254   0.02921   0.00000   0.06012   0.73560   0.62536   1.22496   0.66897   0.15178   0.56895   1.16246   0.18669   0.02238   0.00548   0.11898   0.20235   0.09526   0.05239   0.08586   0.07186   0.03306   1.63658   0.69366   0.96208   0.86471   0.63563  
 71  2.9997  15137.065816  x:  6.05041   0.00000   0.01714   0.64083   0.70616   2.10150   0.60096   0.00000   2.17027   0.69439   0.13326   0.05205   0.00867   0.13559   0.30576   0.10379   0.09894   0.09768   0.04253   0.02917   0.00000   0.06207   0.74262   0.62445   1.23431   0.66942   0.15226   0.56511   1.17471   0.18707   0.02203   0.00551   0.11616   0.20523   0.09666   0.05217   0.08580   0.07175   0.03301   1.63983   0.69154   0.96508   0.86594   0.63792  
 72  8.0587  15136.943402  x:  6.07543   0.00000   0.01839   0.63796   0.70974   2.09570   0.59000   0.00000   2.16960   0.69833   0.13622   0.05044   0.00857   0.13586   0.30636   0.10358   0.09899   0.09764   0.04244   0.02913   0.00000   0.06074   0.74939   0.62293   1.24702   0.66966   0.15286   0.56018   1.19077   0.18819   0.02139   0.00538   0.12083   0.19992   0.09587   0.05228   0.08599   0.07183   0.03296   1.64315   0.69321   0.96700   0.86893   0.63452  
 73 24.0950  15136.852170  x:  6.09418   0.00000   0.02148   0.63915   0.70886   2.09339   0.58645   0.00000   2.17070   0.70024   0.13700   0.05003   0.00837   0.13754   0.30760   0.10365   0.09892   0.09743   0.04239   0.02911   0.00000   0.05689   0.74864   0.62233   1.25386   0.66887   0.15303   0.55829   1.19853   0.18858   0.02131   0.00560   0.11518   0.19842   0.09629   0.05225   0.08593   0.07201   0.03294   1.64336   0.69722   0.96628   0.86875   0.63227  
 74 17.2022  15136.406389  x:  6.18747   0.00000   0.02903   0.65185   0.69398   2.08828   0.58351   0.00000   2.18086   0.70579   0.13284   0.05232   0.00823   0.13563   0.31157   0.10358   0.09884   0.09701   0.04207   0.02891   0.00000   0.04430   0.73047   0.62288   1.27819   0.66226   0.15376   0.55527   1.22218   0.18800   0.02085   0.00514   0.11947   0.20602   0.09606   0.05203   0.08597   0.07227   0.03277   1.63778   0.69268   0.96783   0.86836   0.63332  
 75 27.2503  15135.653256  x:  6.34859   0.00000   0.01817   0.66597   0.66876   2.08469   0.58573   0.00000   2.20031   0.70705   0.13568   0.05031   0.00794   0.13593   0.30621   0.10342   0.09869   0.09649   0.04178   0.02857   0.00000   0.06614   0.70367   0.62769   1.30771   0.65121   0.15645   0.55562   1.24540   0.18810   0.02045   0.00512   0.11824   0.19890   0.09608   0.05185   0.08592   0.07187   0.03237   1.63100   0.69245   0.96262   0.86458   0.63193  
 76 63.8976  15132.965586  x:  6.91750   0.00000   0.02683   0.62676   0.67910   2.10557   0.59049   0.00000   2.26559   0.63770   0.13627   0.04936   0.00646   0.13511   0.30561   0.10300   0.09860   0.09520   0.04022   0.02751   0.00000   0.07537   0.69034   0.59178   1.30924   0.63804   0.16795   0.57511   1.20419   0.18547   0.02262   0.00413   0.11887   0.21584   0.09617   0.05092   0.08489   0.07246   0.03129   1.66438   0.69028   0.96447   0.86330   0.60568  
 77 42.2711  15131.738660  x:  7.18051   0.00000   0.02973   0.61413   0.68335   2.11946   0.58614   0.00000   2.29397   0.60826   0.13233   0.05155   0.00577   0.13500   0.30827   0.10257   0.09831   0.09420   0.03959   0.02695   0.00000   0.06828   0.68962   0.58066   1.30186   0.63836   0.17438   0.58386   1.18108   0.18482   0.02308   0.00412   0.11840   0.19783   0.09605   0.05060   0.08515   0.07244   0.03073   1.68047   0.69186   0.96387   0.86372   0.63431  
 78 241.4221  15130.715490  x:  7.39874   0.00000   0.02948   0.64452   0.66727   2.14763   0.54008   0.00000   2.30194   0.60892   0.13175   0.05170   0.00529   0.13483   0.30672   0.10229   0.09833   0.09353   0.03905   0.02653   0.00000   0.06293   0.70858   0.61212   1.25824   0.66642   0.17507   0.58377   1.15183   0.18454   0.02376   0.00385   0.11847   0.19939   0.09606   0.05028   0.08489   0.07252   0.03029   1.70212   0.69143   0.96463   0.86248   0.63168  
 79 46.7140  15130.439159  x:  7.45935   0.00000   0.03110   0.63679   0.66197   2.17084   0.52308   0.00000   2.29234   0.63867   0.13175   0.05137   0.00522   0.13473   0.30709   0.10230   0.09825   0.09327   0.03892   0.02644   0.00000   0.06720   0.69908   0.59396   1.22936   0.67932   0.17093   0.58775   1.15306   0.18427   0.02381   0.00378   0.11848   0.19923   0.09605   0.05021   0.08480   0.07255   0.03019   1.69929   0.69157   0.96476   0.86240   0.63186  
 80 15.1418  15130.376391  x:  7.47605   0.00000   0.03075   0.63394   0.66885   2.19001   0.52192   0.00000   2.27567   0.63428   0.13172   0.05145   0.00522   0.13472   0.30706   0.10232   0.09821   0.09325   0.03891   0.02643   0.00000   0.06670   0.69413   0.60147   1.22151   0.67367   0.16971   0.59466   1.16519   0.18466   0.02340   0.00377   0.11847   0.19919   0.09605   0.05020   0.08484   0.07255   0.03018   1.69702   0.69149   0.96442   0.86236   0.63157  
 81  3.9553  15130.323623  x:  7.49319   0.00000   0.03046   0.63779   0.66263   2.21231   0.52950   0.00000   2.25441   0.62760   0.13178   0.05148   0.00523   0.13473   0.30733   0.10232   0.09822   0.09327   0.03894   0.02646   0.00000   0.06691   0.70003   0.59564   1.22346   0.67305   0.17186   0.58887   1.17121   0.18459   0.02332   0.00379   0.11848   0.19923   0.09605   0.05019   0.08487   0.07254   0.03020   1.69961   0.69160   0.96467   0.86257   0.63145  
 82  3.7856  15130.278291  x:  7.51271   0.00000   0.03015   0.63438   0.66527   2.22555   0.52812   0.00000   2.24013   0.63056   0.13185   0.05146   0.00530   0.13476   0.30751   0.10233   0.09825   0.09335   0.03902   0.02651   0.00000   0.06672   0.69455   0.59938   1.23790   0.67547   0.17302   0.58296   1.16059   0.18411   0.02369   0.00383   0.11846   0.19929   0.09605   0.05020   0.08486   0.07252   0.03024   1.70052   0.69159   0.96456   0.86262   0.63143  
 83  2.2898  15130.178376  x:  7.56337   0.00000   0.02873   0.64176   0.66651   2.23101   0.52291   0.00000   2.23139   0.63693   0.13212   0.05132   0.00554   0.13480   0.30805   0.10246   0.09821   0.09350   0.03924   0.02668   0.00000   0.06625   0.70264   0.59420   1.25187   0.66648   0.16717   0.60037   1.14970   0.18333   0.02408   0.00395   0.11845   0.19937   0.09604   0.05023   0.08487   0.07246   0.03036   1.69659   0.69181   0.96453   0.86278   0.63110  
 84  2.5547  15129.137924  x:  8.12561   0.00000   0.03406   0.61354   0.64436   2.20098   0.54763   0.00000   2.23497   0.65080   0.13473   0.05035   0.00805   0.13524   0.31579   0.10401   0.09780   0.09538   0.04172   0.02869   0.00000   0.06188   0.72067   0.62044   1.24497   0.67824   0.14327   0.60476   1.16230   0.17817   0.02525   0.00526   0.11824   0.20025   0.09602   0.05081   0.08516   0.07209   0.03198   1.69378   0.69309   0.96445   0.86515   0.62975  
 85  8.2029  15128.473519  x:  8.48216   0.00000   0.02625   0.64492   0.68044   2.17793   0.55679   0.00000   2.24014   0.65367   0.13617   0.05006   0.00963   0.13564   0.32019   0.10486   0.09768   0.09668   0.04332   0.02995   0.00000   0.06644   0.70839   0.61062   1.22925   0.68148   0.14373   0.58147   1.17223   0.17539   0.02579   0.00611   0.11814   0.20068   0.09601   0.05115   0.08546   0.07171   0.03297   1.69640   0.69419   0.96509   0.86720   0.62899  
 86 64.6608  15128.433629  x:  8.50506   0.00000   0.02665   0.64362   0.67901   2.17646   0.55389   0.00000   2.24057   0.65776   0.13618   0.05013   0.00971   0.13571   0.32035   0.10480   0.09777   0.09676   0.04340   0.03001   0.00000   0.06602   0.70989   0.61155   1.22468   0.66586   0.15433   0.57396   1.16993   0.17529   0.02590   0.00616   0.11812   0.20066   0.09600   0.05118   0.08550   0.07171   0.03303   1.69535   0.69421   0.96510   0.86748   0.62895  
 87  4.8952  15127.633504  x:  9.62049   0.00000   0.02673   0.64071   0.67420   2.17568   0.54790   0.00000   2.24961   0.65006   0.13264   0.05299   0.00701   0.13653   0.30905   0.10346   0.09862   0.09738   0.04070   0.02855   0.00000   0.06422   0.70642   0.60293   1.25360   0.66185   0.15332   0.57419   1.17795   0.19131   0.02217   0.00461   0.11845   0.20105   0.09623   0.05277   0.08597   0.07256   0.03205   1.68804   0.69311   0.96587   0.86598   0.62368  
 88  0.5357  15127.408994  x: 10.32209   0.00000   0.02873   0.64031   0.67564   2.18501   0.55014   0.00000   2.25322   0.65008   0.13455   0.05067   0.00710   0.13525   0.31353   0.10369   0.09851   0.09555   0.04129   0.02808   0.00000   0.06457   0.70805   0.60718   1.23648   0.66595   0.15466   0.57660   1.17021   0.17961   0.02428   0.00489   0.11838   0.20086   0.09607   0.05095   0.08522   0.07209   0.03198   1.69580   0.69401   0.96623   0.86653   0.62610  
 89  0.3823  15127.347676  x: 10.93894   0.00000   0.02796   0.64055   0.67462   2.17866   0.54946   0.00000   2.24856   0.65086   0.13381   0.05164   0.00763   0.13602   0.31239   0.10389   0.09808   0.09653   0.04158   0.02888   0.00000   0.06448   0.70749   0.60642   1.24100   0.66577   0.15578   0.57709   1.17411   0.18445   0.02340   0.00499   0.11833   0.20084   0.09609   0.05163   0.08571   0.07228   0.03218   1.69544   0.69353   0.96508   0.86645   0.62568  
 90  0.2928  15127.338121  x: 11.21476   0.00000   0.02839   0.63996   0.67475   2.18125   0.54967   0.00000   2.25058   0.65063   0.13410   0.05127   0.00732   0.13569   0.31264   0.10378   0.09836   0.09620   0.04132   0.02846   0.00000   0.06441   0.70795   0.60634   1.24199   0.66525   0.15475   0.57697   1.17281   0.18266   0.02388   0.00490   0.11839   0.20098   0.09612   0.05154   0.08545   0.07219   0.03203   1.69506   0.69377   0.96581   0.86641   0.62551  
 91  0.1743  15127.337497  x: 11.28306   0.00000   0.02830   0.64024   0.67483   2.18079   0.54964   0.00000   2.25034   0.65060   0.13404   0.05136   0.00740   0.13576   0.31262   0.10378   0.09832   0.09624   0.04138   0.02853   0.00000   0.06438   0.70772   0.60640   1.24086   0.66555   0.15495   0.57686   1.17285   0.18301   0.02375   0.00494   0.11836   0.20089   0.09610   0.05149   0.08553   0.07222   0.03210   1.69533   0.69374   0.96563   0.86647   0.62558  
 92  0.0528  15127.337478  x: 11.29699   0.00000   0.02831   0.64022   0.67484   2.18082   0.54964   0.00000   2.25036   0.65063   0.13404   0.05136   0.00739   0.13575   0.31262   0.10379   0.09831   0.09624   0.04137   0.02853   0.00000   0.06439   0.70777   0.60641   1.24109   0.66548   0.15493   0.57688   1.17292   0.18301   0.02375   0.00493   0.11837   0.20091   0.09611   0.05151   0.08552   0.07222   0.03208   1.69532   0.69374   0.96565   0.86646   0.62557  
 93  0.0124  15127.337477  x: 11.29802   0.00000   0.02831   0.64021   0.67483   2.18082   0.54964   0.00000   2.25036   0.65063   0.13404   0.05135   0.00739   0.13575   0.31262   0.10379   0.09831   0.09624   0.04137   0.02853   0.00000   0.06439   0.70777   0.60641   1.24109   0.66548   0.15493   0.57689   1.17291   0.18301   0.02375   0.00493   0.11837   0.20091   0.09611   0.05151   0.08552   0.07222   0.03209   1.69532   0.69374   0.96565   0.86646   0.62557  
 94  0.0011  15127.337477  x: 11.29807   0.00000   0.02831   0.64021   0.67483   2.18082   0.54964   0.00000   2.25035   0.65063   0.13404   0.05135   0.00739   0.13575   0.31262   0.10379   0.09831   0.09624   0.04137   0.02853   0.00000   0.06439   0.70777   0.60641   1.24109   0.66548   0.15493   0.57689   1.17291   0.18301   0.02375   0.00493   0.11837   0.20091   0.09611   0.05151   0.08552   0.07222   0.03209   1.69532   0.69374   0.96565   0.86646   0.62557  
 95  0.0001  15127.337477  x: 11.29807   0.00000   0.02831   0.64021   0.67483   2.18082   0.54964   0.00000   2.25035   0.65063   0.13404   0.05135   0.00739   0.13575   0.31262   0.10379   0.09831   0.09624   0.04137   0.02853   0.00000   0.06439   0.70777   0.60641   1.24109   0.66548   0.15493   0.57689   1.17291   0.18301   0.02375   0.00493   0.11837   0.20091   0.09611   0.05151   0.08552   0.07222   0.03209   1.69532   0.69374   0.96565   0.86646   0.62557  
 96  0.0000  15127.337477  x: 11.29807   0.00000   0.02831   0.64021   0.67483   2.18082   0.54964   0.00000   2.25035   0.65063   0.13404   0.05135   0.00739   0.13575   0.31262   0.10379   0.09831   0.09624   0.04137   0.02853   0.00000   0.06439   0.70777   0.60641   1.24109   0.66548   0.15493   0.57689   1.17291   0.18301   0.02375   0.00493   0.11837   0.20091   0.09611   0.05151   0.08552   0.07222   0.03209   1.69532   0.69374   0.96565   0.86646   0.62557  