

TREE # 1

  0  0.0000  19900.607285  x:  0.00000   0.08429   0.14308   0.09121   0.09773   0.04094   0.04133   0.03745   0.02132   0.10903   0.02676   0.06789   0.05747   0.05214   0.08774   0.04433   0.01844   0.02401   0.05082   0.06673   0.13048   0.06360   0.06052   0.09875   0.10206   0.06200   0.09645   0.05177   0.10576   0.01220   0.08824   0.09791   0.01927   0.10122   0.04692   0.08283   0.02141   0.05169   0.39773   8.40433   0.55434   0.86139   0.73030   1.00000  
  1 99.0000  19882.305191  x:  0.00000   0.08454   0.14366   0.09160   0.09797   0.04152   0.04168   0.03812   0.02222   0.10905   0.02686   0.06785   0.05759   0.05233   0.08775   0.04440   0.01867   0.02410   0.05077   0.06673   0.13069   0.06413   0.06102   0.09892   0.10234   0.06229   0.09662   0.05208   0.10579   0.01234   0.08819   0.09796   0.01979   0.10120   0.04701   0.08285   0.02144   0.05166   0.39804   8.40430   0.55435   0.86147   0.73023   0.99999  
  2 9532.3132  19653.213366  x:  0.00000   0.09517   0.16726   0.10722   0.10795   0.05484   0.05145   0.04716   0.00378   0.10991   0.02963   0.06613   0.06240   0.06017   0.08809   0.04763   0.02376   0.02739   0.04865   0.06686   0.14012   0.08146   0.07728   0.10630   0.11423   0.07351   0.10400   0.06347   0.10708   0.01583   0.08582   0.09972   0.02142   0.09999   0.05045   0.08398   0.02260   0.05034   0.41230   8.40272   0.55460   0.86499   0.72719   0.99946  
  3 9469.6796  19505.873473  x:  0.00000   0.10535   0.18899   0.12116   0.11761   0.05505   0.05592   0.03723   0.00621   0.11092   0.03168   0.06408   0.06714   0.06713   0.08845   0.05077   0.02341   0.02990   0.04621   0.06686   0.14987   0.09182   0.08713   0.11388   0.12580   0.08316   0.11149   0.07219   0.10845   0.01640   0.08276   0.10136   0.00342   0.09850   0.05353   0.08516   0.02363   0.04887   0.42823   8.40089   0.55483   0.86898   0.72383   0.99885  
  4 9649.6120  19377.725206  x:  0.00000   0.11798   0.21507   0.13747   0.12975   0.04505   0.05708   0.01301   0.00820   0.11235   0.03347   0.06106   0.07315   0.07520   0.08896   0.05471   0.01880   0.03238   0.04271   0.06672   0.16280   0.09901   0.09414   0.12379   0.14034   0.09403   0.12123   0.08093   0.11030   0.01481   0.07858   0.10387   0.00944   0.09653   0.05763   0.08677   0.02480   0.04680   0.45052   8.39825   0.55508   0.87466   0.71910   0.99795  
  5 12591.1245  19263.193997  x:  0.00000   0.13184   0.24160   0.15295   0.14368   0.01604   0.04961   0.02184   0.00874   0.11444   0.03404   0.05658   0.07999   0.08261   0.08962   0.05907   0.00712   0.03357   0.03762   0.06623   0.17918   0.09427   0.09019   0.13595   0.15672   0.10332   0.13302   0.08563   0.11278   0.00852   0.07222   0.10716   0.01141   0.09367   0.06208   0.08893   0.02578   0.04389   0.48185   8.39429   0.55516   0.88287   0.71233   0.99661  
  6 6826.6980  19149.368470  x:  0.00000   0.14586   0.26417   0.16349   0.16003   0.02348   0.03472   0.02458   0.00893   0.11778   0.03297   0.04981   0.08734   0.08696   0.09048   0.06346   0.01758   0.03198   0.02990   0.06501   0.20063   0.06686   0.06543   0.15123   0.17404   0.10737   0.14730   0.08085   0.11649   0.00000   0.06174   0.11173   0.01221   0.08919   0.06640   0.09212   0.02615   0.03949   0.52932   8.38770   0.55451   0.89589   0.70178   0.99442  
  7 4341.7123  19111.821601  x:  0.00000   0.15482   0.27807   0.16957   0.17067   0.02776   0.02532   0.02622   0.00906   0.12006   0.03201   0.04508   0.09206   0.08934   0.09106   0.06623   0.02203   0.03065   0.02460   0.06406   0.21504   0.04828   0.04859   0.16136   0.18524   0.10927   0.15674   0.07688   0.11914   0.00991   0.05458   0.11482   0.01268   0.08609   0.06912   0.09438   0.02633   0.03649   0.56191   8.38309   0.55394   0.90489   0.69449   0.99291  
  8 25167.2611  19053.932914  x:  0.00000   0.15877   0.27563   0.16161   0.17847   0.03659   0.03777   0.02662   0.00891   0.12343   0.02798   0.03646   0.09449   0.08393   0.09176   0.06686   0.00538   0.02561   0.01707   0.06058   0.23286   0.04596   0.04440   0.17152   0.19213   0.09879   0.16602   0.05903   0.12280   0.00920   0.04167   0.11870   0.01280   0.08110   0.06947   0.09741   0.02507   0.03252   0.61301   8.37440   0.55096   0.92010   0.68245   0.99018  
  9 2384.8245  18968.483766  x:  0.00000   0.16294   0.26287   0.14066   0.19012   0.03007   0.05500   0.02673   0.00870   0.12986   0.02190   0.02030   0.09746   0.07095   0.09297   0.06684   0.01775   0.01693   0.00437   0.05274   0.26555   0.05458   0.04930   0.18913   0.20187   0.07482   0.18213   0.02526   0.12971   0.01145   0.01609   0.12568   0.01294   0.07137   0.06878   0.10307   0.02239   0.02545   0.71257   8.35670   0.54381   0.95026   0.65872   0.98473  
 10 7669.0853  18909.869246  x:  0.00000   0.16161   0.24538   0.12153   0.19397   0.03100   0.05003   0.02680   0.00867   0.13383   0.02215   0.01040   0.09721   0.06136   0.09365   0.06529   0.01817   0.02017   0.01679   0.04542   0.28544   0.05940   0.05582   0.19885   0.20438   0.05902   0.19135   0.03801   0.13406   0.01190   0.00000   0.12947   0.01304   0.06477   0.06660   0.10648   0.02100   0.02285   0.78386   8.34253   0.53580   0.97261   0.64149   0.98061  
 11 3958.9948  18875.672316  x:  0.00000   0.16048   0.22921   0.10376   0.19768   0.03180   0.04570   0.02686   0.00863   0.13756   0.02233   0.00119   0.09703   0.05247   0.09430   0.06388   0.01864   0.02298   0.02762   0.03854   0.30423   0.06386   0.06178   0.20806   0.20686   0.04430   0.20007   0.04901   0.13816   0.01219   0.00171   0.13306   0.01296   0.05856   0.06459   0.10970   0.01969   0.02041   0.85101   8.32920   0.52826   0.99366   0.62526   0.97674  
 12 27535.6852  18848.638320  x:  0.00000   0.15727   0.20649   0.08422   0.19901   0.03295   0.04006   0.02691   0.00855   0.14187   0.02532   0.03240   0.09564   0.04640   0.09498   0.06140   0.01826   0.02644   0.03591   0.02744   0.32665   0.06961   0.06873   0.21810   0.20771   0.03337   0.20903   0.06002   0.14290   0.01255   0.00312   0.13668   0.01289   0.05115   0.06117   0.11343   0.01897   0.02042   0.94086   8.30987   0.51492   1.02235   0.60365   0.97143  
 13 5996.0892  18787.223444  x:  0.00000   0.13885   0.16723   0.09372   0.17341   0.03222   0.04345   0.02674   0.00829   0.14397   0.03743   0.03222   0.08165   0.06643   0.09450   0.05314   0.01934   0.02747   0.03810   0.00000   0.33542   0.07126   0.06920   0.21369   0.18813   0.07939   0.20112   0.06250   0.14420   0.01272   0.00332   0.13374   0.01289   0.04906   0.05141   0.11399   0.02364   0.03704   1.05745   8.27441   0.47507   1.06311   0.57697   0.96356  
 14 1670.0327  18713.585248  x:  0.00000   0.10915   0.19335   0.14778   0.10847   0.03507   0.03277   0.02670   0.00849   0.14220   0.02979   0.03414   0.05776   0.06759   0.09032   0.04481   0.01792   0.02905   0.03673   0.00000   0.31368   0.07475   0.07551   0.17299   0.12984   0.06050   0.16004   0.06487   0.13723   0.01285   0.00344   0.11675   0.01292   0.05928   0.04901   0.10640   0.01795   0.04789   1.22242   8.20252   0.37679   1.12883   0.53919   0.95103  
 15 1467.1627  18692.871232  x:  0.00000   0.11677   0.20347   0.14244   0.09108   0.03011   0.05556   0.02652   0.00822   0.13720   0.03193   0.03576   0.06573   0.06347   0.08728   0.04998   0.02286   0.02862   0.03749   0.00000   0.29461   0.06521   0.06924   0.14286   0.12956   0.06085   0.13995   0.07795   0.13026   0.01283   0.00361   0.10737   0.01287   0.06307   0.05404   0.10034   0.02139   0.04458   1.26880   8.16798   0.33492   1.15621   0.51985   0.94670  
 16 1156.3439  18663.113424  x:  0.00000   0.14230   0.21176   0.12271   0.07776   0.03426   0.03861   0.02664   0.00838   0.12645   0.03330   0.03372   0.08067   0.06134   0.08152   0.05790   0.01925   0.02356   0.02966   0.00000   0.26033   0.07269   0.07367   0.08855   0.14478   0.07228   0.11093   0.07438   0.11650   0.01294   0.00341   0.09273   0.01290   0.06737   0.05991   0.08929   0.02330   0.03497   1.32222   8.10930   0.27715   1.20027   0.48271   0.94073  
 17 1543.5733  18647.853653  x:  0.00000   0.16472   0.20593   0.13035   0.07591   0.03426   0.03990   0.02665   0.00848   0.11635   0.03008   0.03331   0.07138   0.07073   0.07632   0.05027   0.01939   0.03858   0.02530   0.00000   0.24331   0.06710   0.07811   0.05200   0.15183   0.06624   0.11271   0.07387   0.10502   0.01301   0.00334   0.08793   0.01300   0.06609   0.05173   0.08235   0.01483   0.03117   1.33688   8.05678   0.26791   1.23721   0.43798   0.93739  
 18 653.1012  18636.208095  x:  0.00000   0.18316   0.20238   0.13932   0.05946   0.03471   0.03898   0.02667   0.00850   0.10629   0.03050   0.03348   0.06243   0.06704   0.07210   0.04498   0.01952   0.02385   0.02375   0.00000   0.24214   0.07205   0.07275   0.04003   0.15471   0.06131   0.12365   0.07862   0.09556   0.01301   0.00334   0.08804   0.01302   0.06164   0.04887   0.07863   0.03115   0.03167   1.33486   7.99601   0.25748   1.27181   0.39643   0.93546  
 19 690.0352  18621.180773  x:  0.00000   0.19903   0.19893   0.14260   0.03380   0.03557   0.03784   0.02678   0.00851   0.09657   0.03090   0.03343   0.06350   0.06115   0.06887   0.04818   0.01917   0.02476   0.02408   0.00000   0.26260   0.06542   0.08034   0.04514   0.15487   0.06279   0.13421   0.07665   0.08833   0.01301   0.00332   0.09088   0.01298   0.05336   0.05268   0.07769   0.01905   0.03296   1.31867   7.90133   0.22565   1.31298   0.35958   0.93452  
 20 757.3586  18605.656455  x:  0.00000   0.20018   0.19596   0.14558   0.04526   0.03544   0.03858   0.02685   0.00852   0.09297   0.03099   0.03319   0.06571   0.06639   0.06697   0.04917   0.01955   0.02554   0.02544   0.00000   0.30113   0.07242   0.07093   0.03338   0.14542   0.05887   0.13119   0.07748   0.08738   0.01298   0.00331   0.09123   0.01301   0.04606   0.05151   0.07883   0.01670   0.03622   1.30011   7.77678   0.19298   1.35615   0.34134   0.93411  
 21 930.3884  18567.710153  x:  0.00000   0.18237   0.21270   0.13508   0.03623   0.03684   0.03598   0.02704   0.00855   0.09616   0.02717   0.03235   0.07389   0.06821   0.06217   0.04748   0.01905   0.02374   0.01777   0.00000   0.37876   0.05867   0.08604   0.00796   0.13712   0.06525   0.09312   0.08084   0.09186   0.01268   0.00321   0.07906   0.01319   0.04177   0.04637   0.07703   0.02961   0.02861   1.27890   7.44385   0.20721   1.45918   0.33213   0.93184  
 22 1317.5207  18504.668862  x:  0.00000   0.18190   0.22031   0.12907   0.01311   0.03821   0.03602   0.02750   0.00830   0.10094   0.03488   0.03133   0.06537   0.07411   0.05698   0.03695   0.01961   0.03921   0.01265   0.00000   0.43513   0.07994   0.05896   0.01909   0.15936   0.06082   0.05515   0.08398   0.09070   0.01270   0.00311   0.05628   0.01342   0.05780   0.03974   0.06383   0.02122   0.01419   1.26288   6.87125   0.23002   1.62208   0.38394   0.92624  
 23 2905.2228  18170.236912  x:  0.00000   0.17700   0.22662   0.13368   0.01467   0.04574   0.03443   0.02989   0.00739   0.12845   0.04928   0.03190   0.02604   0.05706   0.05085   0.03727   0.02054   0.00940   0.02496   0.00000   0.59761   0.05906   0.07755   0.00000   0.22792   0.04719   0.06555   0.08430   0.08231   0.01288   0.00322   0.00499   0.01342   0.14443   0.06357   0.01510   0.01278   0.05563   1.21312   3.96057   0.30328   2.41536   0.75487   0.89683  
 24 10151.6015  18170.236912  x:  0.00000   0.17700   0.22662   0.13368   0.01467   0.04574   0.03443   0.02989   0.00739   0.12845   0.04928   0.03190   0.02604   0.05706   0.05085   0.03727   0.02054   0.00940   0.02496   0.00000   0.59761   0.05906   0.07755   0.00000   0.22792   0.04719   0.06555   0.08430   0.08231   0.01288   0.00322   0.00499   0.01342   0.14443   0.06357   0.01510   0.01278   0.05563   1.21312   3.96057   0.30328   2.41536   0.75487   0.89683  
 25 185429.3274  16540.489246  x:  0.00000   0.26572   0.35975   0.24117   0.08926   0.30503   0.14790   0.38229   0.88926   0.13350   0.07231   0.02500   0.14917   0.12340   0.06488   0.07356   0.09279   0.12756   0.01099   0.00000   0.61542   0.25140   0.24376   0.11659   0.27680   0.12817   0.16577   0.15234   0.09542   0.06432   0.06686   0.78272   0.32153   0.12433   0.08070   0.18282   0.04196   0.03640   1.24385   3.95003   0.34744   2.40865   0.75821   0.89472  
 26 16544.5651  16059.909586  x:  0.00000   0.33167   0.50150   0.32604   0.12139   0.33280   0.14953   0.39185   0.88655   0.12216   0.05428   0.00000   0.14371   0.14822   0.07270   0.07801   0.08020   0.09123   0.00477   0.00000   0.63055   0.30929   0.30173   0.12250   0.32946   0.16933   0.20898   0.19522   0.10533   0.04024   0.01830   0.76023   0.30079   0.08609   0.08119   0.15838   0.01663   0.01241   1.29510   3.92726   0.52742   2.35765   0.80214   0.88679  
 27 2079.9695  15939.403886  x:  0.00000   0.35489   0.55014   0.35481   0.13235   0.34379   0.15101   0.39606   0.88430   0.12087   0.05141   0.04508   0.14417   0.15767   0.07572   0.08015   0.07965   0.07928   0.02330   0.00000   0.63787   0.33026   0.32267   0.12482   0.34886   0.18318   0.22329   0.20955   0.10962   0.03529   0.00000   0.74962   0.29307   0.07328   0.08354   0.15010   0.02404   0.02586   1.31763   3.91684   0.57086   2.33724   0.82188   0.88369  
 28 5043.6121  15846.385777  x:  0.00000   0.38099   0.59998   0.38205   0.14203   0.36255   0.15710   0.40581   0.87708   0.13068   0.06181   0.03819   0.14941   0.16446   0.07860   0.08490   0.08720   0.07132   0.00000   0.00000   0.65633   0.35675   0.34873   0.12815   0.37455   0.19503   0.23461   0.22143   0.11756   0.05153   0.00000   0.72515   0.28390   0.06569   0.09581   0.14364   0.05511   0.04922   1.36688   3.89177   0.53632   2.29896   0.86523   0.87830  
 29 1271.6658  15724.509920  x:  0.00000   0.43213   0.69717   0.43478   0.16033   0.40036   0.16955   0.42592   0.86315   0.15082   0.08308   0.00000   0.15985   0.17678   0.08386   0.09424   0.10293   0.05784   0.01465   0.00000   0.69395   0.40907   0.40012   0.13456   0.42528   0.21756   0.25613   0.24400   0.13306   0.08514   0.00000   0.67598   0.26615   0.05195   0.12042   0.13152   0.11249   0.08806   1.46702   3.84049   0.46107   2.22109   0.95241   0.86732  
 30 14626.8702  15624.900377  x:  0.00000   0.45572   0.73742   0.44389   0.14177   0.43902   0.17895   0.45887   0.86713   0.16262   0.09190   0.02939   0.17452   0.16859   0.07038   0.08551   0.11215   0.08965   0.01337   0.00000   0.74277   0.44047   0.42902   0.12470   0.45312   0.20570   0.24901   0.23353   0.12195   0.09773   0.00000   0.62245   0.26158   0.07532   0.12052   0.13634   0.07332   0.00641   1.60591   3.75692   0.41507   2.09170   1.01436   0.84809  
 31 897.3290  15516.360728  x:  0.00000   0.47208   0.75734   0.43572   0.10093   0.48306   0.18622   0.50277   0.88392   0.16927   0.09224   0.03208   0.18887   0.15198   0.05576   0.07316   0.11568   0.13046   0.01192   0.00000   0.80454   0.46596   0.45119   0.10283   0.47435   0.17725   0.23086   0.20967   0.10099   0.09990   0.00000   0.56113   0.26384   0.10564   0.10914   0.15068   0.00469   0.03831   1.78363   3.64281   0.40768   1.91543   1.06317   0.82270  
 32 2153.1822  15331.541224  x:  0.00000   0.49434   0.76733   0.40253   0.00000   0.56428   0.19379   0.59035   0.92540   0.17343   0.08093   0.02101   0.21178   0.11847   0.04171   0.05466   0.11405   0.20954   0.01214   0.00000   0.92951   0.50130   0.48017   0.04617   0.50365   0.10945   0.19017   0.15732   0.06000   0.08977   0.00000   0.44029   0.27470   0.16428   0.07692   0.18404   0.05010   0.05707   2.14205   3.40277   0.45273   1.54858   1.12231   0.77201  
 33 4511.3445  15331.541224  x:  0.00000   0.49434   0.76733   0.40253   0.00000   0.56428   0.19379   0.59035   0.92540   0.17343   0.08093   0.02101   0.21178   0.11847   0.04171   0.05466   0.11405   0.20954   0.01214   0.00000   0.92951   0.50130   0.48017   0.04617   0.50365   0.10945   0.19017   0.15732   0.06000   0.08977   0.00000   0.44029   0.27470   0.16428   0.07692   0.18404   0.05010   0.05707   2.14205   3.40277   0.45273   1.54858   1.12231   0.77201  
 34 2535.9800  15038.279322  x:  0.00000   0.54969   0.84834   0.46660   0.01602   0.56404   0.17525   0.57624   0.89094   0.15417   0.05317   0.00000   0.18884   0.17564   0.12681   0.11178   0.09287   0.14784   0.00517   0.00000   0.94785   0.51912   0.50120   0.02193   0.53618   0.15651   0.25113   0.23046   0.14308   0.05638   0.00000   0.39021   0.25214   0.11206   0.09408   0.15145   0.01174   0.01428   2.18140   3.36154   0.64760   1.50505   1.07401   0.77489  
 35 1390.1131  14933.909427  x:  0.00000   0.59615   0.91745   0.51925   0.02351   0.56466   0.16021   0.56496   0.86072   0.14397   0.03973   0.08837   0.17497   0.20959   0.15020   0.12847   0.08482   0.09734   0.04637   0.00000   0.96535   0.53543   0.52017   0.00000   0.56373   0.18639   0.29108   0.27566   0.17534   0.03438   0.00000   0.34708   0.23501   0.07070   0.10423   0.12800   0.05795   0.04212   2.21779   3.32340   0.75544   1.46926   1.04137   0.77748  
 36 2683.7572  14819.413245  x:  0.00000   0.67274   1.03577   0.60158   0.01774   0.56927   0.13770   0.54832   0.80451   0.14928   0.05844   0.08982   0.16002   0.21316   0.07942   0.08092   0.08928   0.02904   0.00000   0.00000   1.00288   0.56679   0.55582   0.00000   0.61026   0.20444   0.32095   0.30341   0.14007   0.04476   0.00000   0.27225   0.21598   0.03233   0.10706   0.11081   0.05694   0.04936   2.29203   3.24482   0.76903   1.41024   1.01742   0.78073  
 37 893.0942  14799.757336  x:  0.00000   0.69359   1.06802   0.62393   0.01601   0.57057   0.13160   0.54381   0.78911   0.15090   0.06387   0.08547   0.15597   0.21364   0.05971   0.06767   0.09060   0.01139   0.00189   0.00000   1.01319   0.57536   0.56556   0.00000   0.62294   0.20904   0.32875   0.31057   0.12999   0.04813   0.00108   0.25185   0.21093   0.02259   0.10772   0.10643   0.05362   0.04921   2.31241   3.22323   0.77139   1.39414   1.01119   0.78157  
 38 13676.0951  14743.167989  x:  0.00000   0.75241   1.15960   0.68670   0.01086   0.57435   0.11487   0.53113   0.74441   0.15383   0.07500   0.07818   0.14584   0.21575   0.01797   0.04098   0.09291   0.04118   0.00281   0.00000   1.04294   0.59953   0.59303   0.00000   0.65873   0.22039   0.35015   0.33009   0.10514   0.05447   0.01692   0.19464   0.19769   0.01687   0.11036   0.09627   0.04788   0.04979   2.37151   3.16024   0.77781   1.34785   0.99322   0.78329  
 39 3404.9490  14656.904728  x:  0.00000   0.82995   1.28222   0.76805   0.00000   0.58031   0.09476   0.51505   0.68212   0.15953   0.09153   0.07042   0.13751   0.20922   0.04397   0.03067   0.09902   0.04863   0.00348   0.00000   1.08505   0.63215   0.63000   0.00000   0.70609   0.22558   0.36949   0.34429   0.06171   0.06643   0.01968   0.12132   0.18375   0.05317   0.11169   0.09178   0.04769   0.05643   2.45510   3.07036   0.75025   1.28550   0.97495   0.78391  
 40 2898.6967  14656.904728  x:  0.00000   0.82995   1.28222   0.76805   0.00000   0.58031   0.09476   0.51505   0.68212   0.15953   0.09153   0.07042   0.13751   0.20922   0.04397   0.03067   0.09902   0.04863   0.00348   0.00000   1.08505   0.63215   0.63000   0.00000   0.70609   0.22558   0.36949   0.34429   0.06171   0.06643   0.01968   0.12132   0.18375   0.05317   0.11169   0.09178   0.04769   0.05643   2.45510   3.07036   0.75025   1.28550   0.97495   0.78391  
 41 2188.3301  14624.353724  x:  0.00000   0.83926   1.29931   0.77657   0.00057   0.58181   0.09739   0.51398   0.66974   0.15360   0.07858   0.04377   0.14268   0.21167   0.09147   0.11435   0.09431   0.05762   0.11451   0.00000   1.09292   0.63537   0.63372   0.00000   0.71151   0.21858   0.36914   0.34374   0.10497   0.06041   0.00000   0.13242   0.18646   0.05433   0.11032   0.10168   0.03175   0.03703   2.47214   3.05023   0.75133   1.27422   0.96929   0.78002  
 42 1290.2393  14619.927339  x:  0.00000   0.84197   1.30430   0.77904   0.00055   0.58226   0.09804   0.51365   0.66609   0.15217   0.07530   0.03675   0.14403   0.21224   0.09747   0.12411   0.09309   0.05840   0.12274   0.00000   1.09523   0.63630   0.63479   0.00000   0.71308   0.21661   0.36902   0.34357   0.11249   0.05860   0.01890   0.13539   0.18743   0.05454   0.10999   0.10394   0.02913   0.03334   2.47716   3.04425   0.75162   1.27091   0.96761   0.77895  
 43 1192.5163  14600.015889  x:  0.00000   0.85129   1.32148   0.78751   0.00000   0.58381   0.09996   0.51246   0.65351   0.14809   0.06558   0.01565   0.14828   0.21388   0.10299   0.13094   0.08966   0.05754   0.10975   0.00000   1.10321   0.63948   0.63847   0.00000   0.71849   0.21004   0.36856   0.34293   0.12757   0.05152   0.01744   0.14270   0.18983   0.05496   0.10906   0.10942   0.02672   0.02631   2.49455   3.02351   0.75260   1.25946   0.96181   0.77526  
 44 569.8463  14530.052601  x:  0.00000   0.98056   1.56129   0.90422   0.00000   0.60637   0.11794   0.49480   0.47624   0.12533   0.00000   0.06826   0.20271   0.23788   0.16531   0.23515   0.08818   0.06640   0.00200   0.00000   1.21610   0.68254   0.68823   0.00000   0.79351   0.12572   0.36255   0.33666   0.25488   0.00094   0.01346   0.20116   0.21467   0.05522   0.10301   0.14523   0.07957   0.13251   2.74240   2.72460   0.74944   1.10353   0.88593   0.72730  
 45 965.3641  14526.009691  x:  0.00000   0.98543   1.57036   0.90861   0.00000   0.60724   0.11851   0.49413   0.46968   0.12508   0.00395   0.06851   0.20443   0.23862   0.16605   0.23633   0.08819   0.06632   0.00035   0.00000   1.22039   0.68414   0.69009   0.00000   0.79634   0.12276   0.36234   0.33655   0.25873   0.00186   0.01336   0.20307   0.21551   0.05521   0.10285   0.14631   0.08078   0.13511   2.75184   2.71317   0.74916   1.09773   0.88311   0.72555  
 46 2486.9402  14466.942101  x:  0.00000   1.10153   1.78644   1.01316   0.00000   0.62780   0.13184   0.47805   0.31269   0.11613   0.04754   0.06636   0.24513   0.25592   0.15297   0.20661   0.08823   0.05798   0.01213   0.00000   1.32240   0.72236   0.73424   0.00000   0.86363   0.05208   0.35716   0.33347   0.33238   0.01069   0.01279   0.24758   0.23568   0.05458   0.09902   0.17038   0.11825   0.20040   2.97664   2.44114   0.74336   0.95932   0.81563   0.68361  
 47 9003.8883  14403.202414  x:  0.00000   1.20680   1.99034   1.10480   0.00000   0.65089   0.10710   0.46471   0.20732   0.14436   0.01082   0.08557   0.22584   0.24965   0.13414   0.21261   0.09866   0.07022   0.00627   0.00000   1.42187   0.75067   0.76683   0.00000   0.92423   0.09828   0.36140   0.34710   0.32588   0.09947   0.01096   0.22029   0.22762   0.05350   0.11278   0.13011   0.04775   0.18703   3.20444   2.15795   0.67074   0.88365   0.77919   0.65941  
 48 912.8286  14360.288702  x:  0.00000   1.26292   2.10409   1.15250   0.00000   0.66285   0.09322   0.46018   0.19470   0.15443   0.02476   0.10180   0.20269   0.24125   0.12501   0.21957   0.10289   0.07112   0.00804   0.00000   1.47716   0.76260   0.78057   0.00000   0.95438   0.11859   0.36381   0.34942   0.29569   0.04762   0.01144   0.19107   0.21703   0.05436   0.11538   0.10382   0.00643   0.16446   3.33711   1.99372   0.62420   0.86302   0.76735   0.64717  
 49 1226.1956  14329.449502  x:  0.00000   1.32103   2.22450   1.20119   0.00000   0.67539   0.07653   0.45637   0.19748   0.16682   0.03577   0.10768   0.17062   0.22932   0.11933   0.23747   0.10507   0.07228   0.00962   0.00000   1.53576   0.77321   0.79283   0.00000   0.98465   0.14733   0.36674   0.35329   0.25608   0.00955   0.01344   0.15365   0.20286   0.05515   0.11831   0.07865   0.03814   0.11919   3.48069   1.81653   0.57387   0.85014   0.75887   0.63581  
 50 2801.9094  14286.762895  x:  0.00000   1.39572   2.39781   1.26006   0.00000   0.68679   0.08475   0.45976   0.31778   0.14486   0.02585   0.14614   0.13390   0.21446   0.12087   0.26013   0.09137   0.04882   0.00839   0.00000   1.61662   0.77612   0.79661   0.00000   1.01323   0.11213   0.36247   0.34833   0.16680   0.02969   0.01344   0.12011   0.18643   0.05435   0.09938   0.13544   0.03524   0.04857   3.70197   1.56372   0.59345   0.85648   0.75465   0.61343  
 51 746.7985  14276.832745  x:  0.00000   1.40950   2.45177   1.26611   0.00000   0.68487   0.06899   0.46325   0.35454   0.14760   0.02443   0.14433   0.15018   0.21569   0.12158   0.26294   0.09528   0.09549   0.00776   0.00000   1.63868   0.76461   0.78367   0.00000   1.00852   0.10057   0.36090   0.34322   0.13752   0.03438   0.01291   0.15542   0.19104   0.05964   0.11112   0.10919   0.03571   0.04026   3.78679   1.50261   0.62737   0.88259   0.78376   0.60165  
 52 285.3148  14268.916249  x:  0.00000   1.41181   2.50090   1.25808   0.00000   0.67937   0.04788   0.46880   0.37541   0.15894   0.02336   0.12774   0.16368   0.21888   0.12385   0.26781   0.10122   0.06224   0.00819   0.00000   1.65586   0.74219   0.75783   0.00000   0.99137   0.10492   0.36146   0.33834   0.14108   0.03971   0.01309   0.16621   0.19735   0.04839   0.11501   0.08562   0.03622   0.06710   3.88181   1.47250   0.65320   0.93090   0.83027   0.59308  
 53 215.0260  14261.712689  x:  0.00000   1.40250   2.56109   1.23169   0.00000   0.67077   0.05298   0.47785   0.36086   0.17389   0.02547   0.12852   0.16577   0.22229   0.11566   0.26306   0.10246   0.06882   0.00869   0.00000   1.67364   0.70459   0.71337   0.00000   0.95819   0.12517   0.36396   0.33543   0.16085   0.03590   0.01304   0.15003   0.20170   0.07927   0.11576   0.11709   0.03627   0.07389   4.01972   1.47480   0.67729   0.98920   0.88106   0.59332  
 54 199.0450  14253.813430  x:  0.00000   1.38400   2.62346   1.19238   0.00000   0.66086   0.07695   0.48540   0.33201   0.16834   0.02687   0.14251   0.15587   0.22339   0.11345   0.25795   0.09489   0.07850   0.00874   0.00000   1.68889   0.66456   0.66464   0.00000   0.91804   0.13057   0.36427   0.33390   0.16909   0.03226   0.01309   0.13604   0.19851   0.04288   0.10442   0.11606   0.03668   0.05396   4.17740   1.50534   0.70550   1.02572   0.90472   0.59997  
 55 279.5886  14247.634672  x:  0.00000   1.35970   2.67860   1.14698   0.00000   0.65160   0.08713   0.48722   0.31437   0.14854   0.02678   0.15432   0.14309   0.22090   0.12098   0.25766   0.09185   0.06030   0.00867   0.00000   1.69895   0.63436   0.62580   0.00000   0.88097   0.12362   0.36248   0.33483   0.15866   0.03365   0.01305   0.14211   0.19248   0.06437   0.10694   0.09354   0.03737   0.03462   4.33014   1.55181   0.71588   1.03377   0.90142   0.60787  
 56 308.0362  14237.923506  x:  0.00000   1.30472   2.77059   1.05142   0.00000   0.63832   0.07116   0.48207   0.32866   0.12936   0.02834   0.13101   0.12901   0.20963   0.13331   0.26380   0.09795   0.06918   0.00870   0.00000   1.70952   0.60118   0.57716   0.00000   0.82315   0.12519   0.36015   0.34259   0.12172   0.03730   0.01328   0.15339   0.18021   0.05912   0.11783   0.10987   0.03695   0.06312   4.61260   1.65075   0.68120   1.01613   0.87270   0.62106  
 57 311.1804  14229.591522  x:  0.00000   1.24337   2.84517   0.94963   0.00000   0.63195   0.06062   0.47559   0.38380   0.17073   0.02477   0.13762   0.17096   0.21101   0.12129   0.26317   0.10376   0.07005   0.00856   0.00000   1.70934   0.60011   0.56384   0.00000   0.78803   0.13116   0.36049   0.34666   0.13696   0.03728   0.01315   0.14435   0.19167   0.05853   0.10945   0.10444   0.03683   0.04989   4.88150   1.74693   0.65550   0.97242   0.84541   0.62265  
 58 306.4875  14225.994262  x:  0.00000   1.20842   2.86307   0.89365   0.00000   0.63705   0.07757   0.47694   0.40959   0.16859   0.02597   0.13746   0.14496   0.21970   0.11363   0.26054   0.09061   0.07382   0.00898   0.00000   1.69522   0.63349   0.59610   0.00000   0.80211   0.15324   0.36512   0.34349   0.15517   0.03741   0.01299   0.14966   0.19947   0.06013   0.12013   0.09494   0.03719   0.05942   5.01110   1.78361   0.66452   0.96452   0.84778   0.61884  
 59 129.4655  14222.959269  x:  0.00000   1.17387   2.86338   0.83895   0.00000   0.64206   0.07057   0.47765   0.40133   0.15735   0.02729   0.14277   0.14880   0.22784   0.12039   0.25756   0.11122   0.06825   0.00901   0.00000   1.66740   0.67913   0.64472   0.00000   0.83183   0.16502   0.36795   0.33725   0.14641   0.03592   0.01266   0.16039   0.19831   0.05633   0.11294   0.10492   0.03760   0.04864   5.13332   1.81109   0.67096   0.98130   0.85774   0.61783  
 60 134.7541  14221.536191  x:  0.00000   1.15952   2.85257   0.81482   0.00000   0.64340   0.06803   0.47851   0.39229   0.15702   0.02688   0.13816   0.15938   0.22108   0.12429   0.25858   0.09484   0.07129   0.00897   0.00000   1.64430   0.69903   0.66790   0.00000   0.84944   0.15088   0.36595   0.33460   0.13783   0.03791   0.01303   0.14616   0.19252   0.05935   0.10944   0.10110   0.03742   0.05243   5.19491   1.81822   0.67146   0.99640   0.86014   0.62216  
 61 102.5708  14220.698252  x:  0.00000   1.15651   2.82808   0.80546   0.00000   0.64347   0.06917   0.47928   0.38742   0.16805   0.02514   0.13634   0.15245   0.20829   0.11852   0.26177   0.10310   0.07074   0.00862   0.00000   1.61572   0.70086   0.67382   0.00000   0.86018   0.13277   0.36280   0.33819   0.13896   0.03752   0.01310   0.14386   0.19056   0.05774   0.12059   0.10174   0.03704   0.05133   5.23959   1.81442   0.67250   0.99853   0.86221   0.62683  
 62 50.0468  14218.556482  x:  0.00000   1.16385   2.73164   0.79667   0.00000   0.64489   0.06253   0.47930   0.38224   0.17182   0.02481   0.13617   0.14265   0.20597   0.11102   0.26294   0.09661   0.07069   0.00860   0.00000   1.52108   0.68297   0.66893   0.00000   0.88212   0.12690   0.36031   0.35613   0.14161   0.03638   0.01272   0.15619   0.19519   0.05992   0.09852   0.10287   0.03684   0.05260   5.36558   1.78960   0.66797   0.98741   0.86422   0.62797  
 63 68.6502  14216.189238  x:  0.00000   1.17840   2.61148   0.79381   0.00000   0.64724   0.07071   0.47933   0.38104   0.15914   0.02621   0.13477   0.15845   0.22059   0.11783   0.25669   0.09603   0.06831   0.00876   0.00000   1.41312   0.66058   0.66103   0.00000   0.90073   0.13542   0.36079   0.36655   0.14280   0.03486   0.01261   0.15112   0.19710   0.05760   0.11605   0.10477   0.03689   0.05295   5.51358   1.75853   0.66590   0.97495   0.85542   0.62415  
 64 215.9249  14215.457460  x:  0.00000   1.18865   2.56644   0.80209   0.00000   0.64559   0.07757   0.47760   0.38355   0.15796   0.02581   0.13059   0.15758   0.21864   0.12346   0.25187   0.10651   0.07189   0.00859   0.00000   1.39268   0.66136   0.66378   0.00000   0.89186   0.13670   0.36265   0.34734   0.14756   0.03666   0.01268   0.14723   0.19262   0.06041   0.10809   0.10001   0.03700   0.05723   5.56214   1.75169   0.66505   0.97584   0.84647   0.62225  
 65 59.0657  14214.456460  x:  0.00000   1.20613   2.49861   0.82102   0.00000   0.64092   0.07377   0.47312   0.38020   0.16380   0.02582   0.13337   0.15647   0.21329   0.12521   0.24929   0.09711   0.06882   0.00873   0.00000   1.38048   0.67052   0.67287   0.00000   0.86764   0.14031   0.36582   0.31606   0.14677   0.03646   0.01239   0.15517   0.19201   0.05826   0.11249   0.10487   0.03693   0.05425   5.62913   1.74803   0.66281   0.97208   0.84518   0.62178  
 66 80.1662  14213.340236  x:  0.00000   1.22758   2.41475   0.85155   0.00000   0.63599   0.07497   0.47125   0.37787   0.15494   0.02587   0.12875   0.15858   0.21686   0.11454   0.25563   0.10096   0.06915   0.00858   0.00000   1.39543   0.69063   0.68860   0.00000   0.83574   0.13552   0.36559   0.32421   0.14091   0.03635   0.01246   0.14698   0.20224   0.05901   0.11080   0.10330   0.03683   0.05536   5.70577   1.75156   0.66467   0.96365   0.85714   0.62630  
 67 55.3034  14212.414252  x:  0.00000   1.24216   2.34315   0.87867   0.00000   0.63493   0.07542   0.47314   0.37893   0.16067   0.02582   0.12919   0.15890   0.22007   0.11692   0.25066   0.09863   0.06848   0.00864   0.00000   1.42341   0.70550   0.69814   0.00000   0.82124   0.13311   0.36300   0.35027   0.14508   0.03497   0.01226   0.15339   0.19339   0.05861   0.11171   0.10429   0.03680   0.05543   5.76886   1.75630   0.66527   0.97631   0.84546   0.62280  
 68 70.8149  14211.513204  x:  0.00000   1.24322   2.27751   0.90150   0.00000   0.64205   0.06722   0.47866   0.38142   0.15965   0.02577   0.13001   0.15638   0.21047   0.13469   0.23696   0.09861   0.07026   0.00861   0.00000   1.47111   0.70326   0.69004   0.00000   0.84806   0.12861   0.35939   0.35339   0.14954   0.03505   0.01207   0.14883   0.19295   0.05832   0.11222   0.10438   0.03673   0.05393   5.82406   1.76651   0.66588   0.96843   0.85496   0.61498  
 69 33.6066  14210.363309  x:  0.00000   1.23658   2.20095   0.92703   0.00000   0.65434   0.07023   0.48425   0.38186   0.15987   0.02574   0.12591   0.16146   0.21331   0.12245   0.24191   0.09892   0.06835   0.00861   0.00000   1.53601   0.69300   0.67335   0.00000   0.89649   0.12689   0.35981   0.34009   0.14503   0.03519   0.01182   0.15324   0.19944   0.05848   0.11145   0.10469   0.03674   0.05571   5.88874   1.77624   0.66511   0.97179   0.84701   0.62574  
 70 67.7012  14210.069888  x:  0.00000   1.22991   2.18945   0.92997   0.00000   0.65421   0.06242   0.47974   0.38087   0.15820   0.02562   0.12512   0.15869   0.22181   0.11514   0.24433   0.09913   0.06926   0.00853   0.00000   1.54687   0.69001   0.67059   0.00000   0.90247   0.12253   0.36261   0.33625   0.14664   0.03520   0.01193   0.14947   0.19303   0.05854   0.11236   0.10479   0.03668   0.05512   5.89993   1.77564   0.66796   0.97103   0.84481   0.61892  
 71 22.0676  14208.984755  x:  0.00000   1.19245   2.17886   0.93196   0.00000   0.64879   0.07833   0.45787   0.37755   0.16351   0.02457   0.12116   0.15838   0.23381   0.11757   0.23952   0.09844   0.06779   0.00840   0.00000   1.56627   0.68290   0.67075   0.00000   0.90039   0.11195   0.37547   0.33531   0.14250   0.03621   0.01160   0.15413   0.18834   0.05855   0.11123   0.10503   0.03648   0.05545   5.92380   1.75769   0.65530   0.96798   0.85427   0.60868  
 72 13.6399  14205.478195  x:  0.00000   1.07573   2.16562   0.93855   0.00000   0.63157   0.07999   0.41043   0.36806   0.16323   0.02574   0.11134   0.16003   0.22107   0.12707   0.21924   0.09828   0.06546   0.00854   0.00000   1.61173   0.66520   0.67750   0.00000   0.88068   0.11650   0.39648   0.34178   0.14317   0.03198   0.01057   0.15130   0.20039   0.05909   0.10960   0.10761   0.03612   0.05939   5.99103   1.69446   0.67446   0.95623   0.84051   0.62004  
 73 67.2110  14201.575651  x:  0.00000   0.97123   2.17389   0.95812   0.00000   0.62351   0.07740   0.43337   0.36866   0.13210   0.02735   0.11057   0.16961   0.20589   0.11288   0.19910   0.09673   0.06664   0.00862   0.00000   1.64142   0.65276   0.68744   0.00000   0.85589   0.11205   0.37651   0.33730   0.16752   0.03401   0.00909   0.15880   0.19989   0.05666   0.11232   0.10817   0.03629   0.05674   6.06150   1.64243   0.65265   0.95510   0.83763   0.61851  
 74 77.9368  14195.842498  x:  0.00000   0.85633   2.21082   1.00581   0.00000   0.62674   0.08578   0.50636   0.35583   0.15163   0.02704   0.08879   0.16781   0.22416   0.11548   0.17880   0.09680   0.06050   0.00866   0.00000   1.66332   0.64139   0.70107   0.00000   0.82865   0.11496   0.33137   0.32784   0.14800   0.02992   0.00786   0.15718   0.19219   0.05855   0.10715   0.11107   0.03555   0.06239   6.16529   1.60065   0.66585   0.92924   0.83164   0.60218  
 75 110.5365  14180.274180  x:  0.00000   0.78666   2.40817   1.21228   0.00000   0.66619   0.06124   0.53825   0.37240   0.15541   0.02637   0.06028   0.14859   0.25736   0.12896   0.09857   0.09489   0.06247   0.00862   0.00000   1.63548   0.64169   0.71795   0.00000   0.84607   0.07382   0.39485   0.32656   0.14865   0.03123   0.00308   0.14681   0.23593   0.05489   0.11023   0.11181   0.03458   0.05599   6.43425   1.64594   0.65935   0.95279   0.82135   0.61269  
 76 63.7025  14170.559146  x:  0.00000   0.76986   2.53819   1.33965   0.00000   0.68226   0.07834   0.51654   0.38417   0.14534   0.02909   0.03803   0.17140   0.21472   0.10180   0.07150   0.09343   0.05474   0.00917   0.00000   1.61488   0.64585   0.72328   0.00000   0.87273   0.08922   0.41238   0.33449   0.14038   0.02750   0.00109   0.15360   0.19406   0.05568   0.10538   0.11370   0.03468   0.05918   6.60261   1.69034   0.68000   0.94769   0.83606   0.58889  
 77 235.5235  14168.872609  x:  0.00000   0.78536   2.56045   1.34523   0.00000   0.66383   0.08029   0.48353   0.38695   0.14507   0.02919   0.03521   0.16781   0.22131   0.10198   0.06339   0.09320   0.05508   0.00920   0.00000   1.61434   0.65156   0.71862   0.00000   0.88358   0.09148   0.36223   0.33101   0.14057   0.02752   0.00052   0.15206   0.20533   0.05501   0.10599   0.11380   0.03460   0.05798   6.62984   1.69774   0.67801   0.95580   0.83512   0.58495  
 78 43.7638  14168.296988  x:  0.00000   0.81741   2.56275   1.30818   0.00000   0.64185   0.07916   0.48916   0.38847   0.14545   0.02921   0.03406   0.16780   0.22795   0.10401   0.05888   0.09313   0.05524   0.00922   0.00000   1.62330   0.66130   0.70868   0.00000   0.88698   0.09073   0.36396   0.33033   0.14377   0.02751   0.00045   0.15315   0.19524   0.05511   0.10584   0.11372   0.03457   0.05826   6.63434   1.69022   0.67791   0.95021   0.83873   0.59988  
 79 14.7437  14167.103618  x:  0.00000   0.89185   2.56361   1.21362   0.00000   0.60780   0.08075   0.50713   0.38374   0.14463   0.02936   0.03026   0.16790   0.22229   0.10164   0.05735   0.09295   0.05429   0.00922   0.00000   1.64491   0.68106   0.68530   0.00000   0.88899   0.08938   0.37841   0.33024   0.13997   0.02742   0.00020   0.15224   0.20798   0.05488   0.10570   0.11441   0.03454   0.05848   6.64084   1.67364   0.67657   0.94948   0.83075   0.58319  
 80 59.7367  14165.795874  x:  0.00000   0.98121   2.56151   1.09125   0.00000   0.66600   0.07811   0.50386   0.37896   0.14346   0.02947   0.02648   0.16791   0.22331   0.10083   0.05364   0.09267   0.05387   0.00921   0.00000   1.67213   0.69100   0.66789   0.00000   0.87002   0.08340   0.37502   0.32846   0.14071   0.02735   0.00005   0.15232   0.20821   0.05478   0.10548   0.11526   0.03448   0.05863   6.64595   1.65001   0.67671   0.94756   0.83013   0.58292  
 81 33.9065  14163.761765  x:  0.00000   1.06965   2.57833   1.01645   0.00000   0.65601   0.07720   0.50541   0.38191   0.14415   0.02992   0.02182   0.16681   0.22445   0.09665   0.05682   0.09250   0.05385   0.00934   0.00000   1.69962   0.56821   0.78571   0.00000   0.86971   0.08562   0.37200   0.32826   0.13812   0.02850   0.00052   0.15167   0.20738   0.05439   0.10564   0.11489   0.03474   0.05720   6.66973   1.65879   0.67612   0.94854   0.83080   0.58498  
 82  5.4720  14154.630031  x:  0.00000   1.15424   2.66750   0.96952   0.00000   0.65239   0.07693   0.48458   0.38795   0.14607   0.03202   0.00435   0.16287   0.22859   0.07726   0.08049   0.09178   0.05365   0.00997   0.00000   1.67527   0.66526   0.69045   0.00000   0.88082   0.09770   0.35461   0.32889   0.12762   0.03407   0.00332   0.14948   0.19727   0.05268   0.10631   0.11333   0.03609   0.04988   6.78683   1.66623   0.67651   0.95378   0.84042   0.59606  
 83  3.7199  14150.036720  x:  0.00000   1.27460   2.77046   0.89097   0.00000   0.65157   0.07551   0.46992   0.39221   0.14450   0.03385   0.02265   0.16224   0.22914   0.07123   0.09653   0.08917   0.05337   0.01050   0.00000   1.66259   0.71531   0.64183   0.00000   0.88952   0.10507   0.34299   0.33032   0.12943   0.03613   0.00552   0.15262   0.19214   0.05154   0.10648   0.11439   0.03632   0.03408   6.90433   1.68384   0.67854   0.95851   0.84686   0.59961  
 84  1.2578  14146.103652  x:  0.00000   1.29894   2.85208   0.90396   0.00000   0.65555   0.07120   0.47511   0.39256   0.14624   0.03842   0.01942   0.15901   0.22223   0.09753   0.09130   0.08953   0.05775   0.01166   0.00000   1.61475   0.70412   0.65975   0.00000   0.88600   0.12092   0.36289   0.33865   0.13109   0.04253   0.00765   0.15370   0.19697   0.05321   0.10751   0.11431   0.03679   0.02107   7.26812   1.72039   0.67640   0.96727   0.85057   0.59535  
 85  0.5363  14143.117262  x:  0.00000   1.35114   2.98100   0.90571   0.00000   0.65581   0.06955   0.47609   0.38903   0.14147   0.04385   0.01613   0.16340   0.21574   0.10684   0.09476   0.08801   0.05710   0.01284   0.00000   1.58726   0.69341   0.68069   0.00000   0.89506   0.10939   0.37147   0.34404   0.14739   0.04351   0.00956   0.16033   0.19893   0.05886   0.10702   0.11814   0.03446   0.03756   7.78424   1.76394   0.68185   0.97085   0.85200   0.58942  
 86  0.7153  14139.736985  x:  0.00000   1.37233   3.08521   0.88068   0.00000   0.65442   0.06919   0.48313   0.37926   0.14151   0.05217   0.00927   0.16372   0.22135   0.08078   0.09767   0.08872   0.05788   0.01461   0.00000   1.60043   0.66054   0.70770   0.00000   0.89646   0.09708   0.37562   0.34239   0.15415   0.04261   0.00962   0.16340   0.20165   0.05826   0.10780   0.11879   0.02975   0.02861   8.71045   1.75942   0.67523   0.96220   0.84489   0.58260  
 87  0.6920  14137.713988  x:  0.00000   1.37490   3.08330   0.82053   0.00000   0.65307   0.07388   0.47988   0.37109   0.14305   0.05874   0.01112   0.16003   0.22849   0.09254   0.10212   0.08969   0.05453   0.01612   0.00000   1.64304   0.69025   0.66518   0.00000   0.88649   0.11053   0.35651   0.33435   0.14147   0.04359   0.00955   0.15713   0.19911   0.05408   0.10724   0.11507   0.02665   0.03022   9.49967   1.71266   0.66936   0.95008   0.83929   0.58346  
 88  0.5122  14136.485019  x:  0.00000   1.30470   3.09203   0.92655   0.00000   0.65881   0.07328   0.47710   0.37005   0.14353   0.06507   0.01491   0.16469   0.21658   0.08638   0.09800   0.08895   0.05898   0.01756   0.00000   1.63432   0.69528   0.67455   0.00000   0.89210   0.10428   0.36654   0.34044   0.13665   0.04756   0.00879   0.15444   0.19592   0.05508   0.10696   0.11328   0.02757   0.02981  10.61816   1.73015   0.67726   0.95844   0.84690   0.58062  
 89  0.4797  14135.874903  x:  0.00000   1.30458   3.02548   0.90051   0.00000   0.65323   0.06995   0.48055   0.37751   0.14106   0.06881   0.01443   0.16071   0.22540   0.08992   0.09524   0.08972   0.05312   0.01838   0.00000   1.63293   0.68331   0.68200   0.00000   0.89017   0.10438   0.36556   0.33996   0.14256   0.04747   0.00739   0.15779   0.20138   0.05628   0.10787   0.11435   0.02885   0.03120  11.53873   1.74117   0.67254   0.95732   0.84520   0.58130  
 90  0.4680  14135.584941  x:  0.00000   1.31895   2.98694   0.88495   0.00000   0.65271   0.07242   0.47804   0.37892   0.14047   0.06981   0.01360   0.16258   0.22229   0.09164   0.09608   0.08923   0.05913   0.01840   0.00000   1.63074   0.68597   0.67415   0.00000   0.89158   0.10258   0.36010   0.33745   0.14166   0.04482   0.00648   0.15812   0.19774   0.05568   0.10692   0.11579   0.02937   0.03090  12.24876   1.73607   0.67264   0.95319   0.84228   0.58200  
 91  0.4076  14135.203407  x:  0.00000   1.31322   2.99308   0.92114   0.00000   0.65969   0.07429   0.47768   0.37726   0.14233   0.06746   0.01307   0.16406   0.21896   0.08808   0.09721   0.08834   0.05406   0.01778   0.00000   1.61869   0.69250   0.66976   0.00000   0.89095   0.10814   0.36638   0.33730   0.13999   0.04259   0.00575   0.15644   0.19669   0.05491   0.10691   0.11691   0.03042   0.02951  13.42764   1.72959   0.67548   0.95767   0.84549   0.58274  
 92  0.4000  14134.590228  x:  0.00000   1.32960   3.04989   0.89474   0.00000   0.65341   0.07189   0.47986   0.37373   0.14263   0.05782   0.01332   0.16128   0.22501   0.08984   0.09776   0.09162   0.05747   0.01531   0.00000   1.63795   0.68743   0.68439   0.00000   0.89117   0.10589   0.36557   0.34115   0.14432   0.04309   0.00684   0.15706   0.20143   0.05640   0.10786   0.11555   0.03135   0.03106  15.44198   1.74315   0.67292   0.95583   0.84576   0.57760  
 93  0.5841  14134.459930  x:  0.00000   1.32503   3.05237   0.88985   0.00000   0.65419   0.07196   0.47771   0.37584   0.14308   0.05571   0.01358   0.16281   0.22102   0.09066   0.09724   0.08796   0.05568   0.01479   0.00000   1.63463   0.68803   0.67456   0.00000   0.89241   0.10432   0.36219   0.33854   0.14191   0.04329   0.00717   0.15723   0.19777   0.05542   0.10719   0.11463   0.03057   0.03037  16.45966   1.74065   0.67222   0.95460   0.84412   0.57958  
 94  0.6706  14134.392778  x:  0.00000   1.31273   3.03703   0.89475   0.00000   0.65626   0.07264   0.47958   0.37803   0.14301   0.05611   0.01382   0.16172   0.22194   0.08943   0.09597   0.08946   0.05701   0.01478   0.00000   1.62703   0.68704   0.67118   0.00000   0.88874   0.10893   0.36435   0.33752   0.14098   0.04403   0.00711   0.15711   0.19793   0.05540   0.10714   0.11512   0.02968   0.03046  17.63189   1.73627   0.67209   0.95574   0.84436   0.58105  
 95  0.6448  14134.331228  x:  0.00000   1.31864   3.02691   0.89588   0.00000   0.65453   0.07247   0.47863   0.37691   0.14198   0.05728   0.01381   0.16262   0.22237   0.09019   0.09641   0.09080   0.05607   0.01488   0.00000   1.62777   0.68558   0.67813   0.00000   0.89022   0.10467   0.36292   0.33926   0.14094   0.04453   0.00720   0.15734   0.19854   0.05592   0.10742   0.11592   0.02890   0.03039  19.42238   1.74045   0.67435   0.95636   0.84629   0.58047  
 96  0.8434  14134.294656  x:  0.00000   1.32025   3.02574   0.89546   0.00000   0.65416   0.07221   0.47854   0.37649   0.14310   0.05777   0.01358   0.16224   0.22240   0.08991   0.09701   0.08795   0.05663   0.01486   0.00000   1.63183   0.68676   0.67737   0.00000   0.89082   0.10623   0.36407   0.33936   0.14210   0.04473   0.00730   0.15729   0.19903   0.05571   0.10750   0.11554   0.02918   0.03075  21.26669   1.74025   0.67232   0.95500   0.84452   0.57967  
 97  0.9185  14134.272553  x:  0.00000   1.31849   3.03166   0.89794   0.00000   0.65524   0.07245   0.47839   0.37619   0.14260   0.05799   0.01355   0.16235   0.22179   0.08982   0.09759   0.09014   0.05637   0.01468   0.00000   1.63260   0.68844   0.67412   0.00000   0.89142   0.10640   0.36367   0.33811   0.14187   0.04415   0.00739   0.15718   0.19805   0.05545   0.10713   0.11497   0.02965   0.03046  23.42626   1.73923   0.67232   0.95501   0.84423   0.58012  
 98  1.0226  14134.263436  x:  0.00000   1.31693   3.03273   0.89649   0.00000   0.65482   0.07239   0.47905   0.37628   0.14249   0.05842   0.01366   0.16220   0.22243   0.08991   0.09717   0.08911   0.05644   0.01462   0.00000   1.63043   0.68640   0.67711   0.00000   0.89031   0.10591   0.36354   0.33897   0.14141   0.04399   0.00741   0.15717   0.19870   0.05572   0.10741   0.11522   0.02987   0.03048  25.37761   1.73961   0.67307   0.95570   0.84545   0.58019  
 99  0.9595  14134.260515  x:  0.00000   1.31843   3.03522   0.89492   0.00000   0.65461   0.07230   0.47856   0.37686   0.14272   0.05844   0.01364   0.16232   0.22189   0.08987   0.09695   0.08945   0.05641   0.01451   0.00000   1.63068   0.68675   0.67586   0.00000   0.89050   0.10614   0.36371   0.33877   0.14176   0.04413   0.00743   0.15724   0.19842   0.05565   0.10734   0.11530   0.02988   0.03054  27.01286   1.73950   0.67242   0.95502   0.84448   0.57990  
100  0.7439  14134.259246  x:  0.00000   1.32017   3.03593   0.89487   0.00000   0.65488   0.07235   0.47886   0.37649   0.14248   0.05848   0.01365   0.16225   0.22235   0.08988   0.09700   0.08935   0.05645   0.01444   0.00000   1.63093   0.68718   0.67586   0.00000   0.89066   0.10603   0.36365   0.33861   0.14151   0.04415   0.00736   0.15711   0.19851   0.05560   0.10727   0.11532   0.02975   0.03052  28.31954   1.73943   0.67281   0.95549   0.84500   0.58015  
101  0.5748  14134.258649  x:  0.00000   1.32002   3.03478   0.89451   0.00000   0.65470   0.07236   0.47866   0.37649   0.14267   0.05847   0.01364   0.16228   0.22196   0.08991   0.09692   0.08936   0.05642   0.01443   0.00000   1.63106   0.68688   0.67633   0.00000   0.89053   0.10608   0.36361   0.33893   0.14168   0.04422   0.00729   0.15724   0.19851   0.05568   0.10741   0.11524   0.02971   0.03052  29.09499   1.73956   0.67266   0.95527   0.84488   0.57996  
102  0.2938  14134.256981  x:  0.00000   1.31672   3.03499   0.89770   0.00000   0.65487   0.07234   0.47872   0.37639   0.14246   0.05822   0.01365   0.16235   0.22244   0.09001   0.09704   0.08935   0.05647   0.01449   0.00000   1.63044   0.68751   0.67500   0.00000   0.89095   0.10611   0.36385   0.33849   0.14178   0.04408   0.00716   0.15728   0.19854   0.05560   0.10712   0.11506   0.02965   0.03054  30.79512   1.74016   0.67262   0.95513   0.84449   0.58004  
103  0.2125  14134.252543  x:  0.00000   1.31575   3.03435   0.89640   0.00000   0.65462   0.07252   0.47879   0.37611   0.14278   0.05780   0.01367   0.16230   0.22190   0.08996   0.09713   0.08939   0.05640   0.01488   0.00000   1.63130   0.68655   0.67708   0.00000   0.89021   0.10621   0.36331   0.33888   0.14182   0.04400   0.00725   0.15714   0.19844   0.05568   0.10751   0.11542   0.02973   0.03046  32.69985   1.73884   0.67292   0.95576   0.84545   0.58005  
104  0.3762  14134.250887  x:  0.00000   1.31793   3.03497   0.89617   0.00000   0.65484   0.07234   0.47878   0.37661   0.14266   0.05763   0.01365   0.16226   0.22216   0.08994   0.09706   0.08937   0.05641   0.01509   0.00000   1.63090   0.68710   0.67600   0.00000   0.89068   0.10602   0.36370   0.33881   0.14166   0.04409   0.00734   0.15722   0.19855   0.05564   0.10731   0.11535   0.02974   0.03052  34.24456   1.73960   0.67264   0.95512   0.84471   0.57997  
105  0.8942  14134.250665  x:  0.00000   1.31995   3.03486   0.89474   0.00000   0.65476   0.07238   0.47868   0.37649   0.14268   0.05764   0.01365   0.16227   0.22215   0.08990   0.09697   0.08939   0.05642   0.01510   0.00000   1.63100   0.68703   0.67596   0.00000   0.89062   0.10607   0.36362   0.33871   0.14165   0.04412   0.00732   0.15718   0.19847   0.05564   0.10731   0.11523   0.02974   0.03052  35.35784   1.73956   0.67273   0.95547   0.84495   0.58004  
106  0.5617  14134.250532  x:  0.00000   1.32008   3.03575   0.89479   0.00000   0.65483   0.07233   0.47876   0.37647   0.14270   0.05765   0.01366   0.16228   0.22214   0.08992   0.09691   0.08939   0.05641   0.01508   0.00000   1.63085   0.68699   0.67609   0.00000   0.89061   0.10603   0.36364   0.33884   0.14160   0.04408   0.00730   0.15720   0.19854   0.05564   0.10738   0.11523   0.02976   0.03053  37.06868   1.73961   0.67266   0.95516   0.84482   0.58002  
107  0.5118  14134.250386  x:  0.00000   1.31936   3.03619   0.89487   0.00000   0.65475   0.07238   0.47869   0.37648   0.14267   0.05768   0.01366   0.16226   0.22215   0.08993   0.09694   0.08938   0.05641   0.01508   0.00000   1.63095   0.68710   0.67588   0.00000   0.89063   0.10606   0.36365   0.33871   0.14170   0.04407   0.00732   0.15718   0.19847   0.05564   0.10727   0.11530   0.02976   0.03052  39.65872   1.73954   0.67271   0.95542   0.84489   0.57998  
108  0.7296  14134.250291  x:  0.00000   1.31944   3.03528   0.89516   0.00000   0.65481   0.07235   0.47876   0.37655   0.14268   0.05769   0.01365   0.16226   0.22214   0.08991   0.09700   0.08939   0.05641   0.01506   0.00000   1.63100   0.68699   0.67613   0.00000   0.89060   0.10605   0.36362   0.33879   0.14161   0.04411   0.00733   0.15719   0.19852   0.05564   0.10737   0.11527   0.02975   0.03051  42.58502   1.73953   0.67268   0.95526   0.84486   0.58005  
109  1.0250  14134.250262  x:  0.00000   1.31924   3.03481   0.89518   0.00000   0.65478   0.07236   0.47872   0.37650   0.14267   0.05767   0.01365   0.16228   0.22215   0.08991   0.09700   0.08938   0.05641   0.01506   0.00000   1.63090   0.68702   0.67598   0.00000   0.89062   0.10605   0.36365   0.33876   0.14165   0.04410   0.00733   0.15720   0.19850   0.05564   0.10731   0.11526   0.02975   0.03052  44.81466   1.73957   0.67270   0.95534   0.84488   0.58000  
110  1.0600  14134.250250  x:  0.00000   1.31929   3.03480   0.89526   0.00000   0.65480   0.07236   0.47872   0.37651   0.14269   0.05768   0.01365   0.16226   0.22215   0.08991   0.09699   0.08939   0.05641   0.01506   0.00000   1.63094   0.68698   0.67609   0.00000   0.89062   0.10606   0.36362   0.33876   0.14163   0.04409   0.00734   0.15719   0.19850   0.05564   0.10735   0.11527   0.02975   0.03052  47.38570   1.73956   0.67268   0.95531   0.84487   0.58004  
111  0.8908  14134.250243  x:  0.00000   1.31933   3.03493   0.89515   0.00000   0.65479   0.07236   0.47873   0.37649   0.14268   0.05768   0.01365   0.16227   0.22215   0.08991   0.09699   0.08939   0.05641   0.01506   0.00000   1.63094   0.68702   0.67601   0.00000   0.89062   0.10605   0.36365   0.33877   0.14164   0.04410   0.00733   0.15719   0.19850   0.05564   0.10733   0.11527   0.02975   0.03052  50.00000   1.73957   0.67270   0.95532   0.84488   0.58002  
112  1.1721  14134.250242  x:  0.00000   1.31932   3.03498   0.89517   0.00000   0.65479   0.07236   0.47872   0.37651   0.14268   0.05768   0.01365   0.16227   0.22215   0.08991   0.09699   0.08939   0.05641   0.01506   0.00000   1.63093   0.68701   0.67603   0.00000   0.89062   0.10606   0.36364   0.33876   0.14164   0.04410   0.00733   0.15719   0.19850   0.05564   0.10733   0.11527   0.02975   0.03052  50.00000   1.73956   0.67269   0.95532   0.84487   0.58002  
113  0.0001  14134.250242  x:  0.00000   1.31932   3.03500   0.89517   0.00000   0.65479   0.07236   0.47872   0.37651   0.14268   0.05768   0.01365   0.16227   0.22215   0.08991   0.09699   0.08939   0.05641   0.01506   0.00000   1.63093   0.68701   0.67603   0.00000   0.89062   0.10606   0.36364   0.33876   0.14164   0.04410   0.00733   0.15719   0.19850   0.05564   0.10733   0.11527   0.02975   0.03052  50.00000   1.73956   0.67269   0.95532   0.84487   0.58002  
114  0.0000  14134.250242  x:  0.00000   1.31932   3.03500   0.89516   0.00000   0.65479   0.07236   0.47872   0.37651   0.14268   0.05768   0.01365   0.16227   0.22215   0.08991   0.09699   0.08939   0.05641   0.01506   0.00000   1.63093   0.68701   0.67603   0.00000   0.89062   0.10606   0.36364   0.33876   0.14164   0.04410   0.00733   0.15719   0.19850   0.05564   0.10733   0.11527   0.02975   0.03052  50.00000   1.73956   0.67269   0.95532   0.84487   0.58002  

TREE # 2

  0  0.0000  17027.769462  x:  0.86943   0.03815   0.14764   0.08832   0.13554   0.03511   0.15499   0.08956   0.11470   0.07083   0.06225   0.02514   0.01414   0.07628   0.07932   0.08471   0.08116   0.10638   0.09975   0.03984   0.00000   0.12150   0.30420   0.15557   0.09859   0.14826   0.07635   0.07187   0.08746   0.08506   0.02642   0.06634   0.06824   0.10319   0.06255   0.04669   0.10882   0.06336   0.06892   1.73956   0.64786   0.94009   0.79541   0.58002  
  1 99.0000  17027.631276  x:  0.86943   0.03815   0.14765   0.08833   0.13554   0.03512   0.15500   0.08957   0.11471   0.07083   0.06225   0.02514   0.01414   0.07628   0.07933   0.08471   0.08116   0.10638   0.09974   0.03984   0.00000   0.12151   0.30421   0.15558   0.09860   0.14827   0.07635   0.07188   0.08747   0.08506   0.02642   0.06634   0.06824   0.10319   0.06255   0.04669   0.10882   0.06336   0.06892   1.73956   0.64786   0.94009   0.79541   0.58002  
  2 4425.0260  16868.824351  x:  0.90485   0.03133   0.16857   0.07145   0.16027   0.00000   0.18484   0.10195   0.13465   0.07106   0.07094   0.02028   0.01167   0.08728   0.09307   0.07946   0.08550   0.10782   0.08598   0.03607   0.00000   0.14139   0.36119   0.18809   0.13057   0.17362   0.09161   0.04151   0.09645   0.09293   0.02181   0.05411   0.07934   0.11728   0.06779   0.05189   0.10554   0.06127   0.05357   1.73138   0.64416   0.93929   0.79928   0.59608  
  3 2288.3706  16826.688843  x:  0.93074   0.02740   0.17731   0.04714   0.16782   0.02016   0.19941   0.10252   0.14233   0.05971   0.07232   0.01629   0.01114   0.09168   0.09789   0.07592   0.08783   0.10869   0.07619   0.03426   0.00000   0.14871   0.39407   0.20135   0.14225   0.18641   0.09356   0.02767   0.09337   0.09686   0.01661   0.04551   0.08255   0.12433   0.06986   0.05124   0.10323   0.06015   0.04276   1.72511   0.64135   0.93882   0.80159   0.60577  
  4 3170.2477  16794.326857  x:  0.96189   0.02186   0.17824   0.03152   0.16902   0.01960   0.20918   0.09462   0.14567   0.04201   0.07015   0.01449   0.01185   0.09363   0.09910   0.07201   0.08979   0.10959   0.06462   0.03308   0.00000   0.14684   0.42564   0.20705   0.15044   0.19632   0.09019   0.04816   0.08460   0.09991   0.01436   0.03561   0.08221   0.12980   0.07078   0.04715   0.10066   0.05925   0.03026   1.71725   0.63799   0.93849   0.80385   0.61528  
  5 2305.5205  16750.277057  x:  1.01817   0.01173   0.17425   0.05003   0.16533   0.02246   0.21940   0.07593   0.14652   0.02364   0.06328   0.01675   0.01388   0.09386   0.09692   0.06559   0.09239   0.11099   0.04448   0.03213   0.00000   0.13558   0.47351   0.20776   0.15724   0.20818   0.07677   0.04866   0.06391   0.10357   0.01627   0.01901   0.07796   0.13637   0.07091   0.03820   0.09642   0.05822   0.00953   1.70268   0.63197   0.93810   0.80744   0.62985  
  6 2557.1413  16722.771433  x:  1.05863   0.00437   0.16846   0.05079   0.15962   0.02402   0.22381   0.06509   0.14578   0.03851   0.05845   0.01929   0.01505   0.09285   0.09400   0.06152   0.09378   0.11182   0.03127   0.03211   0.00000   0.12521   0.50361   0.20482   0.15944   0.21428   0.06621   0.05026   0.05462   0.10527   0.01853   0.00940   0.07428   0.13962   0.07054   0.03362   0.09372   0.05792   0.00122   1.69203   0.62782   0.93794   0.80977   0.63894  
  7 3270.7999  16708.919962  x:  1.08329   0.00000   0.16514   0.05183   0.15636   0.02493   0.22638   0.05948   0.14525   0.04423   0.05581   0.02057   0.01556   0.09223   0.09231   0.05917   0.09459   0.11231   0.02373   0.03217   0.00000   0.11919   0.52160   0.20307   0.16072   0.21787   0.06029   0.05104   0.05087   0.10623   0.01976   0.00482   0.07228   0.14151   0.07033   0.03158   0.09223   0.05791   0.00762   1.68553   0.62533   0.93786   0.81115   0.64431  
  8 7086.3998  16708.919962  x:  1.08329   0.00000   0.16514   0.05183   0.15636   0.02493   0.22638   0.05948   0.14525   0.04423   0.05581   0.02057   0.01556   0.09223   0.09231   0.05917   0.09459   0.11231   0.02373   0.03217   0.00000   0.11919   0.52160   0.20307   0.16072   0.21787   0.06029   0.05104   0.05087   0.10623   0.01976   0.00482   0.07228   0.14151   0.07033   0.03158   0.09223   0.05791   0.00762   1.68553   0.62533   0.93786   0.81115   0.64431  
  9 2069.7627  15189.541770  x:  1.17569   0.01135   0.39455   0.61782   0.35438   0.33483   0.34531   0.32879   0.24875   0.40065   0.15275   0.11760   0.00000   0.13799   0.16283   0.05825   0.10317   0.11422   0.04128   0.02837   0.00000   0.32067   0.65390   0.36756   0.21935   0.30338   0.20587   0.51358   0.42228   0.13149   0.14561   0.11823   0.15475   0.17885   0.09397   0.15989   0.09438   0.05716   0.06683   1.66860   0.62726   0.93641   0.82114   0.67849  
 10 5479.2404  15129.909570  x:  1.20504   0.00000   0.40949   0.62254   0.36768   0.33511   0.36060   0.33305   0.25570   0.39941   0.14963   0.10452   0.04746   0.14209   0.16846   0.05750   0.10396   0.11482   0.03392   0.03027   0.00000   0.33588   0.68877   0.38854   0.23605   0.31574   0.20999   0.51274   0.42091   0.12956   0.13470   0.09934   0.15484   0.18358   0.09202   0.15072   0.09080   0.05606   0.04718   1.66398   0.63028   0.93647   0.82249   0.68241  
 11 1155.3053  15011.735119  x:  1.27860   0.00000   0.44323   0.62609   0.39742   0.33063   0.39633   0.33914   0.27090   0.39075   0.14150   0.06965   0.03173   0.14784   0.17817   0.05603   0.10553   0.11413   0.02375   0.03074   0.00000   0.36980   0.77284   0.43667   0.27337   0.34421   0.21730   0.50368   0.41181   0.12536   0.10587   0.04956   0.15396   0.19408   0.08763   0.12667   0.08363   0.05461   0.00000   1.65265   0.63762   0.93685   0.82588   0.69038  
 12 2162.8642  14915.885379  x:  1.35098   0.00000   0.47557   0.62715   0.42592   0.32481   0.43108   0.34397   0.28544   0.38066   0.13315   0.03498   0.01830   0.15333   0.18743   0.05461   0.10703   0.11350   0.01414   0.03129   0.00000   0.40240   0.85530   0.48344   0.30982   0.37191   0.22386   0.49270   0.40121   0.12120   0.07691   0.00000   0.15277   0.20425   0.08328   0.10246   0.07704   0.05380   0.00320   1.64151   0.64484   0.93726   0.82919   0.69806  
 13 9658.8503  14834.903860  x:  1.45789   0.00000   0.51798   0.61845   0.46248   0.30866   0.47751   0.34503   0.30323   0.35960   0.12486   0.00000   0.00464   0.15881   0.19728   0.05368   0.10840   0.11364   0.04009   0.03288   0.00000   0.44413   0.97070   0.54523   0.35446   0.40812   0.22879   0.46813   0.37878   0.11969   0.03989   0.04279   0.15400   0.21855   0.08032   0.07196   0.07641   0.05464   0.00602   1.62543   0.65388   0.93865   0.83423   0.70609  
 14 2544.8326  14802.223299  x:  1.49806   0.00000   0.53292   0.61342   0.47512   0.30114   0.49390   0.34432   0.30917   0.35116   0.12440   0.01762   0.00000   0.16034   0.20016   0.05344   0.10880   0.11390   0.04703   0.03256   0.00000   0.45852   1.01264   0.56690   0.36912   0.42069   0.22969   0.45757   0.36939   0.12030   0.02934   0.05267   0.15408   0.22307   0.08008   0.06331   0.07723   0.05517   0.00684   1.61950   0.65681   0.93941   0.83617   0.70834  
 15 4183.3574  14802.223299  x:  1.49806   0.00000   0.53292   0.61342   0.47512   0.30114   0.49390   0.34432   0.30917   0.35116   0.12440   0.01762   0.00000   0.16034   0.20016   0.05344   0.10880   0.11390   0.04703   0.03256   0.00000   0.45852   1.01264   0.56690   0.36912   0.42069   0.22969   0.45757   0.36939   0.12030   0.02934   0.05267   0.15408   0.22307   0.08008   0.06331   0.07723   0.05517   0.00684   1.61950   0.65681   0.93941   0.83617   0.70834  
 16 863.1951  14785.894509  x:  1.52170   0.00000   0.54259   0.61781   0.48218   0.29857   0.50105   0.34588   0.31175   0.35197   0.13080   0.04146   0.05486   0.16099   0.20078   0.05430   0.10842   0.11451   0.03603   0.03026   0.00000   0.46589   1.03219   0.57604   0.36908   0.42509   0.22972   0.45844   0.37023   0.12693   0.04875   0.03569   0.15453   0.22267   0.08454   0.07774   0.08209   0.05630   0.04015   1.61642   0.65655   0.94067   0.83758   0.70660  
 17 921.9143  14749.216812  x:  1.57965   0.00000   0.56624   0.62833   0.49912   0.29147   0.51825   0.34911   0.31799   0.35299   0.13998   0.05466   0.04780   0.15894   0.19968   0.05584   0.10748   0.11480   0.02102   0.02683   0.00000   0.48384   1.07966   0.59813   0.36821   0.43553   0.22943   0.46051   0.37181   0.13713   0.07036   0.00000   0.15607   0.22170   0.09139   0.09948   0.08897   0.05613   0.02675   1.60904   0.65665   0.94346   0.84078   0.70196  
 18 613.5831  14688.955819  x:  1.73561   0.00000   0.62979   0.65624   0.54404   0.27090   0.56390   0.35700   0.33432   0.35545   0.16131   0.08456   0.03418   0.15405   0.19699   0.05901   0.10522   0.11534   0.00604   0.02507   0.00000   0.53201   1.20668   0.65704   0.36439   0.46316   0.22803   0.46600   0.37565   0.16051   0.11888   0.02595   0.16389   0.22145   0.10595   0.14764   0.10601   0.05620   0.00226   1.58938   0.65734   0.95085   0.84895   0.68984  
 19 2072.1977  14628.316249  x:  1.91000   0.00000   0.70077   0.68706   0.59371   0.24665   0.61441   0.36511   0.35219   0.35784   0.18223   0.10852   0.00000   0.14848   0.19378   0.06184   0.10290   0.11575   0.03087   0.02665   0.00000   0.58574   1.34811   0.72248   0.35883   0.49365   0.22594   0.47204   0.37971   0.18333   0.16481   0.04069   0.17170   0.22083   0.11948   0.19511   0.12224   0.05684   0.01615   1.56758   0.65856   0.95897   0.85772   0.67637  
 20 7837.7179  14581.086452  x:  2.05517   0.00000   0.75902   0.70894   0.62965   0.21380   0.65123   0.36458   0.36296   0.35694   0.17715   0.07677   0.02504   0.14928   0.19343   0.05774   0.10342   0.11581   0.05652   0.03996   0.00000   0.62919   1.46060   0.77288   0.34134   0.51497   0.21890   0.47592   0.38088   0.17688   0.15006   0.03692   0.17237   0.21940   0.10862   0.18866   0.11159   0.05601   0.00000   1.55134   0.66356   0.96423   0.86119   0.66679  
 21 1358.0616  14495.107297  x:  2.33224   0.00000   0.87009   0.74994   0.69721   0.14850   0.72052   0.36209   0.38272   0.35455   0.16323   0.00000   0.05245   0.15094   0.19265   0.04926   0.10480   0.11555   0.05233   0.06147   0.00000   0.71188   1.67437   0.86833   0.30530   0.55491   0.20439   0.48309   0.38266   0.16014   0.11002   0.03534   0.17300   0.21672   0.08451   0.16800   0.08783   0.05434   0.00638   1.52082   0.67381   0.97394   0.86712   0.64877  
 22 12033.3441  14417.918244  x:  2.62389   0.00000   0.98642   0.78660   0.75965   0.05694   0.78526   0.34705   0.39633   0.35160   0.13974   0.04444   0.05954   0.15659   0.19384   0.04195   0.10926   0.11648   0.04549   0.06560   0.00000   0.79745   1.89164   0.96281   0.24407   0.59084   0.18003   0.48845   0.38163   0.11994   0.01711   0.03153   0.16739   0.21441   0.04714   0.09871   0.04878   0.05396   0.00972   1.49292   0.68680   0.98200   0.86920   0.63390  
 23 2818.1990  14381.993175  x:  2.71708   0.00000   1.02339   0.79091   0.77002   0.00000   0.79732   0.32690   0.39285   0.34718   0.12185   0.04657   0.06140   0.16090   0.19628   0.05012   0.11176   0.11571   0.04624   0.04761   0.00000   0.82335   1.95305   0.98674   0.19665   0.59605   0.16231   0.48753   0.37959   0.10737   0.02359   0.03090   0.16067   0.21533   0.06073   0.05151   0.06215   0.05565   0.00969   1.48947   0.69098   0.98175   0.86690   0.63284  
 24 1101.8442  14344.270043  x:  2.88231   0.00000   1.09085   0.78298   0.76843   0.00000   0.80244   0.25757   0.37230   0.33355   0.09062   0.04434   0.06433   0.16957   0.20217   0.04699   0.11344   0.11422   0.05054   0.00865   0.00000   0.86799   2.04483   1.01676   0.04984   0.59412   0.11157   0.48066   0.37133   0.09564   0.01046   0.03299   0.14561   0.21874   0.07377   0.06291   0.05821   0.05641   0.00939   1.49560   0.69556   0.97585   0.85827   0.63842  
 25 851.0133  14330.717824  x:  2.93498   0.00000   1.11253   0.77944   0.76658   0.00000   0.80320   0.23312   0.36502   0.32903   0.08208   0.04573   0.06378   0.17232   0.20403   0.04564   0.11401   0.11405   0.05017   0.01451   0.00000   0.88217   2.07286   1.02550   0.00000   0.59295   0.09519   0.47829   0.36864   0.09243   0.01289   0.03313   0.14094   0.21977   0.07413   0.06363   0.05545   0.05644   0.00948   1.49832   0.69684   0.97370   0.85531   0.64050  
 26 3599.3918  14330.717824  x:  2.93498   0.00000   1.11253   0.77944   0.76658   0.00000   0.80320   0.23312   0.36502   0.32903   0.08208   0.04573   0.06378   0.17232   0.20403   0.04564   0.11401   0.11405   0.05017   0.01451   0.00000   0.88217   2.07286   1.02550   0.00000   0.59295   0.09519   0.47829   0.36864   0.09243   0.01289   0.03313   0.14094   0.21977   0.07413   0.06363   0.05545   0.05644   0.00948   1.49832   0.69684   0.97370   0.85531   0.64050  
 27 398.4962  14299.298924  x:  2.94471   0.00000   1.11827   0.77720   0.76437   0.00000   0.80420   0.22325   0.36426   0.32894   0.10677   0.04697   0.03415   0.16834   0.20249   0.05284   0.11210   0.11472   0.03654   0.04868   0.00000   0.88579   2.07658   1.02663   0.00230   0.59415   0.09975   0.47829   0.37042   0.11862   0.09654   0.01828   0.14558   0.21994   0.08330   0.08275   0.08020   0.05658   0.03294   1.50097   0.69269   0.97312   0.85740   0.64077  
 28 934.7710  14287.976589  x:  2.95598   0.00000   1.12482   0.77459   0.76185   0.00000   0.80528   0.21262   0.36349   0.32885   0.12178   0.04686   0.00354   0.16460   0.20097   0.05566   0.11018   0.11474   0.02690   0.03911   0.00000   0.88990   2.08088   1.02788   0.00181   0.59538   0.10311   0.47831   0.37125   0.12724   0.09899   0.01052   0.15031   0.22007   0.08774   0.09247   0.08730   0.05590   0.01584   1.50390   0.68895   0.97254   0.85873   0.64113  
 29 399.9599  14282.477389  x:  2.98107   0.00000   1.13932   0.76885   0.75631   0.00000   0.80771   0.19045   0.36196   0.32892   0.14342   0.04677   0.01298   0.15964   0.19943   0.05823   0.10688   0.11528   0.02599   0.02796   0.00000   0.89899   2.09044   1.03062   0.00000   0.59807   0.10867   0.47823   0.37261   0.14014   0.09682   0.01783   0.15928   0.22068   0.09286   0.10445   0.09657   0.05621   0.01185   1.51023   0.68206   0.97132   0.86066   0.64209  
 30 233.6797  14276.240644  x:  3.03590   0.00000   1.17080   0.75649   0.74440   0.00000   0.81321   0.14638   0.35912   0.32947   0.17098   0.04284   0.00744   0.15124   0.19640   0.05846   0.10228   0.11574   0.03907   0.02622   0.00000   0.91875   2.11131   1.03646   0.00000   0.60395   0.11656   0.47774   0.37461   0.15580   0.07513   0.01624   0.17224   0.22126   0.09618   0.11526   0.10286   0.05761   0.03623   1.52373   0.67092   0.96861   0.86257   0.64367  
 31 487.1770  14269.651422  x:  3.10554   0.00000   1.21031   0.74134   0.72978   0.00000   0.82079   0.10332   0.35689   0.33147   0.18189   0.03851   0.01416   0.14733   0.19452   0.05573   0.10185   0.11572   0.03417   0.05307   0.00000   0.94353   2.13775   1.04357   0.00000   0.61150   0.11798   0.47649   0.37569   0.16481   0.06078   0.00460   0.17807   0.22133   0.09258   0.11244   0.09970   0.05604   0.02845   1.54001   0.66454   0.96521   0.86077   0.64453  
 32 407.9268  14264.734354  x:  3.17856   0.00000   1.25139   0.72597   0.71493   0.00000   0.82927   0.07069   0.35573   0.33453   0.18177   0.03700   0.00764   0.14646   0.19342   0.05332   0.10367   0.11524   0.02962   0.06943   0.00000   0.96929   2.16542   1.05080   0.00000   0.61959   0.11419   0.47488   0.37599   0.16900   0.05767   0.02564   0.17996   0.22201   0.08720   0.10353   0.09399   0.05520   0.02377   1.55641   0.66216   0.96180   0.85681   0.64476  
 33 725.4114  14240.288881  x:  3.50060   0.00000   1.43060   0.66193   0.65285   0.00000   0.87021   0.02192   0.35839   0.35345   0.15395   0.05612   0.00885   0.15510   0.19364   0.05777   0.11382   0.11369   0.03436   0.03263   0.00000   1.08168   2.28711   1.08135   0.00000   0.65670   0.07567   0.46726   0.37430   0.17064   0.08757   0.01199   0.16830   0.22208   0.07793   0.07180   0.07620   0.05960   0.02401   1.62435   0.66581   0.94849   0.83441   0.64271  
 34 569.8819  14209.508171  x:  4.02905   0.00000   1.72033   0.56521   0.55880   0.00000   0.93799   0.08448   0.37094   0.38327   0.13107   0.04355   0.00863   0.15817   0.19369   0.05324   0.11190   0.11389   0.03216   0.03794   0.00000   1.26336   2.48618   1.12891   0.00000   0.71599   0.02780   0.45881   0.37221   0.16746   0.08211   0.01473   0.16332   0.22357   0.09433   0.10038   0.08831   0.05452   0.02431   1.73012   0.66116   0.93094   0.80993   0.63733  
 35 1196.8928  14202.197543  x:  4.19080   0.00000   1.79338   0.56824   0.56156   0.00000   0.95133   0.10460   0.37148   0.37202   0.12994   0.04720   0.00814   0.16099   0.19919   0.06030   0.10619   0.11635   0.03319   0.03688   0.00000   1.30850   2.54491   1.13422   0.00000   0.72079   0.09581   0.46851   0.37687   0.13858   0.08913   0.01485   0.15553   0.22229   0.08464   0.09134   0.09295   0.06252   0.02209   1.74602   0.66404   0.93864   0.81852   0.62415  
 36 316.6245  14195.496335  x:  4.33856   0.00000   1.83273   0.61496   0.60761   0.00000   0.94601   0.10742   0.36587   0.33891   0.13744   0.04453   0.00898   0.16069   0.20317   0.04352   0.10784   0.11506   0.02559   0.03175   0.00000   1.33099   2.59507   1.12313   0.00000   0.69890   0.09275   0.47767   0.37258   0.11918   0.09501   0.01414   0.15481   0.22069   0.09204   0.09222   0.08384   0.03929   0.02672   1.73597   0.67364   0.96053   0.84052   0.60627  
 37 181.9185  14188.554471  x:  4.52082   0.00000   1.87315   0.67858   0.67029   0.00000   0.93532   0.11192   0.35900   0.29925   0.14325   0.04346   0.00799   0.16006   0.20663   0.05118   0.11159   0.11391   0.04206   0.03674   0.00000   1.35351   2.65593   1.10503   0.00000   0.66716   0.07371   0.48796   0.36621   0.11007   0.09850   0.01513   0.15590   0.21918   0.09723   0.09522   0.08000   0.06051   0.01818   1.71744   0.68851   0.98779   0.86589   0.58911  
 38 680.2060  14185.626118  x:  4.59793   0.00000   1.88199   0.70561   0.69670   0.00000   0.92808   0.11549   0.35782   0.29313   0.13684   0.04651   0.00871   0.16046   0.20561   0.06350   0.11023   0.11485   0.02636   0.03565   0.00000   1.35812   2.68064   1.09319   0.00000   0.65308   0.06907   0.49144   0.36542   0.12357   0.09095   0.01487   0.15612   0.21931   0.08782   0.09172   0.08879   0.06546   0.02515   1.70484   0.69751   0.99583   0.87029   0.59143  
 39 304.8471  14183.502719  x:  4.66429   0.00000   1.88033   0.72642   0.71670   0.00000   0.91945   0.11830   0.35894   0.30133   0.12756   0.04970   0.00782   0.16121   0.20221   0.06192   0.10601   0.11646   0.03694   0.03626   0.00000   1.35675   2.70066   1.07844   0.00000   0.64217   0.07226   0.49303   0.36726   0.14322   0.08904   0.01472   0.15567   0.22038   0.07927   0.08939   0.09771   0.05506   0.02082   1.69007   0.70468   0.99783   0.86796   0.60074  
 40 230.7972  14181.094924  x:  4.74950   0.00000   1.86110   0.74492   0.73375   0.00000   0.90480   0.11738   0.36321   0.32988   0.12048   0.04608   0.00804   0.16258   0.19684   0.04766   0.10525   0.11643   0.03355   0.03421   0.00000   1.34532   2.72391   1.05130   0.00000   0.63236   0.08100   0.49115   0.37201   0.15142   0.08992   0.01437   0.15379   0.22265   0.09098   0.09312   0.08932   0.06609   0.02151   1.66722   0.70491   0.99127   0.85891   0.61238  
 41 155.1285  14178.084776  x:  4.87136   0.00000   1.81833   0.76053   0.74699   0.00000   0.88225   0.11775   0.36972   0.37144   0.12772   0.04779   0.00808   0.16332   0.19399   0.06810   0.11228   0.11490   0.03440   0.03656   0.00000   1.32082   2.75478   1.00564   0.00000   0.62386   0.08313   0.48420   0.37749   0.13918   0.09068   0.01521   0.15315   0.22447   0.09821   0.09553   0.07841   0.05727   0.02207   1.63549   0.69218   0.97521   0.84733   0.61528  
 42 226.2817  14175.048514  x:  4.99662   0.00000   1.76053   0.76479   0.74869   0.00000   0.86009   0.11883   0.37334   0.39567   0.13664   0.04625   0.00796   0.16174   0.19719   0.05911   0.11037   0.11446   0.03389   0.03521   0.00000   1.28923   2.78415   0.95378   0.00000   0.62123   0.07609   0.47526   0.37989   0.12108   0.09245   0.01444   0.15551   0.22315   0.08116   0.08885   0.09631   0.06206   0.02181   1.60780   0.67307   0.95605   0.84018   0.60118  
 43 242.7314  14170.574530  x:  5.19619   0.00000   1.63864   0.74495   0.72460   0.00000   0.83568   0.12244   0.36742   0.36536   0.12037   0.04612   0.00766   0.15995   0.21125   0.06155   0.09973   0.11861   0.03422   0.03357   0.00000   1.22911   2.82550   0.86571   0.00000   0.63278   0.08414   0.46753   0.37795   0.13895   0.09225   0.01445   0.15563   0.21647   0.08620   0.09355   0.08670   0.06024   0.02144   1.58069   0.66420   0.93331   0.83304   0.56865  
 44 158.9215  14167.906979  x:  5.32479   0.00000   1.55034   0.72623   0.70344   0.00000   0.82869   0.12969   0.36306   0.33224   0.12950   0.05806   0.00742   0.16240   0.20676   0.05606   0.11661   0.11421   0.03411   0.03515   0.00000   1.19123   2.84999   0.81335   0.00000   0.64195   0.08798   0.46778   0.37470   0.13860   0.09031   0.01469   0.15374   0.21786   0.08912   0.08921   0.08748   0.06077   0.02182   1.57008   0.66913   0.93669   0.82741   0.59344  
 45 207.1799  14167.121684  x:  5.36219   0.00000   1.52077   0.72050   0.69726   0.00000   0.83016   0.12870   0.36266   0.32552   0.12803   0.04431   0.00786   0.16314   0.20176   0.05930   0.11317   0.11405   0.03450   0.03258   0.00000   1.18159   2.85572   0.80148   0.00000   0.64286   0.08785   0.46980   0.37376   0.13445   0.09304   0.01412   0.15362   0.22008   0.08665   0.08909   0.08745   0.05991   0.02151   1.57155   0.67111   0.94370   0.83090   0.60535  
 46 130.1629  14166.551809  x:  5.39273   0.00000   1.49091   0.71644   0.69333   0.00000   0.83668   0.12731   0.36400   0.32957   0.12586   0.05097   0.00773   0.16276   0.19671   0.05983   0.10148   0.11686   0.03390   0.03359   0.00000   1.17658   2.85776   0.79807   0.00000   0.64026   0.08575   0.47385   0.37343   0.12986   0.09339   0.01427   0.15442   0.22259   0.08609   0.09226   0.08601   0.06024   0.02152   1.58097   0.67450   0.95513   0.84229   0.61016  
 47 66.3763  14165.834151  x:  5.43465   0.00000   1.44409   0.71305   0.69091   0.00000   0.85063   0.12709   0.36726   0.34419   0.12554   0.04912   0.00783   0.16095   0.19728   0.05934   0.11110   0.11591   0.03428   0.03345   0.00000   1.17386   2.85674   0.80230   0.00000   0.63322   0.08637   0.48075   0.37444   0.13348   0.09198   0.01413   0.15517   0.22286   0.08839   0.08944   0.08896   0.06013   0.02147   1.60322   0.68588   0.97101   0.85900   0.60295  
 48 65.7187  14165.620102  x:  5.44898   0.00000   1.42699   0.71478   0.69372   0.00000   0.85529   0.12813   0.36708   0.34612   0.13052   0.04828   0.00783   0.16273   0.20283   0.05874   0.10910   0.11404   0.03423   0.03333   0.00000   1.17590   2.85344   0.81065   0.00000   0.63078   0.08612   0.48039   0.37513   0.13462   0.09196   0.01428   0.15365   0.22010   0.08403   0.09117   0.08522   0.06065   0.02165   1.61274   0.68916   0.97201   0.85316   0.60274  
 49 29.3919  14165.328068  x:  5.47090   0.00000   1.40114   0.71998   0.70134   0.00000   0.86068   0.12710   0.36528   0.34385   0.12823   0.04851   0.00763   0.16420   0.20733   0.05965   0.10719   0.11574   0.03433   0.03368   0.00000   1.18118   2.84514   0.82981   0.00000   0.62837   0.08620   0.47718   0.37620   0.13247   0.09116   0.01434   0.15343   0.21744   0.08972   0.08919   0.08992   0.06010   0.02151   1.62737   0.68345   0.96667   0.84340   0.60553  
 50 37.4281  14165.130512  x:  5.48677   0.00000   1.38436   0.72370   0.70710   0.00000   0.86267   0.12847   0.36447   0.34089   0.12585   0.04925   0.00773   0.16218   0.20290   0.05911   0.11034   0.11605   0.03420   0.03313   0.00000   1.18496   2.83714   0.84587   0.00000   0.62859   0.08697   0.47460   0.37663   0.13339   0.09183   0.01416   0.15518   0.21949   0.08621   0.09121   0.08719   0.06042   0.02138   1.63621   0.67555   0.95840   0.84231   0.60696  
 51 41.9709  14165.050734  x:  5.49440   0.00000   1.37960   0.72399   0.70854   0.00000   0.86080   0.12939   0.36519   0.33998   0.12806   0.04886   0.00787   0.16166   0.19816   0.05932   0.10830   0.11441   0.03424   0.03322   0.00000   1.18521   2.83095   0.85442   0.00000   0.63088   0.08684   0.47416   0.37595   0.13401   0.09155   0.01417   0.15413   0.22221   0.08732   0.08840   0.08701   0.06043   0.02135   1.63666   0.67770   0.95456   0.84224   0.60533  
 52 16.2833  14164.842192  x:  5.51747   0.00000   1.37331   0.72132   0.70935   0.00000   0.85050   0.12670   0.36805   0.33962   0.12668   0.04901   0.00791   0.16388   0.19598   0.05939   0.11024   0.11660   0.03425   0.03332   0.00000   1.18124   2.80722   0.88041   0.00000   0.64026   0.08705   0.47537   0.37325   0.13192   0.09043   0.01416   0.15187   0.22512   0.08645   0.09371   0.08939   0.06019   0.02145   1.62902   0.68286   0.95708   0.84122   0.60223  
 53 17.8742  14164.520374  x:  5.55396   0.00000   1.36786   0.71590   0.70887   0.00000   0.83638   0.12851   0.37101   0.34056   0.12777   0.04880   0.00774   0.16333   0.20122   0.05908   0.10919   0.11594   0.03415   0.03317   0.00000   1.17183   2.76795   0.91962   0.00000   0.65224   0.08661   0.47768   0.37071   0.13462   0.08986   0.01410   0.15561   0.22299   0.08697   0.08945   0.08716   0.06038   0.02117   1.61532   0.67966   0.96547   0.84581   0.60303  
 54 58.6941  14164.222475  x:  5.58835   0.00000   1.37216   0.71065   0.70577   0.00000   0.83603   0.12783   0.36443   0.34060   0.12632   0.04904   0.00785   0.15814   0.20436   0.05930   0.10871   0.11150   0.03409   0.03307   0.00000   1.15274   2.72742   0.94713   0.00000   0.64677   0.08620   0.47796   0.37481   0.13264   0.08901   0.01435   0.15335   0.21459   0.08710   0.09153   0.08823   0.06016   0.02100   1.60734   0.68428   0.95987   0.85303   0.60686  
 55 27.1996  14163.703915  x:  5.64866   0.00000   1.38599   0.70291   0.69953   0.00000   0.84499   0.13011   0.35416   0.33932   0.12982   0.04797   0.00775   0.16220   0.20027   0.05873   0.10965   0.12274   0.03399   0.03279   0.00000   1.11184   2.65435   0.98714   0.00000   0.62844   0.08575   0.47704   0.38172   0.13362   0.08716   0.01434   0.15393   0.21498   0.08686   0.08934   0.08652   0.06016   0.02079   1.59956   0.68421   0.95959   0.85188   0.60495  
 56 64.4029  14163.385531  x:  5.68442   0.00000   1.39623   0.70065   0.69702   0.00000   0.85253   0.12961   0.35436   0.33781   0.12761   0.04875   0.00779   0.16410   0.19850   0.05881   0.10918   0.11308   0.03397   0.03279   0.00000   1.08513   2.61088   1.00691   0.00000   0.61905   0.08666   0.47649   0.38204   0.13389   0.08584   0.01409   0.15534   0.22171   0.08716   0.09075   0.08756   0.05991   0.02061   1.59912   0.68020   0.96348   0.84682   0.60200  
 57 80.4652  14163.062202  x:  5.71884   0.00000   1.40968   0.70553   0.69903   0.00000   0.86108   0.12834   0.37045   0.33624   0.12812   0.04856   0.00786   0.15724   0.20360   0.05871   0.10906   0.11632   0.03387   0.03272   0.00000   1.05640   2.57054   1.01705   0.00000   0.62186   0.08704   0.47659   0.37204   0.13390   0.08459   0.01405   0.15425   0.22555   0.08722   0.09064   0.08741   0.05991   0.02040   1.60962   0.68058   0.95990   0.84569   0.60492  
 58 31.5076  14162.878505  x:  5.73646   0.00000   1.41739   0.71100   0.70167   0.00000   0.86328   0.12780   0.37341   0.33708   0.12852   0.04833   0.00773   0.16578   0.20030   0.05870   0.10902   0.11517   0.03386   0.03283   0.00000   1.04300   2.55223   1.01797   0.00000   0.63076   0.08706   0.47702   0.36868   0.13464   0.08338   0.01419   0.15568   0.21803   0.08733   0.09116   0.08774   0.05993   0.02032   1.61986   0.67987   0.95822   0.84776   0.60572  
 59 24.1597  14162.619305  x:  5.75725   0.00000   1.42635   0.71928   0.70487   0.00000   0.86062   0.12859   0.36178   0.34031   0.12839   0.04821   0.00796   0.15858   0.19679   0.05888   0.10907   0.11561   0.03377   0.03271   0.00000   1.03356   2.53650   1.01371   0.00000   0.64724   0.08599   0.47764   0.37358   0.13446   0.08221   0.01428   0.15465   0.21613   0.08713   0.09091   0.08772   0.06004   0.02005   1.63536   0.68008   0.96385   0.84399   0.60519  
 60 16.3731  14162.354809  x:  5.77539   0.00000   1.43259   0.72400   0.70475   0.00000   0.85537   0.12891   0.35379   0.34167   0.12885   0.04785   0.00771   0.16340   0.20511   0.05873   0.10881   0.11547   0.03371   0.03272   0.00000   1.03530   2.53002   1.00782   0.00000   0.65457   0.08486   0.47779   0.38026   0.13454   0.08053   0.01396   0.15586   0.22754   0.08722   0.09111   0.08797   0.06004   0.01985   1.64603   0.68197   0.96128   0.84890   0.60816  
 61 14.9590  14158.512897  x:  6.00119   0.00000   1.48615   0.73551   0.66225   0.00000   0.78984   0.13043   0.38338   0.32664   0.13209   0.04660   0.00781   0.16127   0.19933   0.05723   0.10837   0.11548   0.03266   0.03103   0.00000   1.17018   2.53068   0.92478   0.00000   0.61865   0.08262   0.47563   0.41157   0.13719   0.05938   0.01416   0.15015   0.22072   0.08836   0.09256   0.08779   0.05887   0.01659   1.70963   0.67924   0.97062   0.85135   0.61031  
 62 15.9477  14156.696519  x:  6.11048   0.00000   1.50751   0.73632   0.65318   0.00000   0.80169   0.13053   0.36928   0.32946   0.13051   0.04613   0.00773   0.15677   0.19803   0.05696   0.10801   0.11559   0.03177   0.03050   0.00000   1.23874   2.54451   0.88894   0.00000   0.61612   0.08531   0.47842   0.38134   0.13300   0.05092   0.01297   0.18145   0.21993   0.08828   0.09338   0.08719   0.05819   0.01496   1.71074   0.69084   0.96701   0.84553   0.60896  
 63 66.6488  14155.003584  x:  6.20617   0.00000   1.52443   0.73456   0.65293   0.00000   0.83354   0.12871   0.35197   0.33375   0.13536   0.04422   0.00771   0.15801   0.19911   0.05629   0.10732   0.11530   0.03138   0.03037   0.00000   1.29734   2.56405   0.86091   0.00000   0.62416   0.08525   0.48134   0.35056   0.13891   0.03987   0.01372   0.16108   0.22251   0.08895   0.09516   0.08862   0.05781   0.01369   1.69824   0.68007   0.96772   0.85031   0.60712  
 64 107.6967  14154.159693  x:  6.25497   0.00000   1.53190   0.72810   0.66709   0.00000   0.87413   0.12531   0.36563   0.32861   0.13640   0.04367   0.00768   0.15730   0.19862   0.05609   0.10676   0.11533   0.03102   0.03068   0.00000   1.31746   2.58807   0.85449   0.00000   0.64559   0.08014   0.48110   0.37978   0.13913   0.03457   0.01374   0.16459   0.22213   0.08910   0.09617   0.08920   0.05762   0.01297   1.67806   0.68124   0.96774   0.85043   0.60307  
 65 31.2741  14153.054290  x:  6.31506   0.00000   1.55332   0.65980   0.72921   0.00000   0.85921   0.12665   0.36433   0.32811   0.13808   0.04311   0.00732   0.15659   0.19826   0.05573   0.10660   0.11528   0.03044   0.03042   0.00000   1.23602   2.72655   0.91972   0.00000   0.63799   0.08238   0.47217   0.37688   0.14006   0.03218   0.01344   0.16599   0.22232   0.08955   0.09712   0.08952   0.05722   0.01202   1.70439   0.68219   0.97067   0.85187   0.60257  
 66  7.8133  14152.584424  x:  6.34454   0.00000   1.55965   0.67915   0.70679   0.00000   0.85928   0.12640   0.36406   0.32750   0.13918   0.04282   0.00704   0.15628   0.19811   0.05559   0.10638   0.11528   0.03012   0.03047   0.00000   1.20067   2.78900   0.95650   0.00000   0.63721   0.07909   0.50763   0.37860   0.14034   0.03241   0.01330   0.16630   0.22243   0.08978   0.09776   0.08984   0.05703   0.01164   1.70783   0.67756   0.96369   0.84655   0.60090  
 67 10.9606  14151.866744  x:  6.39298   0.00000   1.56807   0.73049   0.65330   0.00000   0.86613   0.12588   0.36389   0.32693   0.14123   0.04218   0.00659   0.15558   0.19784   0.05540   0.10610   0.11524   0.02959   0.03072   0.00000   1.15520   2.87602   1.01005   0.00000   0.64047   0.08111   0.47907   0.37717   0.14169   0.03307   0.01307   0.16721   0.22249   0.09023   0.09906   0.09056   0.05673   0.01114   1.70741   0.68062   0.96900   0.85128   0.59910  
 68 22.4738  14148.206844  x:  6.78107   0.00000   1.61785   0.68464   0.69130   0.00000   0.90409   0.12209   0.36189   0.32491   0.15587   0.03832   0.00293   0.15183   0.19599   0.05468   0.10389   0.11511   0.02587   0.03320   0.00000   1.27260   2.91290   0.94468   0.00000   0.65305   0.07864   0.48180   0.37632   0.14849   0.05574   0.01138   0.16906   0.22304   0.09322   0.10833   0.09615   0.05496   0.00932   1.71127   0.67463   0.96881   0.85323   0.59462  
 69  2.8464  14143.829686  x:  7.59340   0.00000   1.66530   0.67056   0.68907   0.00000   0.92805   0.12081   0.36150   0.33112   0.15307   0.04212   0.01271   0.15498   0.19794   0.05385   0.10532   0.11500   0.02852   0.02713   0.00000   1.33146   3.08013   0.91843   0.00000   0.66251   0.07218   0.48030   0.37359   0.14300   0.06596   0.01229   0.16373   0.22241   0.09310   0.10641   0.09270   0.05424   0.02307   1.71998   0.67238   0.96371   0.84934   0.58323  
 70  1.0293  14139.187828  x:  8.95186   0.00000   1.62328   0.69152   0.65640   0.00000   0.86726   0.11523   0.36552   0.35083   0.13219   0.04681   0.01095   0.16233   0.20129   0.05482   0.10986   0.11548   0.02892   0.03609   0.00000   1.35182   3.07587   0.84426   0.00000   0.64629   0.06821   0.47543   0.37665   0.13668   0.06048   0.01736   0.15673   0.22124   0.08728   0.09362   0.08577   0.05499   0.01512   1.73492   0.67514   0.94966   0.83650   0.58011  
 71  0.7547  14137.078672  x:  9.93575   0.00000   1.61951   0.69474   0.65954   0.00000   0.87144   0.10646   0.36534   0.34358   0.13913   0.04585   0.00499   0.15778   0.19858   0.05671   0.10762   0.11541   0.03140   0.02578   0.00000   1.35068   3.05242   0.85642   0.00000   0.65146   0.06862   0.47732   0.37764   0.14345   0.05474   0.01309   0.16302   0.22185   0.09131   0.09669   0.09011   0.05716   0.01536   1.73801   0.67548   0.95534   0.84271   0.58285  
 72  0.6990  14136.082945  x: 10.85256   0.00000   1.62858   0.68461   0.67755   0.00000   0.89243   0.09976   0.36306   0.33471   0.14539   0.04119   0.00754   0.15377   0.19644   0.05572   0.10606   0.11520   0.02978   0.03348   0.00000   1.34615   3.04324   0.87972   0.00000   0.65741   0.07156   0.47919   0.37687   0.14788   0.05559   0.01327   0.16620   0.22263   0.09144   0.09946   0.09171   0.05702   0.01402   1.73619   0.67270   0.95950   0.84790   0.58394  
 73  0.8252  14135.286113  x: 12.40060   0.00000   1.64127   0.68171   0.68794   0.00000   0.90849   0.09926   0.36277   0.33681   0.14017   0.04670   0.00739   0.15927   0.19947   0.05568   0.10828   0.11507   0.02897   0.02944   0.00000   1.31655   3.05211   0.91015   0.00000   0.65969   0.07307   0.47918   0.37546   0.14117   0.05884   0.01321   0.15918   0.22225   0.08776   0.09324   0.08666   0.05666   0.01388   1.73401   0.67346   0.95687   0.84473   0.57907  
 74  0.7724  14134.867421  x: 13.76279   0.00000   1.63543   0.68929   0.67520   0.00000   0.88850   0.09979   0.36341   0.34087   0.14311   0.04424   0.00608   0.15742   0.19889   0.05552   0.10759   0.11534   0.02961   0.03132   0.00000   1.30424   3.03455   0.90562   0.00000   0.65240   0.07366   0.47911   0.37639   0.14185   0.05748   0.01415   0.16292   0.22198   0.08900   0.09567   0.08889   0.05585   0.01730   1.74172   0.67259   0.95407   0.84359   0.57861  
 75  0.8286  14134.591690  x: 15.26937   0.00000   1.62988   0.69007   0.67096   0.00000   0.88193   0.10285   0.36400   0.34020   0.14283   0.04324   0.00840   0.15610   0.19801   0.05571   0.10689   0.11537   0.03085   0.02957   0.00000   1.31638   3.01241   0.89127   0.00000   0.65283   0.07195   0.47879   0.37681   0.14311   0.05837   0.01327   0.16381   0.22201   0.09044   0.09712   0.09025   0.05629   0.01452   1.74203   0.67308   0.95548   0.84514   0.58075  
 76  0.9550  14134.406962  x: 17.25975   0.00000   1.63130   0.68725   0.67654   0.00000   0.89507   0.10729   0.36340   0.33638   0.14059   0.04478   0.00738   0.15759   0.19849   0.05573   0.10760   0.11510   0.02891   0.03096   0.00000   1.31975   3.02612   0.89921   0.00000   0.65746   0.07176   0.47851   0.37595   0.14320   0.05784   0.01404   0.16112   0.22231   0.08982   0.09691   0.08872   0.05699   0.01519   1.73665   0.67318   0.95683   0.84550   0.58139  
 77  0.9503  14134.330776  x: 19.31440   0.00000   1.62933   0.68573   0.67672   0.00000   0.89027   0.10834   0.36381   0.34049   0.14178   0.04361   0.00708   0.15730   0.19865   0.05555   0.10722   0.11539   0.03039   0.03040   0.00000   1.31645   3.03660   0.89542   0.00000   0.65351   0.07253   0.47868   0.37686   0.14208   0.05747   0.01352   0.16267   0.22209   0.09003   0.09755   0.08989   0.05584   0.01493   1.73955   0.67207   0.95394   0.84396   0.57908  
 78  0.9151  14134.287086  x: 21.97411   0.00000   1.63120   0.68746   0.67514   0.00000   0.88877   0.10765   0.36376   0.33750   0.14154   0.04425   0.00743   0.15679   0.19836   0.05562   0.10712   0.11523   0.02899   0.03050   0.00000   1.32057   3.03985   0.89383   0.00000   0.65476   0.07265   0.47893   0.37646   0.14298   0.05753   0.01350   0.16227   0.22213   0.09024   0.09738   0.08957   0.05700   0.01510   1.74089   0.67360   0.95682   0.84584   0.58052  
 79  0.8751  14134.265240  x: 24.25003   0.00000   1.63069   0.68717   0.67678   0.00000   0.89147   0.10605   0.36356   0.33857   0.14156   0.04408   0.00733   0.15741   0.19857   0.05570   0.10742   0.11525   0.03017   0.03059   0.00000   1.32103   3.03785   0.89427   0.00000   0.65520   0.07237   0.47862   0.37648   0.14245   0.05774   0.01378   0.16200   0.22218   0.08982   0.09689   0.08920   0.05619   0.01505   1.73872   0.67232   0.95502   0.84471   0.58000  
 80  1.0802  14134.257523  x: 26.66348   0.00000   1.63091   0.68683   0.67574   0.00000   0.89021   0.10527   0.36368   0.33933   0.14180   0.04409   0.00733   0.15712   0.19849   0.05561   0.10730   0.11530   0.02954   0.03045   0.00000   1.31963   3.03429   0.89448   0.00000   0.65431   0.07237   0.47880   0.37658   0.14278   0.05763   0.01357   0.16256   0.22212   0.08984   0.09690   0.08951   0.05652   0.01506   1.73977   0.67281   0.95515   0.84473   0.57984  
 81  1.0541  14134.253394  x: 29.45244   0.00000   1.63149   0.68713   0.67587   0.00000   0.89094   0.10580   0.36356   0.33816   0.14157   0.04416   0.00734   0.15715   0.19848   0.05568   0.10736   0.11522   0.02988   0.03055   0.00000   1.31909   3.03467   0.89603   0.00000   0.65533   0.07222   0.47865   0.37639   0.14278   0.05772   0.01370   0.16204   0.22217   0.08995   0.09690   0.08919   0.05636   0.01508   1.73979   0.67275   0.95573   0.84514   0.58029  
 82  1.0082  14134.251504  x: 32.12994   0.00000   1.63080   0.68705   0.67629   0.00000   0.89058   0.10615   0.36367   0.33915   0.14165   0.04405   0.00733   0.15726   0.19850   0.05561   0.10733   0.11529   0.02970   0.03051   0.00000   1.31891   3.03449   0.89527   0.00000   0.65461   0.07237   0.47874   0.37655   0.14262   0.05769   0.01363   0.16237   0.22215   0.08988   0.09702   0.08947   0.05643   0.01505   1.73942   0.67258   0.95497   0.84464   0.57993  
 83  1.1417  14134.250835  x: 34.62632   0.00000   1.63093   0.68685   0.67573   0.00000   0.89057   0.10620   0.36363   0.33850   0.14163   0.04412   0.00733   0.15712   0.19851   0.05566   0.10732   0.11525   0.02978   0.03052   0.00000   1.31921   3.03477   0.89525   0.00000   0.65482   0.07239   0.47874   0.37650   0.14270   0.05767   0.01365   0.16221   0.22214   0.08995   0.09702   0.08936   0.05639   0.01507   1.73963   0.67282   0.95559   0.84505   0.58003  
 84  1.0154  14134.250482  x: 37.50797   0.00000   1.63088   0.68723   0.67628   0.00000   0.89066   0.10605   0.36365   0.33889   0.14164   0.04407   0.00733   0.15724   0.19849   0.05563   0.10733   0.11527   0.02974   0.03052   0.00000   1.31941   3.03514   0.89511   0.00000   0.65481   0.07236   0.47868   0.37651   0.14265   0.05768   0.01365   0.16228   0.22216   0.08989   0.09698   0.08940   0.05643   0.01506   1.73947   0.67259   0.95516   0.84477   0.58005  
 85  1.0982  14134.250346  x: 40.02435   0.00000   1.63095   0.68685   0.67588   0.00000   0.89059   0.10603   0.36363   0.33870   0.14165   0.04412   0.00733   0.15717   0.19852   0.05565   0.10733   0.11527   0.02976   0.03052   0.00000   1.31940   3.03510   0.89508   0.00000   0.65476   0.07237   0.47877   0.37651   0.14269   0.05767   0.01365   0.16228   0.22214   0.08992   0.09698   0.08938   0.05640   0.01506   1.73960   0.67275   0.95538   0.84491   0.57998  
 86  1.1117  14134.250284  x: 42.96044   0.00000   1.63095   0.68712   0.67613   0.00000   0.89064   0.10604   0.36364   0.33879   0.14164   0.04408   0.00733   0.15720   0.19849   0.05564   0.10732   0.11526   0.02975   0.03052   0.00000   1.31937   3.03512   0.89518   0.00000   0.65482   0.07235   0.47868   0.37650   0.14268   0.05768   0.01365   0.16225   0.22216   0.08991   0.09698   0.08938   0.05642   0.01507   1.73956   0.67265   0.95530   0.84486   0.58005  
 87  1.0893  14134.250256  x: 45.85905   0.00000   1.63093   0.68696   0.67599   0.00000   0.89061   0.10606   0.36364   0.33875   0.14164   0.04411   0.00733   0.15719   0.19851   0.05564   0.10733   0.11527   0.02975   0.03052   0.00000   1.31931   3.03495   0.89515   0.00000   0.65478   0.07236   0.47875   0.37651   0.14268   0.05768   0.01365   0.16229   0.22214   0.08992   0.09699   0.08939   0.05641   0.01506   1.73955   0.67271   0.95531   0.84487   0.58000  
 88  1.2375  14134.250246  x: 48.32696   0.00000   1.63094   0.68703   0.67604   0.00000   0.89062   0.10606   0.36364   0.33876   0.14164   0.04409   0.00733   0.15719   0.19850   0.05565   0.10732   0.11526   0.02975   0.03052   0.00000   1.31930   3.03497   0.89520   0.00000   0.65479   0.07236   0.47871   0.37651   0.14268   0.05768   0.01365   0.16225   0.22215   0.08991   0.09699   0.08938   0.05641   0.01507   1.73956   0.67269   0.95534   0.84488   0.58003  
 89  1.0893  14134.250243  x: 50.00000   0.00000   1.63093   0.68701   0.67603   0.00000   0.89062   0.10606   0.36364   0.33876   0.14164   0.04410   0.00733   0.15719   0.19850   0.05564   0.10733   0.11527   0.02975   0.03052   0.00000   1.31932   3.03497   0.89516   0.00000   0.65479   0.07236   0.47873   0.37651   0.14268   0.05768   0.01365   0.16228   0.22215   0.08991   0.09699   0.08939   0.05641   0.01506   1.73955   0.67269   0.95531   0.84486   0.58002  
 90  0.8052  14134.250242  x: 50.00000   0.00000   1.63093   0.68701   0.67603   0.00000   0.89062   0.10606   0.36364   0.33876   0.14164   0.04410   0.00733   0.15719   0.19850   0.05564   0.10733   0.11527   0.02975   0.03052   0.00000   1.31932   3.03499   0.89517   0.00000   0.65479   0.07236   0.47873   0.37651   0.14268   0.05768   0.01365   0.16227   0.22215   0.08991   0.09699   0.08939   0.05641   0.01506   1.73956   0.67269   0.95532   0.84487   0.58002  
 91  0.0000  14134.250242  x: 50.00000   0.00000   1.63093   0.68701   0.67603   0.00000   0.89062   0.10606   0.36364   0.33876   0.14164   0.04410   0.00733   0.15719   0.19850   0.05564   0.10733   0.11527   0.02975   0.03052   0.00000   1.31932   3.03499   0.89517   0.00000   0.65479   0.07236   0.47872   0.37651   0.14268   0.05768   0.01365   0.16227   0.22215   0.08991   0.09699   0.08939   0.05641   0.01506   1.73956   0.67269   0.95532   0.84487   0.58002  
 92  0.0000  14134.250242  x: 50.00000   0.00000   1.63093   0.68701   0.67603   0.00000   0.89062   0.10606   0.36364   0.33876   0.14164   0.04410   0.00733   0.15719   0.19850   0.05564   0.10733   0.11527   0.02975   0.03052   0.00000   1.31932   3.03500   0.89517   0.00000   0.65479   0.07236   0.47872   0.37651   0.14268   0.05768   0.01365   0.16227   0.22215   0.08991   0.09699   0.08939   0.05641   0.01506   1.73956   0.67269   0.95532   0.84487   0.58002  