

TREE # 1

  0  0.0000   2366.109679  x:  0.01972   0.20925   0.02571   0.03211   0.02495   0.05815   0.02188   0.05666   0.08536   0.02661   0.17168   0.01972   0.20925   0.02571   0.03211   0.02495   0.05815   0.02188   0.05666   0.08536   0.02661   0.17168   0.21568   8.40433   1.49794   1.09684   1.66992   1.00000  
  1 99.0000   2211.673467  x:  0.00005   0.21211   0.14171   0.13227   0.01539   0.06456   0.02586   0.05196   0.08225   0.11535   0.15725   0.00000   0.21115   0.14372   0.14489   0.03207   0.05576   0.03700   0.05274   0.08808   0.11421   0.15770   0.19931   8.40420   1.49844   1.09644   1.67044   1.00012  
  2 1847.0372   2211.655546  x:  0.00000   0.21212   0.14170   0.13227   0.01538   0.06456   0.02586   0.05195   0.08224   0.11535   0.15722   0.00000   0.21115   0.14371   0.14490   0.03207   0.05575   0.03700   0.05274   0.08808   0.11421   0.15767   0.19928   8.40420   1.49844   1.09644   1.67044   1.00012  
  3 243.6055   2187.110014  x:  0.00000   0.22758   0.13106   0.15166   0.06361   0.06613   0.01702   0.04429   0.05222   0.11151   0.04486   0.00000   0.21949   0.13318   0.15837   0.03720   0.05320   0.04088   0.04807   0.08583   0.10945   0.04974   0.06678   8.40309   1.50226   1.09513   1.67254   1.00080  
  4 978.0286   2186.259344  x:  0.00000   0.23044   0.13219   0.14990   0.06397   0.06385   0.02932   0.04901   0.05714   0.11228   0.04282   0.00000   0.22170   0.13397   0.15682   0.03587   0.05503   0.03986   0.05120   0.08584   0.10982   0.04717   0.05103   8.40284   1.50296   1.09460   1.67353   1.00089  
  5 107.1003   2185.836559  x:  0.00000   0.23396   0.13361   0.14768   0.05993   0.06181   0.02421   0.05148   0.06212   0.11313   0.04479   0.00000   0.22453   0.13515   0.15501   0.03419   0.05628   0.03866   0.05334   0.08587   0.11034   0.04863   0.03818   8.40248   1.50390   1.09390   1.67491   1.00103  
  6 66.2470   2185.737247  x:  0.00000   0.24232   0.13516   0.14393   0.05720   0.06251   0.02350   0.05273   0.06405   0.11371   0.04139   0.00000   0.23099   0.13690   0.15280   0.03671   0.05665   0.04090   0.05425   0.08585   0.11113   0.04745   0.03946   8.40147   1.50655   1.09208   1.67879   1.00153  
  7 14.5947   2185.670971  x:  0.00000   0.25073   0.13570   0.14303   0.05830   0.06244   0.02373   0.05202   0.06231   0.11342   0.04302   0.00000   0.23715   0.13779   0.15271   0.03434   0.05600   0.03849   0.05294   0.08586   0.11119   0.04628   0.04006   8.40004   1.51022   1.08984   1.68413   1.00221  
  8 16.5593   2185.635398  x:  0.00000   0.25458   0.13480   0.14522   0.05884   0.06238   0.02422   0.05079   0.06114   0.11242   0.04353   0.00000   0.23964   0.13685   0.15413   0.03539   0.05595   0.03996   0.05276   0.08576   0.11017   0.04896   0.03910   8.39850   1.51400   1.08806   1.68956   1.00285  
  9 11.9102   2185.571066  x:  0.00000   0.25623   0.13342   0.14975   0.05800   0.06144   0.02373   0.05247   0.06430   0.11163   0.04265   0.00000   0.23980   0.13448   0.15635   0.03491   0.05694   0.03842   0.05472   0.08547   0.10878   0.04829   0.04064   8.39400   1.52456   1.08449   1.70460   1.00456  
 10 11.0670   2185.372263  x:  0.00000   0.25190   0.13336   0.14778   0.05697   0.06401   0.02359   0.05270   0.06492   0.11324   0.04569   0.00000   0.23417   0.13423   0.15552   0.03432   0.05544   0.04258   0.05256   0.08506   0.11058   0.04481   0.03988   8.37771   1.56127   1.07593   1.75663   1.01019  
 11 25.6432   2185.242284  x:  0.00000   0.24802   0.13454   0.14447   0.05629   0.06267   0.02372   0.05137   0.06250   0.11419   0.04194   0.00000   0.23069   0.13615   0.15411   0.03517   0.05517   0.03862   0.05188   0.08535   0.11202   0.04823   0.03936   8.36674   1.58496   1.07306   1.78999   1.01361  
 12 74.0453   2185.171378  x:  0.00000   0.24559   0.13612   0.14429   0.05462   0.05972   0.02376   0.05008   0.05941   0.11201   0.04244   0.00000   0.23197   0.13893   0.15329   0.03438   0.05782   0.03976   0.05527   0.08624   0.10996   0.04696   0.03967   8.35928   1.59701   1.08214   1.80608   1.01446  
 13 14.6776   2184.915794  x:  0.00000   0.23935   0.13985   0.14672   0.05408   0.06614   0.02338   0.05275   0.06025   0.10726   0.04269   0.00000   0.23961   0.14386   0.15148   0.03574   0.05571   0.03783   0.05458   0.08689   0.10421   0.04763   0.03915   8.32991   1.63906   1.13049   1.86074   1.01588  
 14 35.7140   2184.668551  x:  0.00000   0.23806   0.13819   0.14640   0.05276   0.06022   0.02359   0.05149   0.06368   0.11121   0.04110   0.00000   0.24373   0.14048   0.15261   0.03304   0.05405   0.04034   0.04931   0.08500   0.10740   0.04866   0.03999   8.30110   1.67795   1.17998   1.91031   1.01649  
 15 77.0096   2184.553356  x:  0.00000   0.24070   0.13558   0.14485   0.05183   0.06134   0.02366   0.05005   0.06269   0.11526   0.04329   0.00000   0.24216   0.13677   0.15460   0.03635   0.05572   0.03826   0.05231   0.08440   0.11187   0.04768   0.03979   8.28690   1.69569   1.20351   1.93232   1.01638  
 16 60.5980   2184.509025  x:  0.00000   0.24428   0.13498   0.14422   0.05147   0.06332   0.02343   0.05163   0.06137   0.11564   0.04226   0.00000   0.23796   0.13644   0.15528   0.03355   0.05627   0.03917   0.05404   0.08518   0.11294   0.04900   0.03993   8.28097   1.70145   1.21126   1.93876   1.01595  
 17 19.5279   2184.449238  x:  0.00000   0.25126   0.13586   0.14443   0.05026   0.06160   0.02344   0.05275   0.06143   0.11349   0.04289   0.00000   0.22888   0.13837   0.15506   0.03515   0.05499   0.03890   0.05254   0.08651   0.11175   0.04841   0.03998   8.27197   1.70762   1.21913   1.94428   1.01479  
 18 14.3604   2184.405793  x:  0.00000   0.25344   0.13726   0.14496   0.05079   0.06273   0.02365   0.04870   0.06406   0.11295   0.04266   0.00000   0.22589   0.13934   0.15347   0.03448   0.05695   0.03876   0.05237   0.08483   0.11103   0.04852   0.04011   8.26426   1.71006   1.22078   1.94465   1.01337  
 19  6.8944   2183.584052  x:  0.00000   0.25348   0.14278   0.15115   0.04060   0.06122   0.02368   0.05035   0.06048   0.11543   0.04459   0.00000   0.22449   0.14065   0.14494   0.03372   0.04772   0.03902   0.05924   0.06572   0.11276   0.05051   0.04153   8.11395   1.73590   1.21445   1.92105   0.98398  
 20 11.6059   2181.232263  x:  0.00000   0.24735   0.14750   0.15415   0.01502   0.06287   0.02328   0.05603   0.06055   0.11936   0.04951   0.00000   0.22900   0.14395   0.14560   0.03473   0.06063   0.03856   0.05026   0.07452   0.11663   0.05498   0.04485   7.71504   1.79854   1.19406   1.85790   0.90890  
 21 254.7727   2180.868834  x:  0.00000   0.24587   0.14667   0.14979   0.01214   0.06253   0.02357   0.05017   0.06585   0.11849   0.04981   0.00000   0.23002   0.14626   0.15203   0.03332   0.05138   0.03899   0.05637   0.08153   0.11595   0.05544   0.04557   7.64616   1.80488   1.19063   1.84903   0.90008  
 22 124.4117   2180.649922  x:  0.00000   0.24541   0.14425   0.14410   0.00943   0.06282   0.02339   0.05157   0.06673   0.11627   0.05017   0.00000   0.22951   0.15043   0.16121   0.03337   0.05351   0.03884   0.05510   0.07320   0.11332   0.05572   0.04574   7.60410   1.78985   1.18969   1.85280   0.91304  
 23 18.6591   2180.368816  x:  0.00000   0.24596   0.14590   0.14997   0.00618   0.06277   0.02348   0.05133   0.06544   0.11981   0.05058   0.00000   0.22888   0.14941   0.15359   0.03332   0.05290   0.03882   0.05537   0.07653   0.11498   0.05615   0.04596   7.55144   1.76179   1.18913   1.86212   0.93781  
 24 32.8709   2180.338782  x:  0.00000   0.24572   0.14974   0.14963   0.00611   0.06281   0.02350   0.05122   0.06538   0.11537   0.05053   0.00000   0.22900   0.14625   0.15446   0.03328   0.05287   0.03881   0.05523   0.07648   0.11837   0.05610   0.04588   7.54526   1.75924   1.18881   1.86237   0.93887  
 25  2.2653   2179.445723  x:  0.00000   0.24527   0.16828   0.14952   0.00786   0.06523   0.02436   0.04764   0.05937   0.12738   0.04928   0.00000   0.22843   0.13186   0.16522   0.03225   0.05121   0.03799   0.05225   0.07800   0.10211   0.05455   0.04499   7.36053   1.69571   1.17697   1.85960   0.95168  
 26  5.5175   2177.408083  x:  0.00000   0.24203   0.14817   0.16899   0.01225   0.07101   0.02651   0.03756   0.05473   0.12089   0.04611   0.00000   0.23128   0.14772   0.17181   0.02991   0.04797   0.03565   0.04581   0.07961   0.11732   0.05063   0.04293   6.93886   1.55311   1.14987   1.85135   0.98150  
 27 165.1918   2177.240240  x:  0.00000   0.24170   0.14813   0.17018   0.01288   0.07155   0.02677   0.03693   0.05445   0.12102   0.04625   0.00000   0.23177   0.14788   0.17293   0.02976   0.04789   0.03553   0.04535   0.08065   0.11794   0.05063   0.04280   6.91001   1.58031   1.14959   1.81767   1.03730  
 28  4.2440   2175.744649  x:  0.00000   0.23781   0.15251   0.18855   0.01020   0.07818   0.03018   0.03919   0.04615   0.12811   0.04135   0.00000   0.23461   0.15589   0.20116   0.02960   0.05211   0.03443   0.03697   0.08300   0.12042   0.04496   0.03862   7.22986   1.59260   1.12595   1.73361   0.96609  
 29  0.2849   2174.581608  x:  0.00000   0.23233   0.16630   0.19577   0.01172   0.08015   0.03300   0.04516   0.05613   0.13610   0.05053   0.00000   0.23382   0.17051   0.21694   0.02948   0.05430   0.03574   0.04392   0.08674   0.12814   0.05416   0.04500   7.64929   1.54242   1.10787   1.69756   0.99398  
 30  0.5244   2173.876720  x:  0.00000   0.24072   0.18050   0.20615   0.01174   0.07611   0.03077   0.03861   0.05241   0.14257   0.04627   0.00000   0.23011   0.18210   0.22680   0.03147   0.05036   0.03741   0.05006   0.08161   0.13575   0.05054   0.04114   7.58194   1.60432   1.15632   1.79107   0.98846  
 31  0.1127   2173.726678  x:  0.00000   0.23955   0.18725   0.20843   0.01197   0.07288   0.02879   0.04210   0.05058   0.14495   0.04631   0.00000   0.22993   0.18852   0.22672   0.03083   0.05099   0.03711   0.04520   0.07895   0.13913   0.05059   0.04177   7.42751   1.58990   1.14428   1.77429   0.99871  
 32  0.1405   2173.716511  x:  0.00000   0.23822   0.18805   0.20831   0.01185   0.07228   0.02849   0.04089   0.05099   0.14514   0.04619   0.00000   0.23030   0.19028   0.22558   0.03090   0.05134   0.03705   0.04544   0.07872   0.13949   0.05047   0.04209   7.43718   1.58706   1.13886   1.76224   0.99342  
 33  0.0179   2173.715252  x:  0.00000   0.23819   0.18791   0.20805   0.01185   0.07224   0.02851   0.04126   0.05095   0.14503   0.04611   0.00000   0.23016   0.19112   0.22447   0.03095   0.05125   0.03708   0.04570   0.07889   0.13966   0.05039   0.04209   7.45126   1.58794   1.14045   1.76366   0.99260  
 34  0.0118   2173.715135  x:  0.00000   0.23831   0.18794   0.20795   0.01184   0.07232   0.02855   0.04117   0.05100   0.14502   0.04616   0.00000   0.23017   0.19133   0.22420   0.03093   0.05127   0.03709   0.04559   0.07892   0.13967   0.05044   0.04208   7.44841   1.58798   1.14063   1.76418   0.99300  
 35  0.0027   2173.715128  x:  0.00000   0.23831   0.18795   0.20796   0.01183   0.07235   0.02856   0.04118   0.05098   0.14502   0.04615   0.00000   0.23017   0.19135   0.22418   0.03093   0.05126   0.03708   0.04561   0.07890   0.13967   0.05043   0.04206   7.44722   1.58787   1.14048   1.76399   0.99314  
 36  0.0012   2173.715127  x:  0.00000   0.23830   0.18795   0.20796   0.01182   0.07235   0.02856   0.04118   0.05099   0.14502   0.04615   0.00000   0.23017   0.19135   0.22418   0.03093   0.05126   0.03708   0.04561   0.07890   0.13967   0.05043   0.04206   7.44730   1.58791   1.14049   1.76404   0.99311  
 37  0.0001   2173.715127  x:  0.00000   0.23830   0.18795   0.20797   0.01182   0.07235   0.02856   0.04118   0.05099   0.14502   0.04615   0.00000   0.23017   0.19135   0.22418   0.03093   0.05126   0.03708   0.04561   0.07890   0.13967   0.05043   0.04206   7.44741   1.58790   1.14049   1.76403   0.99313  
 38  0.0001   2173.715127  x:  0.00000   0.23830   0.18795   0.20797   0.01182   0.07235   0.02856   0.04118   0.05099   0.14502   0.04615   0.00000   0.23017   0.19135   0.22418   0.03093   0.05126   0.03708   0.04561   0.07890   0.13967   0.05043   0.04206   7.44739   1.58790   1.14049   1.76403   0.99313  

TREE # 2

  0  0.0000   2411.817436  x:  0.00000   0.23830   0.18795   0.20797   0.01182   0.07235   0.02856   0.04118   0.05099   0.14502   0.04615   0.00000   0.23017   0.19135   0.22418   0.03093   0.05126   0.03708   0.04561   0.07890   0.13967   0.05043   0.04206   7.44739   1.55716   1.05158   1.62404   0.99313  
  1 99.0000   2321.158891  x:  0.04460   0.22317   0.17457   0.21189   0.15597   0.10880   0.06332   0.11611   0.05299   0.13486   0.06438   0.30571   0.21477   0.17799   0.22547   0.09195   0.09855   0.05215   0.10207   0.07149   0.12330   0.05912   0.03542   7.44740   1.55683   1.05204   1.62460   0.99307  
  2 2894.2330   2245.582294  x:  0.00000   0.13606   0.10623   0.21828   0.16960   0.16823   0.09998   0.20303   0.03594   0.06533   0.03551   0.25751   0.12694   0.10889   0.22822   0.15190   0.17700   0.07191   0.19244   0.03098   0.03661   0.08337   0.01270   7.44752   1.55355   1.05880   1.62510   0.99257  
  3 428.3393   2229.127677  x:  0.01545   0.10346   0.08070   0.22063   0.17314   0.18898   0.11207   0.23314   0.03056   0.03980   0.02633   0.23624   0.09410   0.08311   0.22922   0.17235   0.20417   0.07806   0.22375   0.01793   0.00451   0.09141   0.00850   7.44756   1.55231   1.06132   1.62533   0.99236  
  4 3864.2401   2209.488313  x:  0.02267   0.04548   0.03993   0.22432   0.18189   0.21506   0.12315   0.27182   0.03373   0.00758   0.03512   0.20926   0.03581   0.04179   0.23064   0.19710   0.23708   0.08005   0.26208   0.03491   0.00665   0.09698   0.05698   7.44764   1.55025   1.06544   1.62599   0.99203  
  5 901.2737   2201.733681  x:  0.02585   0.01343   0.02584   0.22604   0.18708   0.22449   0.12452   0.28670   0.04115   0.02811   0.04508   0.19791   0.00454   0.02643   0.23136   0.20549   0.24860   0.07711   0.27590   0.03903   0.01067   0.09596   0.05932   7.44769   1.54914   1.06766   1.62649   0.99188  
  6 596.4246   2200.254506  x:  0.02630   0.00413   0.02994   0.22643   0.18937   0.22578   0.12296   0.28929   0.04240   0.02626   0.04749   0.19587   0.00000   0.02954   0.23164   0.20628   0.24996   0.07430   0.27776   0.04052   0.01162   0.09389   0.05722   7.44771   1.54873   1.06843   1.62678   0.99182  
  7 195.5998   2199.564746  x:  0.02688   0.00000   0.03336   0.22683   0.19451   0.22953   0.12021   0.29641   0.04497   0.02719   0.05183   0.19041   0.00654   0.03099   0.23218   0.20881   0.25420   0.06858   0.28338   0.04355   0.01241   0.09017   0.05620   7.44776   1.54776   1.07026   1.62743   0.99176  
  8 106.6389   2198.644314  x:  0.02784   0.00689   0.04065   0.22794   0.20600   0.23630   0.11291   0.31015   0.04930   0.02719   0.05977   0.17983   0.00538   0.03485   0.23304   0.21287   0.26160   0.05551   0.29360   0.04924   0.01405   0.08151   0.05316   7.44788   1.54554   1.07438   1.62894   0.99165  
  9 197.7479   2198.047371  x:  0.02724   0.00662   0.03316   0.22729   0.22053   0.23629   0.09800   0.31681   0.04655   0.02590   0.05818   0.17477   0.00577   0.03488   0.23324   0.20933   0.26070   0.04070   0.29503   0.04943   0.01231   0.07246   0.05200   7.44808   1.54267   1.07990   1.63109   0.99155  
 10 57.3649   2197.818147  x:  0.02742   0.00640   0.03680   0.22639   0.23179   0.23550   0.08834   0.32151   0.04524   0.02623   0.05399   0.17063   0.00581   0.03049   0.23339   0.20542   0.25973   0.04132   0.29599   0.04632   0.01500   0.07389   0.05282   7.44830   1.54001   1.08512   1.63335   0.99142  
 11 36.7979   2197.648756  x:  0.02715   0.00646   0.03633   0.22532   0.24306   0.23444   0.08171   0.32604   0.04629   0.02776   0.05308   0.16609   0.00553   0.03449   0.23362   0.20088   0.25827   0.04642   0.29639   0.04557   0.01268   0.07749   0.05563   7.44857   1.53700   1.09114   1.63620   0.99123  
 12 42.9444   2197.548030  x:  0.02731   0.00678   0.03394   0.22394   0.25222   0.23297   0.08448   0.32911   0.04640   0.02570   0.05617   0.16220   0.00596   0.03373   0.23390   0.19595   0.25508   0.05000   0.29445   0.04709   0.01434   0.07889   0.05193   7.44896   1.53375   1.09797   1.63991   0.99096  
 13 19.8560   2197.500949  x:  0.02701   0.00668   0.03512   0.22320   0.25665   0.23213   0.08800   0.33037   0.04656   0.02589   0.05670   0.16057   0.00583   0.03221   0.23419   0.19364   0.25287   0.04997   0.29258   0.04804   0.01213   0.07847   0.05247   7.44924   1.53184   1.10223   1.64250   0.99077  
 14 23.6728   2197.458623  x:  0.02713   0.00659   0.03533   0.22254   0.26028   0.23193   0.09326   0.33204   0.04618   0.02673   0.05417   0.15886   0.00571   0.03360   0.23473   0.19291   0.25131   0.04889   0.29103   0.04667   0.01314   0.07791   0.05364   7.44965   1.52971   1.10744   1.64608   0.99052  
 15 18.9256   2197.380244  x:  0.02699   0.00662   0.03518   0.22170   0.25829   0.23085   0.09221   0.32984   0.04811   0.02592   0.05649   0.15935   0.00580   0.03330   0.23669   0.20158   0.25039   0.04841   0.28652   0.04346   0.01319   0.07827   0.05409   7.45168   1.52514   1.12451   1.66232   0.98953  
 16  5.3837   2197.324910  x:  0.02713   0.00656   0.03532   0.22168   0.25605   0.23076   0.09097   0.32845   0.04584   0.02656   0.05462   0.16013   0.00576   0.03344   0.23724   0.20667   0.25054   0.04939   0.28474   0.04749   0.01306   0.07827   0.05288   7.45332   1.52291   1.13635   1.67476   0.98881  
 17 25.3829   2197.190203  x:  0.02712   0.00635   0.03521   0.22661   0.24755   0.23443   0.08954   0.32591   0.04974   0.02592   0.05293   0.16472   0.00579   0.03323   0.22930   0.19607   0.25221   0.04972   0.29029   0.04774   0.01320   0.07519   0.05218   7.45866   1.53082   1.15552   1.70801   0.98717  
 18  7.8144   2197.118701  x:  0.02713   0.00625   0.03587   0.22802   0.24413   0.23565   0.08930   0.32516   0.04510   0.02655   0.05592   0.16636   0.00567   0.03385   0.22729   0.19096   0.25298   0.04804   0.29294   0.04631   0.01320   0.07697   0.05290   7.46161   1.53745   1.16335   1.72462   0.98642  
 19 29.5666   2196.904400  x:  0.02714   0.00623   0.03593   0.22274   0.24297   0.23141   0.08937   0.32397   0.04838   0.02584   0.05438   0.16755   0.00507   0.03393   0.23802   0.18508   0.25264   0.04183   0.29447   0.04868   0.01313   0.08517   0.05093   7.47175   1.57372   1.17420   1.76958   0.98493  
 20 14.7299   2196.580101  x:  0.02706   0.00607   0.03669   0.21582   0.24552   0.22451   0.08942   0.32229   0.04616   0.02591   0.05517   0.16645   0.00427   0.03434   0.25171   0.18290   0.25163   0.04830   0.29351   0.04666   0.01337   0.07428   0.05090   7.48729   1.63215   1.18731   1.83168   0.98327  
 21 55.8610   2196.171434  x:  0.02686   0.00557   0.03729   0.22737   0.25972   0.22551   0.09028   0.31794   0.04620   0.02539   0.05486   0.15988   0.00417   0.03479   0.23077   0.19736   0.24201   0.04918   0.27571   0.04691   0.01331   0.07642   0.04892   7.50813   1.70897   1.20420   1.88632   0.98391  
 22 22.4265   2195.513812  x:  0.02691   0.00497   0.03983   0.20044   0.25317   0.23608   0.08757   0.30963   0.04657   0.02492   0.05551   0.16400   0.00239   0.03709   0.22223   0.19054   0.23917   0.04875   0.26429   0.04741   0.01357   0.07535   0.04629   7.54586   1.78545   1.27266   1.86402   0.99872  
 23  6.5668   2194.953786  x:  0.02676   0.00440   0.04078   0.23193   0.24991   0.22761   0.08726   0.29958   0.04652   0.02425   0.05580   0.16704   0.00219   0.03802   0.24278   0.18300   0.23363   0.04886   0.26347   0.04732   0.01356   0.07457   0.04385   7.58022   1.83065   1.32257   1.83689   1.01311  
 24 20.7456   2194.216283  x:  0.02681   0.00343   0.04336   0.23034   0.24683   0.18048   0.08982   0.29724   0.04680   0.02387   0.05634   0.16808   0.00083   0.04024   0.22807   0.18506   0.22646   0.04644   0.27461   0.04770   0.01383   0.07341   0.04121   7.62421   1.81012   1.31311   1.82210   1.02721  
 25  6.3100   2193.410460  x:  0.02671   0.00289   0.04456   0.22926   0.24775   0.18198   0.08897   0.29091   0.04680   0.02350   0.05650   0.16836   0.00000   0.04125   0.22902   0.18240   0.22135   0.04679   0.26841   0.04767   0.01395   0.07283   0.03932   7.65135   1.78721   1.29552   1.81715   1.03417  
 26 23.4872   2193.222827  x:  0.02668   0.00270   0.04506   0.23165   0.24502   0.17629   0.08806   0.29785   0.04692   0.02334   0.05653   0.16952   0.00000   0.04169   0.22860   0.17574   0.23857   0.04677   0.24869   0.04769   0.01411   0.07258   0.03843   7.66267   1.77718   1.28794   1.81263   1.01661  
 27  9.7715   2192.878089  x:  0.02661   0.00247   0.04590   0.23128   0.24070   0.17755   0.08601   0.30079   0.04688   0.02323   0.05657   0.17061   0.00000   0.04247   0.22991   0.17537   0.22305   0.04748   0.24820   0.04758   0.01429   0.07216   0.03708   7.67981   1.76150   1.27672   1.79793   0.93005  
 28  7.0595   2192.763511  x:  0.02663   0.00235   0.04624   0.22966   0.24991   0.17698   0.08839   0.28027   0.04675   0.02340   0.05654   0.16772   0.00000   0.04276   0.22903   0.17526   0.23292   0.04636   0.25282   0.04747   0.01426   0.07230   0.03683   7.68278   1.75579   1.27358   1.79447   0.91593  
 29  3.6515   2189.577378  x:  0.02723   0.00000   0.05179   0.22576   0.24628   0.18216   0.08576   0.26398   0.04646   0.02488   0.05638   0.16050   0.00000   0.04741   0.23208   0.16858   0.21666   0.04748   0.23776   0.04626   0.01432   0.07161   0.03214   7.69844   1.67011   1.20838   1.76543   0.94367  
 30  1.3988   2182.048403  x:  0.03200   0.00000   0.07065   0.22468   0.22280   0.20053   0.07658   0.22263   0.04576   0.03276   0.05429   0.09612   0.00000   0.06247   0.23831   0.14815   0.16603   0.05108   0.19359   0.03904   0.01302   0.06927   0.01675   7.68454   1.42483   1.02322   1.68873   1.01964  
 31  0.3098   2177.179405  x:  0.03700   0.00000   0.07744   0.22358   0.18855   0.21474   0.07535   0.21862   0.04477   0.04198   0.05017   0.03966   0.00000   0.06846   0.24825   0.14528   0.17836   0.04856   0.19930   0.03129   0.00932   0.06928   0.03129   7.77369   1.50793   1.08547   1.73441   1.07984  
 32  0.1377   2175.342317  x:  0.03883   0.00000   0.07309   0.22818   0.13017   0.20827   0.07670   0.22457   0.04567   0.04062   0.05078   0.04491   0.00000   0.06457   0.24721   0.14687   0.18936   0.04986   0.20938   0.03838   0.01091   0.07209   0.02784   7.66564   1.58741   1.14528   1.76618   1.06782  
 33  0.2921   2174.503633  x:  0.03940   0.00000   0.06528   0.23036   0.14248   0.19638   0.07943   0.23144   0.04614   0.03702   0.05167   0.03138   0.00000   0.05780   0.24197   0.14758   0.19287   0.05127   0.21378   0.04322   0.01238   0.07352   0.02368   7.53509   1.61637   1.16475   1.77678   1.03153  
 34  0.2613   2173.908551  x:  0.03856   0.00000   0.05416   0.23264   0.14687   0.18493   0.08121   0.23110   0.04561   0.03305   0.05109   0.03997   0.00000   0.04838   0.23597   0.14653   0.19298   0.05236   0.21371   0.04265   0.01220   0.07406   0.02659   7.39617   1.61631   1.16315   1.77511   0.98377  
 35  0.2862   2173.753771  x:  0.03907   0.00000   0.05073   0.23129   0.13706   0.18862   0.07932   0.22611   0.04537   0.03201   0.05097   0.03654   0.00000   0.04568   0.23626   0.14655   0.18975   0.05160   0.20954   0.04080   0.01173   0.07284   0.02841   7.39670   1.58962   1.14219   1.76554   0.97933  
 36  0.0478   2173.731043  x:  0.03922   0.00000   0.05067   0.23003   0.13971   0.19232   0.07876   0.22333   0.04556   0.03153   0.05124   0.03697   0.00000   0.04598   0.23837   0.14440   0.18814   0.05092   0.20810   0.04094   0.01184   0.07231   0.02845   7.44402   1.58867   1.14107   1.76389   0.99160  
 37  0.0528   2173.727287  x:  0.03952   0.00000   0.05058   0.23013   0.13947   0.19131   0.07895   0.22479   0.04572   0.03110   0.05143   0.03696   0.00000   0.04619   0.23870   0.14547   0.18755   0.05092   0.20764   0.04133   0.01197   0.07228   0.02861   7.45741   1.58589   1.13903   1.76344   0.99585  
 38  0.0105   2173.723596  x:  0.04015   0.00000   0.05041   0.23054   0.13913   0.19046   0.07889   0.22337   0.04569   0.03054   0.05141   0.03690   0.00000   0.04637   0.23827   0.14447   0.18811   0.05105   0.20820   0.04169   0.01202   0.07242   0.02874   7.45104   1.58893   1.14137   1.76504   0.99551  
 39  0.0035   2173.719301  x:  0.04102   0.00000   0.05067   0.23015   0.13957   0.19192   0.07874   0.22443   0.04552   0.03040   0.05120   0.03705   0.00000   0.04662   0.23799   0.14504   0.18789   0.05105   0.20730   0.04150   0.01191   0.07230   0.02896   7.43974   1.58984   1.14203   1.76498   0.99077  
 40  0.0052   2173.716064  x:  0.04177   0.00000   0.05069   0.23000   0.13973   0.19138   0.07905   0.22400   0.04559   0.03065   0.05123   0.03710   0.00000   0.04634   0.23847   0.14514   0.18791   0.05083   0.20876   0.04104   0.01179   0.07230   0.02875   7.44662   1.58610   1.13941   1.76323   0.99197  
 41  0.0044   2173.715215  x:  0.04201   0.00000   0.05048   0.23020   0.13966   0.19125   0.07892   0.22418   0.04561   0.03081   0.05121   0.03709   0.00000   0.04610   0.23842   0.14503   0.18801   0.05099   0.20786   0.04109   0.01179   0.07238   0.02853   7.44863   1.58799   1.14054   1.76404   0.99323  
 42  0.0033   2173.715135  x:  0.04206   0.00000   0.05046   0.23018   0.13967   0.19138   0.07888   0.22424   0.04560   0.03091   0.05124   0.03708   0.00000   0.04613   0.23828   0.14500   0.18795   0.05099   0.20801   0.04119   0.01182   0.07235   0.02854   7.44774   1.58792   1.14049   1.76406   0.99323  
 43  0.0008   2173.715128  x:  0.04206   0.00000   0.05044   0.23017   0.13968   0.19136   0.07891   0.22416   0.04561   0.03093   0.05126   0.03708   0.00000   0.04614   0.23829   0.14504   0.18795   0.05099   0.20797   0.04119   0.01182   0.07235   0.02855   7.44741   1.58792   1.14050   1.76405   0.99316  
 44  0.0004   2173.715127  x:  0.04206   0.00000   0.05044   0.23017   0.13967   0.19135   0.07890   0.22418   0.04561   0.03093   0.05127   0.03708   0.00000   0.04614   0.23831   0.14502   0.18795   0.05098   0.20796   0.04118   0.01182   0.07235   0.02856   7.44736   1.58790   1.14049   1.76403   0.99313  
 45  0.0001   2173.715127  x:  0.04206   0.00000   0.05043   0.23017   0.13968   0.19135   0.07890   0.22418   0.04561   0.03093   0.05126   0.03708   0.00000   0.04615   0.23831   0.14502   0.18795   0.05098   0.20797   0.04118   0.01182   0.07235   0.02856   7.44738   1.58790   1.14049   1.76403   0.99313  
 46  0.0000   2173.715127  x:  0.04206   0.00000   0.05043   0.23017   0.13967   0.19135   0.07890   0.22418   0.04561   0.03093   0.05126   0.03708   0.00000   0.04615   0.23830   0.14502   0.18795   0.05099   0.20797   0.04118   0.01182   0.07235   0.02856   7.44739   1.58790   1.14049   1.76403   0.99313  
 47  0.0000   2173.715127  x:  0.04206   0.00000   0.05043   0.23017   0.13967   0.19135   0.07890   0.22418   0.04561   0.03093   0.05126   0.03708   0.00000   0.04615   0.23830   0.14502   0.18795   0.05099   0.20797   0.04118   0.01182   0.07235   0.02856   7.44739   1.58790   1.14049   1.76403   0.99313  
 48  0.0000   2173.715127  x:  0.04206   0.00000   0.05043   0.23017   0.13967   0.19135   0.07890   0.22418   0.04561   0.03093   0.05126   0.03708   0.00000   0.04615   0.23830   0.14502   0.18795   0.05099   0.20797   0.04118   0.01182   0.07235   0.02856   7.44738   1.58790   1.14049   1.76403   0.99313  