

TREE # 1

  0  0.0000   2771.092823  x:  0.24126   0.00000   0.04384   0.02480   0.02009   0.05158   0.04888   0.03116   0.05355   0.05580   0.02397   0.07050   0.03126   0.03965   0.03200   0.10546   0.09054   0.10178   0.04923   0.07182   0.03958   0.06040   0.06257   0.07878   0.00513   0.10163   0.01928   0.03393   0.03723   0.04892   0.01777   0.03986   0.04156   0.05294   0.06682   0.04773   0.05129   0.05098   0.07821   0.03896   0.08215   0.07180   0.03446   0.00517   0.04045   0.04610   0.08671   8.40433   0.90387   0.93492   1.11296   1.00000  
  1 99.0000   2771.089438  x:  0.24126   0.00000   0.04384   0.02480   0.02009   0.05158   0.04888   0.03116   0.05355   0.05580   0.02397   0.07050   0.03126   0.03964   0.03200   0.10546   0.09054   0.10178   0.04923   0.07182   0.03958   0.06040   0.06257   0.07878   0.00513   0.10163   0.01928   0.03393   0.03723   0.04892   0.01777   0.03986   0.04156   0.05293   0.06682   0.04773   0.05129   0.05098   0.07821   0.03896   0.08215   0.07180   0.03446   0.00517   0.04045   0.04610   0.08671   8.40433   0.90387   0.93492   1.11296   1.00000  
  2 765.4745   2760.064937  x:  0.24563   0.00000   0.04122   0.02329   0.02006   0.04946   0.04532   0.02875   0.05191   0.05327   0.01857   0.06597   0.03026   0.03597   0.03191   0.10715   0.08943   0.09966   0.04967   0.06855   0.03532   0.05607   0.05891   0.07913   0.00000   0.10453   0.01684   0.03000   0.03687   0.04538   0.01551   0.03774   0.04010   0.04760   0.06213   0.04840   0.04762   0.04913   0.08176   0.03935   0.08248   0.07177   0.03519   0.00126   0.03881   0.04203   0.08780   8.40382   0.90406   0.93545   1.11348   1.00019  
  3 1306.7832   2756.956838  x:  0.24677   0.00000   0.04159   0.02384   0.01970   0.04910   0.04417   0.02874   0.05171   0.05271   0.01561   0.06375   0.03018   0.03478   0.03184   0.10728   0.08913   0.09895   0.04964   0.06735   0.03355   0.05419   0.05752   0.07917   0.00000   0.10456   0.01688   0.02874   0.03708   0.04424   0.01621   0.03761   0.04021   0.04470   0.05983   0.04817   0.04635   0.04881   0.07967   0.03860   0.08279   0.07178   0.03540   0.00000   0.03890   0.04047   0.08746   8.40355   0.90417   0.93576   1.11369   1.00031  
  4 949.6674   2746.943780  x:  0.24766   0.00000   0.03888   0.02472   0.02508   0.05001   0.04200   0.03128   0.05283   0.05361   0.00000   0.05364   0.03485   0.03243   0.03198   0.10595   0.08889   0.09726   0.04940   0.06421   0.02754   0.04713   0.05358   0.07905   0.00000   0.10171   0.01975   0.02665   0.03734   0.04210   0.01821   0.03944   0.04213   0.02949   0.04952   0.04793   0.04335   0.04990   0.07934   0.04071   0.08452   0.07219   0.03595   0.00000   0.04129   0.03566   0.08433   8.40220   0.90495   0.93741   1.11451   1.00097  
  5 993.4828   2735.422061  x:  0.24638   0.00000   0.04115   0.02423   0.02258   0.05254   0.04074   0.03542   0.05520   0.05700   0.00000   0.03572   0.02992   0.02988   0.03250   0.10332   0.08921   0.09597   0.04925   0.06108   0.01916   0.03643   0.04908   0.07897   0.00000   0.09655   0.02434   0.02588   0.03700   0.04088   0.01862   0.04288   0.04493   0.00000   0.03170   0.04860   0.04059   0.05271   0.08459   0.04497   0.08715   0.07317   0.03523   0.00000   0.04520   0.02940   0.08023   8.39964   0.90657   0.94055   1.11586   1.00225  
  6 1207.6190   2730.729003  x:  0.24221   0.00000   0.03794   0.02055   0.00943   0.05451   0.04278   0.03487   0.05606   0.06365   0.00000   0.01284   0.04172   0.02730   0.03177   0.10319   0.09035   0.09691   0.04985   0.06220   0.01449   0.02617   0.04851   0.07999   0.00000   0.09812   0.02428   0.02880   0.03590   0.04298   0.01241   0.04322   0.04347   0.00000   0.00916   0.05032   0.04117   0.05419   0.08528   0.04011   0.08788   0.07483   0.03264   0.00000   0.04544   0.02559   0.08409   8.39490   0.90969   0.94618   1.11808   1.00460  
  7 278.8899   2729.323620  x:  0.24058   0.00000   0.03840   0.01956   0.01336   0.05485   0.04394   0.03325   0.05587   0.06687   0.00000   0.00527   0.04036   0.02545   0.03144   0.10395   0.09083   0.09762   0.05011   0.06347   0.01358   0.02264   0.04908   0.08063   0.00000   0.10032   0.02267   0.03028   0.03556   0.04416   0.00986   0.04231   0.04186   0.00000   0.00377   0.05087   0.04185   0.05408   0.08389   0.03661   0.08768   0.07545   0.03184   0.00000   0.04445   0.02464   0.08714   8.39248   0.91128   0.94897   1.11920   1.00580  
  8 222.3993   2727.765921  x:  0.23920   0.00000   0.03832   0.01876   0.01390   0.05541   0.04430   0.03200   0.05586   0.07136   0.00000   0.00156   0.04066   0.02151   0.03131   0.10449   0.09126   0.09771   0.05026   0.06374   0.00975   0.01514   0.04805   0.08140   0.00000   0.10201   0.02140   0.03109   0.03526   0.04460   0.00869   0.04171   0.04054   0.00000   0.00788   0.05149   0.04126   0.05429   0.08406   0.03492   0.08817   0.07635   0.03162   0.00000   0.04405   0.02121   0.08954   8.38843   0.91391   0.95363   1.12118   1.00778  
  9 153.6112   2725.229822  x:  0.23710   0.00000   0.03824   0.01749   0.01483   0.05629   0.04476   0.03013   0.05588   0.07837   0.00000   0.00318   0.04084   0.01532   0.03110   0.10531   0.09192   0.09777   0.05048   0.06403   0.00358   0.00339   0.04628   0.08263   0.00000   0.10457   0.01950   0.03224   0.03478   0.04516   0.00684   0.04082   0.03854   0.00000   0.00911   0.05248   0.04019   0.05463   0.08440   0.03233   0.08899   0.07777   0.03121   0.00000   0.04350   0.01568   0.09319   8.38201   0.91806   0.96101   1.12433   1.01092  
 10 1074.7750   2723.243557  x:  0.23688   0.00000   0.03812   0.01732   0.01489   0.05640   0.04417   0.02894   0.05564   0.08202   0.00000   0.00338   0.04102   0.01143   0.03112   0.10594   0.09204   0.09725   0.05044   0.06369   0.00000   0.00495   0.04454   0.08343   0.00000   0.10597   0.01820   0.03198   0.03466   0.04466   0.00764   0.04010   0.03752   0.00000   0.00916   0.05288   0.03868   0.05454   0.08516   0.03223   0.08971   0.07849   0.03148   0.00000   0.04316   0.01205   0.09481   8.37777   0.92077   0.96581   1.12646   1.01297  
 11 283.8942   2708.666259  x:  0.25450   0.00000   0.03613   0.02906   0.01231   0.04670   0.02618   0.01423   0.04621   0.10343   0.00000   0.00202   0.04160   0.01399   0.03348   0.11650   0.08823   0.08376   0.04850   0.06551   0.00000   0.00079   0.02437   0.09785   0.00000   0.11571   0.00000   0.01469   0.03709   0.02733   0.02071   0.02665   0.03100   0.00000   0.00518   0.05079   0.01536   0.04489   0.09331   0.05111   0.10063   0.08100   0.03889   0.00000   0.03637   0.01509   0.10254   8.32765   0.95329   1.01978   1.15146   1.03646  
 12 310.4490   2703.703615  x:  0.26501   0.00000   0.03555   0.03195   0.01197   0.04115   0.01669   0.00853   0.04131   0.11065   0.00000   0.00206   0.04144   0.01698   0.03401   0.12180   0.08582   0.07671   0.04844   0.06508   0.00000   0.00118   0.01483   0.10447   0.00000   0.12112   0.00853   0.00538   0.03765   0.01797   0.01768   0.02037   0.02817   0.00000   0.00490   0.05027   0.00530   0.04018   0.09635   0.05534   0.10558   0.08178   0.04074   0.00000   0.03266   0.01757   0.10630   8.30431   0.96837   1.04457   1.16321   1.04727  
 13 1273.4603   2699.878170  x:  0.27643   0.00000   0.03532   0.03218   0.01213   0.03640   0.00934   0.01262   0.03815   0.11068   0.00000   0.00225   0.04143   0.01888   0.03391   0.12499   0.08301   0.07004   0.04885   0.06115   0.00000   0.00226   0.01057   0.10804   0.00000   0.12330   0.00764   0.00059   0.03777   0.01021   0.01138   0.01870   0.02860   0.00000   0.00518   0.04996   0.01177   0.03622   0.09775   0.05647   0.10906   0.08149   0.04113   0.00000   0.03108   0.01765   0.10599   8.28831   0.97847   1.06099   1.17157   1.05449  
 14 607.4512   2698.012998  x:  0.28555   0.00000   0.03517   0.03229   0.01224   0.03273   0.00506   0.01478   0.03585   0.10887   0.00000   0.00233   0.04143   0.01987   0.03382   0.12727   0.08074   0.06511   0.04917   0.05756   0.00000   0.00278   0.00871   0.11017   0.00000   0.12487   0.00741   0.00480   0.03794   0.00546   0.00779   0.01782   0.02932   0.00000   0.00527   0.04966   0.01344   0.03323   0.09858   0.05747   0.11126   0.08100   0.04160   0.00000   0.02995   0.01737   0.10520   8.27804   0.98487   1.07134   1.17704   1.05907  
 15 1438.1943   2691.232553  x:  0.31584   0.00000   0.03488   0.03093   0.01255   0.02201   0.01082   0.01993   0.02986   0.09663   0.00000   0.00230   0.04154   0.02086   0.03331   0.13353   0.07323   0.05041   0.05044   0.04371   0.00000   0.00329   0.01308   0.11446   0.00000   0.12886   0.00735   0.00573   0.03812   0.00848   0.00102   0.01778   0.03227   0.00000   0.00514   0.04898   0.01265   0.02473   0.10160   0.05945   0.11652   0.07851   0.04277   0.00000   0.02729   0.01464   0.10047   8.25090   1.00140   1.09777   1.19198   1.07085  
 16 781.2503   2687.223749  x:  0.34559   0.00000   0.03466   0.02535   0.01293   0.01251   0.01396   0.02430   0.02428   0.08271   0.00000   0.00196   0.04172   0.02222   0.03235   0.14027   0.06600   0.03753   0.05259   0.03086   0.00000   0.00222   0.01802   0.11819   0.00000   0.13503   0.01107   0.00689   0.03716   0.01087   0.00679   0.01756   0.03377   0.00000   0.00442   0.04972   0.01669   0.01704   0.10819   0.05758   0.12037   0.07597   0.04203   0.00000   0.02359   0.01320   0.09814   8.22502   1.01705   1.12252   1.20631   1.08192  
 17 2280.8619   2679.471396  x:  0.40321   0.00000   0.03441   0.01098   0.01474   0.03574   0.00918   0.02188   0.02902   0.04018   0.00000   0.00215   0.04220   0.02421   0.03056   0.14953   0.05516   0.03143   0.05649   0.01528   0.00000   0.00268   0.02138   0.11928   0.00000   0.14406   0.00830   0.00636   0.03439   0.01430   0.00761   0.02469   0.03556   0.00000   0.00516   0.05227   0.01363   0.02309   0.11725   0.04749   0.12152   0.07024   0.03740   0.00000   0.02422   0.01584   0.09159   8.18150   1.04196   1.16042   1.23161   1.09935  
 18 492.9612   2675.925435  x:  0.43271   0.00000   0.03337   0.01337   0.01518   0.03520   0.01375   0.02050   0.03293   0.01586   0.00000   0.00198   0.04257   0.02140   0.03067   0.15168   0.05357   0.03869   0.05812   0.02653   0.00000   0.00248   0.01857   0.11658   0.00000   0.14672   0.00845   0.00677   0.03322   0.01165   0.00811   0.02623   0.03601   0.00000   0.00490   0.05392   0.01494   0.02705   0.12339   0.04305   0.11943   0.06810   0.03580   0.00000   0.02693   0.01334   0.08777   8.16116   1.05264   1.17597   1.24418   1.10673  
 19 409.2675   2673.979068  x:  0.46705   0.00000   0.03243   0.01523   0.01505   0.02885   0.00671   0.01722   0.03687   0.02029   0.00000   0.00193   0.04293   0.02141   0.03174   0.14930   0.05889   0.05292   0.05785   0.02646   0.00000   0.00304   0.02138   0.10737   0.00000   0.14515   0.00726   0.00684   0.03325   0.01838   0.00777   0.02541   0.03526   0.00000   0.00467   0.05499   0.01490   0.03064   0.12737   0.03910   0.11115   0.06681   0.03442   0.00000   0.03027   0.01698   0.08485   8.14326   1.05962   1.18326   1.25705   1.11102  
 20 142.5312   2672.896554  x:  0.49303   0.00000   0.03213   0.01298   0.01496   0.02960   0.01362   0.01546   0.03834   0.02763   0.00000   0.00193   0.04311   0.02283   0.03204   0.14643   0.06358   0.06039   0.05677   0.02422   0.00000   0.00348   0.01968   0.09943   0.00000   0.14325   0.00661   0.00733   0.03362   0.01298   0.00843   0.02390   0.03357   0.00000   0.00457   0.05527   0.01564   0.03265   0.12863   0.03796   0.10359   0.06652   0.03431   0.00000   0.03050   0.02088   0.08543   8.12956   1.06417   1.18654   1.26730   1.11349  
 21 245.5703   2672.193437  x:  0.51003   0.00000   0.03216   0.01332   0.01454   0.03575   0.01279   0.01947   0.03520   0.03019   0.00000   0.00171   0.04309   0.02175   0.03062   0.14086   0.06770   0.05768   0.05481   0.03010   0.00000   0.00293   0.02122   0.09199   0.00000   0.14000   0.00841   0.00756   0.03366   0.01446   0.00869   0.02387   0.03093   0.00000   0.00402   0.05483   0.01637   0.03064   0.12783   0.04280   0.09570   0.06836   0.03671   0.00000   0.02547   0.01959   0.09339   8.11621   1.06678   1.18465   1.27780   1.11400  
 22 87.8793   2672.085965  x:  0.51014   0.00000   0.03215   0.01321   0.01463   0.03516   0.01273   0.01857   0.03540   0.02983   0.00000   0.00174   0.04312   0.02201   0.03078   0.13957   0.06791   0.05677   0.05472   0.02994   0.00327   0.00300   0.02120   0.09183   0.00000   0.13912   0.00818   0.00748   0.03346   0.01424   0.00864   0.02426   0.03137   0.00000   0.00412   0.05496   0.01626   0.03057   0.12798   0.04238   0.09523   0.06872   0.03598   0.00000   0.02636   0.01949   0.09458   8.11377   1.06696   1.18351   1.27965   1.11377  
 23 51.3007   2671.626362  x:  0.51403   0.00000   0.03208   0.01383   0.01502   0.03305   0.01222   0.01467   0.03594   0.02733   0.00000   0.00182   0.04324   0.02319   0.03127   0.12992   0.07027   0.05172   0.05371   0.02858   0.00197   0.00305   0.02100   0.08775   0.00000   0.13377   0.00766   0.00715   0.03241   0.01340   0.00835   0.02604   0.03307   0.00000   0.00443   0.05555   0.01617   0.03002   0.12884   0.04152   0.08905   0.07147   0.03282   0.00000   0.02994   0.01841   0.10391   8.09416   1.06852   1.17525   1.29463   1.11221  
 24 96.4252   2671.005315  x:  0.51333   0.00000   0.03221   0.01095   0.01524   0.02967   0.01210   0.02077   0.03792   0.02415   0.00000   0.00187   0.04311   0.02372   0.03213   0.12146   0.06870   0.05448   0.05511   0.02497   0.00301   0.00282   0.01750   0.08815   0.00000   0.13224   0.00709   0.00713   0.03404   0.01436   0.00819   0.02171   0.03254   0.00000   0.00463   0.05552   0.01338   0.03233   0.12980   0.03871   0.08555   0.07180   0.03644   0.00000   0.02980   0.01764   0.10776   8.05782   1.07012   1.15805   1.32106   1.10810  
 25 69.2453   2670.034467  x:  0.51292   0.00000   0.03169   0.01896   0.01473   0.03097   0.01253   0.01917   0.03806   0.02381   0.00000   0.00164   0.04303   0.02178   0.03196   0.11599   0.06342   0.05823   0.05817   0.01954   0.00478   0.00194   0.01955   0.09123   0.00000   0.13510   0.00906   0.00708   0.03471   0.01239   0.00800   0.02140   0.03091   0.00000   0.00418   0.05541   0.01585   0.03356   0.13231   0.03773   0.08544   0.06955   0.03849   0.00000   0.02644   0.01544   0.10586   7.99159   1.07300   1.12868   1.36733   1.10063  
 26 194.7928   2667.899676  x:  0.51633   0.00000   0.03206   0.01160   0.01493   0.03137   0.01161   0.01415   0.03366   0.02911   0.00000   0.00171   0.04302   0.02100   0.03053   0.11406   0.05445   0.05772   0.06194   0.02774   0.00309   0.00227   0.01924   0.09703   0.00000   0.14057   0.00798   0.00669   0.03337   0.01200   0.00786   0.02759   0.03097   0.00000   0.00433   0.05453   0.01530   0.02888   0.13091   0.03869   0.09142   0.06483   0.03485   0.00000   0.02380   0.01406   0.09488   7.84118   1.08103   1.06877   1.46838   1.08490  
 27 418.9551   2666.774892  x:  0.51572   0.00000   0.03169   0.01566   0.01495   0.03420   0.01261   0.01796   0.03347   0.02851   0.00000   0.00180   0.04292   0.02031   0.03244   0.12788   0.06257   0.05270   0.05776   0.02802   0.00302   0.00298   0.01704   0.09763   0.00000   0.14598   0.00728   0.00760   0.03090   0.01460   0.00829   0.02141   0.02946   0.00000   0.00440   0.05604   0.01481   0.02793   0.13157   0.03938   0.09669   0.06676   0.03091   0.00000   0.03032   0.01933   0.09451   7.75114   1.08694   1.04250   1.51997   1.07580  
 28 240.9458   2666.093449  x:  0.51204   0.00000   0.03201   0.01270   0.01473   0.03187   0.01180   0.01592   0.03633   0.02550   0.00000   0.00169   0.04269   0.02065   0.03220   0.13979   0.07001   0.05307   0.05271   0.02685   0.00352   0.00289   0.02309   0.09483   0.00000   0.14617   0.00772   0.00693   0.03349   0.01164   0.00819   0.02198   0.03131   0.00000   0.00404   0.05532   0.01521   0.03079   0.12988   0.04280   0.09794   0.06953   0.03690   0.00000   0.02991   0.01954   0.09575   7.69168   1.09141   1.03327   1.54538   1.06958  
 29 182.4748   2665.248077  x:  0.50686   0.00000   0.03210   0.01407   0.01504   0.02977   0.01247   0.01414   0.03653   0.02319   0.00000   0.00183   0.04262   0.02587   0.02903   0.15203   0.07150   0.05598   0.05066   0.02337   0.00480   0.00342   0.01590   0.08920   0.00000   0.14248   0.00689   0.00756   0.03485   0.01509   0.00807   0.02756   0.03327   0.00000   0.00429   0.05359   0.01584   0.03117   0.13017   0.04292   0.09548   0.07067   0.03682   0.00000   0.02156   0.01802   0.09756   7.61247   1.09825   1.03468   1.56524   1.06117  
 30 139.0229   2662.515331  x:  0.49529   0.00000   0.03233   0.01657   0.01573   0.03016   0.01162   0.02037   0.03066   0.02252   0.00000   0.00207   0.04267   0.03402   0.02831   0.17568   0.06012   0.06301   0.05788   0.02194   0.00625   0.00398   0.02233   0.07351   0.00000   0.13031   0.00450   0.00609   0.03272   0.00930   0.00829   0.02832   0.03185   0.00000   0.00491   0.05020   0.00814   0.02553   0.13228   0.03945   0.08215   0.06685   0.03161   0.00000   0.02307   0.01160   0.10055   7.34883   1.12175   1.05717   1.61269   1.03317  
 31 299.0159   2658.268749  x:  0.48607   0.00000   0.03346   0.01370   0.01560   0.03215   0.01166   0.01141   0.02721   0.02165   0.00000   0.00194   0.04256   0.03483   0.03453   0.19926   0.04127   0.06399   0.06592   0.02104   0.00779   0.00334   0.01732   0.06039   0.00000   0.11580   0.00719   0.00763   0.03339   0.01439   0.00790   0.01712   0.02819   0.00000   0.00452   0.04658   0.01599   0.02275   0.12800   0.04578   0.06645   0.06023   0.03797   0.00000   0.03478   0.00695   0.10118   6.91642   1.15991   1.10054   1.68267   0.98758  
 32 1153.9250   2638.675506  x:  0.47659   0.00000   0.03758   0.01598   0.01577   0.02352   0.01182   0.01453   0.04070   0.02591   0.00000   0.00215   0.04302   0.00207   0.03927   0.22493   0.02566   0.04839   0.08318   0.02561   0.00697   0.00284   0.01460   0.06644   0.00000   0.09887   0.00787   0.00736   0.03272   0.01334   0.00736   0.02968   0.02351   0.00000   0.00479   0.05719   0.01490   0.03270   0.12324   0.04746   0.04513   0.05001   0.04390   0.00000   0.03086   0.03503   0.10644   5.36657   1.29662   1.27205   1.91563   0.82921  
 33 1719.5003   2598.994871  x:  0.46597   0.00000   0.04626   0.02298   0.01854   0.02251   0.01282   0.01177   0.05823   0.03435   0.00000   0.00420   0.04131   0.01869   0.04747   0.23934   0.03806   0.02564   0.11536   0.03720   0.00308   0.00533   0.01821   0.09502   0.00000   0.09744   0.00352   0.00867   0.03052   0.01511   0.00841   0.03001   0.01364   0.00000   0.00868   0.07854   0.01392   0.04749   0.11356   0.04116   0.03874   0.03798   0.06142   0.00000   0.02323   0.02114   0.11088   2.00483   1.59198   1.65134   2.41401   0.49395  
 34 9811.3982   2593.221929  x:  0.46311   0.00000   0.04783   0.02141   0.01902   0.02530   0.01278   0.01127   0.05241   0.03282   0.00000   0.00433   0.04127   0.01302   0.04553   0.23779   0.04028   0.03397   0.11396   0.03613   0.00321   0.00480   0.01868   0.09380   0.00000   0.09995   0.00435   0.00828   0.03101   0.01512   0.00842   0.02565   0.02601   0.00000   0.00909   0.07450   0.01469   0.04188   0.11209   0.04294   0.04603   0.04429   0.05736   0.00000   0.02312   0.02240   0.11232   1.43999   1.64079   1.71339   2.49526   0.44523  
 35 5613.4156   2592.165816  x:  0.46086   0.00000   0.04823   0.02021   0.01916   0.02409   0.01256   0.01127   0.05088   0.03072   0.00000   0.00433   0.04136   0.01177   0.04400   0.23565   0.04130   0.03546   0.10798   0.03456   0.00362   0.00458   0.01873   0.09138   0.00000   0.09942   0.00477   0.00847   0.03226   0.01489   0.00822   0.02789   0.01492   0.00000   0.00917   0.07027   0.01502   0.04069   0.11191   0.04362   0.04846   0.04477   0.05474   0.00000   0.02490   0.02290   0.10958   1.34180   1.64898   1.72322   2.50826   0.44478  
 36 552.2858   2591.482424  x:  0.45850   0.00000   0.04871   0.02091   0.01908   0.02378   0.01229   0.01157   0.05189   0.03205   0.00000   0.00431   0.04147   0.01213   0.04423   0.23530   0.03992   0.03054   0.09668   0.03629   0.00386   0.00433   0.01883   0.08978   0.00000   0.10257   0.00465   0.00826   0.03165   0.01451   0.00816   0.02653   0.01667   0.00000   0.00917   0.06731   0.01451   0.04326   0.11437   0.03941   0.04216   0.03806   0.05509   0.00000   0.02403   0.02157   0.10495   1.27396   1.65440   1.72857   2.51637   0.45902  
 37 149.7863   2591.304812  x:  0.45917   0.00000   0.04869   0.02152   0.01911   0.02375   0.01239   0.01175   0.05289   0.03283   0.00000   0.00437   0.04140   0.01343   0.04614   0.23630   0.03612   0.03017   0.09561   0.03689   0.00364   0.00449   0.01915   0.09068   0.00000   0.10202   0.00443   0.00833   0.03013   0.01454   0.00824   0.02684   0.01649   0.00000   0.00927   0.07050   0.01433   0.04398   0.11410   0.03870   0.04196   0.04323   0.05657   0.00000   0.02337   0.02135   0.10521   1.25815   1.65590   1.72965   2.51841   0.46719  
 38 50.1010   2591.074877  x:  0.46009   0.00000   0.04852   0.02137   0.01918   0.02421   0.01253   0.01188   0.05249   0.03278   0.00000   0.00442   0.04133   0.01362   0.04889   0.23870   0.03808   0.03246   0.10091   0.03641   0.00326   0.00455   0.01876   0.09354   0.00000   0.09850   0.00464   0.00836   0.03135   0.01475   0.00827   0.02861   0.01692   0.00000   0.00935   0.07749   0.01444   0.04210   0.11236   0.04039   0.04372   0.04037   0.05723   0.00000   0.02362   0.02064   0.10919   1.24431   1.65767   1.73004   2.52017   0.48112  
 39 29.6394   2590.761767  x:  0.46067   0.00000   0.04915   0.02138   0.01929   0.02383   0.01253   0.01075   0.05447   0.03310   0.00000   0.00447   0.04143   0.01281   0.04122   0.24008   0.04215   0.02953   0.11332   0.03697   0.00308   0.00465   0.01884   0.09358   0.00000   0.09640   0.00440   0.00846   0.03167   0.01491   0.00827   0.02544   0.01720   0.00000   0.00947   0.07349   0.01475   0.04437   0.11264   0.04068   0.04414   0.04335   0.05692   0.00000   0.02341   0.02071   0.10813   1.24057   1.66008   1.72987   2.52018   0.49233  
 40 12.5392   2589.991734  x:  0.46156   0.00000   0.05025   0.02154   0.01914   0.02185   0.01294   0.01312   0.05785   0.03409   0.00000   0.00448   0.04101   0.01418   0.04186   0.24063   0.04273   0.03014   0.12296   0.03610   0.00377   0.00450   0.01696   0.09311   0.00000   0.11011   0.00494   0.00842   0.02854   0.01549   0.00828   0.03238   0.01821   0.00000   0.00940   0.06139   0.01489   0.04648   0.11126   0.04629   0.04242   0.04496   0.05760   0.00000   0.02902   0.02001   0.11388   1.24651   1.66615   1.72979   2.51703   0.50362  
 41 17.4098   2585.068745  x:  0.46111   0.00000   0.05299   0.02333   0.01972   0.02523   0.01306   0.01098   0.06385   0.03226   0.00000   0.00496   0.04132   0.01255   0.06759   0.22374   0.03915   0.02733   0.12059   0.03888   0.00352   0.00577   0.02149   0.08224   0.00000   0.12672   0.00312   0.00871   0.05272   0.01573   0.00872   0.02513   0.01864   0.00000   0.01011   0.03872   0.01491   0.04296   0.11815   0.04313   0.05669   0.04568   0.04977   0.00000   0.01626   0.02440   0.12065   1.30566   1.70573   1.73020   2.49386   0.53790  
 42 34.9538   2568.512051  x:  0.45146   0.00000   0.06755   0.02076   0.02254   0.03095   0.01192   0.00340   0.03753   0.01877   0.00000   0.00606   0.04225   0.00416   0.04848   0.17925   0.05281   0.04489   0.06778   0.03208   0.00775   0.00574   0.02471   0.07919   0.00000   0.16773   0.00164   0.00808   0.03891   0.01409   0.00822   0.00978   0.01760   0.00000   0.01249   0.06005   0.01461   0.01931   0.12322   0.04244   0.04891   0.05180   0.05333   0.00000   0.01373   0.02760   0.09957   1.49846   1.81486   1.72249   2.41462   0.61551  
 43 199.6003   2564.277583  x:  0.46454   0.00000   0.07168   0.02100   0.02336   0.03005   0.01157   0.00612   0.02441   0.02438   0.00000   0.00641   0.04222   0.00274   0.03464   0.18067   0.05029   0.04460   0.04376   0.03526   0.00668   0.00386   0.02311   0.07729   0.00000   0.17285   0.00307   0.00764   0.04781   0.01377   0.00796   0.01240   0.01902   0.00000   0.01371   0.06754   0.01459   0.03176   0.12993   0.03252   0.06278   0.05350   0.05062   0.00000   0.02428   0.01585   0.10338   1.55591   1.83915   1.71491   2.39029   0.63183  
 44 234.8793   2563.689826  x:  0.46825   0.00000   0.07225   0.01985   0.02346   0.02965   0.01130   0.00705   0.03298   0.02560   0.00000   0.00642   0.04227   0.00222   0.03380   0.18296   0.05029   0.04533   0.03861   0.03562   0.00641   0.00313   0.02345   0.07869   0.00000   0.17120   0.00414   0.00746   0.04425   0.01327   0.00780   0.01029   0.01882   0.00000   0.01394   0.06720   0.01484   0.02918   0.12944   0.03346   0.06498   0.05320   0.04537   0.00000   0.02287   0.01083   0.10381   1.56411   1.83851   1.71184   2.38496   0.63306  
 45 77.3720   2563.537224  x:  0.46950   0.00000   0.07226   0.01963   0.02343   0.03013   0.01124   0.00694   0.03217   0.02573   0.00000   0.00641   0.04231   0.00156   0.03660   0.18382   0.05237   0.04530   0.03856   0.03575   0.00628   0.00296   0.02307   0.07998   0.00000   0.16941   0.00434   0.00744   0.04231   0.01322   0.00776   0.01127   0.01878   0.00000   0.01395   0.06508   0.01489   0.02799   0.13050   0.03130   0.06462   0.05419   0.04663   0.00000   0.02265   0.01012   0.10281   1.56507   1.83136   1.70879   2.38050   0.63302  
 46 25.7053   2560.466792  x:  0.49063   0.00000   0.07510   0.02006   0.02405   0.03127   0.01170   0.00535   0.02612   0.02462   0.00000   0.00662   0.04322   0.00143   0.02897   0.18568   0.04671   0.05243   0.03081   0.03512   0.00578   0.00391   0.02540   0.10669   0.00000   0.15835   0.00329   0.00784   0.03808   0.01357   0.00818   0.00752   0.01816   0.00000   0.01413   0.04695   0.01502   0.02999   0.13795   0.03110   0.06262   0.05088   0.04871   0.00000   0.02382   0.01048   0.12118   1.56549   1.61289   1.63549   2.26060   0.63768  
 47 55.4799   2555.215827  x:  0.51537   0.00000   0.08139   0.02069   0.02464   0.03123   0.01134   0.00524   0.03339   0.02391   0.00000   0.00670   0.04432   0.00145   0.02326   0.18511   0.04493   0.04984   0.03533   0.03426   0.00960   0.00321   0.02167   0.09666   0.00000   0.17250   0.00354   0.00693   0.05512   0.01295   0.00763   0.01059   0.01871   0.00000   0.01427   0.05652   0.01375   0.01717   0.14748   0.02953   0.05868   0.05490   0.05125   0.00000   0.02996   0.00962   0.12398   1.56877   1.24626   1.50538   2.05258   0.64185  
 48 472.1542   2554.052939  x:  0.52046   0.00000   0.08275   0.01941   0.02500   0.02829   0.01101   0.00517   0.02924   0.02255   0.00000   0.00669   0.04466   0.00090   0.02784   0.18435   0.04577   0.04870   0.03828   0.03296   0.01098   0.00282   0.02170   0.09027   0.00000   0.17615   0.00347   0.00657   0.05202   0.01233   0.00739   0.00850   0.01856   0.00000   0.01435   0.06076   0.01361   0.02596   0.14583   0.03379   0.05906   0.05470   0.04545   0.00000   0.02627   0.00832   0.12281   1.56953   1.15904   1.47161   1.99993   0.64260  
 49 577.1305   2553.722824  x:  0.52290   0.00000   0.08292   0.02012   0.02494   0.02775   0.01109   0.00466   0.03078   0.02303   0.00000   0.00672   0.04464   0.00083   0.02639   0.18280   0.04397   0.04789   0.03933   0.03313   0.01088   0.00305   0.02134   0.08352   0.00000   0.17537   0.00295   0.00664   0.04438   0.01233   0.00741   0.00835   0.01851   0.00000   0.01433   0.06104   0.01325   0.02633   0.14660   0.03199   0.06671   0.05040   0.05099   0.00000   0.02581   0.00978   0.12605   1.56754   1.14475   1.45357   1.97695   0.64243  
 50 41.1100   2550.072095  x:  0.55509   0.00000   0.08510   0.02223   0.02491   0.02743   0.01146   0.00435   0.03272   0.02470   0.00000   0.00670   0.04547   0.00044   0.02337   0.18472   0.04009   0.04856   0.04756   0.03246   0.00940   0.00383   0.01957   0.09126   0.00000   0.17600   0.00171   0.00685   0.05078   0.01271   0.00759   0.00883   0.01781   0.00000   0.01378   0.06119   0.01194   0.02750   0.15161   0.03404   0.06200   0.05098   0.05227   0.00000   0.02836   0.00283   0.13668   1.53841   1.08365   1.22099   1.70157   0.63331  
 51 56.3725   2547.398652  x:  0.56890   0.00000   0.08767   0.02163   0.02505   0.02653   0.01139   0.00484   0.03169   0.02442   0.00000   0.00666   0.04658   0.00165   0.02844   0.18431   0.04202   0.04931   0.04860   0.03134   0.00932   0.00367   0.01846   0.09104   0.00000   0.17294   0.00200   0.00678   0.04317   0.01233   0.00746   0.01004   0.01760   0.00000   0.01341   0.05842   0.01167   0.02832   0.15499   0.03264   0.06265   0.05129   0.05288   0.00000   0.02632   0.00077   0.13848   1.54465   1.01379   1.12149   1.56919   0.63743  
 52  9.2462   2544.462598  x:  0.58620   0.00000   0.09138   0.02100   0.02525   0.02580   0.01146   0.00679   0.03071   0.02289   0.00000   0.00660   0.04833   0.00248   0.03290   0.18207   0.04365   0.05094   0.05143   0.02899   0.00932   0.00388   0.01751   0.09089   0.00000   0.16985   0.00244   0.00688   0.03606   0.01203   0.00739   0.01097   0.01738   0.00000   0.01274   0.05500   0.01139   0.02695   0.16003   0.03316   0.06024   0.05170   0.05358   0.00000   0.02315   0.00418   0.14272   1.54305   0.92645   0.96268   1.36230   0.64258  
 53 15.8727   2539.674578  x:  0.57393   0.00000   0.09895   0.02052   0.02553   0.02398   0.01226   0.01118   0.02967   0.01650   0.00000   0.00577   0.05737   0.00228   0.03203   0.14523   0.05002   0.05183   0.04513   0.02208   0.01017   0.00583   0.01610   0.08536   0.00000   0.16385   0.00133   0.00670   0.02195   0.01247   0.00773   0.01741   0.02157   0.00000   0.00892   0.04739   0.00880   0.02317   0.14734   0.05076   0.06906   0.05402   0.04917   0.00000   0.02362   0.00413   0.11757   1.55774   0.98537   1.05623   1.41354   0.67753  
 54  0.5501   2535.056351  x:  0.52140   0.00000   0.10540   0.01325   0.02618   0.02265   0.01251   0.01161   0.02952   0.01950   0.00000   0.00576   0.05941   0.00265   0.02841   0.14376   0.05869   0.05468   0.06499   0.02245   0.00721   0.00496   0.01797   0.09107   0.00000   0.17569   0.00653   0.00732   0.01893   0.01200   0.00685   0.01813   0.02440   0.00000   0.00714   0.05317   0.01465   0.02350   0.17568   0.04910   0.07689   0.06121   0.03260   0.00000   0.02083   0.00469   0.12833   1.53395   1.11589   1.14935   1.44955   0.72119  
 55  0.6915   2532.726210  x:  0.50786   0.00000   0.11267   0.01495   0.02725   0.02319   0.01347   0.01139   0.03259   0.02337   0.00000   0.00560   0.06546   0.00291   0.03611   0.13045   0.06272   0.05044   0.06048   0.02405   0.00550   0.00599   0.01518   0.08835   0.00000   0.18304   0.00649   0.00735   0.04058   0.01278   0.00700   0.01838   0.02763   0.00000   0.00535   0.05804   0.01372   0.02335   0.18133   0.05129   0.07937   0.06957   0.03454   0.00000   0.02695   0.00513   0.11653   1.48671   1.13366   1.16065   1.42161   0.74655  
 56  0.2211   2531.082399  x:  0.48314   0.00000   0.12401   0.01491   0.03052   0.02749   0.01348   0.01331   0.03286   0.02789   0.00000   0.00627   0.06949   0.00331   0.03722   0.14578   0.06903   0.04855   0.05835   0.02865   0.00285   0.00668   0.01684   0.09137   0.00000   0.18703   0.00614   0.00746   0.03592   0.01332   0.00723   0.01892   0.02723   0.00000   0.00744   0.06017   0.01336   0.02483   0.19292   0.04754   0.08147   0.07436   0.04596   0.00000   0.02463   0.00575   0.11105   1.45211   1.05344   1.15320   1.41987   0.78228  
 57  0.0991   2530.319731  x:  0.48743   0.00000   0.13693   0.01263   0.03194   0.02514   0.01282   0.01162   0.03278   0.02686   0.00000   0.00601   0.07268   0.00371   0.03456   0.15484   0.06898   0.04615   0.05031   0.02689   0.00324   0.00679   0.01586   0.08678   0.00000   0.18752   0.00603   0.00680   0.03372   0.01249   0.00675   0.02189   0.02684   0.00000   0.00615   0.06070   0.01262   0.02803   0.19196   0.04813   0.08112   0.07622   0.03791   0.00000   0.02514   0.00621   0.10876   1.44546   1.03033   1.09227   1.37946   0.80257  
 58  0.0944   2529.762315  x:  0.49922   0.00000   0.15193   0.01391   0.03353   0.02691   0.01263   0.01422   0.03224   0.02363   0.00000   0.00618   0.07478   0.00423   0.03279   0.15045   0.06911   0.04396   0.05885   0.02525   0.00412   0.00800   0.01677   0.08762   0.00000   0.18790   0.00585   0.00678   0.03138   0.01299   0.00679   0.01934   0.02565   0.00000   0.00577   0.05773   0.01179   0.02567   0.18881   0.04637   0.07904   0.07637   0.03939   0.00000   0.02522   0.00672   0.10903   1.46454   1.06104   1.07885   1.39198   0.82080  
 59  0.0436   2529.432372  x:  0.49887   0.00000   0.16422   0.01388   0.03436   0.02545   0.01277   0.01373   0.03257   0.02352   0.00000   0.00637   0.07357   0.00484   0.03596   0.14615   0.06599   0.04086   0.05669   0.02383   0.00481   0.00893   0.01636   0.08951   0.00000   0.19122   0.00546   0.00666   0.03145   0.01292   0.00646   0.02042   0.02475   0.00000   0.00654   0.05840   0.01250   0.02527   0.19065   0.04789   0.07643   0.07463   0.03776   0.00000   0.02351   0.00753   0.11703   1.47815   1.06314   1.11927   1.42219   0.82612  
 60  0.0395   2529.269995  x:  0.50171   0.00000   0.17287   0.01383   0.03438   0.02564   0.01299   0.01301   0.03197   0.02512   0.00000   0.00645   0.07258   0.00526   0.03474   0.14666   0.06494   0.03867   0.05566   0.02348   0.00490   0.00932   0.01429   0.08511   0.00000   0.19189   0.00579   0.00644   0.03172   0.01270   0.00624   0.01954   0.02544   0.00000   0.00674   0.05706   0.01284   0.02420   0.19146   0.04902   0.07211   0.07498   0.04058   0.00000   0.02484   0.00793   0.11119   1.47636   1.05848   1.11869   1.40312   0.81980  
 61  0.0181   2529.206637  x:  0.49957   0.00000   0.17667   0.01346   0.03377   0.02561   0.01286   0.01276   0.03238   0.02503   0.00000   0.00642   0.07133   0.00553   0.03383   0.14912   0.06378   0.03786   0.05634   0.02368   0.00439   0.00983   0.01576   0.08657   0.00000   0.19286   0.00552   0.00646   0.03282   0.01283   0.00627   0.01931   0.02578   0.00000   0.00619   0.05806   0.01299   0.02536   0.19305   0.04873   0.06947   0.07457   0.03997   0.00000   0.02456   0.00812   0.11065   1.46856   1.06027   1.11448   1.40227   0.80917  
 62  0.0134   2529.187585  x:  0.49984   0.00000   0.17803   0.01325   0.03337   0.02596   0.01283   0.01272   0.03220   0.02477   0.00000   0.00642   0.07073   0.00562   0.03503   0.14893   0.06411   0.03717   0.05653   0.02358   0.00478   0.00994   0.01550   0.08621   0.00000   0.19384   0.00563   0.00646   0.03234   0.01295   0.00628   0.01887   0.02584   0.00000   0.00628   0.05860   0.01288   0.02463   0.19317   0.04815   0.06943   0.07457   0.03945   0.00000   0.02448   0.00812   0.11037   1.46873   1.05854   1.11029   1.40566   0.79976  
 63  0.0079   2529.178963  x:  0.50101   0.00000   0.17830   0.01353   0.03326   0.02595   0.01290   0.01257   0.03249   0.02485   0.00000   0.00648   0.07082   0.00568   0.03468   0.14809   0.06459   0.03744   0.05685   0.02368   0.00466   0.01002   0.01549   0.08692   0.00000   0.19407   0.00580   0.00647   0.03222   0.01292   0.00636   0.01918   0.02576   0.00000   0.00655   0.05802   0.01283   0.02521   0.19279   0.04830   0.07007   0.07469   0.03950   0.00000   0.02450   0.00809   0.11023   1.47175   1.05618   1.10933   1.40291   0.79423  
 64  0.0061   2529.174695  x:  0.49920   0.00000   0.17838   0.01341   0.03319   0.02581   0.01288   0.01277   0.03226   0.02478   0.00000   0.00648   0.07109   0.00573   0.03438   0.14829   0.06518   0.03777   0.05680   0.02357   0.00457   0.01010   0.01530   0.08651   0.00000   0.19452   0.00581   0.00646   0.03228   0.01287   0.00637   0.01926   0.02565   0.00000   0.00639   0.05818   0.01272   0.02507   0.19329   0.04827   0.07076   0.07496   0.03954   0.00000   0.02440   0.00802   0.11072   1.46997   1.05693   1.11079   1.40162   0.79174  
 65  0.0032   2529.172439  x:  0.49962   0.00000   0.17855   0.01345   0.03327   0.02582   0.01284   0.01284   0.03233   0.02487   0.00000   0.00651   0.07149   0.00580   0.03458   0.14895   0.06521   0.03802   0.05646   0.02353   0.00465   0.01019   0.01548   0.08634   0.00000   0.19421   0.00586   0.00646   0.03237   0.01282   0.00640   0.01942   0.02557   0.00000   0.00636   0.05802   0.01277   0.02499   0.19289   0.04851   0.07097   0.07506   0.03956   0.00000   0.02462   0.00796   0.11046   1.46948   1.05918   1.11199   1.40470   0.79138  
 66  0.0022   2529.168730  x:  0.50045   0.00000   0.17877   0.01333   0.03345   0.02591   0.01276   0.01307   0.03223   0.02492   0.00000   0.00656   0.07183   0.00598   0.03453   0.14885   0.06495   0.03810   0.05650   0.02364   0.00467   0.01042   0.01533   0.08703   0.00000   0.19390   0.00579   0.00649   0.03247   0.01293   0.00642   0.01934   0.02555   0.00000   0.00640   0.05833   0.01288   0.02484   0.19264   0.04851   0.07090   0.07499   0.03945   0.00000   0.02459   0.00776   0.11050   1.47100   1.05599   1.11032   1.40065   0.79175  
 67  0.0016   2529.164505  x:  0.49999   0.00000   0.17791   0.01340   0.03349   0.02570   0.01270   0.01301   0.03237   0.02494   0.00000   0.00660   0.07167   0.00620   0.03473   0.14855   0.06483   0.03798   0.05662   0.02373   0.00460   0.01057   0.01511   0.08652   0.00000   0.19358   0.00573   0.00647   0.03231   0.01283   0.00640   0.01929   0.02561   0.00000   0.00643   0.05840   0.01287   0.02532   0.19290   0.04814   0.07080   0.07486   0.03959   0.00000   0.02460   0.00750   0.11071   1.46975   1.05907   1.11112   1.40398   0.79177  
 68  0.0022   2529.162519  x:  0.49926   0.00000   0.17738   0.01341   0.03345   0.02580   0.01270   0.01292   0.03233   0.02475   0.00000   0.00660   0.07148   0.00630   0.03455   0.14830   0.06484   0.03802   0.05670   0.02351   0.00467   0.01061   0.01527   0.08628   0.00000   0.19358   0.00584   0.00644   0.03233   0.01274   0.00638   0.01931   0.02567   0.00000   0.00640   0.05808   0.01288   0.02511   0.19300   0.04825   0.07067   0.07486   0.03938   0.00000   0.02469   0.00735   0.11060   1.46960   1.05694   1.11069   1.40314   0.79244  
 69  0.0023   2529.161648  x:  0.49969   0.00000   0.17722   0.01342   0.03339   0.02593   0.01274   0.01280   0.03228   0.02483   0.00000   0.00659   0.07129   0.00636   0.03462   0.14870   0.06492   0.03794   0.05669   0.02350   0.00459   0.01059   0.01525   0.08664   0.00000   0.19380   0.00587   0.00643   0.03229   0.01279   0.00637   0.01935   0.02568   0.00000   0.00640   0.05812   0.01278   0.02497   0.19305   0.04837   0.07080   0.07489   0.03939   0.00000   0.02466   0.00730   0.11063   1.46981   1.05796   1.11097   1.40297   0.79314  
 70  0.0011   2529.161284  x:  0.49996   0.00000   0.17744   0.01341   0.03334   0.02586   0.01279   0.01279   0.03230   0.02485   0.00000   0.00658   0.07122   0.00640   0.03450   0.14873   0.06504   0.03794   0.05669   0.02349   0.00466   0.01057   0.01527   0.08653   0.00000   0.19412   0.00586   0.00643   0.03233   0.01286   0.00636   0.01934   0.02564   0.00000   0.00641   0.05817   0.01276   0.02502   0.19302   0.04831   0.07074   0.07496   0.03941   0.00000   0.02457   0.00729   0.11047   1.47050   1.05805   1.11142   1.40357   0.79364  
 71  0.0009   2529.160984  x:  0.49985   0.00000   0.17769   0.01341   0.03330   0.02579   0.01285   0.01280   0.03235   0.02483   0.00000   0.00656   0.07122   0.00645   0.03460   0.14857   0.06507   0.03790   0.05665   0.02354   0.00461   0.01054   0.01534   0.08650   0.00000   0.19418   0.00584   0.00645   0.03232   0.01289   0.00636   0.01931   0.02563   0.00000   0.00640   0.05812   0.01280   0.02497   0.19291   0.04828   0.07082   0.07503   0.03946   0.00000   0.02465   0.00730   0.11059   1.47006   1.05755   1.11090   1.40304   0.79381  
 72  0.0005   2529.160673  x:  0.49963   0.00000   0.17765   0.01341   0.03326   0.02583   0.01288   0.01283   0.03226   0.02483   0.00000   0.00653   0.07125   0.00650   0.03455   0.14865   0.06500   0.03793   0.05665   0.02358   0.00462   0.01042   0.01530   0.08656   0.00000   0.19401   0.00582   0.00643   0.03238   0.01283   0.00635   0.01930   0.02564   0.00000   0.00640   0.05807   0.01281   0.02502   0.19267   0.04835   0.07083   0.07502   0.03938   0.00000   0.02463   0.00730   0.11058   1.47001   1.05775   1.11091   1.40341   0.79355  
 73  0.0003   2529.160546  x:  0.49963   0.00000   0.17756   0.01343   0.03327   0.02586   0.01285   0.01284   0.03228   0.02482   0.00000   0.00652   0.07127   0.00652   0.03458   0.14858   0.06499   0.03796   0.05658   0.02358   0.00463   0.01036   0.01536   0.08652   0.00000   0.19400   0.00582   0.00643   0.03233   0.01284   0.00635   0.01932   0.02564   0.00000   0.00641   0.05817   0.01281   0.02502   0.19276   0.04838   0.07081   0.07499   0.03946   0.00000   0.02459   0.00730   0.11060   1.47005   1.05769   1.11078   1.40280   0.79338  
 74  0.0005   2529.160493  x:  0.49969   0.00000   0.17755   0.01342   0.03328   0.02585   0.01282   0.01284   0.03232   0.02482   0.00000   0.00652   0.07128   0.00653   0.03459   0.14861   0.06500   0.03798   0.05662   0.02358   0.00463   0.01033   0.01535   0.08655   0.00000   0.19394   0.00582   0.00644   0.03231   0.01286   0.00635   0.01933   0.02564   0.00000   0.00639   0.05814   0.01280   0.02502   0.19287   0.04835   0.07080   0.07499   0.03945   0.00000   0.02462   0.00731   0.11056   1.47019   1.05762   1.11109   1.40310   0.79333  
 75  0.0005   2529.160475  x:  0.49974   0.00000   0.17759   0.01342   0.03331   0.02584   0.01281   0.01284   0.03231   0.02482   0.00000   0.00653   0.07129   0.00654   0.03457   0.14859   0.06500   0.03796   0.05662   0.02357   0.00462   0.01032   0.01535   0.08654   0.00000   0.19396   0.00583   0.00644   0.03233   0.01286   0.00636   0.01933   0.02564   0.00000   0.00641   0.05814   0.01280   0.02500   0.19293   0.04835   0.07079   0.07498   0.03943   0.00000   0.02462   0.00732   0.11056   1.47004   1.05772   1.11103   1.40320   0.79332  
 76  0.0002   2529.160468  x:  0.49974   0.00000   0.17760   0.01343   0.03332   0.02584   0.01282   0.01284   0.03231   0.02483   0.00000   0.00653   0.07129   0.00654   0.03457   0.14859   0.06500   0.03795   0.05662   0.02357   0.00463   0.01032   0.01534   0.08655   0.00000   0.19398   0.00583   0.00645   0.03233   0.01285   0.00636   0.01933   0.02564   0.00000   0.00639   0.05814   0.01280   0.02500   0.19294   0.04834   0.07079   0.07497   0.03944   0.00000   0.02462   0.00732   0.11057   1.47008   1.05768   1.11097   1.40312   0.79334  
 77  0.0001   2529.160466  x:  0.49973   0.00000   0.17758   0.01342   0.03332   0.02584   0.01282   0.01284   0.03231   0.02483   0.00000   0.00654   0.07129   0.00654   0.03458   0.14860   0.06501   0.03795   0.05662   0.02357   0.00463   0.01032   0.01535   0.08654   0.00000   0.19398   0.00583   0.00645   0.03233   0.01285   0.00637   0.01933   0.02564   0.00000   0.00640   0.05814   0.01280   0.02500   0.19292   0.04834   0.07079   0.07496   0.03944   0.00000   0.02462   0.00732   0.11056   1.47011   1.05767   1.11099   1.40311   0.79334  
 78  0.0000   2529.160465  x:  0.49972   0.00000   0.17758   0.01342   0.03332   0.02584   0.01282   0.01284   0.03231   0.02482   0.00000   0.00654   0.07128   0.00654   0.03457   0.14860   0.06500   0.03795   0.05662   0.02357   0.00463   0.01032   0.01535   0.08654   0.00000   0.19398   0.00583   0.00645   0.03233   0.01285   0.00637   0.01933   0.02564   0.00000   0.00640   0.05814   0.01280   0.02500   0.19291   0.04834   0.07079   0.07497   0.03944   0.00000   0.02462   0.00732   0.11056   1.47008   1.05768   1.11099   1.40312   0.79333  
 79  0.0000   2529.160465  x:  0.49973   0.00000   0.17758   0.01342   0.03332   0.02584   0.01282   0.01284   0.03231   0.02483   0.00000   0.00654   0.07128   0.00655   0.03457   0.14860   0.06500   0.03795   0.05662   0.02357   0.00462   0.01032   0.01535   0.08654   0.00000   0.19398   0.00583   0.00645   0.03233   0.01285   0.00637   0.01933   0.02565   0.00000   0.00640   0.05814   0.01280   0.02500   0.19291   0.04834   0.07079   0.07497   0.03944   0.00000   0.02462   0.00732   0.11056   1.47009   1.05768   1.11099   1.40312   0.79335  
 80  0.0000   2529.160465  x:  0.49972   0.00000   0.17757   0.01342   0.03332   0.02584   0.01282   0.01284   0.03231   0.02482   0.00000   0.00654   0.07128   0.00655   0.03457   0.14860   0.06500   0.03795   0.05662   0.02357   0.00463   0.01032   0.01535   0.08654   0.00000   0.19398   0.00583   0.00645   0.03233   0.01285   0.00637   0.01933   0.02564   0.00000   0.00640   0.05814   0.01280   0.02500   0.19291   0.04834   0.07079   0.07497   0.03944   0.00000   0.02462   0.00732   0.11056   1.47009   1.05767   1.11098   1.40312   0.79335  
 81  0.0000   2529.160465  x:  0.49973   0.00000   0.17757   0.01342   0.03332   0.02584   0.01282   0.01284   0.03231   0.02482   0.00000   0.00654   0.07128   0.00655   0.03457   0.14860   0.06500   0.03795   0.05662   0.02357   0.00462   0.01032   0.01535   0.08654   0.00000   0.19398   0.00583   0.00645   0.03233   0.01285   0.00637   0.01933   0.02564   0.00000   0.00640   0.05814   0.01280   0.02500   0.19291   0.04834   0.07079   0.07497   0.03944   0.00000   0.02461   0.00733   0.11056   1.47008   1.05767   1.11099   1.40311   0.79335  
 82  0.0000   2529.160465  x:  0.49972   0.00000   0.17757   0.01342   0.03332   0.02584   0.01282   0.01284   0.03231   0.02482   0.00000   0.00654   0.07128   0.00655   0.03457   0.14860   0.06500   0.03795   0.05662   0.02357   0.00463   0.01032   0.01535   0.08654   0.00000   0.19398   0.00583   0.00645   0.03233   0.01285   0.00637   0.01933   0.02564   0.00000   0.00640   0.05814   0.01280   0.02500   0.19291   0.04834   0.07079   0.07497   0.03944   0.00000   0.02462   0.00733   0.11057   1.47009   1.05767   1.11099   1.40311   0.79335  
 83  0.0000   2529.160465  x:  0.49972   0.00000   0.17757   0.01342   0.03332   0.02584   0.01282   0.01284   0.03231   0.02482   0.00000   0.00654   0.07128   0.00655   0.03457   0.14860   0.06500   0.03795   0.05662   0.02357   0.00463   0.01032   0.01535   0.08654   0.00000   0.19398   0.00583   0.00645   0.03233   0.01285   0.00637   0.01933   0.02564   0.00000   0.00640   0.05814   0.01280   0.02500   0.19291   0.04834   0.07079   0.07497   0.03944   0.00000   0.02462   0.00733   0.11056   1.47009   1.05767   1.11099   1.40312   0.79335  
 84  0.0000   2529.160465  x:  0.49972   0.00000   0.17757   0.01342   0.03332   0.02584   0.01282   0.01284   0.03231   0.02482   0.00000   0.00654   0.07128   0.00655   0.03457   0.14860   0.06500   0.03795   0.05662   0.02357   0.00463   0.01032   0.01535   0.08654   0.00000   0.19398   0.00583   0.00645   0.03233   0.01285   0.00637   0.01933   0.02565   0.00000   0.00640   0.05814   0.01280   0.02500   0.19291   0.04834   0.07079   0.07497   0.03944   0.00000   0.02462   0.00733   0.11056   1.47009   1.05767   1.11099   1.40311   0.79335  
 85  0.0000   2529.160465  x:  0.49972   0.00000   0.17757   0.01342   0.03332   0.02584   0.01282   0.01284   0.03231   0.02482   0.00000   0.00654   0.07128   0.00655   0.03457   0.14860   0.06500   0.03795   0.05662   0.02357   0.00463   0.01032   0.01535   0.08654   0.00000   0.19398   0.00583   0.00645   0.03233   0.01285   0.00637   0.01933   0.02564   0.00000   0.00640   0.05814   0.01280   0.02500   0.19291   0.04834   0.07079   0.07497   0.03944   0.00000   0.02462   0.00733   0.11056   1.47009   1.05767   1.11099   1.40311   0.79335  

TREE # 2

  0  0.0000   2572.548626  x:  0.00382   0.09987   0.01994   0.02605   0.03841   0.04031   0.01570   0.04245   0.04452   0.03298   0.00886   0.04966   0.04253   0.02123   0.14165   0.07868   0.11395   0.07939   0.05833   0.00258   0.01209   0.04179   0.09390   0.00000   0.07696   0.01206   0.03824   0.02173   0.01357   0.02059   0.03253   0.02285   0.01140   0.04490   0.03663   0.02136   0.02246   0.12646   0.07678   0.08597   0.07073   0.03195   0.00690   0.01443   0.02299   0.09118   0.40412   1.47009   0.99516   1.03299   1.39809   0.79335  
  1 99.0000   2572.546976  x:  0.00382   0.09987   0.01994   0.02605   0.03841   0.04031   0.01570   0.04245   0.04452   0.03298   0.00886   0.04966   0.04253   0.02123   0.14165   0.07868   0.11395   0.07939   0.05833   0.00258   0.01209   0.04179   0.09390   0.00000   0.07696   0.01206   0.03824   0.02173   0.01357   0.02059   0.03253   0.02285   0.01140   0.04490   0.03663   0.02136   0.02246   0.12646   0.07678   0.08597   0.07073   0.03195   0.00690   0.01443   0.02299   0.09118   0.40412   1.47009   0.99516   1.03299   1.39809   0.79335  
  2 551.2026   2568.851609  x:  0.00089   0.10123   0.01867   0.02418   0.03814   0.03855   0.01482   0.04114   0.04357   0.02992   0.00941   0.04994   0.04068   0.02130   0.14250   0.07777   0.11354   0.07909   0.05767   0.00000   0.01005   0.03963   0.09432   0.00000   0.07840   0.01151   0.03805   0.02169   0.01364   0.02015   0.03251   0.02306   0.00832   0.04258   0.03678   0.02012   0.02212   0.12687   0.07641   0.08517   0.07024   0.03190   0.00609   0.01440   0.02260   0.09120   0.40467   1.47006   0.99525   1.03309   1.39797   0.79332  
  3 1348.5025   2568.080909  x:  0.00000   0.10148   0.01847   0.02378   0.03813   0.03815   0.01482   0.04087   0.04340   0.02899   0.00960   0.04995   0.04024   0.02129   0.14270   0.07753   0.11344   0.07904   0.05759   0.00000   0.01032   0.03911   0.09436   0.00000   0.07850   0.01141   0.03805   0.02159   0.01367   0.02020   0.03252   0.02320   0.00738   0.04192   0.03644   0.01990   0.02181   0.12696   0.07633   0.08493   0.07014   0.03200   0.00613   0.01455   0.02264   0.09122   0.40482   1.47006   0.99528   1.03310   1.39794   0.79331  
  4 1398.0837   2564.592458  x:  0.00000   0.10208   0.01845   0.02243   0.03846   0.03643   0.01623   0.04014   0.04323   0.02175   0.00820   0.04958   0.03816   0.02124   0.14361   0.07625   0.11290   0.07912   0.05739   0.00000   0.01005   0.03607   0.09413   0.00000   0.07738   0.01332   0.03814   0.02160   0.01346   0.02116   0.03254   0.02407   0.00000   0.03757   0.03599   0.01972   0.02256   0.12733   0.07615   0.08343   0.06988   0.03270   0.00762   0.01497   0.02338   0.09149   0.40580   1.47000   0.99551   1.03308   1.39776   0.79321  
  5 978.1777   2559.554019  x:  0.00000   0.10166   0.02020   0.02192   0.03937   0.03434   0.01909   0.04030   0.04438   0.00000   0.00989   0.04862   0.03502   0.02135   0.14492   0.07394   0.11174   0.08012   0.05724   0.00000   0.01063   0.03007   0.09287   0.00000   0.07372   0.00948   0.03833   0.02251   0.01344   0.02239   0.03258   0.02451   0.00000   0.02703   0.03991   0.02040   0.02482   0.12780   0.07615   0.08046   0.06993   0.03267   0.01010   0.01348   0.02454   0.09186   0.40826   1.46984   0.99619   1.03279   1.39742   0.79290  
  6 770.4342   2558.736791  x:  0.00000   0.09874   0.02343   0.02544   0.03959   0.03519   0.01847   0.04326   0.04753   0.00000   0.01370   0.04856   0.03430   0.02179   0.14505   0.07246   0.11057   0.08294   0.05652   0.00000   0.01095   0.02462   0.09069   0.00000   0.07325   0.01440   0.03841   0.02189   0.01453   0.02002   0.03250   0.02331   0.00000   0.01334   0.04228   0.01939   0.02037   0.12759   0.07670   0.07831   0.07068   0.02938   0.00847   0.01088   0.02376   0.09152   0.41242   1.46954   0.99749   1.03187   1.39717   0.79228  
  7 113.7659   2558.431736  x:  0.00000   0.09688   0.02504   0.02841   0.03927   0.03651   0.01674   0.04555   0.04953   0.00000   0.01080   0.04900   0.03463   0.02178   0.14472   0.07194   0.10992   0.08539   0.05546   0.00000   0.01118   0.02178   0.08938   0.00000   0.07488   0.01254   0.03836   0.02146   0.01369   0.01860   0.03246   0.02440   0.00000   0.00822   0.04043   0.01668   0.02118   0.12738   0.07717   0.07740   0.07119   0.02835   0.00666   0.01357   0.02308   0.09111   0.41626   1.46924   0.99881   1.03089   1.39701   0.79166  
  8 62.2069   2558.097940  x:  0.00000   0.09548   0.02701   0.03186   0.03900   0.03682   0.01556   0.04832   0.05213   0.00000   0.01051   0.04923   0.03303   0.02168   0.14503   0.06997   0.10836   0.08998   0.05292   0.00000   0.01178   0.01472   0.08737   0.00000   0.07607   0.01247   0.03820   0.02193   0.01448   0.01920   0.03247   0.02717   0.00000   0.01149   0.04030   0.01147   0.02126   0.12740   0.07768   0.07436   0.07203   0.02870   0.00628   0.01287   0.02204   0.09084   0.42542   1.46851   1.00202   1.02867   1.39650   0.79016  
  9 44.5165   2557.407840  x:  0.00000   0.09962   0.02542   0.03595   0.03773   0.03550   0.01370   0.05051   0.05289   0.00000   0.01197   0.05003   0.02956   0.02194   0.14594   0.06711   0.10563   0.10072   0.04464   0.00000   0.01246   0.01623   0.08662   0.00000   0.08080   0.01306   0.03657   0.02111   0.01081   0.02077   0.03252   0.02563   0.00000   0.01315   0.04067   0.01882   0.02167   0.12785   0.07783   0.06917   0.07276   0.03294   0.00564   0.01425   0.02194   0.09075   0.45356   1.46599   1.01275   1.02126   1.39493   0.78506  
 10 38.8651   2556.948989  x:  0.00000   0.10282   0.02256   0.03699   0.03766   0.03458   0.01474   0.05017   0.05149   0.00000   0.00924   0.04996   0.02913   0.02201   0.14637   0.06659   0.10439   0.10578   0.04354   0.00000   0.01255   0.01919   0.08740   0.00000   0.08137   0.01209   0.03659   0.02204   0.01897   0.02002   0.03251   0.02379   0.00000   0.01284   0.03983   0.02056   0.02159   0.12813   0.07758   0.06752   0.07266   0.03288   0.00476   0.01312   0.02260   0.09100   0.47377   1.46391   1.02116   1.01553   1.39367   0.78092  
 11 96.6123   2555.683946  x:  0.00000   0.10689   0.01420   0.03440   0.03938   0.03331   0.01884   0.04501   0.04473   0.00000   0.00959   0.04865   0.03347   0.02184   0.14669   0.06904   0.10374   0.10825   0.05486   0.00000   0.01224   0.02333   0.09120   0.00000   0.07623   0.01232   0.03967   0.02291   0.01330   0.01577   0.03236   0.02337   0.00000   0.01204   0.03934   0.01338   0.02211   0.12843   0.07643   0.06973   0.07080   0.02666   0.00342   0.01031   0.02412   0.09227   0.51694   1.45848   1.04144   1.00209   1.39047   0.77050  
 12 89.9595   2554.760339  x:  0.00000   0.10423   0.01561   0.02839   0.03906   0.03350   0.01458   0.03951   0.04075   0.00000   0.01244   0.04952   0.03707   0.02231   0.14667   0.07170   0.10563   0.10034   0.06212   0.00000   0.01212   0.02317   0.09349   0.00000   0.07675   0.01427   0.03967   0.02078   0.01583   0.01996   0.03236   0.02530   0.00000   0.01032   0.04669   0.01039   0.02204   0.12840   0.07553   0.07597   0.06890   0.02896   0.00620   0.01855   0.02121   0.09277   0.54235   1.45383   1.05625   0.99294   1.38800   0.76228  
 13 85.6837   2553.399517  x:  0.00000   0.09742   0.02256   0.01705   0.03772   0.03281   0.00919   0.03374   0.04023   0.00000   0.00858   0.05086   0.03712   0.02176   0.14725   0.07308   0.10946   0.08191   0.06419   0.00000   0.01234   0.01805   0.09426   0.00000   0.07931   0.01272   0.03690   0.02305   0.01463   0.02143   0.03251   0.02702   0.00000   0.00958   0.04429   0.01664   0.02007   0.12856   0.07461   0.08438   0.06795   0.02980   0.00600   0.01172   0.01661   0.09223   0.56410   1.44744   1.07311   0.98368   1.38492   0.75203  
 14 93.0608   2552.221077  x:  0.00000   0.09379   0.02560   0.01014   0.03663   0.03083   0.01482   0.03269   0.04269   0.00000   0.01247   0.05153   0.03250   0.02160   0.14823   0.07228   0.11341   0.06533   0.05799   0.00000   0.01296   0.01568   0.09400   0.00000   0.08243   0.01420   0.03440   0.02169   0.01566   0.01707   0.03240   0.02430   0.00000   0.01034   0.04244   0.01584   0.02568   0.12912   0.07439   0.08966   0.06785   0.02899   0.00062   0.01285   0.02208   0.09097   0.57272   1.44151   1.08507   0.97843   1.38258   0.74371  
 15 87.1172   2550.129514  x:  0.00000   0.09677   0.02047   0.01545   0.03710   0.02397   0.01508   0.03250   0.04361   0.00000   0.00740   0.05075   0.02084   0.02221   0.15115   0.06905   0.12022   0.04862   0.04599   0.00000   0.01361   0.01856   0.09557   0.00000   0.08064   0.01316   0.03602   0.02243   0.01320   0.01483   0.03222   0.02192   0.00000   0.00854   0.04848   0.00737   0.01936   0.13076   0.07332   0.09315   0.06686   0.03292   0.00067   0.01195   0.02425   0.09108   0.56911   1.43166   1.09912   0.97530   1.37940   0.73208  
 16 70.9601   2549.387563  x:  0.00000   0.09775   0.01864   0.01586   0.03724   0.02300   0.01409   0.03242   0.04327   0.00000   0.00795   0.05067   0.01974   0.02223   0.15184   0.06824   0.12126   0.04850   0.04529   0.00000   0.01383   0.01802   0.09606   0.00000   0.08040   0.01346   0.03661   0.02254   0.01351   0.01514   0.03221   0.02296   0.00000   0.00811   0.04837   0.00753   0.02026   0.13116   0.07315   0.09320   0.06651   0.03272   0.00000   0.01174   0.02365   0.09123   0.56648   1.42964   1.10128   0.97532   1.37886   0.72999  
 17 103.9228   2544.356833  x:  0.00000   0.10669   0.00656   0.00521   0.03591   0.01840   0.01312   0.02922   0.03861   0.00000   0.00401   0.05222   0.02022   0.02345   0.16059   0.05742   0.12616   0.06114   0.04398   0.00000   0.01616   0.00448   0.09948   0.00000   0.08651   0.01302   0.03413   0.02059   0.01315   0.00962   0.03223   0.01507   0.00000   0.00831   0.05396   0.00886   0.01781   0.13530   0.07109   0.08632   0.06328   0.03055   0.00000   0.01429   0.02172   0.09335   0.53544   1.40941   1.11974   0.97884   1.37391   0.71108  
 18 236.4335   2542.392177  x:  0.00000   0.11142   0.01149   0.00182   0.03408   0.01671   0.01463   0.02396   0.03479   0.00000   0.00447   0.05403   0.02081   0.02388   0.16615   0.05153   0.12369   0.06695   0.04507   0.00000   0.01659   0.00802   0.10046   0.00000   0.09536   0.01314   0.03040   0.02269   0.01249   0.01061   0.03232   0.01476   0.00000   0.00625   0.05424   0.00371   0.01877   0.13766   0.06966   0.07888   0.06166   0.02915   0.00000   0.01173   0.02146   0.09410   0.52253   1.40128   1.12570   0.98200   1.37201   0.70464  
 19 233.9426   2541.125910  x:  0.00000   0.11612   0.01547   0.00628   0.03218   0.01473   0.01755   0.01634   0.02949   0.00000   0.00469   0.05605   0.02178   0.02420   0.17194   0.04676   0.11999   0.06900   0.04888   0.00000   0.01694   0.00743   0.10201   0.00000   0.10535   0.01310   0.02630   0.02405   0.01222   0.01026   0.03239   0.01432   0.00000   0.00539   0.05455   0.00247   0.01945   0.14007   0.06780   0.07197   0.05950   0.02756   0.00000   0.01037   0.02236   0.09478   0.51173   1.39437   1.13041   0.98526   1.37032   0.69957  
 20 591.9074   2540.143755  x:  0.00000   0.12040   0.01756   0.00620   0.03211   0.01539   0.02041   0.01657   0.02655   0.00000   0.00345   0.05702   0.02019   0.02462   0.17721   0.04490   0.11208   0.06717   0.05364   0.00000   0.01691   0.00842   0.10243   0.00000   0.11457   0.01276   0.02833   0.02532   0.01218   0.00775   0.03216   0.02092   0.00000   0.00586   0.05799   0.00502   0.01678   0.14202   0.06636   0.06293   0.05792   0.02375   0.00000   0.01150   0.02478   0.09486   0.50492   1.38939   1.13234   0.98940   1.36920   0.69731  
 21 185.2538   2539.083648  x:  0.00000   0.12644   0.01450   0.00626   0.03331   0.01911   0.02174   0.02214   0.02575   0.00000   0.00312   0.05724   0.01984   0.02443   0.18344   0.04811   0.09682   0.06050   0.06095   0.00000   0.01677   0.00772   0.10307   0.00000   0.12651   0.01241   0.03178   0.02619   0.01188   0.01399   0.03194   0.01813   0.00000   0.00489   0.05838   0.00487   0.01689   0.14403   0.06505   0.05104   0.05689   0.02321   0.00000   0.00981   0.02631   0.09457   0.49914   1.38431   1.13193   0.99649   1.36828   0.69739  
 22 154.6685   2538.474474  x:  0.00000   0.12888   0.01348   0.00614   0.03461   0.01956   0.02001   0.02280   0.02840   0.00000   0.00434   0.05617   0.02016   0.02379   0.18648   0.05165   0.08492   0.05674   0.06524   0.00000   0.01658   0.00844   0.10250   0.00000   0.13016   0.01273   0.03286   0.02680   0.01232   0.00912   0.03205   0.01647   0.00000   0.00468   0.05742   0.00451   0.01880   0.14464   0.06511   0.04479   0.05733   0.02773   0.00000   0.00921   0.02473   0.09449   0.49823   1.38258   1.12898   1.00224   1.36816   0.70015  
 23 128.6612   2538.089074  x:  0.00000   0.12987   0.01256   0.00593   0.03479   0.01594   0.01830   0.01918   0.03230   0.00000   0.00357   0.05455   0.01966   0.02343   0.18787   0.05437   0.07418   0.05579   0.06577   0.00000   0.01656   0.00926   0.10105   0.00000   0.12969   0.01253   0.03096   0.02350   0.01245   0.01014   0.03218   0.01637   0.00000   0.00531   0.05799   0.00471   0.01872   0.14432   0.06635   0.04493   0.05892   0.02471   0.00000   0.00955   0.02474   0.09372   0.49948   1.38155   1.12358   1.00991   1.36841   0.70540  
 24 58.6007   2537.980654  x:  0.00000   0.13043   0.01234   0.00584   0.03457   0.01545   0.01799   0.01845   0.03241   0.00000   0.00348   0.05419   0.01958   0.02333   0.18821   0.05505   0.07114   0.05556   0.06555   0.00000   0.01660   0.00919   0.10075   0.00000   0.12936   0.01255   0.03027   0.02347   0.01245   0.01035   0.03222   0.01654   0.00000   0.00532   0.05816   0.00472   0.01861   0.14412   0.06674   0.04570   0.05942   0.02428   0.00320   0.00972   0.02486   0.09345   0.50045   1.38130   1.12094   1.01333   1.36860   0.70802  
 25 95.2112   2537.548169  x:  0.00000   0.13406   0.01284   0.00555   0.03284   0.01737   0.01786   0.01865   0.02732   0.00000   0.00405   0.05397   0.01957   0.02310   0.18864   0.05607   0.06360   0.05464   0.06271   0.00000   0.01690   0.00740   0.10077   0.00000   0.12749   0.01299   0.02796   0.02807   0.01229   0.01013   0.03239   0.01700   0.00000   0.00486   0.05821   0.00456   0.01816   0.14297   0.06778   0.05167   0.06067   0.02323   0.00289   0.01111   0.02495   0.09124   0.50729   1.38156   1.10720   1.02913   1.37001   0.72169  
 26 81.0064   2536.822980  x:  0.00000   0.13682   0.01522   0.00547   0.03318   0.01627   0.01887   0.01950   0.02358   0.00000   0.00339   0.05690   0.02017   0.02373   0.19004   0.05303   0.06734   0.05226   0.06309   0.00000   0.01708   0.00675   0.10296   0.00000   0.12821   0.01255   0.03232   0.02115   0.01254   0.00925   0.03216   0.01661   0.00000   0.00470   0.05850   0.00434   0.01950   0.14184   0.06687   0.05409   0.05886   0.02441   0.00313   0.00857   0.02251   0.08751   0.52375   1.38347   1.07840   1.06069   1.37321   0.75063  
 27 81.8728   2536.319938  x:  0.00000   0.13615   0.01316   0.00533   0.03433   0.01508   0.01859   0.01723   0.02860   0.00000   0.00380   0.05808   0.01949   0.02371   0.19145   0.05034   0.07501   0.05031   0.06613   0.00000   0.01708   0.00722   0.10497   0.00000   0.12989   0.01289   0.03231   0.02631   0.01241   0.01015   0.03221   0.01565   0.00000   0.00495   0.05871   0.00476   0.01903   0.14187   0.06529   0.05208   0.05645   0.02369   0.00312   0.01039   0.02232   0.08654   0.53661   1.38543   1.05643   1.08462   1.37571   0.77309  
 28 151.9185   2536.223741  x:  0.00000   0.13460   0.01137   0.00526   0.03380   0.01591   0.01805   0.01772   0.02840   0.00000   0.00371   0.05687   0.01874   0.02376   0.19179   0.05124   0.07708   0.05022   0.06706   0.00000   0.01706   0.00755   0.10550   0.00000   0.13059   0.01284   0.02882   0.02560   0.01252   0.01007   0.03237   0.01709   0.00000   0.00456   0.05913   0.00453   0.01897   0.14262   0.06494   0.05126   0.05649   0.02467   0.00266   0.00941   0.02405   0.08828   0.53891   1.38649   1.05243   1.08875   1.37623   0.77774  
 29 43.3128   2536.188989  x:  0.00000   0.13323   0.01201   0.00529   0.03355   0.01507   0.01696   0.01806   0.02708   0.00000   0.00373   0.05541   0.01769   0.02378   0.19211   0.05224   0.07777   0.05055   0.06733   0.00000   0.01708   0.00756   0.10572   0.00000   0.13068   0.01288   0.02918   0.02583   0.01253   0.00996   0.03237   0.01639   0.00000   0.00479   0.05897   0.00461   0.01909   0.14373   0.06497   0.05074   0.05669   0.02446   0.00252   0.00961   0.02493   0.09070   0.53945   1.38774   1.05134   1.08975   1.37643   0.77984  
 30 17.3787   2536.164355  x:  0.00000   0.13262   0.01178   0.00523   0.03352   0.01556   0.01724   0.01694   0.02698   0.00000   0.00373   0.05482   0.01825   0.02354   0.19258   0.05266   0.07782   0.05076   0.06628   0.00000   0.01717   0.00735   0.10597   0.00000   0.13096   0.01290   0.03047   0.02596   0.01252   0.01014   0.03230   0.01672   0.00000   0.00461   0.05916   0.00457   0.01901   0.14521   0.06509   0.05075   0.05685   0.02510   0.00222   0.00941   0.02509   0.09322   0.53935   1.38970   1.05117   1.08975   1.37656   0.78177  
 31 11.7400   2536.121637  x:  0.00000   0.13278   0.01175   0.00531   0.03399   0.01451   0.01813   0.01810   0.02724   0.00000   0.00373   0.05575   0.01915   0.02343   0.19397   0.05195   0.07725   0.05052   0.06579   0.00000   0.01723   0.00747   0.10670   0.00000   0.13055   0.01297   0.02981   0.02609   0.01249   0.01024   0.03230   0.01707   0.00000   0.00463   0.05928   0.00459   0.01894   0.14808   0.06496   0.05136   0.05612   0.02531   0.00203   0.00968   0.02344   0.09674   0.53885   1.39515   1.05178   1.08856   1.37667   0.78592  
 32 13.3105   2536.063051  x:  0.00000   0.13365   0.01211   0.00535   0.03426   0.01675   0.01756   0.01767   0.02770   0.00000   0.00363   0.05710   0.01732   0.02398   0.19560   0.05090   0.07678   0.05049   0.06604   0.00000   0.01727   0.00765   0.10720   0.00000   0.12913   0.01303   0.02937   0.02545   0.01251   0.01014   0.03236   0.01656   0.00000   0.00496   0.05918   0.00461   0.01916   0.15063   0.06481   0.05150   0.05557   0.02485   0.00213   0.01005   0.02261   0.09821   0.53802   1.40429   1.05309   1.08612   1.37673   0.79222  
 33 24.1652   2535.787533  x:  0.00000   0.13708   0.01242   0.00532   0.03188   0.01532   0.01349   0.01785   0.02814   0.00000   0.00349   0.05960   0.01878   0.02478   0.19977   0.05017   0.07690   0.05101   0.06672   0.00000   0.01755   0.00734   0.10705   0.00000   0.12701   0.01334   0.03019   0.02603   0.01254   0.01036   0.03250   0.01711   0.00000   0.00499   0.05984   0.00450   0.01927   0.15511   0.06482   0.05053   0.05728   0.02677   0.00204   0.00966   0.02712   0.09299   0.53326   1.45003   1.06022   1.07329   1.37696   0.82185  
 34 43.2455   2535.516576  x:  0.00000   0.13672   0.01104   0.00527   0.03473   0.01475   0.01599   0.01715   0.02596   0.00000   0.00351   0.05539   0.01705   0.02206   0.20014   0.05220   0.07745   0.05228   0.06552   0.00000   0.01784   0.00759   0.10523   0.00000   0.13005   0.01335   0.02965   0.02636   0.01244   0.01051   0.03212   0.01736   0.00000   0.00498   0.06057   0.00446   0.01931   0.15293   0.06524   0.04930   0.05755   0.02609   0.00260   0.01029   0.02276   0.08707   0.52931   1.49582   1.06638   1.06155   1.37696   0.84962  
 35 82.8731   2535.382597  x:  0.00000   0.13793   0.01050   0.00524   0.03331   0.01492   0.01646   0.01751   0.02721   0.00000   0.00374   0.05347   0.01787   0.02600   0.19741   0.05271   0.07692   0.05199   0.06390   0.00000   0.01796   0.00735   0.10568   0.00000   0.13319   0.01318   0.03010   0.02628   0.01242   0.01008   0.03254   0.01742   0.00000   0.00497   0.06027   0.00429   0.01992   0.14738   0.06474   0.04959   0.05615   0.02327   0.00336   0.00999   0.02232   0.08891   0.52901   1.51948   1.06788   1.05736   1.37672   0.86148  
 36 47.5534   2535.303049  x:  0.00000   0.13860   0.01030   0.00523   0.03359   0.01501   0.01561   0.01781   0.02775   0.00000   0.00385   0.05505   0.01756   0.02263   0.19412   0.05143   0.07604   0.05200   0.06386   0.00000   0.01799   0.00734   0.10648   0.00000   0.13477   0.01312   0.03046   0.02608   0.01248   0.00986   0.03219   0.01728   0.00000   0.00493   0.06046   0.00422   0.02021   0.14302   0.06465   0.05011   0.05613   0.02229   0.00359   0.00959   0.02382   0.09161   0.52886   1.53238   1.06818   1.05664   1.37621   0.86521  
 37 32.3233   2535.193506  x:  0.00000   0.13922   0.01012   0.00516   0.03540   0.01403   0.01586   0.01725   0.02693   0.00000   0.00375   0.05770   0.01573   0.02513   0.18849   0.05068   0.07512   0.05257   0.06492   0.00000   0.01810   0.00717   0.10741   0.00000   0.13473   0.01320   0.03038   0.02667   0.01241   0.01030   0.03207   0.01772   0.00000   0.00483   0.06082   0.00430   0.02017   0.13901   0.06530   0.04910   0.05760   0.02453   0.00304   0.00947   0.02370   0.09374   0.52740   1.54745   1.06822   1.05960   1.37455   0.86228  
 38 17.1929   2534.913873  x:  0.00000   0.14359   0.01049   0.00513   0.03181   0.01451   0.01434   0.01678   0.02558   0.00000   0.00364   0.05445   0.01742   0.02382   0.18122   0.04819   0.07506   0.05070   0.06333   0.00000   0.01847   0.00716   0.10825   0.00000   0.13139   0.01358   0.02931   0.02621   0.01246   0.01077   0.03319   0.01803   0.00000   0.00527   0.06168   0.00444   0.02056   0.13843   0.06492   0.04316   0.05654   0.02494   0.00303   0.01055   0.02107   0.09439   0.52625   1.58251   1.06588   1.07175   1.36951   0.84749  
 39 32.4902   2534.316157  x:  0.00000   0.14975   0.01176   0.00536   0.03498   0.01493   0.01265   0.01797   0.02852   0.00000   0.00355   0.05184   0.01676   0.02350   0.17915   0.05330   0.07589   0.05555   0.06199   0.00000   0.01919   0.00710   0.10820   0.00000   0.13593   0.01371   0.03020   0.02659   0.01233   0.01061   0.03053   0.01874   0.00000   0.00567   0.06318   0.00428   0.02112   0.14698   0.06272   0.04950   0.05327   0.02550   0.00371   0.00966   0.02263   0.09083   0.52712   1.65771   1.05686   1.10134   1.35932   0.81131  
 40 69.2487   2534.107090  x:  0.00000   0.14618   0.00869   0.00551   0.03356   0.01499   0.01280   0.01809   0.02701   0.00000   0.00373   0.05577   0.01707   0.02389   0.18277   0.05363   0.07582   0.05613   0.06067   0.00000   0.01934   0.00856   0.10618   0.00000   0.13722   0.01370   0.03146   0.02703   0.01235   0.01048   0.03385   0.01836   0.00000   0.00599   0.06338   0.00423   0.02166   0.14870   0.06504   0.04997   0.05674   0.02385   0.00412   0.00972   0.02174   0.08977   0.52830   1.68113   1.05290   1.11093   1.35708   0.79969  
 41 65.3070   2534.024355  x:  0.00000   0.14631   0.00849   0.00554   0.03430   0.01533   0.01209   0.01808   0.02652   0.00000   0.00375   0.05594   0.01806   0.02432   0.18786   0.05364   0.07648   0.05585   0.05948   0.00000   0.01947   0.00872   0.10787   0.00000   0.13662   0.01375   0.03103   0.02704   0.01235   0.01048   0.02982   0.01843   0.00000   0.00620   0.06346   0.00422   0.02188   0.14588   0.06695   0.04907   0.05893   0.02327   0.00419   0.01006   0.02128   0.09021   0.52819   1.68458   1.05153   1.11275   1.35871   0.79639  
 42 12.8692   2533.870523  x:  0.00000   0.14859   0.00970   0.00566   0.03411   0.01553   0.01181   0.01853   0.02757   0.00000   0.00358   0.05432   0.01758   0.02338   0.19742   0.05479   0.07758   0.05717   0.05902   0.00000   0.01975   0.00847   0.11242   0.00000   0.13598   0.01384   0.03120   0.02703   0.01227   0.01070   0.03351   0.01896   0.00000   0.00633   0.06411   0.00422   0.02188   0.13876   0.06818   0.04994   0.05974   0.02455   0.00391   0.01034   0.02057   0.09128   0.52654   1.68420   1.04954   1.11377   1.36478   0.79173  
 43 18.0503   2533.504482  x:  0.00000   0.14643   0.00736   0.00585   0.03066   0.01512   0.01052   0.01849   0.02636   0.00000   0.00347   0.05478   0.01638   0.02343   0.20238   0.05348   0.07494   0.05973   0.05746   0.00000   0.02025   0.00969   0.10878   0.00000   0.13461   0.01412   0.03268   0.02761   0.01222   0.01119   0.03107   0.01915   0.00000   0.00675   0.06509   0.00424   0.02264   0.13269   0.06172   0.05100   0.05154   0.02728   0.00346   0.00993   0.02048   0.09135   0.52261   1.66969   1.04471   1.11140   1.38432   0.78812  
 44 15.0429   2532.747408  x:  0.00000   0.15410   0.00678   0.00580   0.03900   0.01541   0.00537   0.01778   0.02408   0.00000   0.00369   0.05539   0.01912   0.02439   0.19731   0.05420   0.07508   0.06041   0.05146   0.00000   0.02133   0.00943   0.10439   0.00000   0.13595   0.01456   0.03145   0.02760   0.01224   0.01127   0.03467   0.01989   0.00000   0.00746   0.06658   0.00414   0.02423   0.13418   0.05868   0.04826   0.05171   0.02507   0.00440   0.01018   0.02118   0.09147   0.51712   1.63418   1.03483   1.10503   1.42537   0.78689  
 45 50.2125   2531.693217  x:  0.00000   0.16778   0.00638   0.00591   0.03071   0.01447   0.00621   0.01848   0.02700   0.00000   0.00397   0.05644   0.01491   0.02247   0.18379   0.05927   0.07703   0.06382   0.05053   0.00000   0.02253   0.00895   0.10521   0.00000   0.14140   0.01482   0.03252   0.02777   0.01200   0.01146   0.03151   0.02119   0.00000   0.00774   0.06917   0.00410   0.02573   0.14137   0.06286   0.04806   0.06060   0.02333   0.00555   0.01054   0.01528   0.09089   0.50910   1.58072   1.02210   1.09629   1.48317   0.78752  
 46 155.7761   2531.506571  x:  0.00000   0.16549   0.00529   0.00605   0.03108   0.01460   0.00536   0.01905   0.02715   0.00000   0.00401   0.05328   0.01464   0.02324   0.18070   0.05414   0.07465   0.06477   0.05030   0.00000   0.02267   0.00959   0.11168   0.00000   0.14320   0.01479   0.03330   0.02790   0.01198   0.01160   0.03163   0.02118   0.00000   0.00793   0.06948   0.00412   0.02589   0.14383   0.06933   0.04910   0.05838   0.02412   0.00560   0.01007   0.01615   0.08843   0.50710   1.56853   1.02470   1.09809   1.48750   0.79030  
 47 25.4273   2531.241849  x:  0.00000   0.16271   0.00555   0.00610   0.03073   0.01454   0.00526   0.01899   0.02703   0.00000   0.00412   0.05703   0.01464   0.02261   0.17772   0.05947   0.07356   0.06739   0.04515   0.00000   0.02313   0.00941   0.12248   0.00000   0.14200   0.01500   0.03348   0.02810   0.01186   0.01158   0.03169   0.02183   0.00000   0.00815   0.07003   0.00400   0.02638   0.14470   0.06583   0.04599   0.05703   0.02297   0.00564   0.01017   0.01566   0.08578   0.50292   1.54579   1.03982   1.10920   1.47897   0.80043  
 48 19.3102   2530.858648  x:  0.00000   0.16766   0.00463   0.00641   0.03034   0.01510   0.00423   0.01992   0.02744   0.00000   0.00430   0.05394   0.01457   0.02296   0.17836   0.05610   0.07571   0.06937   0.04559   0.00000   0.02337   0.01050   0.11723   0.00000   0.14383   0.01520   0.03446   0.02806   0.01190   0.01204   0.03135   0.02201   0.00000   0.00861   0.07092   0.00420   0.02710   0.14273   0.06126   0.04822   0.06320   0.02439   0.00481   0.01053   0.01429   0.08860   0.49581   1.50961   1.06838   1.12988   1.45750   0.81754  
 49 38.3953   2530.777462  x:  0.00000   0.17030   0.00480   0.00641   0.02996   0.01505   0.00394   0.01978   0.02726   0.00000   0.00434   0.05537   0.01453   0.02259   0.17871   0.05849   0.07742   0.06979   0.04539   0.00000   0.02345   0.01045   0.11314   0.00000   0.14380   0.01521   0.03426   0.02816   0.01191   0.01211   0.03131   0.02222   0.00000   0.00865   0.07117   0.00423   0.02711   0.14172   0.06638   0.04768   0.05972   0.02472   0.00456   0.01038   0.01443   0.08993   0.49423   1.50174   1.07450   1.13427   1.45213   0.82131  
 50 27.1027   2530.136942  x:  0.00000   0.17673   0.00507   0.00646   0.03070   0.01430   0.00551   0.01899   0.02619   0.00000   0.00626   0.05568   0.01433   0.02325   0.18393   0.05509   0.07698   0.07341   0.04079   0.00000   0.02409   0.00959   0.11299   0.00000   0.14880   0.01511   0.03275   0.02596   0.01219   0.01367   0.03194   0.02255   0.00000   0.00907   0.07183   0.00580   0.02822   0.14331   0.06628   0.04713   0.05828   0.02544   0.00457   0.00899   0.01498   0.08951   0.48964   1.46811   1.00722   1.07578   1.35484   0.81927  
 51  1.0225   2529.830694  x:  0.00000   0.17884   0.00540   0.00637   0.03142   0.01353   0.00702   0.01841   0.02579   0.00000   0.00765   0.05555   0.01371   0.02382   0.18783   0.05172   0.07728   0.07464   0.03882   0.00000   0.02389   0.00867   0.11144   0.00000   0.15131   0.01472   0.03178   0.02414   0.01240   0.01451   0.03233   0.02264   0.00000   0.00891   0.07108   0.00668   0.02848   0.14517   0.06665   0.04646   0.05721   0.02511   0.00473   0.00835   0.01583   0.08897   0.48757   1.47799   1.06195   1.12329   1.42255   0.81515  
 52  1.9038   2529.432967  x:  0.00000   0.18248   0.00658   0.00623   0.03253   0.01224   0.00638   0.01949   0.02659   0.00000   0.00720   0.05636   0.01080   0.02491   0.19323   0.04655   0.07428   0.07569   0.03796   0.00000   0.02448   0.00683   0.10890   0.00000   0.15937   0.01417   0.03381   0.02505   0.01289   0.01357   0.03233   0.02451   0.00000   0.00735   0.07148   0.00604   0.03138   0.14861   0.06603   0.04198   0.05712   0.02277   0.00514   0.01112   0.01494   0.08668   0.49182   1.46654   1.05402   1.11650   1.40379   0.79906  
 53  0.0671   2529.241896  x:  0.00000   0.18754   0.00610   0.00625   0.03307   0.01243   0.00695   0.01932   0.02591   0.00000   0.00603   0.05798   0.01336   0.02515   0.19239   0.04743   0.07407   0.07487   0.03888   0.00000   0.02501   0.00675   0.11068   0.00000   0.16854   0.01372   0.03304   0.02717   0.01304   0.01281   0.03263   0.02355   0.00000   0.00660   0.07135   0.00678   0.03496   0.14938   0.06556   0.04179   0.05652   0.02366   0.00476   0.01127   0.01517   0.08664   0.49361   1.45815   1.05901   1.11252   1.40258   0.79243  
 54  0.0458   2529.192336  x:  0.00000   0.19084   0.00571   0.00624   0.03222   0.01242   0.00621   0.01903   0.02571   0.00000   0.00653   0.05874   0.01276   0.02497   0.19376   0.04865   0.07312   0.07417   0.04046   0.00000   0.02471   0.00697   0.11219   0.00000   0.17238   0.01331   0.03296   0.02598   0.01295   0.01290   0.03236   0.02392   0.00000   0.00648   0.07074   0.00695   0.03502   0.14964   0.06456   0.04031   0.05642   0.02374   0.00474   0.01081   0.01564   0.08637   0.49763   1.46946   1.05709   1.10965   1.40122   0.78899  
 55  0.0282   2529.166053  x:  0.00000   0.19341   0.00571   0.00636   0.03254   0.01305   0.00648   0.01953   0.02571   0.00000   0.00643   0.05836   0.01270   0.02507   0.19306   0.04858   0.07152   0.07434   0.03956   0.00000   0.02473   0.00751   0.11081   0.00000   0.17563   0.01321   0.03373   0.02589   0.01282   0.01273   0.03224   0.02470   0.00000   0.00670   0.07110   0.00660   0.03496   0.14880   0.06482   0.03828   0.05659   0.02380   0.00466   0.01042   0.01571   0.08659   0.50045   1.46895   1.05683   1.11059   1.40172   0.79245  
 56  0.0140   2529.162778  x:  0.00000   0.19355   0.00592   0.00639   0.03236   0.01296   0.00632   0.01946   0.02574   0.00000   0.00643   0.05820   0.01279   0.02506   0.19302   0.04832   0.07103   0.07464   0.03931   0.00000   0.02478   0.00745   0.11067   0.00000   0.17637   0.01328   0.03355   0.02586   0.01282   0.01274   0.03223   0.02467   0.00000   0.00656   0.07121   0.00666   0.03498   0.14870   0.06489   0.03807   0.05667   0.02368   0.00466   0.01020   0.01533   0.08654   0.50042   1.47119   1.05676   1.11062   1.40255   0.79301  
 57  0.0060   2529.161115  x:  0.00000   0.19396   0.00578   0.00638   0.03236   0.01282   0.00639   0.01938   0.02567   0.00000   0.00645   0.05814   0.01283   0.02501   0.19297   0.04832   0.07078   0.07485   0.03945   0.00000   0.02475   0.00729   0.11050   0.00000   0.17715   0.01335   0.03341   0.02577   0.01283   0.01278   0.03231   0.02485   0.00000   0.00659   0.07129   0.00656   0.03484   0.14857   0.06504   0.03790   0.05659   0.02354   0.00464   0.01028   0.01522   0.08656   0.49985   1.47047   1.05740   1.11095   1.40303   0.79356  
 58  0.0029   2529.160646  x:  0.00000   0.19411   0.00585   0.00641   0.03229   0.01282   0.00638   0.01935   0.02563   0.00000   0.00643   0.05809   0.01280   0.02500   0.19281   0.04833   0.07074   0.07496   0.03944   0.00000   0.02471   0.00732   0.11054   0.00000   0.17746   0.01340   0.03334   0.02578   0.01283   0.01281   0.03231   0.02484   0.00000   0.00653   0.07131   0.00655   0.03473   0.14854   0.06503   0.03797   0.05663   0.02355   0.00462   0.01034   0.01538   0.08657   0.49957   1.46997   1.05772   1.11104   1.40324   0.79368  
 59  0.0012   2529.160497  x:  0.00000   0.19403   0.00582   0.00643   0.03233   0.01287   0.00637   0.01932   0.02564   0.00000   0.00640   0.05812   0.01277   0.02499   0.19290   0.04836   0.07078   0.07497   0.03941   0.00000   0.02466   0.00732   0.11058   0.00000   0.17755   0.01343   0.03329   0.02586   0.01282   0.01284   0.03231   0.02482   0.00000   0.00653   0.07127   0.00654   0.03462   0.14859   0.06501   0.03797   0.05661   0.02357   0.00461   0.01031   0.01535   0.08655   0.49965   1.47014   1.05776   1.11101   1.40314   0.79332  
 60  0.0005   2529.160473  x:  0.00000   0.19399   0.00583   0.00644   0.03234   0.01286   0.00637   0.01933   0.02565   0.00000   0.00640   0.05813   0.01280   0.02500   0.19292   0.04834   0.07078   0.07498   0.03945   0.00000   0.02464   0.00733   0.11057   0.00000   0.17756   0.01343   0.03331   0.02585   0.01282   0.01285   0.03231   0.02483   0.00000   0.00654   0.07127   0.00654   0.03458   0.14860   0.06500   0.03795   0.05662   0.02357   0.00462   0.01032   0.01534   0.08653   0.49972   1.47008   1.05770   1.11101   1.40311   0.79331  
 61  0.0002   2529.160467  x:  0.00000   0.19398   0.00583   0.00645   0.03233   0.01285   0.00637   0.01933   0.02565   0.00000   0.00640   0.05814   0.01280   0.02500   0.19292   0.04834   0.07079   0.07497   0.03943   0.00000   0.02463   0.00733   0.11056   0.00000   0.17757   0.01342   0.03331   0.02584   0.01282   0.01284   0.03231   0.02482   0.00000   0.00654   0.07127   0.00654   0.03457   0.14860   0.06500   0.03795   0.05662   0.02357   0.00463   0.01032   0.01535   0.08654   0.49974   1.47013   1.05766   1.11099   1.40312   0.79334  
 62  0.0001   2529.160465  x:  0.00000   0.19397   0.00583   0.00645   0.03233   0.01285   0.00637   0.01933   0.02564   0.00000   0.00640   0.05814   0.01280   0.02500   0.19291   0.04834   0.07079   0.07497   0.03944   0.00000   0.02462   0.00733   0.11056   0.00000   0.17757   0.01342   0.03332   0.02584   0.01282   0.01284   0.03231   0.02482   0.00000   0.00654   0.07128   0.00654   0.03457   0.14860   0.06500   0.03795   0.05662   0.02357   0.00463   0.01032   0.01535   0.08655   0.49973   1.47008   1.05767   1.11098   1.40312   0.79336  
 63  0.0001   2529.160465  x:  0.00000   0.19398   0.00583   0.00645   0.03233   0.01285   0.00637   0.01933   0.02564   0.00000   0.00640   0.05814   0.01280   0.02500   0.19291   0.04834   0.07079   0.07497   0.03944   0.00000   0.02462   0.00733   0.11056   0.00000   0.17757   0.01342   0.03332   0.02584   0.01282   0.01284   0.03231   0.02482   0.00000   0.00654   0.07128   0.00655   0.03457   0.14860   0.06500   0.03795   0.05662   0.02357   0.00463   0.01032   0.01534   0.08654   0.49972   1.47009   1.05768   1.11098   1.40311   0.79335  
 64  0.0000   2529.160465  x:  0.00000   0.19398   0.00583   0.00645   0.03233   0.01285   0.00637   0.01933   0.02565   0.00000   0.00640   0.05814   0.01280   0.02500   0.19291   0.04834   0.07079   0.07497   0.03944   0.00000   0.02462   0.00733   0.11056   0.00000   0.17757   0.01342   0.03332   0.02584   0.01282   0.01284   0.03231   0.02482   0.00000   0.00654   0.07128   0.00655   0.03457   0.14860   0.06500   0.03795   0.05662   0.02357   0.00462   0.01032   0.01535   0.08654   0.49972   1.47009   1.05767   1.11099   1.40311   0.79334  
 65  0.0000   2529.160465  x:  0.00000   0.19398   0.00583   0.00645   0.03233   0.01285   0.00637   0.01933   0.02564   0.00000   0.00640   0.05814   0.01280   0.02500   0.19291   0.04834   0.07079   0.07497   0.03944   0.00000   0.02462   0.00733   0.11056   0.00000   0.17757   0.01342   0.03332   0.02584   0.01282   0.01284   0.03231   0.02482   0.00000   0.00654   0.07128   0.00655   0.03457   0.14860   0.06500   0.03795   0.05662   0.02357   0.00462   0.01032   0.01535   0.08654   0.49972   1.47009   1.05767   1.11099   1.40311   0.79335  
 66  0.0000   2529.160465  x:  0.00000   0.19398   0.00583   0.00645   0.03233   0.01285   0.00637   0.01933   0.02564   0.00000   0.00640   0.05814   0.01280   0.02500   0.19291   0.04834   0.07079   0.07497   0.03944   0.00000   0.02462   0.00733   0.11056   0.00000   0.17757   0.01342   0.03332   0.02584   0.01282   0.01284   0.03231   0.02482   0.00000   0.00654   0.07128   0.00655   0.03457   0.14860   0.06500   0.03795   0.05662   0.02357   0.00463   0.01032   0.01535   0.08654   0.49972   1.47009   1.05767   1.11099   1.40312   0.79335  
 67  0.0000   2529.160465  x:  0.00000   0.19398   0.00583   0.00645   0.03233   0.01285   0.00637   0.01933   0.02564   0.00000   0.00640   0.05814   0.01280   0.02500   0.19291   0.04834   0.07079   0.07497   0.03944   0.00000   0.02462   0.00733   0.11056   0.00000   0.17757   0.01342   0.03332   0.02584   0.01282   0.01284   0.03231   0.02482   0.00000   0.00654   0.07128   0.00655   0.03457   0.14860   0.06500   0.03795   0.05662   0.02357   0.00463   0.01032   0.01535   0.08654   0.49972   1.47009   1.05767   1.11099   1.40311   0.79335  
 68  0.0000   2529.160465  x:  0.00000   0.19398   0.00583   0.00645   0.03233   0.01285   0.00637   0.01933   0.02564   0.00000   0.00640   0.05814   0.01280   0.02500   0.19291   0.04834   0.07079   0.07497   0.03944   0.00000   0.02462   0.00733   0.11056   0.00000   0.17757   0.01342   0.03332   0.02584   0.01282   0.01284   0.03231   0.02482   0.00000   0.00654   0.07128   0.00655   0.03457   0.14860   0.06500   0.03795   0.05662   0.02357   0.00463   0.01032   0.01535   0.08654   0.49972   1.47009   1.05767   1.11099   1.40311   0.79335  
 69  0.0000   2529.160465  x:  0.00000   0.19398   0.00583   0.00645   0.03233   0.01285   0.00637   0.01933   0.02564   0.00000   0.00640   0.05814   0.01280   0.02500   0.19291   0.04834   0.07079   0.07497   0.03944   0.00000   0.02462   0.00733   0.11056   0.00000   0.17757   0.01342   0.03332   0.02584   0.01282   0.01284   0.03231   0.02482   0.00000   0.00654   0.07128   0.00655   0.03457   0.14860   0.06500   0.03795   0.05662   0.02357   0.00463   0.01032   0.01535   0.08654   0.49972   1.47009   1.05767   1.11099   1.40311   0.79335  