

TREE # 1

  0  0.0000   2326.857161  x:  0.01972   0.20925   0.02571   0.03211   0.02495   0.05815   0.02188   0.05666   0.08536   0.02661   0.17168   0.01972   0.20925   0.02571   0.03211   0.02495   0.05815   0.02188   0.05666   0.08536   0.02661   0.17168   0.21568   8.40433   1.26494   1.18207   1.35497   1.00000  
  1 99.0000   2194.911360  x:  0.00310   0.20750   0.12517   0.08617   0.01144   0.08783   0.05647   0.05993   0.09023   0.10243   0.15404   0.00000   0.20628   0.12986   0.09071   0.03104   0.08178   0.04961   0.07604   0.08206   0.10752   0.15538   0.19750   8.40453   1.26592   1.18090   1.35555   0.99825  
  2 1649.3064   2191.974509  x:  0.00000   0.20698   0.12451   0.08742   0.00900   0.09063   0.05582   0.05988   0.09069   0.10217   0.14974   0.00000   0.20545   0.12903   0.09182   0.03094   0.08430   0.04906   0.07787   0.08094   0.10715   0.15141   0.19304   8.40459   1.26620   1.18063   1.35563   0.99786  
  3 319.8904   2155.762084  x:  0.00000   0.20009   0.11370   0.11274   0.06854   0.11634   0.03826   0.05618   0.10266   0.10363   0.00000   0.00000   0.18111   0.11255   0.11424   0.02817   0.10129   0.04159   0.08336   0.05319   0.11148   0.01230   0.02975   8.40650   1.27600   1.16945   1.35983   0.98331  
  4 676.6801   2155.762084  x:  0.00000   0.20009   0.11370   0.11274   0.06854   0.11634   0.03826   0.05618   0.10266   0.10363   0.00000   0.00000   0.18111   0.11255   0.11424   0.02817   0.10129   0.04159   0.08336   0.05319   0.11148   0.01230   0.02975   8.40650   1.27600   1.16945   1.35983   0.98331  
  5 670.8944   2145.104569  x:  0.00112   0.20009   0.11370   0.11274   0.06853   0.11634   0.03826   0.05618   0.10266   0.10364   0.01612   0.00000   0.18111   0.11255   0.11424   0.02817   0.10129   0.04159   0.08336   0.05319   0.11149   0.01231   0.02975   8.40650   1.27601   1.16945   1.35983   0.98331  
  6 235626.3712   2141.466866  x:  0.03608   0.19906   0.12177   0.11662   0.05273   0.12235   0.04425   0.05493   0.10220   0.10903   0.01375   0.00000   0.18003   0.12200   0.11917   0.02968   0.10716   0.04402   0.08825   0.05464   0.11666   0.03032   0.01925   8.40668   1.27695   1.16845   1.36031   0.98182  
  7 400.0922   2134.400314  x:  0.03005   0.19643   0.13604   0.12362   0.02055   0.13277   0.05201   0.05303   0.10117   0.11857   0.01417   0.00000   0.17771   0.13857   0.12800   0.03118   0.11726   0.04734   0.09644   0.05659   0.12584   0.03400   0.00327   8.40707   1.27893   1.16643   1.36121   0.97874  
  8 268.8836   2130.902260  x:  0.02721   0.19471   0.14488   0.12799   0.00000   0.13920   0.05642   0.05200   0.10049   0.12447   0.01436   0.00000   0.17619   0.14881   0.13348   0.03192   0.12346   0.04920   0.10140   0.05766   0.13155   0.03655   0.00672   8.40732   1.28022   1.16511   1.36180   0.97671  
  9 992.5727   2129.147821  x:  0.02265   0.19004   0.16311   0.13819   0.00999   0.15259   0.06200   0.05555   0.10052   0.13695   0.01467   0.00000   0.17212   0.17068   0.14526   0.03139   0.13592   0.05098   0.11065   0.05826   0.14358   0.04001   0.01091   8.40804   1.28377   1.16146   1.36350   0.97083  
 10 139.7248   2128.637192  x:  0.02583   0.18477   0.16913   0.14140   0.00945   0.15502   0.04982   0.05690   0.09877   0.13974   0.01445   0.00000   0.16762   0.17819   0.14921   0.02564   0.13681   0.04412   0.10812   0.05216   0.14660   0.03341   0.01069   8.40907   1.28844   1.15707   1.36534   0.96306  
 11 45.9819   2128.432580  x:  0.02602   0.17927   0.17102   0.14240   0.00965   0.15476   0.04611   0.05516   0.09710   0.13935   0.01444   0.00000   0.16304   0.18128   0.15199   0.03372   0.13519   0.04420   0.10307   0.04949   0.14670   0.03304   0.01071   8.41058   1.29489   1.15109   1.36791   0.95202  
 12 30.3683   2128.053006  x:  0.02466   0.16836   0.17182   0.14297   0.00984   0.15272   0.05139   0.05210   0.09453   0.13665   0.01453   0.00000   0.15422   0.18433   0.15592   0.02912   0.13072   0.04541   0.09297   0.04925   0.14505   0.03634   0.01071   8.41484   1.31225   1.13524   1.37486   0.92167  
 13 43.8995   2127.517191  x:  0.02617   0.16439   0.16842   0.14135   0.00854   0.14951   0.05308   0.06047   0.09661   0.13470   0.01443   0.00000   0.15225   0.18158   0.15559   0.03035   0.13128   0.04305   0.10383   0.05608   0.14293   0.03263   0.01058   8.42365   1.34419   1.10720   1.38835   0.86224  
 14 44.5871   2127.266858  x:  0.02457   0.17024   0.16734   0.14009   0.00877   0.15047   0.04905   0.05571   0.09869   0.13693   0.01454   0.00000   0.15743   0.17897   0.15218   0.02874   0.13439   0.04694   0.10691   0.05094   0.14410   0.03655   0.01057   8.42890   1.35936   1.09536   1.39541   0.83078  
 15 50.9957   2127.203559  x:  0.02549   0.17487   0.16791   0.14033   0.00892   0.15271   0.05146   0.05394   0.09838   0.13847   0.01448   0.00000   0.16060   0.17861   0.15073   0.02962   0.13459   0.04462   0.10357   0.05096   0.14548   0.03393   0.01063   8.43129   1.36258   1.09475   1.39759   0.82104  
 16 19.0319   2127.178911  x:  0.02506   0.17721   0.16841   0.14085   0.00868   0.15372   0.05031   0.05623   0.09757   0.13862   0.01450   0.00000   0.16172   0.17866   0.15067   0.02962   0.13413   0.04486   0.10095   0.05282   0.14595   0.03502   0.01059   8.43337   1.36306   1.09726   1.39875   0.81595  
 17 10.1700   2127.109001  x:  0.02523   0.17855   0.16955   0.14254   0.00863   0.15336   0.05097   0.05612   0.09615   0.13525   0.01449   0.00000   0.15988   0.17928   0.15281   0.02941   0.13269   0.04601   0.10298   0.05116   0.14463   0.03422   0.01061   8.44543   1.36064   1.11775   1.40373   0.79680  
 18  7.3428   2127.092211  x:  0.02474   0.17701   0.16915   0.14185   0.00867   0.15277   0.05055   0.05501   0.09738   0.13628   0.01453   0.00000   0.15970   0.17941   0.15231   0.02957   0.13340   0.04404   0.10307   0.05230   0.14489   0.03539   0.01061   8.44954   1.36050   1.12298   1.40540   0.79291  
 19 10.0607   2127.076928  x:  0.02510   0.17449   0.16831   0.14057   0.00855   0.15233   0.05061   0.05547   0.09879   0.13856   0.01450   0.00000   0.16004   0.17938   0.15117   0.02949   0.13481   0.04542   0.10213   0.05259   0.14558   0.03438   0.01061   8.45476   1.36124   1.12745   1.40754   0.79059  
 20  8.7048   2127.058826  x:  0.02467   0.17295   0.16762   0.13988   0.00835   0.15290   0.05160   0.05734   0.09776   0.13999   0.01453   0.00000   0.16088   0.17906   0.15030   0.02978   0.13453   0.04456   0.10224   0.05037   0.14599   0.03523   0.01057   8.46384   1.36432   1.13099   1.41131   0.79091  
 21  5.5623   2126.904352  x:  0.02406   0.16929   0.16618   0.13953   0.00858   0.15733   0.05026   0.05416   0.09008   0.14355   0.01457   0.00000   0.16524   0.17864   0.15089   0.02925   0.12994   0.04606   0.10564   0.05326   0.14739   0.03458   0.01059   8.54847   1.39581   1.15584   1.44631   0.80134  
 22 18.9725   2126.561209  x:  0.02192   0.17376   0.17049   0.14651   0.00726   0.15708   0.05112   0.05534   0.10142   0.14002   0.01472   0.00000   0.16438   0.17945   0.15244   0.02947   0.13190   0.04578   0.10407   0.05174   0.14575   0.03467   0.01051   8.74610   1.46812   1.20884   1.52528   0.82786  
 23 82.8383   2126.492863  x:  0.02148   0.17787   0.17133   0.14173   0.00734   0.15317   0.05156   0.05555   0.09731   0.13878   0.01475   0.00000   0.16030   0.18169   0.15188   0.02950   0.13812   0.04529   0.10339   0.05178   0.14655   0.03459   0.01053   8.78617   1.47909   1.21665   1.53691   0.83221  
 24 31.7211   2126.313859  x:  0.02018   0.18364   0.17114   0.13161   0.00679   0.15292   0.05205   0.05635   0.10234   0.14188   0.01484   0.00000   0.15523   0.18896   0.15348   0.02944   0.12846   0.04631   0.10555   0.05100   0.15267   0.03457   0.01053   8.90454   1.47689   1.21503   1.53240   0.83397  
 25  9.7540   2124.250144  x:  0.00276   0.17947   0.16350   0.15154   0.00000   0.16858   0.05438   0.05512   0.09948   0.14246   0.01602   0.00000   0.15953   0.21412   0.15559   0.02929   0.14354   0.04745   0.10959   0.05170   0.15745   0.03367   0.01044  10.59326   1.39943   1.16043   1.42173   0.84420  
 26 93.1931   2124.250144  x:  0.00276   0.17947   0.16350   0.15154   0.00000   0.16858   0.05438   0.05512   0.09948   0.14246   0.01602   0.00000   0.15953   0.21412   0.15559   0.02929   0.14354   0.04745   0.10959   0.05170   0.15745   0.03367   0.01044  10.59326   1.39943   1.16043   1.42173   0.84420  
 27 46.6948   2123.971466  x:  0.00659   0.17945   0.16367   0.15132   0.00225   0.16816   0.05400   0.05534   0.09952   0.14240   0.01523   0.00000   0.15954   0.21346   0.15553   0.02918   0.14326   0.04723   0.10934   0.05159   0.15716   0.03212   0.01150  10.59326   1.39937   1.16038   1.42180   0.84415  
 28 138.5680   2123.681182  x:  0.00549   0.17923   0.16460   0.15014   0.00332   0.16617   0.05223   0.05549   0.09930   0.14214   0.01115   0.00000   0.15961   0.21034   0.15528   0.02875   0.14196   0.04629   0.10821   0.05109   0.15578   0.02545   0.01402  10.59330   1.39910   1.16013   1.42210   0.84396  
 29 67.2489   2123.562058  x:  0.00631   0.17902   0.16560   0.14891   0.00159   0.16418   0.05083   0.05536   0.09898   0.14186   0.01228   0.00000   0.15971   0.20709   0.15506   0.02855   0.14069   0.04558   0.10712   0.05071   0.15437   0.02191   0.01309  10.59334   1.39880   1.15985   1.42244   0.84377  
 30 54.3000   2123.449163  x:  0.00537   0.17861   0.16736   0.14675   0.00377   0.16060   0.04906   0.05558   0.09866   0.14135   0.01386   0.00000   0.15996   0.20096   0.15467   0.02851   0.13848   0.04468   0.10526   0.05027   0.15182   0.02140   0.01148  10.59342   1.39821   1.15925   1.42315   0.84334  
 31 49.9199   2123.275643  x:  0.00581   0.17787   0.17068   0.14278   0.00279   0.15418   0.04708   0.05548   0.09795   0.14042   0.01308   0.00000   0.16048   0.18941   0.15402   0.02877   0.13465   0.04368   0.10216   0.04990   0.14721   0.02478   0.01283  10.59358   1.39704   1.15802   1.42459   0.84251  
 32 79.0434   2123.242387  x:  0.00600   0.17767   0.17154   0.14205   0.00271   0.15323   0.04987   0.05546   0.09805   0.14022   0.01219   0.00000   0.16088   0.18585   0.15392   0.02927   0.13447   0.04495   0.10238   0.05092   0.14643   0.02462   0.01180  10.59367   1.39642   1.15725   1.42543   0.84206  
 33 17.8826   2123.229111  x:  0.00582   0.17757   0.17191   0.14181   0.00280   0.15301   0.05126   0.05551   0.09818   0.14015   0.01294   0.00000   0.16115   0.18407   0.15384   0.02935   0.13462   0.04557   0.10278   0.05153   0.14622   0.02432   0.01265  10.59373   1.39600   1.15672   1.42601   0.84175  
 34 22.5062   2123.216210  x:  0.00584   0.17747   0.17221   0.14212   0.00271   0.15399   0.05067   0.05596   0.09866   0.14017   0.01286   0.00000   0.16199   0.18126   0.15333   0.02807   0.13598   0.04520   0.10481   0.05224   0.14697   0.02440   0.01255  10.59395   1.39454   1.15487   1.42801   0.84068  
 35  6.2530   2123.210602  x:  0.00584   0.17743   0.17218   0.14237   0.00271   0.15463   0.05009   0.05583   0.09879   0.14021   0.01285   0.00000   0.16239   0.18023   0.15304   0.02935   0.13651   0.04522   0.10530   0.05203   0.14748   0.02436   0.01255  10.59414   1.39333   1.15337   1.42961   0.83979  
 36  6.7135   2123.198800  x:  0.00583   0.17739   0.17161   0.14289   0.00275   0.15568   0.05036   0.05489   0.09848   0.14033   0.01286   0.00000   0.16273   0.17977   0.15245   0.02882   0.13628   0.04552   0.10349   0.05082   0.14835   0.02436   0.01254  10.59485   1.38919   1.14835   1.43484   0.83677  
 37  5.7573   2123.190340  x:  0.00583   0.17736   0.17127   0.14286   0.00262   0.15529   0.05038   0.05596   0.09816   0.14032   0.01286   0.00000   0.16232   0.18075   0.15273   0.02902   0.13556   0.04492   0.10297   0.05227   0.14813   0.02435   0.01254  10.59554   1.38558   1.14410   1.43910   0.83415  
 38  8.1301   2123.187228  x:  0.00582   0.17733   0.17136   0.14242   0.00262   0.15432   0.05027   0.05576   0.09844   0.14023   0.01286   0.00000   0.16179   0.18162   0.15306   0.02888   0.13557   0.04541   0.10408   0.05180   0.14735   0.02435   0.01253  10.59596   1.38392   1.14236   1.44061   0.83298  
 39  3.9501   2123.187050  x:  0.00582   0.17733   0.17146   0.14233   0.00262   0.15430   0.05041   0.05572   0.09852   0.14021   0.01286   0.00000   0.16177   0.18169   0.15305   0.02892   0.13567   0.04513   0.10412   0.05169   0.14729   0.02435   0.01253  10.59610   1.38370   1.14225   1.44053   0.83285  
 40  0.8285   2123.186504  x:  0.00582   0.17731   0.17198   0.14196   0.00261   0.15442   0.05035   0.05584   0.09875   0.14011   0.01286   0.00000   0.16178   0.18187   0.15303   0.02891   0.13623   0.04521   0.10380   0.05175   0.14719   0.02435   0.01254  10.59710   1.38237   1.14187   1.43938   0.83214  
 41  0.7631   2123.184823  x:  0.00582   0.17732   0.17219   0.14206   0.00265   0.15462   0.05031   0.05541   0.09831   0.14010   0.01286   0.00000   0.16194   0.18187   0.15318   0.02890   0.13573   0.04521   0.10411   0.05196   0.14745   0.02436   0.01254  10.60101   1.37764   1.14045   1.43468   0.82984  
 42  1.7572   2123.184265  x:  0.00582   0.17734   0.17194   0.14232   0.00259   0.15455   0.05040   0.05590   0.09837   0.14016   0.01286   0.00000   0.16193   0.18177   0.15312   0.02890   0.13562   0.04527   0.10415   0.05166   0.14746   0.02436   0.01254  10.60246   1.37614   1.13980   1.43304   0.82923  
 43  3.5575   2123.183833  x:  0.00582   0.17739   0.17136   0.14257   0.00258   0.15431   0.05037   0.05574   0.09878   0.14027   0.01286   0.00000   0.16181   0.18166   0.15302   0.02891   0.13582   0.04523   0.10401   0.05181   0.14733   0.02436   0.01253  10.60386   1.37519   1.13890   1.43174   0.82915  
 44  1.5593   2123.183034  x:  0.00581   0.17745   0.17094   0.14206   0.00260   0.15442   0.05038   0.05576   0.09827   0.14028   0.01286   0.00000   0.16181   0.18163   0.15301   0.02891   0.13611   0.04522   0.10404   0.05179   0.14722   0.02437   0.01253  10.60727   1.37413   1.13617   1.42940   0.83013  
 45  1.1252   2123.182347  x:  0.00581   0.17742   0.17153   0.14222   0.00259   0.15455   0.05036   0.05575   0.09868   0.14020   0.01286   0.00000   0.16190   0.18173   0.15313   0.02891   0.13572   0.04524   0.10407   0.05177   0.14739   0.02437   0.01253  10.61056   1.37335   1.13377   1.42759   0.83123  
 46  2.3470   2123.182104  x:  0.00580   0.17729   0.17183   0.14267   0.00260   0.15431   0.05037   0.05571   0.09838   0.14019   0.01286   0.00000   0.16178   0.18176   0.15301   0.02891   0.13594   0.04523   0.10404   0.05179   0.14740   0.02437   0.01253  10.61234   1.37304   1.13353   1.42741   0.83166  
 47  0.5684   2123.178313  x:  0.00575   0.17665   0.17161   0.14243   0.00255   0.15496   0.05040   0.05571   0.09855   0.14050   0.01287   0.00000   0.16142   0.18186   0.15301   0.02891   0.13577   0.04529   0.10416   0.05180   0.14713   0.02441   0.01252  10.64528   1.36823   1.13519   1.42845   0.83750  
 48  1.1762   2123.176227  x:  0.00572   0.17798   0.17148   0.14231   0.00251   0.15412   0.05048   0.05574   0.09857   0.14007   0.01288   0.00000   0.16247   0.18210   0.15328   0.02891   0.13600   0.04527   0.10413   0.05177   0.14792   0.02442   0.01251  10.66396   1.36721   1.13575   1.42891   0.83896  
 49  5.8474   2123.157958  x:  0.00545   0.18143   0.17172   0.14374   0.00215   0.15629   0.05058   0.05559   0.09832   0.13894   0.01291   0.00000   0.16112   0.18240   0.15336   0.02891   0.13611   0.04540   0.10438   0.05187   0.14597   0.02456   0.01245  10.83122   1.37159   1.13703   1.43097   0.83762  
 50  7.7912   2123.139173  x:  0.00522   0.17771   0.17125   0.14292   0.00175   0.15541   0.05087   0.05567   0.09870   0.14052   0.01293   0.00000   0.16161   0.18347   0.15310   0.02891   0.13640   0.04552   0.10463   0.05190   0.14835   0.02471   0.01237  11.00245   1.37704   1.13807   1.43287   0.83524  
 51 63.4804   2123.139087  x:  0.00522   0.17756   0.17121   0.14303   0.00174   0.15545   0.05087   0.05567   0.09868   0.14046   0.01293   0.00000   0.16187   0.18348   0.15336   0.02891   0.13645   0.04550   0.10460   0.05187   0.14816   0.02471   0.01237  11.00328   1.37706   1.13807   1.43288   0.83523  
 52  0.7129   2123.138924  x:  0.00522   0.17769   0.17131   0.14303   0.00176   0.15544   0.05086   0.05566   0.09865   0.14097   0.01293   0.00000   0.16206   0.18349   0.15329   0.02891   0.13643   0.04550   0.10460   0.05188   0.14799   0.02470   0.01237  11.00634   1.37706   1.13806   1.43290   0.83524  
 53  0.0761   2123.134843  x:  0.00524   0.17736   0.17154   0.14267   0.00216   0.15490   0.05061   0.05571   0.09865   0.14020   0.01290   0.00000   0.16235   0.18276   0.15263   0.02891   0.13599   0.04542   0.10441   0.05189   0.14754   0.02449   0.01238  11.08577   1.37693   1.13788   1.43337   0.83554  
 54  2.5696   2123.134502  x:  0.00524   0.17744   0.17159   0.14265   0.00219   0.15483   0.05059   0.05572   0.09864   0.14040   0.01290   0.00000   0.16194   0.18251   0.15329   0.02890   0.13610   0.04536   0.10430   0.05180   0.14779   0.02447   0.01238  11.09226   1.37691   1.13786   1.43341   0.83557  
 55  4.6882   2123.134135  x:  0.00538   0.17755   0.17157   0.14270   0.00214   0.15490   0.05059   0.05572   0.09864   0.14042   0.01292   0.00000   0.16193   0.18260   0.15331   0.02891   0.13613   0.04536   0.10432   0.05180   0.14779   0.02452   0.01240  11.10985   1.37676   1.13787   1.43335   0.83586  
 56  0.0156   2123.134131  x:  0.00538   0.17755   0.17156   0.14271   0.00215   0.15493   0.05060   0.05571   0.09864   0.14042   0.01291   0.00000   0.16192   0.18264   0.15331   0.02891   0.13614   0.04537   0.10433   0.05180   0.14782   0.02452   0.01241  11.11080   1.37678   1.13789   1.43335   0.83588  
 57  0.0010   2123.134131  x:  0.00538   0.17755   0.17156   0.14271   0.00215   0.15493   0.05060   0.05571   0.09864   0.14042   0.01291   0.00000   0.16192   0.18264   0.15331   0.02891   0.13614   0.04537   0.10433   0.05180   0.14782   0.02452   0.01241  11.11086   1.37678   1.13789   1.43335   0.83588  

TREE # 2

  0  0.0000   2394.333828  x:  0.00538   0.17755   0.17156   0.14271   0.00215   0.15493   0.05060   0.05571   0.09864   0.14042   0.01291   0.00000   0.16192   0.18264   0.15331   0.02891   0.13614   0.04537   0.10433   0.05180   0.14782   0.02452   0.01241  11.11086   1.36034   1.08652   1.35858   0.83588  
  1 99.0000   2328.830761  x:  0.00562   0.17702   0.17109   0.14309   0.01573   0.15530   0.05082   0.05652   0.09866   0.14016   0.02053   0.23574   0.16140   0.18212   0.15344   0.03059   0.13635   0.04597   0.10453   0.05181   0.14730   0.02755   0.01446  11.11086   1.36032   1.08654   1.35860   0.83588  
  2 61709.5869   2231.412239  x:  0.01954   0.13970   0.13875   0.15490   0.24338   0.16805   0.05881   0.08957   0.11480   0.11938   0.12466   0.22256   0.12527   0.14678   0.16182   0.13915   0.15015   0.08567   0.11817   0.05229   0.11163   0.20714   0.13037  11.11090   1.35920   1.08852   1.35896   0.83637  
  3 1380.5264   2205.794770  x:  0.00000   0.10282   0.10875   0.15587   0.24655   0.17054   0.05695   0.10522   0.11837   0.09494   0.12778   0.22234   0.09010   0.11339   0.16443   0.14645   0.15531   0.09208   0.12501   0.05243   0.07802   0.20838   0.11700  11.11094   1.35792   1.09102   1.35898   0.83677  
  4 369.4254   2149.932628  x:  0.00137   0.01726   0.03921   0.15800   0.25094   0.17613   0.05250   0.14100   0.12639   0.03824   0.13369   0.22201   0.00861   0.03593   0.17043   0.16199   0.16710   0.10639   0.14068   0.05274   0.00000   0.20890   0.08429  11.11104   1.35496   1.09680   1.35902   0.83772  
  5 6060.0012   2146.121372  x:  0.00147   0.00000   0.03392   0.15833   0.25152   0.17669   0.05205   0.14116   0.12592   0.03415   0.13503   0.22195   0.00264   0.02624   0.17104   0.16301   0.16732   0.10663   0.14111   0.05447   0.00798   0.20928   0.08117  11.11105   1.35460   1.09729   1.35941   0.83764  
  6 344.3867   2145.427848  x:  0.00151   0.00000   0.02875   0.15875   0.25224   0.17742   0.05155   0.14061   0.12506   0.02996   0.13692   0.22188   0.00831   0.01550   0.17187   0.16406   0.16759   0.10622   0.14122   0.05576   0.01117   0.20980   0.07730  11.11107   1.35414   1.09790   1.35998   0.83754  
  7 174.1111   2145.174974  x:  0.00147   0.00000   0.03162   0.15971   0.25373   0.17921   0.05112   0.13350   0.12125   0.02967   0.14240   0.22168   0.00719   0.01136   0.17320   0.16458   0.16727   0.10168   0.13875   0.05592   0.00925   0.21140   0.07030  11.11111   1.35300   1.09917   1.36187   0.83708  
  8 34.6056   2145.006309  x:  0.00145   0.00000   0.02860   0.16069   0.25510   0.18117   0.05095   0.12828   0.11806   0.02712   0.14772   0.22150   0.00708   0.01417   0.17470   0.16550   0.16736   0.09835   0.13721   0.05650   0.00904   0.21286   0.06284  11.11117   1.35164   1.10077   1.36405   0.83658  
  9 57.0073   2144.907139  x:  0.00154   0.00000   0.02720   0.16154   0.25281   0.18463   0.05532   0.13020   0.11786   0.03104   0.15385   0.22143   0.00707   0.01390   0.17730   0.16549   0.16885   0.10004   0.13918   0.05415   0.00929   0.21239   0.06104  11.11141   1.34705   1.10630   1.37210   0.83471  
 10  8.1315   2144.733199  x:  0.00170   0.00000   0.03106   0.16232   0.24835   0.18918   0.05466   0.13357   0.11738   0.02530   0.16121   0.22143   0.00726   0.01450   0.18073   0.16527   0.17098   0.10247   0.14229   0.05451   0.00958   0.21174   0.06286  11.11192   1.33802   1.11779   1.38890   0.83094  
 11 24.0351   2144.535728  x:  0.00185   0.00000   0.02671   0.16174   0.24500   0.19003   0.04777   0.13328   0.11660   0.02678   0.16337   0.22151   0.00660   0.01367   0.18105   0.16450   0.17072   0.10084   0.14169   0.05744   0.00792   0.21213   0.06844  11.11260   1.32892   1.13080   1.40890   0.82673  
 12 29.7592   2144.242347  x:  0.00212   0.00000   0.02499   0.15886   0.24911   0.18342   0.05431   0.13556   0.11899   0.02360   0.15145   0.22164   0.00600   0.01277   0.17470   0.16720   0.16741   0.09796   0.13650   0.05744   0.00669   0.21609   0.06507  11.11384   1.32130   1.14851   1.43802   0.82174  
 13 20.7461   2144.122966  x:  0.00228   0.00000   0.02612   0.15943   0.25313   0.18077   0.04932   0.13727   0.12086   0.02556   0.14665   0.22160   0.00613   0.01286   0.17344   0.17001   0.16825   0.10200   0.13889   0.05672   0.00689   0.21650   0.05829  11.11443   1.32363   1.15324   1.44695   0.82126  
 14 16.9186   2143.843927  x:  0.00259   0.00000   0.02305   0.16526   0.26008   0.18083   0.05051   0.13064   0.11881   0.02258   0.14171   0.22144   0.00528   0.01173   0.17666   0.17168   0.17283   0.10613   0.14798   0.05396   0.00536   0.20794   0.05978  11.11617   1.35131   1.15369   1.45545   0.82641  
 15  9.7367   2143.624881  x:  0.00292   0.00000   0.02275   0.16538   0.26258   0.18268   0.05131   0.13844   0.12172   0.02281   0.14569   0.22122   0.00496   0.01139   0.17841   0.17274   0.17426   0.10211   0.14800   0.06371   0.00404   0.20322   0.05780  11.11776   1.37893   1.15297   1.45701   0.83250  
 16 22.3084   2143.480102  x:  0.00313   0.00000   0.02182   0.16177   0.26077   0.18402   0.04768   0.14579   0.12229   0.02093   0.15096   0.22116   0.00477   0.01104   0.17765   0.17264   0.17258   0.09950   0.14271   0.05699   0.00461   0.20367   0.05716  11.11890   1.39752   1.15331   1.45446   0.83708  
 17 22.8180   2143.423700  x:  0.00322   0.00000   0.02144   0.15840   0.25535   0.18471   0.04821   0.14586   0.11788   0.02085   0.15193   0.22136   0.00466   0.01085   0.17547   0.17296   0.17112   0.10482   0.14187   0.05855   0.00400   0.20980   0.05666  11.11958   1.40360   1.15656   1.44811   0.83961  
 18  8.0693   2143.376144  x:  0.00331   0.00000   0.02135   0.16106   0.24950   0.18522   0.04830   0.14404   0.12217   0.02082   0.15070   0.22163   0.00464   0.01077   0.17586   0.17554   0.17186   0.10230   0.14484   0.05802   0.00410   0.21644   0.05657  11.12055   1.40458   1.16393   1.43583   0.84209  
 19  5.6462   2143.326378  x:  0.00342   0.00000   0.02158   0.16337   0.25233   0.18380   0.04822   0.14616   0.11806   0.02147   0.14946   0.22154   0.00469   0.01084   0.17801   0.17607   0.17381   0.10125   0.14303   0.05788   0.00434   0.21280   0.05710  11.12215   1.39893   1.17348   1.41788   0.84425  
 20  4.6143   2143.293177  x:  0.00349   0.00000   0.02145   0.16085   0.25558   0.18376   0.04845   0.14371   0.12162   0.02113   0.15144   0.22136   0.00466   0.01077   0.17647   0.17322   0.17217   0.10334   0.14261   0.05824   0.00413   0.20885   0.05708  11.12351   1.39331   1.17604   1.40675   0.84514  
 21  6.3582   2143.188608  x:  0.00374   0.00000   0.02170   0.15623   0.25818   0.19150   0.04793   0.14480   0.11858   0.02177   0.14852   0.22130   0.00470   0.01076   0.17382   0.16957   0.16813   0.09862   0.14992   0.05746   0.00420   0.20928   0.05648  11.12917   1.37055   1.15436   1.38550   0.84417  
 22  3.3751   2142.922730  x:  0.00434   0.00000   0.02194   0.16016   0.25276   0.19081   0.04840   0.14114   0.12101   0.02225   0.14718   0.22152   0.00454   0.01078   0.17825   0.17073   0.17266   0.10214   0.14005   0.05792   0.00366   0.21149   0.05716  11.14379   1.31552   1.09103   1.33989   0.84057  
 23 19.1650   2142.876543  x:  0.00443   0.00000   0.02219   0.16096   0.25062   0.18182   0.04899   0.14110   0.11940   0.02223   0.15156   0.22150   0.00457   0.01089   0.17569   0.17228   0.17135   0.10072   0.14355   0.05762   0.00361   0.21065   0.05753  11.14660   1.30982   1.08325   1.33512   0.83980  
 24  6.8216   2142.433676  x:  0.00526   0.00000   0.02517   0.17617   0.24571   0.18568   0.05009   0.13398   0.11824   0.02558   0.15063   0.22162   0.00509   0.01216   0.16557   0.16894   0.15632   0.10192   0.13621   0.05687   0.00343   0.20778   0.06100  11.17865   1.35095   1.10015   1.36046   0.83129  
 25  1.2889   2142.028912  x:  0.00601   0.00000   0.02800   0.15843   0.24237   0.18073   0.05172   0.12370   0.11864   0.02902   0.14648   0.22179   0.00548   0.01332   0.17420   0.16293   0.16663   0.09696   0.13403   0.05519   0.00414   0.20949   0.06366  11.20777   1.38973   1.11767   1.38525   0.82567  
 26 24.5028   2141.997282  x:  0.00605   0.00000   0.02799   0.16086   0.24292   0.17916   0.05171   0.12444   0.11852   0.02895   0.14658   0.22175   0.00548   0.01331   0.17371   0.15550   0.16884   0.09679   0.13417   0.05505   0.00417   0.21213   0.06321  11.21028   1.38928   1.11847   1.38843   0.83633  
 27  1.9700   2141.883799  x:  0.00616   0.00000   0.02863   0.15847   0.24003   0.18032   0.05190   0.12346   0.11879   0.02955   0.14564   0.22186   0.00548   0.01373   0.17521   0.16139   0.16565   0.09687   0.13389   0.05466   0.00404   0.20871   0.06408  11.21991   1.38432   1.12123   1.39984   0.88014  
 28  5.4437   2141.684614  x:  0.00634   0.00000   0.02898   0.15802   0.23519   0.18546   0.05188   0.12400   0.11853   0.02969   0.14667   0.22196   0.00564   0.01395   0.15895   0.16578   0.18055   0.09588   0.13345   0.05406   0.00379   0.20358   0.06474  11.23792   1.38283   1.12406   1.40399   0.88273  
 29  1.4124   2140.325060  x:  0.00700   0.00000   0.02979   0.15870   0.21844   0.18579   0.05206   0.13120   0.11987   0.02916   0.14358   0.22241   0.00529   0.01509   0.16487   0.16210   0.17941   0.09931   0.13758   0.05306   0.00000   0.19554   0.06396  11.31536   1.37978   1.13478   1.41648   0.86847  
 30 11.6355   2137.671930  x:  0.01014   0.00000   0.02860   0.16231   0.15595   0.18662   0.05273   0.14954   0.12418   0.02547   0.13204   0.22397   0.00834   0.01725   0.17887   0.14995   0.17764   0.10824   0.14858   0.05201   0.00504   0.16530   0.05806  11.56596   1.36551   1.15536   1.44204   0.83927  
 31  0.4937   2136.921017  x:  0.01155   0.00000   0.02508   0.16470   0.15402   0.18306   0.05106   0.13795   0.12247   0.02526   0.12155   0.22350   0.00666   0.01455   0.17904   0.13797   0.17135   0.09916   0.14413   0.05654   0.00221   0.14818   0.04812  11.53624   1.36586   1.15222   1.43777   0.83337  
 32  0.0403   2136.800735  x:  0.01175   0.00000   0.02436   0.16348   0.14648   0.18296   0.05057   0.13469   0.12193   0.02525   0.12237   0.22341   0.00553   0.01301   0.17791   0.13853   0.17082   0.09728   0.14247   0.05636   0.00157   0.15591   0.04995  11.44785   1.37149   1.14744   1.42858   0.83824  
 33  0.1129   2136.716679  x:  0.01177   0.00000   0.02433   0.16102   0.15394   0.18406   0.05058   0.13471   0.12179   0.02472   0.12382   0.22228   0.00464   0.01191   0.17732   0.14053   0.17172   0.09825   0.14208   0.05499   0.00222   0.15277   0.05216  11.27599   1.37564   1.14017   1.41724   0.84317  
 34  0.1153   2136.326211  x:  0.01339   0.00000   0.02422   0.16050   0.14857   0.18398   0.05127   0.13993   0.12301   0.02215   0.12501   0.21586   0.00588   0.01310   0.17659   0.14438   0.17629   0.10341   0.14386   0.05429   0.00543   0.15692   0.04656  10.43907   1.37001   1.12380   1.39978   0.84286  
 35  0.1422   2135.339572  x:  0.01792   0.00000   0.02303   0.16593   0.14805   0.17999   0.05058   0.13556   0.12097   0.02919   0.11932   0.19755   0.00523   0.01329   0.17737   0.13222   0.17036   0.09505   0.14326   0.05802   0.00592   0.14565   0.05574   9.25970   1.35819   1.14601   1.42625   0.81006  
 36  0.3374   2131.700671  x:  0.02605   0.00000   0.02908   0.16715   0.15727   0.18198   0.05103   0.12706   0.11203   0.02970   0.13013   0.15227   0.00391   0.01221   0.17829   0.13682   0.15988   0.08614   0.13644   0.05831   0.00000   0.15626   0.04596   9.77615   1.37523   1.19843   1.47846   0.80216  
 37  0.1376   2131.700671  x:  0.02605   0.00000   0.02908   0.16715   0.15727   0.18198   0.05103   0.12706   0.11203   0.02970   0.13013   0.15227   0.00391   0.01221   0.17829   0.13682   0.15988   0.08614   0.13644   0.05831   0.00000   0.15626   0.04596   9.77615   1.37523   1.19843   1.47846   0.80216  
 38  0.6070   2129.789160  x:  0.01103   0.00000   0.02428   0.16646   0.15565   0.18193   0.05158   0.12941   0.11314   0.02739   0.12897   0.13573   0.01303   0.01363   0.17831   0.13744   0.16141   0.09015   0.13791   0.05816   0.00695   0.15604   0.04881   9.77625   1.37586   1.19759   1.47807   0.80262  
 39 146.1742   2128.394420  x:  0.00446   0.00000   0.02167   0.16567   0.15387   0.18187   0.05210   0.13205   0.11415   0.02574   0.12789   0.11666   0.00845   0.01295   0.17824   0.13810   0.16324   0.09353   0.13923   0.05692   0.00414   0.15576   0.05106   9.77636   1.37661   1.19661   1.47758   0.80323  
 40 199.1368   2124.878574  x:  0.00822   0.00000   0.01406   0.16313   0.14813   0.18168   0.05371   0.14066   0.11726   0.02082   0.12451   0.05471   0.00552   0.01330   0.17805   0.14021   0.16900   0.10487   0.14361   0.05400   0.00357   0.15484   0.05829   9.77674   1.37905   1.19337   1.47602   0.80515  
 41 557.2604   2124.345538  x:  0.00798   0.00000   0.02083   0.16259   0.14695   0.18164   0.05389   0.14296   0.11711   0.02279   0.12458   0.04202   0.00687   0.01311   0.17800   0.14061   0.17019   0.10657   0.14435   0.05381   0.00259   0.15460   0.05851   9.77685   1.37973   1.19244   1.47560   0.80568  
 42 196.7484   2124.252189  x:  0.00786   0.00000   0.02010   0.16222   0.14630   0.18162   0.05369   0.14549   0.11502   0.02699   0.12639   0.03973   0.00591   0.01308   0.17788   0.14077   0.17085   0.10653   0.14450   0.05487   0.00409   0.15439   0.05643   9.77699   1.38054   1.19128   1.47512   0.80628  
 43 31.4646   2124.202930  x:  0.00786   0.00000   0.01912   0.16188   0.14572   0.18160   0.05346   0.14785   0.11285   0.02805   0.12812   0.03877   0.00703   0.01322   0.17777   0.14090   0.17151   0.10631   0.14457   0.05529   0.00248   0.15421   0.05481   9.77714   1.38140   1.19005   1.47459   0.80694  
 44 35.3351   2124.122807  x:  0.00782   0.00000   0.01956   0.16100   0.14434   0.18158   0.05285   0.15366   0.10739   0.02512   0.13219   0.03788   0.00664   0.01302   0.17746   0.14123   0.17313   0.10615   0.14487   0.05606   0.00316   0.15387   0.05247   9.77757   1.38384   1.18653   1.47307   0.80876  
 45 31.2310   2124.090446  x:  0.00786   0.00000   0.01977   0.16047   0.14376   0.18170   0.05256   0.15706   0.10595   0.02570   0.13354   0.03856   0.00648   0.01392   0.17720   0.14140   0.17420   0.10649   0.14515   0.05457   0.00316   0.15396   0.05576   9.77809   1.38647   1.18260   1.47133   0.81077  
 46 12.4865   2124.079857  x:  0.00791   0.00000   0.01973   0.16033   0.14372   0.18177   0.05245   0.15786   0.10600   0.02587   0.13364   0.03876   0.00665   0.01268   0.17712   0.14142   0.17449   0.10651   0.14519   0.05431   0.00320   0.15400   0.05643   9.77835   1.38769   1.18074   1.47047   0.81172  
 47 16.4341   2124.002243  x:  0.00792   0.00000   0.01988   0.15991   0.14511   0.18262   0.05138   0.16015   0.11094   0.02554   0.13123   0.03951   0.00659   0.01322   0.17638   0.14106   0.17576   0.10538   0.14486   0.05571   0.00321   0.15417   0.05467   9.78135   1.40057   1.16072   1.46079   0.82202  
 48 15.6316   2123.974204  x:  0.00789   0.00000   0.01977   0.16032   0.14539   0.18246   0.05300   0.15583   0.10809   0.02575   0.13137   0.03894   0.00661   0.01322   0.17664   0.14089   0.17433   0.10527   0.14445   0.05366   0.00349   0.15415   0.05417   9.78312   1.40492   1.15256   1.45588   0.82623  
 49 10.1884   2123.968562  x:  0.00789   0.00000   0.01977   0.16046   0.14496   0.18206   0.05245   0.15450   0.10738   0.02579   0.13186   0.03886   0.00659   0.01320   0.17687   0.14098   0.17380   0.10567   0.14465   0.05519   0.00328   0.15420   0.05496   9.78388   1.40511   1.15092   1.45426   0.82707  
 50  4.9976   2123.956261  x:  0.00794   0.00000   0.01991   0.16068   0.14276   0.18035   0.05249   0.15425   0.10866   0.02587   0.13332   0.03947   0.00654   0.01320   0.17773   0.14158   0.17250   0.10782   0.14539   0.05465   0.00317   0.15380   0.05420   9.78791   1.40081   1.14819   1.44747   0.82822  
 51  2.4279   2123.900519  x:  0.00802   0.00000   0.02006   0.16205   0.14337   0.17856   0.05486   0.15671   0.10815   0.02591   0.13210   0.03964   0.00647   0.01318   0.17875   0.14154   0.16998   0.10415   0.14444   0.05569   0.00317   0.15433   0.05476   9.80908   1.37574   1.13666   1.41440   0.83176  
 52  8.7558   2123.875631  x:  0.00806   0.00000   0.02011   0.16191   0.14499   0.17988   0.05130   0.15620   0.10748   0.02607   0.13202   0.03971   0.00645   0.01318   0.17822   0.14113   0.17131   0.10395   0.14436   0.05440   0.00333   0.15452   0.05426   9.81892   1.36437   1.13115   1.40074   0.83266  
 53 22.5930   2123.860662  x:  0.00811   0.00000   0.02027   0.16080   0.14605   0.18269   0.05274   0.15519   0.10747   0.02620   0.13290   0.04027   0.00640   0.01317   0.17712   0.14082   0.17424   0.10556   0.14498   0.05503   0.00315   0.15456   0.05405   9.82566   1.35746   1.12690   1.39422   0.83227  
 54 10.7018   2123.838310  x:  0.00814   0.00000   0.02031   0.15953   0.14260   0.18387   0.05267   0.15387   0.10822   0.02619   0.13406   0.04032   0.00639   0.01316   0.17632   0.14121   0.17518   0.10244   0.14374   0.05484   0.00327   0.15423   0.05412   9.83866   1.34916   1.11707   1.39432   0.82735  
 55  3.3668   2123.802176  x:  0.00825   0.00000   0.02057   0.16125   0.14422   0.18203   0.05249   0.15504   0.10644   0.02648   0.13174   0.04112   0.00624   0.01312   0.17686   0.14115   0.17333   0.10437   0.14427   0.05521   0.00283   0.15430   0.05338   9.86132   1.33797   1.10161   1.39777   0.81857  
 56 10.3578   2123.789244  x:  0.00826   0.00000   0.02058   0.16124   0.14728   0.18112   0.05257   0.15500   0.10755   0.02636   0.13499   0.04080   0.00620   0.01312   0.17741   0.14040   0.17207   0.10374   0.14414   0.05512   0.00280   0.15469   0.05356   9.87071   1.33719   1.09975   1.39887   0.81671  
 57  4.6269   2123.576834  x:  0.00896   0.00000   0.02210   0.14914   0.14978   0.17815   0.05206   0.15317   0.10415   0.02788   0.13400   0.04498   0.00550   0.01297   0.18136   0.13848   0.17048   0.09976   0.14345   0.05573   0.00196   0.15443   0.05101  10.03678   1.36430   1.11938   1.40973   0.80728  
 58  6.0936   2123.429513  x:  0.00945   0.00000   0.02310   0.16264   0.14814   0.18268   0.05181   0.15231   0.10309   0.02876   0.13671   0.04752   0.00502   0.01282   0.17824   0.13996   0.17092   0.09686   0.14177   0.05605   0.00144   0.15476   0.04953  10.15523   1.38343   1.13462   1.41885   0.80442  
 59 58.7671   2123.401478  x:  0.00954   0.00000   0.02329   0.16174   0.14826   0.18157   0.05177   0.15215   0.10278   0.02893   0.13690   0.04798   0.00495   0.01280   0.17288   0.13929   0.16919   0.09664   0.14178   0.05608   0.00139   0.15556   0.04918  10.17944   1.38042   1.13739   1.42768   0.81825  
 60  4.7380   2123.385604  x:  0.00960   0.00000   0.02340   0.16206   0.14883   0.18211   0.05172   0.15186   0.10263   0.02903   0.13701   0.04827   0.00489   0.01280   0.17695   0.14065   0.17045   0.09589   0.14156   0.05608   0.00144   0.15469   0.04909  10.19411   1.37776   1.13879   1.43382   0.82815  
 61  8.7958   2123.384619  x:  0.00961   0.00000   0.02341   0.16220   0.14849   0.18240   0.05170   0.15194   0.10263   0.02904   0.13700   0.04828   0.00489   0.01280   0.17749   0.13933   0.17042   0.09600   0.14144   0.05609   0.00143   0.15497   0.04907  10.19564   1.37762   1.13885   1.43411   0.82862  
 62  1.2386   2123.295750  x:  0.01056   0.00000   0.02414   0.16039   0.14805   0.19085   0.05102   0.15397   0.10340   0.02919   0.13686   0.04766   0.00546   0.01288   0.17837   0.14185   0.16293   0.09814   0.14240   0.05612   0.00205   0.15501   0.04979  10.45569   1.37812   1.13963   1.43487   0.83153  
 63  0.7549   2123.184331  x:  0.01177   0.00000   0.02509   0.16283   0.14796   0.18202   0.05178   0.15267   0.10427   0.02952   0.13654   0.04720   0.00625   0.01297   0.17712   0.14013   0.17172   0.09841   0.14251   0.05582   0.00329   0.15480   0.05064  10.78370   1.37885   1.14065   1.43556   0.83485  
 64 94.1175   2123.183528  x:  0.01178   0.00000   0.02509   0.16274   0.14791   0.18198   0.05178   0.15270   0.10428   0.02951   0.13655   0.04716   0.00623   0.01297   0.17723   0.14048   0.17182   0.09867   0.14186   0.05582   0.00327   0.15585   0.05059  10.78738   1.37881   1.14060   1.43551   0.83486  
 65  0.3943   2123.142659  x:  0.01232   0.00000   0.02516   0.16177   0.14756   0.18245   0.05180   0.15369   0.10506   0.02908   0.13593   0.04512   0.00530   0.01286   0.17732   0.14043   0.17187   0.10013   0.14119   0.05566   0.00223   0.15385   0.05131  10.97853   1.37661   1.13780   1.43247   0.83546  
 66  3.0335   2123.140463  x:  0.01235   0.00000   0.02516   0.16178   0.14740   0.18250   0.05182   0.15364   0.10510   0.02906   0.13586   0.04501   0.00525   0.01285   0.17749   0.14055   0.17195   0.09958   0.14304   0.05549   0.00220   0.15491   0.05123  10.98915   1.37648   1.13762   1.43233   0.83549  
 67  8.6771   2123.134869  x:  0.01251   0.00000   0.02482   0.16182   0.14783   0.18263   0.05181   0.15330   0.10420   0.02894   0.13614   0.04521   0.00545   0.01293   0.17758   0.14038   0.17148   0.09846   0.14268   0.05574   0.00207   0.15492   0.05046  11.08168   1.37637   1.13747   1.43279   0.83548  
 68  0.0804   2123.134239  x:  0.01249   0.00000   0.02458   0.16195   0.14786   0.18264   0.05180   0.15326   0.10424   0.02890   0.13618   0.04537   0.00535   0.01291   0.17755   0.14040   0.17152   0.09855   0.14268   0.05573   0.00219   0.15493   0.05056  11.10465   1.37685   1.13797   1.43348   0.83579  
 69  0.0188   2123.134149  x:  0.01246   0.00000   0.02450   0.16194   0.14782   0.18265   0.05180   0.15331   0.10434   0.02890   0.13615   0.04538   0.00538   0.01291   0.17755   0.14042   0.17155   0.09866   0.14272   0.05572   0.00214   0.15493   0.05062  11.10807   1.37684   1.13795   1.43342   0.83587  
 70  0.0032   2123.134133  x:  0.01242   0.00000   0.02451   0.16191   0.14781   0.18263   0.05181   0.15331   0.10434   0.02891   0.13613   0.04537   0.00538   0.01291   0.17755   0.14042   0.17156   0.09863   0.14272   0.05571   0.00215   0.15493   0.05059  11.10890   1.37671   1.13782   1.43325   0.83586  
 71  0.0004   2123.134131  x:  0.01241   0.00000   0.02452   0.16192   0.14782   0.18264   0.05180   0.15331   0.10433   0.02891   0.13614   0.04537   0.00538   0.01291   0.17755   0.14042   0.17156   0.09864   0.14271   0.05572   0.00215   0.15493   0.05061  11.11065   1.37678   1.13789   1.43336   0.83587  
 72  0.0013   2123.134131  x:  0.01241   0.00000   0.02452   0.16192   0.14782   0.18264   0.05180   0.15331   0.10433   0.02891   0.13614   0.04537   0.00538   0.01291   0.17755   0.14042   0.17156   0.09864   0.14271   0.05571   0.00215   0.15493   0.05060  11.11084   1.37678   1.13789   1.43335   0.83588  
 73  0.0002   2123.134131  x:  0.01241   0.00000   0.02452   0.16192   0.14782   0.18264   0.05180   0.15331   0.10433   0.02891   0.13614   0.04537   0.00538   0.01291   0.17755   0.14042   0.17156   0.09864   0.14271   0.05571   0.00215   0.15493   0.05060  11.11086   1.37678   1.13789   1.43335   0.83588  
 74  0.0000   2123.134131  x:  0.01241   0.00000   0.02452   0.16192   0.14782   0.18264   0.05180   0.15331   0.10433   0.02891   0.13614   0.04537   0.00538   0.01291   0.17755   0.14042   0.17156   0.09864   0.14271   0.05571   0.00215   0.15493   0.05060  11.11087   1.37678   1.13789   1.43335   0.83588  
 75  0.0000   2123.134131  x:  0.01241   0.00000   0.02452   0.16192   0.14782   0.18264   0.05180   0.15331   0.10433   0.02891   0.13614   0.04537   0.00538   0.01291   0.17755   0.14042   0.17156   0.09864   0.14271   0.05571   0.00215   0.15493   0.05060  11.11086   1.37678   1.13789   1.43335   0.83588  