-6.154496016339653375e-01
-7.575851100458627085e-01
-5.772479984034560863e-01
5.808626518003395800e-01
-4.462180434055629807e-01
2.201649129805423322e-02
-4.434939920228140764e+00
2.445625365942739826e+00
2.425609905806218880e-01
-2.668213700457525928e+00
-2.725082194516912359e-01
-2.091789304962838603e-01
-1.733136588263916256e+00
-2.365911186136012978e-01
-6.387962272355153237e-01
-5.295591826009763414e-01
-3.105931390338918963e+00
-1.519746395095365354e+00
-1.833857458248364658e+00
-3.875421581838315976e+00
-1.618790383429512980e+00
-1.324762260701452199e+00
-1.892948922475351514e+00
-1.997078538336191311e+00
-2.306386405047330612e+00
-2.678296282762988145e+00
