-6.630098958509262896e-01
-7.913189248902122719e-01
-5.539149846447525283e-01
5.005369687770018228e-01
-4.779818272939227453e-01
-3.708404612279240370e-02
-1.238037523073011670e+01
2.299635742493900015e+00
1.099247275894941339e-01
-2.871030404383261736e+00
-4.337105129699022482e-02
-1.323381191762577347e-01
-1.667994257135812397e+00
-2.335897352364720292e-01
-6.793625256043669403e-01
-5.193832164619830438e-01
-2.647274870156053783e+00
-1.433563457358969728e+00
-1.851131101559623238e+00
-3.379060624124177625e+00
-1.544805953692735212e+00
-1.179162265186030512e+00
-1.854839568308020548e+00
-1.987606973440767089e+00
-2.557445542693731699e+00
-2.820457924883293721e+00
