

TREE # 1

  0  0.0000   2617.888084  x:  0.01972   0.20925   0.02571   0.03211   0.02495   0.05815   0.02188   0.05666   0.08536   0.02661   0.17168   0.01972   0.20925   0.02571   0.03211   0.02495   0.05815   0.02188   0.05666   0.08536   0.02661   0.17168   0.21568   8.40433   1.50870   1.23814   1.31697   1.00000  
  1 99.0000   2440.682635  x:  0.00000   0.21111   0.13903   0.13363   0.05032   0.08329   0.02805   0.09962   0.08676   0.03710   0.15672   0.00524   0.20653   0.12283   0.13142   0.15240   0.06962   0.07267   0.09470   0.09465   0.08303   0.15526   0.19968   8.40428   1.50789   1.23668   1.31910   1.00230  
  2 1903.0254   2435.953635  x:  0.00000   0.21197   0.13797   0.13485   0.04837   0.08969   0.02407   0.10615   0.08476   0.03345   0.14884   0.00000   0.20481   0.12292   0.13241   0.15040   0.07091   0.07137   0.09767   0.09407   0.08268   0.14670   0.19126   8.40426   1.50760   1.23611   1.32009   1.00358  
  3 260.9692   2414.901028  x:  0.00000   0.22364   0.14220   0.14965   0.03610   0.06794   0.04913   0.08728   0.06828   0.04445   0.04733   0.00000   0.19960   0.12420   0.13497   0.13437   0.07296   0.06887   0.10589   0.09036   0.08420   0.04416   0.07648   8.40402   1.50352   1.22757   1.33547   1.02063  
  4 300.2977   2413.360254  x:  0.00000   0.22544   0.14282   0.15130   0.03548   0.06516   0.05269   0.08498   0.06628   0.04624   0.03356   0.01146   0.19909   0.12423   0.13509   0.13230   0.07302   0.06874   0.10658   0.08990   0.08449   0.02999   0.05877   8.40398   1.50283   1.22609   1.33809   1.02346  
  5 911.5021   2412.238552  x:  0.00000   0.22972   0.14291   0.14812   0.04506   0.06798   0.05533   0.08806   0.06860   0.05011   0.03496   0.01195   0.19924   0.12279   0.13294   0.13319   0.07106   0.07053   0.10271   0.09033   0.08519   0.03248   0.03459   8.40387   1.50118   1.22287   1.34365   1.02909  
  6 86.4190   2411.700108  x:  0.00000   0.24525   0.14170   0.13991   0.03931   0.06949   0.05577   0.09211   0.07513   0.05478   0.02712   0.01231   0.19867   0.12172   0.13173   0.14029   0.06878   0.07394   0.09735   0.09187   0.08798   0.03531   0.03414   8.40345   1.49473   1.21065   1.36458   1.05074  
  7 27.7409   2411.214871  x:  0.00000   0.25982   0.14032   0.13636   0.03705   0.06782   0.05565   0.09303   0.07630   0.05538   0.03486   0.01238   0.19725   0.12188   0.13249   0.14372   0.06872   0.07404   0.09694   0.09215   0.08877   0.02754   0.03448   8.40294   1.48710   1.19638   1.38945   1.07692  
  8 76.6261   2410.539313  x:  0.00000   0.27309   0.13927   0.14173   0.04554   0.06537   0.05616   0.08871   0.06872   0.04958   0.03302   0.01289   0.19419   0.12348   0.13536   0.13968   0.07156   0.06912   0.10330   0.08983   0.08607   0.03323   0.03690   8.40209   1.47471   1.17374   1.43043   1.12149  
  9 78.8885   2410.239860  x:  0.00000   0.26226   0.14385   0.14822   0.04034   0.07123   0.05826   0.08555   0.06960   0.04818   0.03480   0.01292   0.19526   0.12375   0.13280   0.13427   0.06979   0.07222   0.10010   0.08849   0.08510   0.03477   0.03641   8.40165   1.46928   1.16537   1.44996   1.14610  
 10 34.1618   2410.005072  x:  0.00000   0.24630   0.14596   0.14956   0.04213   0.06641   0.05596   0.09136   0.07133   0.04822   0.03407   0.01247   0.19724   0.12297   0.13039   0.13318   0.06803   0.07381   0.09741   0.08855   0.08524   0.03340   0.03779   8.40127   1.46565   1.16107   1.46489   1.16745  
 11 45.0452   2409.849363  x:  0.00000   0.23307   0.14341   0.14377   0.04230   0.06805   0.05407   0.08845   0.07049   0.04987   0.03374   0.01223   0.19879   0.12280   0.13234   0.13890   0.06956   0.07156   0.10044   0.09011   0.08635   0.03293   0.03715   8.40100   1.46479   1.16216   1.47306   1.18317  
 12 25.3135   2409.541296  x:  0.00000   0.23157   0.13642   0.14591   0.03694   0.06582   0.05570   0.09295   0.06929   0.05539   0.03555   0.01269   0.19679   0.12650   0.14030   0.13729   0.07297   0.07229   0.10066   0.08801   0.08331   0.03629   0.03524   8.40045   1.47537   1.19121   1.47400   1.21869  
 13  8.0943   2409.063926  x:  0.00000   0.23375   0.13419   0.14756   0.04498   0.07264   0.05848   0.09326   0.07136   0.05881   0.03426   0.01263   0.19491   0.12835   0.14281   0.13596   0.07094   0.07253   0.09766   0.08603   0.08306   0.03206   0.04050   8.39959   1.49418   1.23914   1.47377   1.27357  
 14 74.4518   2408.452059  x:  0.00000   0.23984   0.14505   0.14882   0.04316   0.06946   0.04886   0.08841   0.07376   0.04586   0.03497   0.01282   0.19372   0.12576   0.13463   0.13974   0.06718   0.07080   0.10129   0.08790   0.08913   0.03423   0.03799   8.39859   1.51986   1.29645   1.47325   1.33699  
 15 75.7775   2408.283054  x:  0.00000   0.24147   0.15024   0.14790   0.04350   0.07018   0.04732   0.08907   0.06842   0.04623   0.03489   0.01278   0.19679   0.12261   0.13106   0.14054   0.07444   0.07603   0.10174   0.09253   0.08610   0.03403   0.03853   8.39844   1.52905   1.30446   1.47588   1.34520  
 16 15.5065   2407.576416  x:  0.00000   0.24437   0.16028   0.14983   0.04000   0.07351   0.04575   0.09565   0.05806   0.05012   0.03540   0.01275   0.21314   0.12095   0.13403   0.14065   0.06564   0.06568   0.10414   0.10485   0.07967   0.03469   0.03888   8.39829   1.57047   1.31277   1.49512   1.34963  
 17 14.5764   2404.422958  x:  0.00000   0.24743   0.15534   0.16177   0.04231   0.07992   0.02674   0.09829   0.08010   0.02800   0.03394   0.01193   0.25759   0.13186   0.15429   0.13580   0.07600   0.07152   0.11356   0.10586   0.08729   0.03320   0.03758   8.39811   1.75360   1.33088   1.59023   1.34222  
 18 60.2672   2401.670903  x:  0.00000   0.24251   0.15522   0.17242   0.03910   0.08638   0.01750   0.10692   0.06356   0.02848   0.03504   0.01239   0.22947   0.13540   0.13855   0.15909   0.07240   0.07468   0.11949   0.06510   0.09305   0.03354   0.03853   8.39834   1.88285   1.34610   1.66951   1.32418  
 19 84.3057   2400.091155  x:  0.00000   0.23509   0.15945   0.17211   0.03742   0.08891   0.03105   0.11641   0.06389   0.01660   0.03620   0.01313   0.18080   0.13988   0.13549   0.16495   0.07476   0.07224   0.12278   0.07672   0.09742   0.03413   0.03973   8.39867   1.94642   1.35852   1.71893   1.30797  
 20 89.4584   2399.915296  x:  0.00393   0.23433   0.16053   0.17220   0.03739   0.08923   0.03069   0.11688   0.06435   0.01670   0.03631   0.01323   0.17440   0.14037   0.13562   0.16478   0.07501   0.07195   0.12325   0.07844   0.09800   0.03418   0.03986   8.39872   1.95318   1.36023   1.72495   1.30576  
 21 211.2356   2399.298433  x:  0.00168   0.23256   0.16682   0.17256   0.03818   0.09020   0.01989   0.11490   0.06712   0.02333   0.03648   0.01351   0.15207   0.14149   0.13953   0.16029   0.07525   0.07148   0.12403   0.08493   0.09954   0.03419   0.04011   8.39894   1.96892   1.36710   1.74437   1.29722  
 22 104.9988   2398.214803  x:  0.00342   0.23288   0.17779   0.16434   0.03776   0.09156   0.01614   0.11685   0.05732   0.01236   0.03637   0.01362   0.14777   0.13031   0.16183   0.15636   0.06903   0.08033   0.12030   0.07973   0.10532   0.03424   0.04008   8.39993   1.92789   1.39886   1.77698   1.26834  
 23 18.9929   2396.249756  x:  0.00315   0.23681   0.19407   0.16987   0.03462   0.09817   0.01931   0.13009   0.06872   0.01507   0.03690   0.01427   0.15644   0.12638   0.15965   0.15414   0.08369   0.06635   0.14179   0.07268   0.11411   0.03461   0.04065   8.40205   1.82661   1.46245   1.83480   1.21120  
 24 76.3824   2395.352827  x:  0.00356   0.23908   0.18547   0.17892   0.03456   0.10047   0.01164   0.13013   0.06700   0.01096   0.03604   0.01435   0.16173   0.14284   0.14930   0.16122   0.08052   0.06916   0.14334   0.08214   0.10715   0.03386   0.03970   8.40308   1.77642   1.48730   1.85422   1.18746  
 25 78.2440   2395.039598  x:  0.00311   0.24013   0.18095   0.18295   0.03485   0.10151   0.01286   0.13206   0.06853   0.01359   0.03637   0.01455   0.16164   0.13676   0.14842   0.16110   0.07140   0.08039   0.16001   0.08614   0.10777   0.03401   0.04011   8.40384   1.75191   1.47228   1.82939   1.19206  
 26 11.1815   2391.335807  x:  0.00368   0.25039   0.18862   0.20006   0.03342   0.11049   0.00703   0.14408   0.06920   0.00898   0.03609   0.01587   0.16067   0.12659   0.16421   0.17311   0.08272   0.07077   0.16224   0.08800   0.11434   0.03328   0.03815   8.41307   1.47160   1.24103   1.46772   1.27984  
 27 40.7345   2390.941143  x:  0.00367   0.25152   0.19670   0.18705   0.03312   0.11115   0.00844   0.14737   0.06613   0.00889   0.03616   0.01600   0.16187   0.14361   0.16283   0.16467   0.08165   0.07380   0.16867   0.08363   0.11683   0.03364   0.03839   8.41429   1.43913   1.21344   1.42468   1.29050  
 28 63.8788   2390.921800  x:  0.00377   0.25150   0.19821   0.18610   0.03325   0.11103   0.00855   0.14719   0.06809   0.00815   0.03596   0.01599   0.16154   0.14392   0.16357   0.16558   0.08128   0.07391   0.16940   0.08235   0.11214   0.03348   0.03825   8.41457   1.43818   1.21267   1.42352   1.29069  
 29  3.5837   2387.770758  x:  0.00315   0.26274   0.19376   0.21811   0.03693   0.12304   0.02192   0.15916   0.05433   0.01470   0.03136   0.01819   0.16002   0.15622   0.19086   0.20584   0.08701   0.07020   0.12942   0.08583   0.10339   0.03048   0.03079   8.50890   1.39276   1.18739   1.41029   1.26256  
 30  0.4220   2386.626262  x:  0.00154   0.25919   0.20870   0.21479   0.03898   0.13146   0.01772   0.16726   0.05830   0.01938   0.03509   0.01950   0.16868   0.17625   0.20404   0.21605   0.08269   0.07750   0.12348   0.08117   0.10022   0.03588   0.03733   8.61295   1.50598   1.20867   1.46832   1.25919  
 31  0.2821   2386.367780  x:  0.00251   0.25763   0.21610   0.22070   0.03701   0.13586   0.01548   0.17189   0.05600   0.01748   0.03060   0.02020   0.16512   0.18507   0.20694   0.21437   0.08028   0.07984   0.13164   0.07812   0.10371   0.03125   0.03348   8.65411   1.51099   1.22626   1.47944   1.27510  
 32  0.0687   2386.305835  x:  0.00280   0.25630   0.21805   0.22370   0.03637   0.13810   0.01511   0.17466   0.05738   0.01533   0.03135   0.02077   0.16622   0.18619   0.20786   0.21651   0.07962   0.07973   0.13127   0.07916   0.10667   0.03255   0.03533   8.67593   1.48681   1.22144   1.46007   1.27773  
 33  0.0541   2386.297609  x:  0.00295   0.25747   0.21877   0.22543   0.03611   0.13876   0.01471   0.17514   0.05730   0.01446   0.03088   0.02124   0.16625   0.18572   0.20810   0.21689   0.07972   0.07902   0.12948   0.07929   0.10574   0.03242   0.03454   8.68010   1.48796   1.21750   1.45748   1.27721  
 34  0.0057   2386.295805  x:  0.00289   0.25775   0.21884   0.22553   0.03617   0.13885   0.01455   0.17515   0.05711   0.01446   0.03089   0.02153   0.16628   0.18498   0.20774   0.21664   0.07970   0.07899   0.12924   0.07935   0.10525   0.03243   0.03472   8.67930   1.48851   1.22092   1.46215   1.27632  
 35  0.0049   2386.295016  x:  0.00288   0.25764   0.21865   0.22554   0.03625   0.13890   0.01458   0.17524   0.05707   0.01453   0.03090   0.02178   0.16630   0.18423   0.20736   0.21623   0.07973   0.07906   0.12975   0.07952   0.10551   0.03236   0.03480   8.67761   1.48923   1.21988   1.46086   1.27676  
 36  0.0021   2386.294814  x:  0.00289   0.25749   0.21863   0.22532   0.03623   0.13898   0.01461   0.17532   0.05714   0.01463   0.03087   0.02193   0.16633   0.18444   0.20739   0.21616   0.07970   0.07912   0.12965   0.07939   0.10554   0.03236   0.03465   8.67744   1.48842   1.21978   1.46034   1.27681  
 37  0.0007   2386.294783  x:  0.00290   0.25749   0.21855   0.22528   0.03619   0.13897   0.01464   0.17531   0.05714   0.01460   0.03085   0.02196   0.16628   0.18456   0.20740   0.21618   0.07970   0.07910   0.12962   0.07940   0.10553   0.03234   0.03470   8.67729   1.48873   1.21987   1.46063   1.27673  
 38  0.0004   2386.294778  x:  0.00289   0.25752   0.21853   0.22525   0.03620   0.13895   0.01464   0.17529   0.05716   0.01460   0.03086   0.02197   0.16631   0.18460   0.20743   0.21618   0.07971   0.07909   0.12964   0.07941   0.10550   0.03234   0.03470   8.67733   1.48871   1.21981   1.46058   1.27669  
 39  0.0001   2386.294777  x:  0.00289   0.25751   0.21853   0.22526   0.03621   0.13893   0.01463   0.17527   0.05715   0.01460   0.03086   0.02198   0.16631   0.18460   0.20744   0.21618   0.07971   0.07909   0.12964   0.07941   0.10551   0.03234   0.03469   8.67735   1.48871   1.21984   1.46058   1.27671  
 40  0.0000   2386.294777  x:  0.00289   0.25751   0.21854   0.22527   0.03621   0.13893   0.01463   0.17526   0.05715   0.01460   0.03086   0.02198   0.16631   0.18460   0.20745   0.21619   0.07971   0.07909   0.12964   0.07940   0.10551   0.03234   0.03469   8.67736   1.48869   1.21983   1.46057   1.27670  
 41  0.0000   2386.294777  x:  0.00289   0.25751   0.21854   0.22527   0.03621   0.13893   0.01463   0.17526   0.05715   0.01460   0.03086   0.02198   0.16631   0.18460   0.20744   0.21619   0.07971   0.07909   0.12964   0.07941   0.10551   0.03234   0.03469   8.67737   1.48870   1.21983   1.46058   1.27670  
 42  0.0000   2386.294777  x:  0.00289   0.25751   0.21854   0.22527   0.03621   0.13893   0.01463   0.17526   0.05715   0.01460   0.03086   0.02198   0.16631   0.18460   0.20744   0.21619   0.07971   0.07909   0.12964   0.07941   0.10551   0.03234   0.03469   8.67737   1.48870   1.21983   1.46057   1.27670  
 43  0.0000   2386.294777  x:  0.00289   0.25751   0.21854   0.22527   0.03621   0.13893   0.01463   0.17526   0.05715   0.01460   0.03086   0.02198   0.16631   0.18460   0.20744   0.21619   0.07971   0.07909   0.12964   0.07940   0.10551   0.03234   0.03469   8.67737   1.48870   1.21983   1.46057   1.27670  
 44  0.0000   2386.294777  x:  0.00289   0.25751   0.21854   0.22527   0.03621   0.13893   0.01463   0.17526   0.05715   0.01460   0.03086   0.02198   0.16631   0.18460   0.20744   0.21619   0.07971   0.07909   0.12964   0.07940   0.10551   0.03234   0.03469   8.67737   1.48870   1.21983   1.46057   1.27670  

TREE # 2

  0  0.0000   2595.665105  x:  0.00289   0.25751   0.21854   0.22527   0.03621   0.13893   0.01463   0.17526   0.05715   0.01460   0.03086   0.02198   0.16631   0.18460   0.20744   0.21619   0.07971   0.07909   0.12964   0.07940   0.10551   0.03234   0.03469   8.67737   1.39672   1.11456   1.38117   1.27670  
  1 99.0000   2485.688630  x:  0.02078   0.23202   0.19183   0.21870   0.08051   0.15504   0.11857   0.18754   0.11321   0.37172   0.09067   0.10892   0.13830   0.15820   0.21290   0.19238   0.11171   0.08064   0.14612   0.11501   0.09232   0.12807   0.03032   8.67739   1.39748   1.11575   1.38053   1.27639  
  2 1859.0865   2445.271966  x:  0.00974   0.17245   0.13298   0.20347   0.09593   0.16598   0.10992   0.19421   0.11963   0.37166   0.08323   0.09611   0.07186   0.10055   0.22182   0.13911   0.15181   0.07685   0.17473   0.14694   0.06181   0.13814   0.00000   8.67752   1.39824   1.11956   1.37853   1.27637  
  3 324.9041   2413.405048  x:  0.00137   0.10801   0.06939   0.18713   0.11206   0.17757   0.10034   0.20130   0.12629   0.37061   0.07530   0.08232   0.00000   0.03843   0.23136   0.08149   0.19411   0.07255   0.20510   0.18051   0.02989   0.14900   0.00630   8.67766   1.39908   1.12366   1.37639   1.27635  
  4 5619.1751   2413.405048  x:  0.00137   0.10801   0.06939   0.18713   0.11206   0.17757   0.10034   0.20130   0.12629   0.37061   0.07530   0.08232   0.00000   0.03843   0.23136   0.08149   0.19411   0.07255   0.20510   0.18051   0.02989   0.14900   0.00630   8.67766   1.39908   1.12366   1.37639   1.27635  
  5 15355.9318   2404.759642  x:  0.03502   0.10647   0.06818   0.18692   0.11191   0.17759   0.10001   0.20133   0.12620   0.36989   0.07539   0.08226   0.00002   0.03861   0.23147   0.08023   0.19414   0.07227   0.20528   0.18046   0.03026   0.14889   0.00845   8.67766   1.39910   1.12374   1.37637   1.27634  
  6 2280.5631   2404.748468  x:  0.03502   0.10644   0.06816   0.18692   0.11191   0.17760   0.10001   0.20133   0.12620   0.36988   0.07539   0.08226   0.00000   0.03861   0.23147   0.08021   0.19414   0.07227   0.20529   0.18046   0.03027   0.14889   0.00847   8.67766   1.39910   1.12374   1.37637   1.27634  
  7 215.6035   2393.475750  x:  0.03683   0.04223   0.02297   0.17895   0.10636   0.17903   0.08821   0.20278   0.12321   0.34250   0.07834   0.07996   0.00000   0.03182   0.23658   0.03385   0.19512   0.06233   0.21137   0.17889   0.03845   0.14338   0.00128   8.67772   1.39986   1.12688   1.37611   1.27612  
  8 685.2918   2391.257075  x:  0.03698   0.01641   0.02929   0.17631   0.10509   0.18022   0.08489   0.20379   0.12260   0.32759   0.07897   0.07921   0.00000   0.04715   0.23963   0.02175   0.19597   0.06046   0.21298   0.17818   0.03191   0.14107   0.00258   8.67773   1.40037   1.12842   1.37621   1.27588  
  9 177.3513   2389.408615  x:  0.03724   0.02484   0.03922   0.16469   0.10175   0.18581   0.07374   0.20873   0.12137   0.25356   0.08128   0.07671   0.00000   0.04679   0.25259   0.01147   0.20726   0.05707   0.22376   0.17598   0.03394   0.13461   0.00180   8.67780   1.40323   1.13659   1.37751   1.27485  
 10 52.6800   2389.098436  x:  0.03729   0.02414   0.03790   0.16279   0.10168   0.18716   0.07289   0.20987   0.12182   0.23620   0.08150   0.07655   0.00427   0.04718   0.25569   0.01603   0.21008   0.05701   0.22570   0.17565   0.03281   0.13382   0.00193   8.67782   1.40402   1.13872   1.37796   1.27456  
 11 151.9560   2388.737586  x:  0.03734   0.02245   0.03519   0.16213   0.10250   0.18825   0.07403   0.21078   0.12304   0.22186   0.08132   0.07688   0.00000   0.04729   0.25800   0.02220   0.21240   0.05773   0.22671   0.17559   0.03050   0.13397   0.00218   8.67783   1.40486   1.14076   1.37851   1.27427  
 12 129.8775   2388.632812  x:  0.03732   0.02327   0.03399   0.16554   0.10572   0.18826   0.08050   0.21080   0.12756   0.21518   0.07993   0.07884   0.00000   0.04944   0.25679   0.02005   0.21045   0.05929   0.22531   0.17701   0.03296   0.13736   0.00223   8.67781   1.40648   1.14364   1.37971   1.27367  
 13 17.5076   2388.605147  x:  0.03737   0.02240   0.03567   0.16711   0.10611   0.18730   0.08092   0.21000   0.12959   0.21404   0.07949   0.07918   0.00000   0.04670   0.25550   0.01944   0.20881   0.05896   0.22405   0.17735   0.03221   0.13856   0.00206   8.67779   1.40790   1.14600   1.38074   1.27318  
 14 10.3421   2388.563932  x:  0.03738   0.02334   0.03454   0.16902   0.10471   0.18471   0.07797   0.20753   0.13252   0.21163   0.07939   0.07887   0.00000   0.04749   0.25288   0.01962   0.20512   0.05791   0.22139   0.17786   0.03102   0.13872   0.00226   8.67772   1.41230   1.15305   1.38399   1.27166  
 15  9.7481   2388.530715  x:  0.03740   0.02227   0.03515   0.16922   0.10362   0.18347   0.07693   0.20586   0.13319   0.20993   0.07984   0.07860   0.00000   0.04756   0.25140   0.02136   0.20347   0.05899   0.22037   0.17808   0.03418   0.13779   0.00220   8.67765   1.41729   1.16048   1.38782   1.27001  
 16 14.4642   2388.394409  x:  0.03753   0.02278   0.03502   0.16555   0.10241   0.18342   0.08100   0.20249   0.12889   0.21153   0.08191   0.07808   0.00000   0.04588   0.24774   0.01926   0.20180   0.06462   0.21966   0.17558   0.03252   0.13365   0.00241   8.67721   1.44174   1.19356   1.40706   1.26241  
 17 18.5275   2388.225515  x:  0.03767   0.02277   0.03534   0.16280   0.10618   0.18640   0.08185   0.20452   0.12587   0.21467   0.07925   0.07823   0.00000   0.04563   0.24976   0.01951   0.20482   0.05544   0.22214   0.17432   0.03397   0.13695   0.00247   8.67657   1.47407   1.23227   1.43385   1.25323  
 18 33.0039   2388.136310  x:  0.03775   0.02288   0.03520   0.16513   0.10667   0.18726   0.07663   0.20893   0.12931   0.21809   0.07919   0.08000   0.00000   0.04513   0.25423   0.01797   0.20974   0.05927   0.22524   0.17582   0.03387   0.14070   0.00248   8.67614   1.49261   1.24793   1.45090   1.24935  
 19 22.9508   2388.128971  x:  0.03776   0.02288   0.03520   0.16531   0.10659   0.18728   0.07646   0.20917   0.12950   0.21826   0.07921   0.08002   0.00080   0.04509   0.25450   0.01789   0.20997   0.05939   0.22537   0.17593   0.03386   0.14078   0.00248   8.67611   1.49368   1.24861   1.45193   1.24918  
 20 38.4106   2388.058020  x:  0.03785   0.02301   0.03541   0.16937   0.10188   0.18630   0.07905   0.21195   0.13219   0.21927   0.08005   0.07725   0.00091   0.04396   0.25860   0.01698   0.21199   0.05759   0.22528   0.17873   0.03394   0.13633   0.00261   8.67562   1.50932   1.24977   1.46922   1.24906  
 21 11.6363   2387.937562  x:  0.03798   0.02298   0.03547   0.17001   0.10441   0.18355   0.07747   0.20794   0.12604   0.21749   0.08074   0.08183   0.00125   0.04234   0.25867   0.01615   0.21031   0.05727   0.22283   0.17743   0.03486   0.13691   0.00279   8.67463   1.53460   1.23972   1.50075   1.25315  
 22 11.4552   2387.898250  x:  0.03802   0.02288   0.03540   0.16695   0.10485   0.18412   0.07695   0.20679   0.12692   0.21717   0.07764   0.07793   0.00136   0.04191   0.25658   0.01594   0.20968   0.05849   0.22319   0.17579   0.03524   0.13878   0.00283   8.67428   1.54080   1.23610   1.50947   1.25541  
 23 12.4069   2387.865971  x:  0.03805   0.02280   0.03547   0.16267   0.10427   0.18630   0.07708   0.20699   0.13106   0.21733   0.08055   0.07872   0.00137   0.04157   0.25317   0.01618   0.20940   0.05751   0.22488   0.17437   0.03545   0.13946   0.00289   8.67394   1.54224   1.23396   1.51355   1.25857  
 24  5.6031   2387.739037  x:  0.03816   0.02280   0.03565   0.16519   0.10696   0.19065   0.07447   0.20860   0.13198   0.21849   0.07585   0.08180   0.00191   0.03898   0.24573   0.01525   0.21111   0.05672   0.23085   0.17674   0.03589   0.13240   0.00329   8.67246   1.52952   1.23263   1.51122   1.27578  
 25  3.2009   2387.440989  x:  0.03839   0.02317   0.03617   0.17067   0.10110   0.18899   0.07493   0.20948   0.12426   0.22039   0.08201   0.07672   0.00296   0.03358   0.24663   0.01243   0.21450   0.05554   0.23477   0.17867   0.03815   0.14198   0.00394   8.66898   1.49496   1.23186   1.49730   1.31579  
 26 15.8665   2387.317719  x:  0.03847   0.02360   0.03641   0.16546   0.10269   0.18339   0.07541   0.20896   0.12833   0.22291   0.07945   0.07917   0.00346   0.03098   0.25829   0.01071   0.21475   0.05571   0.22867   0.17249   0.04000   0.13982   0.00427   8.66765   1.48266   1.23046   1.48631   1.32883  
 27 13.0311   2387.282732  x:  0.03843   0.02369   0.03644   0.16544   0.10671   0.18550   0.07433   0.20688   0.12914   0.22346   0.08220   0.07648   0.00365   0.03012   0.25929   0.01019   0.21625   0.05567   0.22632   0.17453   0.04030   0.13877   0.00439   8.66750   1.48553   1.22621   1.47500   1.32393  
 28  3.7124   2387.225700  x:  0.03832   0.02372   0.03652   0.16506   0.10241   0.18746   0.07459   0.20575   0.12867   0.22350   0.07980   0.07901   0.00377   0.02891   0.25831   0.00990   0.21791   0.05544   0.22645   0.17566   0.04068   0.14032   0.00455   8.66740   1.49268   1.21758   1.45364   1.31077  
 29 10.1185   2387.205462  x:  0.03824   0.02369   0.03646   0.16672   0.10334   0.18450   0.07473   0.20852   0.12839   0.22321   0.08060   0.07824   0.00375   0.02864   0.25728   0.01021   0.21640   0.05527   0.23004   0.17204   0.04090   0.13998   0.00460   8.66745   1.49379   1.21416   1.44719   1.30310  
 30  5.7729   2387.182129  x:  0.03803   0.02369   0.03643   0.16395   0.10413   0.18237   0.07490   0.21070   0.12770   0.22298   0.08045   0.07834   0.00375   0.02796   0.25729   0.01037   0.21435   0.05555   0.23063   0.17599   0.04054   0.14006   0.00472   8.66779   1.48562   1.21030   1.44779   1.28534  
 31  2.3907   2387.158096  x:  0.03777   0.02371   0.03640   0.16595   0.10335   0.18499   0.07474   0.20847   0.12808   0.22286   0.08042   0.07834   0.00379   0.02758   0.25721   0.01016   0.21632   0.05536   0.22920   0.17290   0.04094   0.13999   0.00481   8.66819   1.47543   1.20657   1.45017   1.26616  
 32  6.8034   2387.145319  x:  0.03739   0.02375   0.03639   0.16563   0.10383   0.18171   0.07571   0.20469   0.12912   0.22316   0.08028   0.07847   0.00384   0.02782   0.25686   0.01007   0.21960   0.05487   0.23150   0.17364   0.04071   0.14003   0.00484   8.66854   1.47479   1.20647   1.45018   1.26537  
 33  0.3999   2386.910490  x:  0.03019   0.02405   0.03558   0.16690   0.10539   0.18603   0.07884   0.20381   0.12969   0.22187   0.07979   0.07899   0.00305   0.02796   0.26130   0.01493   0.21422   0.05702   0.23138   0.17411   0.03871   0.14133   0.00584   8.67489   1.47699   1.20955   1.44788   1.27276  
 34  0.4491   2386.889219  x:  0.02958   0.02403   0.03553   0.16642   0.10569   0.18397   0.07894   0.20766   0.12904   0.22158   0.07982   0.07894   0.00311   0.02819   0.25781   0.01501   0.21817   0.05701   0.22663   0.17352   0.03897   0.14142   0.00593   8.67549   1.47715   1.20973   1.44752   1.27352  
 35  4.2553   2386.665558  x:  0.03645   0.02114   0.03283   0.16622   0.10755   0.18483   0.08285   0.20828   0.12972   0.21694   0.07934   0.07953   0.00196   0.03095   0.25756   0.01903   0.21940   0.05856   0.22381   0.17368   0.03668   0.14249   0.00739   8.68275   1.47665   1.21216   1.44361   1.26806  
 36  0.0433   2386.498913  x:  0.03403   0.02039   0.02911   0.16500   0.10614   0.18526   0.08045   0.20829   0.12971   0.21185   0.07972   0.07920   0.00290   0.03294   0.26029   0.01419   0.21913   0.05694   0.22757   0.17367   0.03637   0.14058   0.00922   8.68109   1.48694   1.22034   1.45618   1.27270  
 37  0.0206   2386.349807  x:  0.03454   0.02395   0.03321   0.16642   0.10534   0.18463   0.07951   0.20754   0.13017   0.21322   0.07963   0.07916   0.00322   0.03083   0.25817   0.01379   0.21918   0.05703   0.22765   0.17445   0.03520   0.13936   0.01198   8.68736   1.49773   1.22690   1.47236   1.28396  
 38  0.0224   2386.300911  x:  0.03475   0.02174   0.03251   0.16659   0.10530   0.18430   0.07905   0.20697   0.12956   0.21826   0.07979   0.07901   0.00286   0.03036   0.25671   0.01468   0.21822   0.05699   0.22483   0.17517   0.03632   0.13897   0.01371   8.68150   1.48764   1.21916   1.45963   1.27724  
 39  0.0152   2386.295206  x:  0.03472   0.02196   0.03242   0.16620   0.10555   0.18472   0.07940   0.20754   0.12956   0.21607   0.07972   0.07909   0.00285   0.03108   0.25767   0.01458   0.21848   0.05720   0.22524   0.17525   0.03627   0.13895   0.01444   8.67626   1.48748   1.21890   1.45879   1.27513  
 40  0.0051   2386.294797  x:  0.03470   0.02197   0.03231   0.16630   0.10553   0.18462   0.07943   0.20747   0.12964   0.21606   0.07970   0.07910   0.00290   0.03085   0.25754   0.01460   0.21859   0.05717   0.22532   0.17525   0.03619   0.13893   0.01459   8.67662   1.48884   1.21991   1.46076   1.27673  
 41  0.0036   2386.294777  x:  0.03469   0.02198   0.03234   0.16631   0.10551   0.18459   0.07941   0.20744   0.12965   0.21620   0.07971   0.07909   0.00289   0.03086   0.25751   0.01460   0.21854   0.05715   0.22527   0.17526   0.03621   0.13893   0.01463   8.67727   1.48871   1.21984   1.46058   1.27672  
 42  0.0007   2386.294777  x:  0.03469   0.02198   0.03234   0.16631   0.10551   0.18460   0.07940   0.20744   0.12964   0.21619   0.07971   0.07909   0.00289   0.03086   0.25751   0.01460   0.21854   0.05715   0.22527   0.17526   0.03621   0.13893   0.01463   8.67734   1.48870   1.21983   1.46058   1.27671  
 43  0.0001   2386.294777  x:  0.03469   0.02198   0.03234   0.16631   0.10551   0.18460   0.07940   0.20744   0.12964   0.21619   0.07971   0.07909   0.00289   0.03086   0.25751   0.01460   0.21854   0.05715   0.22527   0.17526   0.03621   0.13893   0.01463   8.67736   1.48870   1.21983   1.46057   1.27670  
 44  0.0000   2386.294777  x:  0.03469   0.02198   0.03234   0.16631   0.10551   0.18460   0.07940   0.20744   0.12964   0.21619   0.07971   0.07909   0.00289   0.03086   0.25751   0.01460   0.21854   0.05715   0.22527   0.17526   0.03621   0.13893   0.01463   8.67736   1.48870   1.21983   1.46057   1.27670  