-7.245324717095384948e-01
-5.429178515830379581e-01
-7.850365994590146057e-01
6.248232423456657747e-01
8.245261524275789011e-02
-9.330494077316631163e-01
-1.967679497569595926e+00
-1.237682605555480375e+00
-1.874279403166956071e+00
-2.770659031550001927e+00
-5.033160441999379842e+00
-3.472993429811308985e+00
-2.635204337124672058e+00
-5.761090886543195566e+00
-5.789154938480356449e+00
-3.790866019121589936e+00
-4.649885062718783324e+00
-5.054620262882286497e+00
-3.952790120226144399e+00
-1.254002025411828747e+01
-3.343376956034994851e+00
-4.358574747539624816e+00
-1.875508557578214885e+00
-3.002746468897554699e+00
-3.450259978440635589e+00
-2.568264237493108393e+00
-1.253099812591248785e+01
-3.444614493737464311e+00
-4.655869560145392327e+00
-4.139118523530831872e+00
