-7.040548530759460633e-01
-5.304640651291041564e-01
-7.106795962199369265e-01
6.725620773032422450e-01
1.307842408365895992e-01
-4.807337780018804407e-01
-2.249744255546589411e+00
-8.745330688257680896e-01
-1.963940980957528781e+00
-3.727427190006497248e+00
-4.460346542876735043e+00
-4.579504413167708954e+00
-3.533429018967889856e+00
-5.048853240371649065e+00
-4.351730019873158106e+00
-4.125900090742059767e+00
-5.746066634749554147e+00
-4.642188148168077788e+00
-5.046894518903073390e+00
-1.450111987457950846e+01
-3.023556758295578017e+00
-4.643657758567741212e+00
-3.135356774726319795e+00
-1.461947079185652365e+00
-2.926116684011906610e+00
-2.238874236232459403e+00
-3.782842790245230624e+00
-3.657250268106383650e+00
-5.739137700526532271e+00
-5.746216262407146225e+00
