

TREE # 1

  0  0.0000   2433.273741  x:  0.01972   0.20925   0.02571   0.03211   0.02495   0.05815   0.02188   0.05666   0.08536   0.02661   0.17168   0.01972   0.20925   0.02571   0.03211   0.02495   0.05815   0.02188   0.05666   0.08536   0.02661   0.17168   0.21568   8.40433   1.35716   0.96212   1.45695   1.00000  
  1 99.0000   2270.870837  x:  0.00000   0.20725   0.22085   0.14545   0.05569   0.05691   0.04462   0.06647   0.07542   0.08801   0.15200   0.00789   0.20399   0.19815   0.14151   0.05884   0.09006   0.07394   0.06852   0.07627   0.10207   0.15774   0.19345   8.40416   1.35900   0.96174   1.45787   0.99999  
  2 1910.5797   2249.589006  x:  0.00000   0.19824   0.22008   0.15733   0.04184   0.05458   0.03340   0.08375   0.03541   0.08009   0.09384   0.00000   0.18627   0.19495   0.15284   0.05385   0.12246   0.06030   0.07324   0.04583   0.09500   0.11782   0.12378   8.40372   1.36366   0.96254   1.45925   0.99968  
  3 222.7903   2240.906553  x:  0.00000   0.19141   0.21930   0.16579   0.03560   0.05413   0.03350   0.09226   0.01067   0.07631   0.04892   0.03647   0.17389   0.19191   0.16035   0.05170   0.13934   0.05324   0.07506   0.02962   0.09157   0.09012   0.06495   8.40332   1.36782   0.96316   1.46055   0.99958  
  4 875.1993   2238.047368  x:  0.00000   0.18807   0.21734   0.16923   0.03749   0.05486   0.03833   0.09247   0.02513   0.07806   0.03333   0.03822   0.16767   0.18961   0.16205   0.05215   0.14103   0.05370   0.07433   0.03516   0.08855   0.07734   0.03345   8.40303   1.37024   0.96355   1.46155   0.99969  
  5 233.4115   2237.310161  x:  0.00651   0.18720   0.21680   0.17004   0.03809   0.05506   0.03947   0.09233   0.02783   0.07861   0.03054   0.03853   0.16602   0.18906   0.16246   0.05233   0.14121   0.05398   0.07408   0.03669   0.08780   0.07418   0.02589   8.40295   1.37095   0.96366   1.46185   0.99973  
  6 566.1112   2237.060689  x:  0.00601   0.18469   0.21543   0.17080   0.04021   0.05545   0.04035   0.09012   0.02373   0.08069   0.03402   0.03777   0.16306   0.18850   0.16290   0.05332   0.13871   0.05614   0.07303   0.04015   0.08683   0.06897   0.02096   8.40268   1.37325   0.96389   1.46275   0.99980  
  7 46.7656   2236.912432  x:  0.00626   0.18064   0.21380   0.17258   0.04117   0.05571   0.04075   0.08757   0.02250   0.08344   0.03169   0.03768   0.15867   0.18780   0.16369   0.05405   0.13568   0.05766   0.07191   0.04168   0.08569   0.06255   0.02405   8.40220   1.37720   0.96430   1.46432   0.99994  
  8 36.3167   2236.809198  x:  0.00624   0.17418   0.21228   0.17556   0.03930   0.05539   0.03884   0.08556   0.02389   0.08617   0.03333   0.03807   0.15302   0.18769   0.16481   0.05370   0.13192   0.05689   0.07142   0.03796   0.08532   0.06279   0.02364   8.40122   1.38513   0.96520   1.46760   1.00028  
  9 20.7796   2236.727482  x:  0.00628   0.16846   0.21053   0.17739   0.04037   0.05553   0.04033   0.08620   0.02235   0.08655   0.03141   0.03718   0.14945   0.18789   0.16550   0.05326   0.12986   0.05606   0.07199   0.03954   0.08576   0.06761   0.02346   8.39973   1.39668   0.96671   1.47270   1.00081  
 10 21.0677   2236.539224  x:  0.00632   0.16220   0.20866   0.17848   0.04000   0.05559   0.03999   0.09240   0.02419   0.08281   0.03441   0.03836   0.14978   0.18819   0.16546   0.05395   0.13452   0.05801   0.07397   0.04197   0.08815   0.06590   0.02479   8.39425   1.43648   0.97338   1.49161   1.00281  
 11 21.4489   2236.121114  x:  0.00643   0.16818   0.21089   0.17354   0.04017   0.05520   0.04061   0.08597   0.02365   0.08652   0.03206   0.03658   0.16024   0.18982   0.16129   0.05378   0.13424   0.05879   0.06972   0.03850   0.08828   0.06522   0.02330   8.38008   1.53266   0.99332   1.54070   1.00803  
 12 54.1754   2236.044607  x:  0.00637   0.17287   0.21308   0.17361   0.04017   0.05542   0.03853   0.08542   0.02373   0.08563   0.03248   0.03700   0.15831   0.18972   0.16295   0.05329   0.13265   0.05462   0.07242   0.04077   0.08546   0.06464   0.02350   8.37688   1.54816   1.00021   1.55197   1.00913  
 13 28.8470   2235.986455  x:  0.00627   0.17776   0.21422   0.17379   0.04021   0.05556   0.04120   0.08629   0.02384   0.08318   0.03301   0.03677   0.15406   0.18815   0.16453   0.05336   0.13110   0.05664   0.07364   0.03902   0.08351   0.06495   0.02375   8.37363   1.55753   1.00939   1.56359   1.01019  
 14 21.3221   2235.932116  x:  0.00624   0.18035   0.21424   0.17378   0.04010   0.05504   0.03822   0.08690   0.02378   0.08236   0.03228   0.03678   0.15120   0.18706   0.16495   0.05337   0.13039   0.05901   0.07133   0.03998   0.08596   0.06601   0.02361   8.36972   1.56318   1.02166   1.57743   1.01140  
 15 19.6510   2235.842498  x:  0.00619   0.17977   0.21336   0.17409   0.03990   0.05555   0.04070   0.08691   0.02376   0.08400   0.03322   0.03650   0.15066   0.18675   0.16424   0.05326   0.13175   0.05518   0.06910   0.04003   0.09029   0.06522   0.02395   8.36212   1.56939   1.04535   1.60372   1.01363  
 16 28.8239   2235.762880  x:  0.00624   0.17549   0.21252   0.17422   0.04093   0.05566   0.03969   0.08553   0.02368   0.08611   0.03288   0.03654   0.15459   0.18802   0.16301   0.05450   0.13276   0.05665   0.07322   0.03948   0.08715   0.06581   0.02388   8.35444   1.57322   1.06689   1.62885   1.01580  
 17 32.3521   2235.752009  x:  0.00625   0.17444   0.21300   0.17432   0.03987   0.05538   0.03991   0.08577   0.02358   0.08546   0.03291   0.03655   0.15564   0.18881   0.16313   0.05289   0.13214   0.05698   0.07231   0.03996   0.08568   0.06568   0.02388   8.35290   1.57339   1.06892   1.63266   1.01619  
 18  9.1522   2235.745775  x:  0.00626   0.17389   0.21337   0.17417   0.04085   0.05554   0.03965   0.08646   0.02365   0.08452   0.03289   0.03650   0.15623   0.18910   0.16322   0.05331   0.13110   0.05654   0.07138   0.03946   0.08512   0.06544   0.02385   8.35113   1.57308   1.06846   1.63544   1.01659  
 19  3.9432   2235.729109  x:  0.00627   0.17356   0.21386   0.17338   0.03921   0.05554   0.03986   0.08653   0.02345   0.08384   0.03266   0.03619   0.15665   0.18903   0.16350   0.05509   0.12953   0.05642   0.07172   0.03972   0.08580   0.06530   0.02371   8.34471   1.57161   1.06420   1.64357   1.01790  
 20  5.6722   2235.696511  x:  0.00625   0.17393   0.21418   0.17277   0.04043   0.05518   0.03974   0.08609   0.02354   0.08492   0.03294   0.03606   0.15596   0.18827   0.16366   0.05264   0.12991   0.05684   0.07291   0.03951   0.08691   0.06527   0.02385   8.33106   1.56864   1.05491   1.65899   1.02046  
 21 17.3604   2235.684911  x:  0.00622   0.17447   0.21383   0.17386   0.04036   0.05571   0.03972   0.08552   0.02358   0.08545   0.03326   0.03621   0.15511   0.18855   0.16318   0.05355   0.13191   0.05678   0.07147   0.03989   0.08538   0.06605   0.02409   8.32528   1.56790   1.05250   1.66261   1.02110  
 22  7.1065   2235.641177  x:  0.00621   0.17631   0.21121   0.17769   0.04080   0.05220   0.03998   0.08434   0.02350   0.08378   0.03357   0.03582   0.15502   0.19199   0.15979   0.05397   0.13100   0.05659   0.07192   0.04002   0.08578   0.06601   0.02426   8.29847   1.56732   1.05138   1.66318   1.02156  
 23  4.2695   2235.522643  x:  0.00623   0.17939   0.20739   0.18230   0.04032   0.05870   0.03934   0.08431   0.02324   0.08297   0.03409   0.03448   0.15587   0.19763   0.15511   0.05254   0.12706   0.05769   0.07336   0.03999   0.08751   0.06623   0.02459   8.22241   1.56638   1.05056   1.66121   1.02223  
 24 43.8604   2234.684102  x:  0.00637   0.18223   0.20910   0.17402   0.04130   0.05444   0.03985   0.09178   0.02328   0.09784   0.04046   0.02680   0.16126   0.20126   0.16102   0.05510   0.11385   0.06072   0.07084   0.04301   0.08706   0.07340   0.02894   7.68834   1.56203   1.05262   1.63633   1.02419  
 25 94.5444   2234.378229  x:  0.00650   0.17765   0.21652   0.16949   0.04366   0.05578   0.03973   0.07872   0.02393   0.08912   0.04273   0.02364   0.16155   0.19902   0.16358   0.05499   0.11430   0.06154   0.07036   0.04414   0.09007   0.07614   0.03057   7.49920   1.56047   1.05398   1.62699   1.02384  
 26 191.7043   2234.364729  x:  0.00651   0.17692   0.22005   0.17010   0.04354   0.05573   0.03972   0.07930   0.02371   0.08941   0.04277   0.02346   0.16095   0.19716   0.15965   0.05504   0.11394   0.06157   0.07058   0.04443   0.09002   0.07619   0.03060   7.49041   1.56041   1.05400   1.62673   1.02217  
 27  7.5664   2234.341337  x:  0.00655   0.17731   0.21991   0.17280   0.04353   0.05578   0.03973   0.07920   0.02371   0.08943   0.04288   0.02312   0.16260   0.19516   0.16104   0.05508   0.11361   0.06165   0.07045   0.04452   0.09030   0.07640   0.03066   7.47219   1.56027   1.05288   1.62915   0.99949  
 28  1.6064   2234.330671  x:  0.00656   0.17713   0.21987   0.17003   0.04357   0.05575   0.03972   0.07933   0.02393   0.08940   0.04285   0.02313   0.16090   0.19778   0.16017   0.05510   0.11403   0.06161   0.07050   0.04442   0.09010   0.07628   0.03066   7.46350   1.56018   1.05245   1.63019   0.98973  
 29  6.9821   2233.810251  x:  0.00718   0.17452   0.22435   0.17777   0.04227   0.05555   0.03921   0.08488   0.02560   0.08947   0.04086   0.01699   0.15632   0.20186   0.16562   0.05457   0.12713   0.06039   0.07177   0.04305   0.08930   0.07261   0.02896   6.95773   1.55822   1.05312   1.62500   0.99355  
 30  1.0119   2233.458607  x:  0.00773   0.17175   0.23799   0.18415   0.04141   0.05514   0.03775   0.08562   0.02726   0.08803   0.03833   0.01873   0.15350   0.20804   0.17303   0.05427   0.13365   0.05923   0.07239   0.04122   0.08947   0.06903   0.02694   7.51528   1.54847   1.05130   1.61142   0.99971  
 31  0.2582   2233.197922  x:  0.00799   0.17441   0.25384   0.18953   0.04270   0.05536   0.03928   0.08355   0.02491   0.09213   0.03970   0.01647   0.15682   0.22197   0.17790   0.05555   0.12718   0.06166   0.07154   0.04151   0.09275   0.07186   0.02782   7.41971   1.54721   1.05052   1.61444   0.99987  
 32  0.0445   2233.168169  x:  0.00787   0.17377   0.25584   0.19057   0.04268   0.05540   0.03928   0.08419   0.02426   0.09232   0.03969   0.01918   0.15635   0.22375   0.17810   0.05556   0.12796   0.06178   0.07166   0.04147   0.09287   0.07166   0.02790   7.35453   1.54917   1.05193   1.61453   0.99938  
 33  0.0729   2233.166742  x:  0.00776   0.17318   0.25624   0.19094   0.04261   0.05542   0.03937   0.08434   0.02373   0.09211   0.03954   0.01904   0.15584   0.22405   0.17803   0.05552   0.12813   0.06173   0.07172   0.04130   0.09288   0.07129   0.02786   7.35061   1.55000   1.05219   1.61395   0.99895  
 34  0.0035   2233.166445  x:  0.00759   0.17337   0.25626   0.19099   0.04260   0.05539   0.03932   0.08434   0.02371   0.09208   0.03956   0.01898   0.15604   0.22395   0.17805   0.05551   0.12822   0.06172   0.07170   0.04127   0.09292   0.07142   0.02801   7.35512   1.54983   1.05214   1.61415   0.99904  
 35  0.0018   2233.166392  x:  0.00754   0.17332   0.25626   0.19096   0.04261   0.05541   0.03934   0.08433   0.02380   0.09212   0.03956   0.01902   0.15591   0.22402   0.17806   0.05552   0.12815   0.06172   0.07172   0.04129   0.09289   0.07139   0.02799   7.35275   1.54982   1.05214   1.61407   0.99906  
 36  0.0016   2233.166391  x:  0.00754   0.17331   0.25626   0.19095   0.04261   0.05541   0.03934   0.08433   0.02379   0.09212   0.03957   0.01902   0.15594   0.22402   0.17806   0.05552   0.12815   0.06173   0.07171   0.04130   0.09290   0.07139   0.02797   7.35292   1.54984   1.05215   1.61406   0.99903  
 37  0.0001   2233.166391  x:  0.00753   0.17331   0.25626   0.19095   0.04261   0.05541   0.03934   0.08433   0.02379   0.09212   0.03957   0.01901   0.15594   0.22402   0.17806   0.05552   0.12815   0.06173   0.07171   0.04130   0.09290   0.07139   0.02797   7.35292   1.54984   1.05215   1.61407   0.99903  
 38  0.0000   2233.166391  x:  0.00753   0.17331   0.25626   0.19095   0.04261   0.05541   0.03934   0.08433   0.02379   0.09212   0.03957   0.01901   0.15594   0.22402   0.17806   0.05552   0.12815   0.06173   0.07171   0.04130   0.09290   0.07139   0.02797   7.35292   1.54984   1.05215   1.61407   0.99903  
 39  0.0000   2233.166391  x:  0.00753   0.17331   0.25626   0.19095   0.04261   0.05541   0.03934   0.08433   0.02379   0.09212   0.03957   0.01901   0.15594   0.22402   0.17806   0.05552   0.12815   0.06173   0.07171   0.04130   0.09290   0.07139   0.02797   7.35292   1.54984   1.05215   1.61407   0.99903  

TREE # 2

  0  0.0000   2368.981087  x:  0.00753   0.17331   0.25626   0.19095   0.04261   0.05541   0.03934   0.08433   0.02379   0.09212   0.03957   0.01901   0.15594   0.22402   0.17806   0.05552   0.12815   0.06173   0.07171   0.04130   0.09290   0.07139   0.02797   7.35292   1.52355   0.98930   1.55801   0.99903  
  1 99.0000   2293.502967  x:  0.05992   0.12763   0.21526   0.18128   0.11537   0.21108   0.05385   0.14883   0.12968   0.07363   0.17428   0.15185   0.10788   0.17748   0.17793   0.08324   0.17555   0.04885   0.15131   0.08761   0.06943   0.05866   0.04923   7.35296   1.52309   0.99089   1.55901   0.99823  
  2 844.1633   2247.288311  x:  0.00836   0.02832   0.13315   0.16226   0.11305   0.25293   0.03907   0.17810   0.11116   0.03900   0.17565   0.12236   0.00000   0.08202   0.17460   0.09774   0.22641   0.01550   0.19051   0.08996   0.02883   0.04786   0.03258   7.35308   1.52055   0.99884   1.55792   0.99687  
  3 320.9022   2247.288311  x:  0.00836   0.02832   0.13315   0.16226   0.11305   0.25293   0.03907   0.17810   0.11116   0.03900   0.17565   0.12236   0.00000   0.08202   0.17460   0.09774   0.22641   0.01550   0.19051   0.08996   0.02883   0.04786   0.03258   7.35308   1.52055   0.99884   1.55792   0.99687  
  4 502.6129   2242.901623  x:  0.03925   0.02366   0.12739   0.16170   0.11112   0.25166   0.03941   0.17806   0.10733   0.04179   0.17230   0.11660   0.01236   0.07640   0.17494   0.09738   0.22792   0.01959   0.19080   0.08958   0.03359   0.04991   0.03531   7.35309   1.52040   0.99933   1.55797   0.99690  
  5 439.2825   2237.813386  x:  0.04347   0.00947   0.10721   0.15973   0.10454   0.24704   0.04043   0.17785   0.09381   0.05001   0.16030   0.09598   0.00000   0.05359   0.17455   0.09568   0.23308   0.02766   0.19136   0.08782   0.04469   0.05550   0.04158   7.35311   1.51979   1.00128   1.55803   0.99687  
  6 186.9964   2235.276692  x:  0.03562   0.00700   0.08733   0.15779   0.09829   0.24192   0.04123   0.17763   0.07989   0.05670   0.14756   0.07431   0.01238   0.03362   0.17454   0.09375   0.23843   0.03171   0.19154   0.08568   0.05160   0.05936   0.04491   7.35313   1.51914   1.00344   1.55819   0.99684  
  7 348.3126   2234.328418  x:  0.03625   0.01905   0.07733   0.15711   0.09540   0.23869   0.04144   0.17755   0.07279   0.05900   0.14028   0.06299   0.01124   0.02841   0.17442   0.09265   0.24152   0.03154   0.19138   0.08436   0.05255   0.05992   0.04458   7.35314   1.51878   1.00480   1.55833   0.99679  
  8 196.2899   2233.790022  x:  0.03677   0.01808   0.06740   0.15611   0.09227   0.23474   0.04131   0.17762   0.06727   0.05927   0.13245   0.05452   0.01057   0.03710   0.17430   0.09163   0.24520   0.02760   0.19083   0.08291   0.04892   0.05808   0.04115   7.35314   1.51830   1.00664   1.55870   0.99668  
  9 76.8322   2233.682298  x:  0.03744   0.01748   0.06606   0.15534   0.09060   0.23046   0.04121   0.17801   0.06746   0.05841   0.12693   0.05774   0.01027   0.03446   0.17425   0.09119   0.24943   0.02506   0.19046   0.08280   0.04457   0.05618   0.03993   7.35314   1.51773   1.00894   1.55947   0.99657  
 10 21.4866   2233.627892  x:  0.03708   0.01787   0.06749   0.15468   0.08987   0.22544   0.04151   0.17844   0.06848   0.05811   0.12266   0.05928   0.01043   0.03594   0.17409   0.09113   0.25475   0.02689   0.19062   0.08376   0.04540   0.05678   0.04176   7.35313   1.51696   1.01223   1.56074   0.99645  
 11 16.0125   2233.605190  x:  0.03717   0.01762   0.06896   0.15472   0.09105   0.22224   0.04166   0.17855   0.06913   0.05797   0.12342   0.05820   0.01037   0.03567   0.17407   0.09112   0.25837   0.02549   0.19068   0.08405   0.04677   0.05721   0.04013   7.35312   1.51624   1.01574   1.56232   0.99631  
 12  9.4437   2233.589592  x:  0.03719   0.01757   0.06850   0.15510   0.09232   0.22027   0.04165   0.17846   0.06871   0.05809   0.12619   0.05786   0.01035   0.03565   0.17406   0.09123   0.26109   0.02584   0.19097   0.08348   0.04550   0.05681   0.04115   7.35311   1.51544   1.02030   1.56462   0.99614  
 13  8.0919   2233.577074  x:  0.03711   0.01779   0.06736   0.15551   0.09121   0.22112   0.04182   0.17823   0.06807   0.05840   0.12719   0.05940   0.01041   0.03591   0.17406   0.09117   0.26141   0.02599   0.19138   0.08383   0.04637   0.05704   0.04036   7.35309   1.51469   1.02711   1.56869   0.99593  
 14  4.9956   2233.558416  x:  0.03718   0.01772   0.06846   0.15586   0.08993   0.22373   0.04153   0.17803   0.06879   0.05793   0.12642   0.05833   0.01035   0.03580   0.17413   0.09120   0.26023   0.02519   0.19174   0.08401   0.04596   0.05705   0.04132   7.35306   1.51400   1.03853   1.57627   0.99560  
 15 11.4071   2233.553639  x:  0.03717   0.01766   0.06864   0.15567   0.09092   0.22415   0.04155   0.17814   0.06897   0.05799   0.12571   0.05810   0.01034   0.03572   0.17412   0.09143   0.25952   0.02616   0.19170   0.08382   0.04560   0.05686   0.04054   7.35304   1.51443   1.04128   1.57884   0.99558  
 16  6.8517   2233.548999  x:  0.03715   0.01767   0.06832   0.15515   0.09256   0.22387   0.04161   0.17843   0.06872   0.05822   0.12504   0.05854   0.01034   0.03581   0.17411   0.09164   0.25839   0.02564   0.19126   0.08359   0.04599   0.05697   0.04096   7.35302   1.51600   1.04337   1.58228   0.99568  
 17  4.9110   2233.533295  x:  0.03713   0.01768   0.06868   0.15354   0.09136   0.22050   0.04127   0.17912   0.06816   0.05741   0.12587   0.05840   0.01030   0.03577   0.17384   0.09168   0.25515   0.02608   0.18979   0.08394   0.04582   0.05705   0.04079   7.35291   1.52604   1.04764   1.59706   0.99647  
 18  4.7090   2233.522731  x:  0.03707   0.01773   0.06831   0.15456   0.09087   0.22016   0.04242   0.17877   0.06966   0.05880   0.12592   0.05823   0.01031   0.03587   0.17385   0.09148   0.25524   0.02596   0.18999   0.08361   0.04573   0.05660   0.04080   7.35282   1.53429   1.04982   1.60747   0.99717  
 19  9.8069   2233.509326  x:  0.03701   0.01767   0.06829   0.15660   0.09130   0.22156   0.04104   0.17752   0.06928   0.05795   0.12542   0.05842   0.01029   0.03590   0.17399   0.09132   0.25729   0.02587   0.19109   0.08335   0.04580   0.05691   0.04072   7.35272   1.54566   1.05229   1.62038   0.99816  
 20 14.3411   2233.506811  x:  0.03701   0.01765   0.06858   0.15611   0.09141   0.22233   0.04192   0.17755   0.06865   0.05757   0.12543   0.05842   0.01027   0.03589   0.17398   0.09139   0.25806   0.02581   0.19123   0.08363   0.04568   0.05685   0.04074   7.35270   1.54809   1.05290   1.62236   0.99839  
 21  5.0216   2233.504431  x:  0.03700   0.01771   0.06857   0.15459   0.09138   0.22328   0.04144   0.17791   0.06881   0.05805   0.12563   0.05841   0.01026   0.03594   0.17389   0.09148   0.25898   0.02574   0.19112   0.08388   0.04560   0.05675   0.04072   7.35270   1.55076   1.05384   1.62334   0.99866  
 22  2.8482   2233.502144  x:  0.03698   0.01775   0.06818   0.15430   0.09136   0.22351   0.04158   0.17833   0.06944   0.05732   0.12575   0.05846   0.01027   0.03594   0.17376   0.09129   0.25913   0.02582   0.19082   0.08318   0.04574   0.05706   0.04070   7.35273   1.55372   1.05538   1.62276   0.99899  
 23  1.5886   2233.495703  x:  0.03691   0.01770   0.06885   0.15543   0.09135   0.22316   0.04148   0.17873   0.06885   0.05778   0.12572   0.05863   0.01027   0.03607   0.17369   0.09105   0.25850   0.02587   0.19022   0.08310   0.04581   0.05638   0.04069   7.35284   1.56208   1.06008   1.61994   1.00002  
 24  4.0678   2233.493956  x:  0.03690   0.01771   0.06869   0.15561   0.09150   0.22293   0.04156   0.17839   0.06901   0.05785   0.12574   0.05861   0.01026   0.03609   0.17388   0.09138   0.25819   0.02580   0.19047   0.08388   0.04538   0.05706   0.04066   7.35288   1.56393   1.06113   1.61922   1.00030  
 25  3.1368   2233.492128  x:  0.03687   0.01773   0.06846   0.15525   0.09160   0.22263   0.04160   0.17753   0.06933   0.05748   0.12578   0.05859   0.01025   0.03608   0.17418   0.09181   0.25785   0.02575   0.19136   0.08419   0.04560   0.05644   0.04072   7.35295   1.56473   1.06161   1.61881   1.00056  
 26  1.1340   2233.487413  x:  0.03681   0.01776   0.06906   0.15435   0.09147   0.22222   0.04172   0.17613   0.06910   0.05784   0.12579   0.05886   0.01022   0.03625   0.17439   0.09167   0.25734   0.02556   0.19301   0.08297   0.04538   0.05692   0.04056   7.35316   1.56510   1.06186   1.61837   1.00117  
 27  1.2390   2233.417662  x:  0.03580   0.01814   0.07020   0.15431   0.09344   0.22273   0.04152   0.17735   0.07078   0.05638   0.12722   0.06034   0.00998   0.03769   0.17157   0.08555   0.25572   0.02478   0.19569   0.08549   0.04377   0.05596   0.04008   7.35651   1.55937   1.05868   1.61695   1.00916  
 28  0.9148   2233.314346  x:  0.03417   0.01884   0.07254   0.15637   0.09334   0.22438   0.04111   0.18024   0.07253   0.05482   0.12919   0.06280   0.00956   0.03993   0.17211   0.09322   0.25517   0.02329   0.19333   0.08448   0.04201   0.05509   0.03913   7.36159   1.55003   1.05318   1.61521   1.02010  
 29 10.2798   2233.306100  x:  0.03403   0.01890   0.07273   0.15609   0.09352   0.22474   0.04124   0.17758   0.07285   0.05468   0.12936   0.06303   0.00949   0.04013   0.17409   0.09226   0.25544   0.02352   0.19021   0.08455   0.04192   0.05499   0.03908   7.36202   1.54942   1.05276   1.61504   1.01859  
 30  2.7675   2233.290989  x:  0.03376   0.01898   0.07303   0.15619   0.09370   0.22479   0.04118   0.17829   0.07303   0.05452   0.12960   0.06334   0.00945   0.04041   0.17426   0.09231   0.25519   0.02340   0.19095   0.08463   0.04164   0.05489   0.03896   7.36303   1.54994   1.05152   1.61453   0.99831  
 31  1.4062   2233.290585  x:  0.03376   0.01898   0.07303   0.15618   0.09370   0.22480   0.04120   0.17786   0.07305   0.05453   0.12959   0.06334   0.00946   0.04041   0.17335   0.09251   0.25521   0.02339   0.19073   0.08464   0.04164   0.05489   0.03896   7.36302   1.54995   1.05151   1.61451   0.99801  
 32  0.3796   2233.169111  x:  0.02784   0.01934   0.07164   0.15588   0.09295   0.22381   0.04129   0.17807   0.07196   0.05552   0.12813   0.06209   0.00761   0.04055   0.17327   0.09201   0.25639   0.02382   0.19105   0.08433   0.04276   0.05533   0.03927   7.35298   1.55045   1.05274   1.61451   0.99903  
 33  0.0160   2233.166449  x:  0.02803   0.01907   0.07131   0.15592   0.09287   0.22399   0.04130   0.17806   0.07165   0.05553   0.12808   0.06164   0.00750   0.03964   0.17332   0.09208   0.25629   0.02378   0.19098   0.08432   0.04257   0.05542   0.03936   7.35294   1.54987   1.05223   1.61410   0.99918  
 34  0.0014   2233.166392  x:  0.02797   0.01903   0.07139   0.15594   0.09290   0.22403   0.04130   0.17806   0.07171   0.05552   0.12816   0.06172   0.00753   0.03956   0.17331   0.09212   0.25625   0.02380   0.19094   0.08433   0.04262   0.05541   0.03934   7.35295   1.54982   1.05213   1.61405   0.99901  
 35  0.0003   2233.166391  x:  0.02797   0.01902   0.07139   0.15594   0.09290   0.22402   0.04130   0.17806   0.07171   0.05552   0.12815   0.06173   0.00754   0.03956   0.17331   0.09212   0.25626   0.02379   0.19095   0.08433   0.04261   0.05541   0.03934   7.35292   1.54984   1.05215   1.61407   0.99904  
 36  0.0001   2233.166391  x:  0.02797   0.01902   0.07139   0.15594   0.09290   0.22402   0.04130   0.17806   0.07171   0.05552   0.12815   0.06173   0.00754   0.03957   0.17331   0.09212   0.25626   0.02379   0.19095   0.08433   0.04261   0.05541   0.03934   7.35292   1.54984   1.05215   1.61407   0.99903  
 37  0.0000   2233.166391  x:  0.02797   0.01901   0.07139   0.15594   0.09290   0.22402   0.04130   0.17806   0.07171   0.05552   0.12815   0.06173   0.00753   0.03957   0.17331   0.09212   0.25626   0.02379   0.19095   0.08433   0.04261   0.05541   0.03934   7.35292   1.54984   1.05215   1.61407   0.99903  
 38  0.0000   2233.166391  x:  0.02797   0.01901   0.07139   0.15594   0.09290   0.22402   0.04130   0.17806   0.07171   0.05552   0.12815   0.06173   0.00753   0.03957   0.17331   0.09212   0.25626   0.02379   0.19095   0.08433   0.04261   0.05541   0.03934   7.35292   1.54984   1.05215   1.61407   0.99903  
 39  0.0000   2233.166391  x:  0.02797   0.01901   0.07139   0.15594   0.09290   0.22402   0.04130   0.17806   0.07171   0.05552   0.12815   0.06173   0.00753   0.03957   0.17331   0.09212   0.25626   0.02379   0.19095   0.08433   0.04261   0.05541   0.03934   7.35292   1.54984   1.05215   1.61407   0.99903  