

TREE # 1

  0  0.0000   2231.109426  x:  0.01972   0.20925   0.02571   0.03211   0.02495   0.05815   0.02188   0.05666   0.08536   0.02661   0.17168   0.01972   0.20925   0.02571   0.03211   0.02495   0.05815   0.02188   0.05666   0.08536   0.02661   0.17168   0.21568   8.40433   1.71011   1.25176   1.31313   1.00000  
  1 99.0000   2108.468087  x:  0.00000   0.21044   0.11153   0.11280   0.01755   0.07126   0.00809   0.05593   0.07561   0.11676   0.15922   0.00051   0.20959   0.10742   0.12104   0.03368   0.06360   0.01379   0.05689   0.08050   0.11644   0.15549   0.20061   8.40421   1.70929   1.25010   1.31600   1.00072  
  2 1584.8337   2108.236701  x:  0.00000   0.21045   0.11147   0.11287   0.01743   0.07143   0.00808   0.05592   0.07537   0.11672   0.15890   0.00000   0.20959   0.10738   0.12111   0.03371   0.06367   0.01382   0.05685   0.08036   0.11641   0.15507   0.20022   8.40421   1.70927   1.25007   1.31606   1.00074  
  3 259.1336   2092.448563  x:  0.00000   0.21219   0.10771   0.11811   0.04318   0.06715   0.01861   0.06005   0.04794   0.11485   0.10925   0.00000   0.21184   0.10548   0.12648   0.02966   0.06174   0.00063   0.05490   0.06627   0.11485   0.07923   0.13413   8.40361   1.70547   1.24354   1.32860   1.00449  
  4 711.2631   2084.516758  x:  0.00000   0.21343   0.10574   0.12148   0.06404   0.06183   0.02598   0.06313   0.02978   0.11409   0.07415   0.00000   0.21371   0.10475   0.12994   0.02681   0.05971   0.00614   0.05396   0.05714   0.11428   0.02470   0.08680   8.40317   1.70269   1.23877   1.33771   1.00723  
  5 5700.7166   2082.694734  x:  0.00000   0.21549   0.10658   0.12002   0.06671   0.06031   0.01250   0.05913   0.04414   0.11403   0.06162   0.00000   0.21638   0.10500   0.12766   0.03328   0.05977   0.00511   0.05602   0.06084   0.11407   0.01655   0.06404   8.40281   1.70063   1.23487   1.34466   1.00935  
  6 133.3298   2082.203197  x:  0.00000   0.21714   0.10703   0.11919   0.06924   0.06128   0.01089   0.05797   0.04373   0.11429   0.05512   0.00000   0.21850   0.10547   0.12681   0.03089   0.05992   0.00535   0.05624   0.06182   0.11432   0.02448   0.05178   8.40250   1.69883   1.23158   1.35060   1.01116  
  7 83.6143   2081.767532  x:  0.00000   0.22272   0.10911   0.11567   0.06923   0.06794   0.01542   0.05473   0.04356   0.11556   0.06219   0.00000   0.22566   0.10708   0.12368   0.02937   0.06161   0.00536   0.05692   0.06723   0.11554   0.02285   0.04522   8.40113   1.69121   1.21765   1.37561   1.01875  
  8 30.7533   2081.627819  x:  0.00391   0.22461   0.10947   0.11501   0.06913   0.06834   0.01510   0.05419   0.04253   0.11578   0.06319   0.00000   0.22809   0.10733   0.12302   0.02934   0.06185   0.00531   0.05697   0.06808   0.11575   0.02252   0.04475   8.40055   1.68810   1.21203   1.38577   1.02185  
  9 129.4415   2080.836752  x:  0.00177   0.23316   0.10982   0.11421   0.06746   0.06315   0.00738   0.05428   0.03506   0.11598   0.06315   0.00000   0.24011   0.10729   0.12162   0.02998   0.06145   0.00491   0.05645   0.06823   0.11598   0.02173   0.04844   8.39741   1.67131   1.18213   1.44031   1.03867  
 10 150.7296   2080.330788  x:  0.00076   0.23690   0.10874   0.11699   0.06367   0.06017   0.01408   0.05692   0.04010   0.11530   0.05602   0.00000   0.24591   0.10600   0.12365   0.03321   0.06042   0.00506   0.05588   0.06418   0.11525   0.02292   0.05314   8.39481   1.65815   1.15945   1.48269   1.05198  
 11 141.5249   2080.205661  x:  0.00072   0.23417   0.10765   0.11844   0.06393   0.06179   0.01288   0.05765   0.04324   0.11483   0.05600   0.00000   0.24291   0.10542   0.12535   0.02798   0.05949   0.00523   0.05547   0.06188   0.11471   0.02237   0.05400   8.39390   1.65472   1.15462   1.49348   1.05570  
 12 38.2748   2080.020446  x:  0.00018   0.22275   0.10535   0.11960   0.06785   0.06409   0.01170   0.05804   0.04330   0.11421   0.05964   0.00000   0.22933   0.10458   0.12869   0.03154   0.05868   0.00530   0.05639   0.05970   0.11384   0.02384   0.05236   8.39173   1.64870   1.14852   1.51210   1.06284  
 13 30.5220   2079.948507  x:  0.00000   0.21788   0.10622   0.11848   0.06631   0.06216   0.01236   0.05625   0.04284   0.11474   0.05855   0.00000   0.22246   0.10516   0.12747   0.03076   0.06116   0.00524   0.05555   0.06207   0.11430   0.02371   0.05251   8.39052   1.64660   1.14783   1.51883   1.06591  
 14 21.5344   2079.925967  x:  0.00000   0.21696   0.10743   0.11782   0.06478   0.06235   0.01248   0.05699   0.04241   0.11518   0.05792   0.00000   0.22026   0.10561   0.12543   0.03066   0.05835   0.00522   0.05605   0.06265   0.11487   0.02357   0.05251   8.38949   1.64605   1.14953   1.52127   1.06766  
 15  8.0723   2079.855282  x:  0.00000   0.21871   0.10925   0.11779   0.06327   0.06149   0.01218   0.06186   0.04298   0.11534   0.05948   0.00000   0.21814   0.10600   0.12225   0.03068   0.06085   0.00516   0.05694   0.05991   0.11587   0.02372   0.05129   8.38360   1.64568   1.16282   1.52901   1.07580  
 16  6.1354   2079.497159  x:  0.00000   0.22743   0.10788   0.11792   0.06346   0.06391   0.01172   0.05724   0.04374   0.11377   0.05828   0.00000   0.21541   0.10624   0.12648   0.03170   0.06005   0.00527   0.05358   0.06166   0.11593   0.02411   0.05412   8.35067   1.64676   1.23539   1.56842   1.11907  
 17 29.3568   2079.408753  x:  0.00000   0.22353   0.10613   0.11938   0.05995   0.06130   0.01246   0.05589   0.04342   0.11540   0.05972   0.00000   0.21946   0.10538   0.12842   0.03058   0.05938   0.00522   0.05923   0.06235   0.11435   0.02414   0.05286   8.34176   1.65172   1.24849   1.57618   1.12766  
 18 19.1357   2079.202101  x:  0.00000   0.20757   0.10601   0.11943   0.05762   0.06329   0.01183   0.05955   0.04365   0.11918   0.05904   0.00000   0.23249   0.10481   0.12680   0.03124   0.06003   0.00522   0.05492   0.06428   0.11357   0.02418   0.05346   8.31963   1.67248   1.26733   1.59097   1.14295  
 19 20.6995   2078.850394  x:  0.00000   0.20081   0.11168   0.11566   0.05421   0.06346   0.01203   0.05179   0.04438   0.11178   0.05929   0.00000   0.23631   0.10809   0.12492   0.03179   0.06010   0.00521   0.05587   0.05494   0.11945   0.02465   0.05468   8.28016   1.71869   1.28217   1.61186   1.16077  
 20 23.5554   2077.495720  x:  0.00000   0.21054   0.11503   0.12124   0.03627   0.06369   0.01109   0.06142   0.04528   0.10067   0.06085   0.00000   0.22166   0.10868   0.13404   0.03117   0.06032   0.00531   0.05760   0.06854   0.12085   0.02580   0.05552   8.11883   1.91196   1.32472   1.69113   1.22057  
 21 81.8065   2076.965267  x:  0.00000   0.21833   0.11039   0.12173   0.03171   0.06477   0.01082   0.05653   0.04640   0.12021   0.06102   0.00000   0.21274   0.10501   0.12946   0.03195   0.06071   0.00537   0.05643   0.06359   0.11589   0.02650   0.05726   8.05472   1.98366   1.33992   1.72162   1.23875  
 22 116.1750   2076.691646  x:  0.00000   0.21832   0.09817   0.12194   0.02898   0.06677   0.01038   0.05753   0.04684   0.12120   0.05914   0.00000   0.21225   0.11537   0.12591   0.03218   0.06212   0.00534   0.05931   0.06431   0.12175   0.02654   0.05922   8.02075   1.98923   1.34588   1.73295   1.21903  
 23 10.5175   2075.313504  x:  0.00000   0.21629   0.10228   0.12481   0.01112   0.06398   0.01053   0.05659   0.04840   0.11996   0.06384   0.00000   0.21325   0.11692   0.12836   0.03287   0.06010   0.00540   0.05329   0.06310   0.12018   0.02781   0.05716   7.87517   1.98974   1.37003   1.77641   1.11488  
 24 54.6451   2074.788050  x:  0.00000   0.21429   0.11164   0.12723   0.01050   0.07206   0.00886   0.05633   0.04794   0.11970   0.05758   0.00000   0.21353   0.11211   0.12612   0.03309   0.06557   0.00539   0.06429   0.06626   0.11814   0.02799   0.06386   7.80700   1.98828   1.38045   1.79646   1.06704  
 25 150.5957   2074.750160  x:  0.00000   0.21428   0.11058   0.12962   0.01031   0.07204   0.00892   0.05563   0.04787   0.11951   0.05784   0.00000   0.21367   0.10732   0.12482   0.03306   0.06555   0.00540   0.06413   0.06697   0.12322   0.02804   0.06370   7.80141   1.98422   1.37796   1.79276   1.06913  
 26  5.2943   2074.263061  x:  0.00000   0.21536   0.11142   0.12360   0.00590   0.07477   0.00817   0.05774   0.04717   0.12102   0.05620   0.00000   0.21524   0.10742   0.12940   0.03317   0.06719   0.00538   0.06618   0.06627   0.12517   0.02781   0.06417   7.72844   1.90908   1.32568   1.71420   1.13202  
 27 10.2250   2074.104728  x:  0.00000   0.21556   0.11272   0.13381   0.00565   0.07541   0.00829   0.05493   0.04652   0.11853   0.05686   0.00000   0.21586   0.11164   0.12397   0.03364   0.06753   0.00541   0.06525   0.06649   0.12032   0.02798   0.06397   7.70281   1.88313   1.30757   1.68707   1.15377  
 28 61.2889   2070.768285  x:  0.00000   0.22279   0.11460   0.13865   0.01430   0.08985   0.00548   0.05522   0.03571   0.12093   0.05428   0.00000   0.21664   0.11160   0.14774   0.03705   0.07320   0.00651   0.05476   0.05297   0.12581   0.02720   0.05375   7.11026   1.60218   1.15281   1.47269   1.13116  
 29  1.6618   2069.605508  x:  0.00000   0.22487   0.11684   0.14847   0.01161   0.09495   0.00985   0.05420   0.03195   0.12767   0.05674   0.00000   0.21217   0.11655   0.16005   0.03864   0.07376   0.00804   0.04657   0.04851   0.12945   0.02765   0.04831   7.04643   1.68024   1.20906   1.55895   1.00676  
 30  0.2384   2069.603573  x:  0.00000   0.22488   0.11686   0.14852   0.01160   0.09498   0.00986   0.05419   0.03195   0.12772   0.05677   0.00056   0.21215   0.11659   0.16012   0.03865   0.07377   0.00805   0.04653   0.04850   0.12948   0.02766   0.04830   7.04659   1.68060   1.20931   1.55933   1.00617  
 31  0.5716   2069.366005  x:  0.00000   0.22469   0.11799   0.14895   0.01173   0.09561   0.00950   0.05419   0.03344   0.12914   0.05807   0.00000   0.21204   0.11768   0.16127   0.03886   0.07372   0.00840   0.04672   0.04958   0.13060   0.02835   0.04923   7.07813   1.68039   1.20821   1.55714   1.00647  
 32  5.7569   2068.094823  x:  0.00000   0.21935   0.13225   0.16076   0.01334   0.10300   0.00749   0.05649   0.03431   0.14751   0.05973   0.00000   0.21214   0.13097   0.17712   0.03897   0.07294   0.01222   0.05309   0.05364   0.14501   0.03022   0.05543   7.49961   1.72132   1.21853   1.54941   1.09360  
 33  0.4291   2067.903529  x:  0.00000   0.22119   0.13616   0.16415   0.01219   0.10016   0.00647   0.05548   0.03740   0.15044   0.05790   0.00000   0.21382   0.13492   0.18028   0.03858   0.07103   0.01314   0.05020   0.05300   0.14969   0.02930   0.05228   7.47162   1.67537   1.20460   1.53227   1.05718  
 34  0.0669   2067.867110  x:  0.00000   0.22183   0.13762   0.16467   0.01211   0.09738   0.00823   0.05527   0.03708   0.15117   0.05721   0.00000   0.21308   0.13573   0.18065   0.03813   0.07069   0.01342   0.05062   0.05315   0.15107   0.02864   0.05234   7.44042   1.66841   1.19808   1.52592   1.06041  
 35  0.0395   2067.845351  x:  0.00000   0.22151   0.13838   0.16525   0.01207   0.09410   0.00768   0.05559   0.03611   0.15167   0.05730   0.00000   0.21183   0.13613   0.18067   0.03777   0.07032   0.01363   0.05064   0.05251   0.15177   0.02809   0.05263   7.40467   1.68551   1.20457   1.53816   1.06369  
 36  0.0402   2067.843335  x:  0.00000   0.22102   0.13836   0.16513   0.01215   0.09357   0.00755   0.05555   0.03591   0.15160   0.05780   0.00000   0.21251   0.13605   0.18058   0.03790   0.07052   0.01368   0.05070   0.05261   0.15166   0.02820   0.05298   7.41150   1.68013   1.20339   1.53392   1.06366  
 37  0.0102   2067.842812  x:  0.00000   0.22109   0.13819   0.16516   0.01224   0.09348   0.00751   0.05549   0.03592   0.15153   0.05746   0.00000   0.21281   0.13590   0.18065   0.03805   0.07073   0.01373   0.05070   0.05261   0.15144   0.02816   0.05277   7.41949   1.68063   1.20402   1.53357   1.06380  
 38  0.0054   2067.842199  x:  0.00000   0.22115   0.13799   0.16516   0.01229   0.09343   0.00757   0.05552   0.03604   0.15146   0.05762   0.00000   0.21229   0.13576   0.18079   0.03815   0.07081   0.01397   0.05061   0.05253   0.15122   0.02823   0.05282   7.41713   1.68051   1.20311   1.53383   1.06300  
 39  0.0008   2067.841806  x:  0.00000   0.22122   0.13798   0.16506   0.01224   0.09353   0.00755   0.05552   0.03594   0.15140   0.05759   0.00000   0.21266   0.13577   0.18069   0.03802   0.07061   0.01417   0.05065   0.05269   0.15125   0.02813   0.05284   7.41497   1.68104   1.20396   1.53453   1.06337  
 40  0.0012   2067.841764  x:  0.00000   0.22114   0.13800   0.16500   0.01222   0.09358   0.00754   0.05552   0.03596   0.15136   0.05757   0.00000   0.21260   0.13577   0.18058   0.03800   0.07060   0.01419   0.05064   0.05259   0.15127   0.02814   0.05283   7.41615   1.68071   1.20363   1.53396   1.06358  
 41  0.0012   2067.841762  x:  0.00000   0.22113   0.13801   0.16499   0.01221   0.09358   0.00754   0.05552   0.03595   0.15135   0.05757   0.00000   0.21259   0.13577   0.18054   0.03801   0.07062   0.01419   0.05063   0.05261   0.15127   0.02815   0.05282   7.41621   1.68071   1.20363   1.53402   1.06352  
 42  0.0001   2067.841761  x:  0.00000   0.22113   0.13802   0.16500   0.01222   0.09357   0.00754   0.05552   0.03595   0.15135   0.05757   0.00000   0.21259   0.13577   0.18054   0.03801   0.07062   0.01419   0.05064   0.05261   0.15128   0.02815   0.05282   7.41617   1.68074   1.20365   1.53403   1.06353  
 43  0.0001   2067.841761  x:  0.00000   0.22113   0.13802   0.16500   0.01222   0.09357   0.00754   0.05552   0.03595   0.15135   0.05757   0.00000   0.21259   0.13577   0.18054   0.03801   0.07062   0.01419   0.05064   0.05261   0.15128   0.02815   0.05282   7.41617   1.68074   1.20365   1.53403   1.06353  
 44  0.0000   2067.841761  x:  0.00000   0.22113   0.13802   0.16500   0.01222   0.09357   0.00754   0.05552   0.03595   0.15135   0.05757   0.00000   0.21259   0.13577   0.18054   0.03801   0.07062   0.01419   0.05064   0.05261   0.15128   0.02815   0.05282   7.41617   1.68074   1.20365   1.53403   1.06353  

TREE # 2

  0  0.0000   2259.212836  x:  0.00000   0.22113   0.13802   0.16500   0.01222   0.09357   0.00754   0.05552   0.03595   0.15135   0.05757   0.00000   0.21259   0.13577   0.18054   0.03801   0.07062   0.01419   0.05064   0.05261   0.15128   0.02815   0.05282   7.41617   1.53849   1.20126   1.45092   1.06353  
  1 99.0000   2171.165473  x:  0.03167   0.20151   0.11805   0.17527   0.22656   0.11408   0.14697   0.11090   0.04774   0.13469   0.06896   0.07143   0.19217   0.11965   0.18854   0.10445   0.09710   0.05876   0.10614   0.05177   0.12991   0.08219   0.03405   7.41619   1.53959   1.20041   1.45118   1.06329  
  2 1758.0606   2134.793695  x:  0.02407   0.16182   0.08325   0.18298   0.23171   0.12214   0.13350   0.13913   0.04779   0.10406   0.06743   0.04309   0.15148   0.09354   0.19830   0.12760   0.11600   0.04896   0.13317   0.04820   0.09131   0.09136   0.00000   7.41625   1.54188   1.19917   1.45053   1.06319  
  3 387.2206   2098.456668  x:  0.02082   0.09408   0.02591   0.19516   0.24110   0.13315   0.11230   0.17692   0.04804   0.05438   0.06677   0.00000   0.08187   0.05195   0.21335   0.15866   0.14053   0.03621   0.16813   0.04704   0.02912   0.10737   0.02762   7.41634   1.54576   1.19703   1.44960   1.06309  
  4 1520.5187   2089.846809  x:  0.02076   0.06817   0.00595   0.19947   0.23908   0.13645   0.10065   0.18874   0.04830   0.03726   0.06721   0.00837   0.05518   0.03752   0.21871   0.16788   0.14837   0.03097   0.17899   0.04697   0.00639   0.11128   0.03523   7.41637   1.54723   1.19620   1.44928   1.06306  
  5 1789.7788   2081.980378  x:  0.03544   0.03569   0.01981   0.20476   0.23866   0.13857   0.08915   0.19724   0.05015   0.02476   0.06890   0.01015   0.02025   0.02897   0.22425   0.17446   0.15330   0.03094   0.18678   0.05056   0.00000   0.11290   0.03772   7.41641   1.54914   1.19501   1.44909   1.06294  
  6 445.8287   2078.518285  x:  0.04162   0.01655   0.02162   0.20771   0.23859   0.13977   0.08269   0.20220   0.05124   0.01916   0.06981   0.01116   0.00000   0.02584   0.22737   0.17830   0.15614   0.03100   0.19143   0.05295   0.00653   0.11393   0.03899   7.41643   1.55028   1.19429   1.44900   1.06285  
  7 1473.7614   2078.518285  x:  0.04162   0.01655   0.02162   0.20771   0.23859   0.13977   0.08269   0.20220   0.05124   0.01916   0.06981   0.01116   0.00000   0.02584   0.22737   0.17830   0.15614   0.03100   0.19143   0.05295   0.00653   0.11393   0.03899   7.41643   1.55028   1.19429   1.44900   1.06285  
  8 189.2646   2072.893201  x:  0.04692   0.00000   0.02706   0.20847   0.22640   0.13732   0.07063   0.19831   0.05415   0.04908   0.07100   0.02304   0.01256   0.05863   0.22823   0.17324   0.15244   0.03458   0.18744   0.05454   0.02197   0.10635   0.00955   7.41645   1.55200   1.19289   1.44933   1.06272  
  9 245.6879   2071.872408  x:  0.04816   0.00000   0.02674   0.20892   0.22129   0.13658   0.06617   0.19677   0.05351   0.05069   0.07092   0.02048   0.00625   0.06297   0.22800   0.17120   0.15094   0.03510   0.18559   0.05457   0.01971   0.10382   0.00280   7.41646   1.55274   1.19236   1.44942   1.06274  
 10 153.0265   2070.846859  x:  0.04992   0.00000   0.02700   0.20944   0.21445   0.13561   0.06042   0.19474   0.05289   0.05374   0.07091   0.01830   0.00000   0.06922   0.22772   0.16848   0.14896   0.03582   0.18311   0.05494   0.01836   0.10068   0.00450   7.41647   1.55374   1.19164   1.44958   1.06277  
 11 243.9658   2069.715228  x:  0.05862   0.00000   0.04366   0.20870   0.18985   0.13405   0.05003   0.18838   0.04995   0.04795   0.07103   0.01640   0.00000   0.06888   0.22598   0.15983   0.14285   0.03521   0.17468   0.05604   0.01211   0.09430   0.00469   7.41649   1.55767   1.18844   1.45069   1.06298  
 12 85.3780   2068.702524  x:  0.05580   0.00000   0.03424   0.20795   0.16127   0.13389   0.04854   0.18207   0.04885   0.03645   0.07091   0.01370   0.00000   0.06010   0.22338   0.15113   0.13711   0.03567   0.16600   0.05708   0.01633   0.09080   0.00288   7.41650   1.56302   1.18405   1.45245   1.06326  
 13 71.1723   2068.551265  x:  0.05488   0.00000   0.03178   0.20802   0.15558   0.13432   0.05067   0.18104   0.04994   0.03721   0.07105   0.01610   0.00000   0.05849   0.22286   0.14989   0.13649   0.03588   0.16457   0.05609   0.01188   0.09137   0.00280   7.41649   1.56475   1.18264   1.45312   1.06335  
 14 48.8929   2068.496722  x:  0.05506   0.00000   0.03258   0.20846   0.15129   0.13521   0.05366   0.18054   0.05104   0.03964   0.07094   0.01391   0.00000   0.05796   0.22244   0.14967   0.13675   0.03602   0.16402   0.05529   0.01209   0.09294   0.00287   7.41648   1.56736   1.18051   1.45426   1.06345  
 15 19.6250   2068.465147  x:  0.05547   0.00000   0.03319   0.20923   0.14743   0.13607   0.05398   0.17991   0.05104   0.03982   0.07106   0.01560   0.00000   0.05877   0.22202   0.14971   0.13722   0.03602   0.16368   0.05527   0.01336   0.09396   0.00305   7.41646   1.57113   1.17754   1.45592   1.06359  
 16 15.5080   2068.397262  x:  0.05420   0.00000   0.03326   0.21126   0.14647   0.13883   0.05341   0.18026   0.04962   0.03794   0.07096   0.01496   0.00000   0.06096   0.22144   0.15287   0.14049   0.03545   0.16563   0.05639   0.01235   0.09677   0.00293   7.41638   1.58525   1.16681   1.46247   1.06401  
 17 13.1039   2068.328930  x:  0.05533   0.00000   0.03248   0.21223   0.14801   0.13924   0.05082   0.18060   0.05113   0.03957   0.07070   0.01501   0.00000   0.05770   0.22076   0.15394   0.14115   0.03596   0.16665   0.05551   0.01262   0.09388   0.00296   7.41629   1.60278   1.15465   1.47069   1.06444  
 18 22.4739   2068.294910  x:  0.05548   0.00000   0.03250   0.21133   0.15004   0.13714   0.05357   0.18072   0.05004   0.03896   0.07073   0.01514   0.00000   0.05888   0.22082   0.15192   0.13856   0.03533   0.16557   0.05510   0.01266   0.09161   0.00306   7.41624   1.61324   1.14929   1.47584   1.06455  
 19 15.3530   2068.282293  x:  0.05457   0.00000   0.03287   0.21006   0.15095   0.13547   0.05317   0.18058   0.05084   0.03886   0.07067   0.01514   0.00000   0.05899   0.22122   0.15052   0.13706   0.03647   0.16460   0.05576   0.01264   0.09343   0.00305   7.41623   1.61802   1.14886   1.47852   1.06445  
 20  8.1051   2068.274771  x:  0.05496   0.00000   0.03252   0.20898   0.15121   0.13492   0.05261   0.18045   0.05059   0.03920   0.07071   0.01511   0.00000   0.05878   0.22169   0.15021   0.13686   0.03500   0.16406   0.05540   0.01273   0.09466   0.00304   7.41623   1.62161   1.15073   1.48095   1.06420  
 21  5.3948   2068.241711  x:  0.05666   0.00000   0.03173   0.20520   0.15112   0.13515   0.05273   0.18002   0.04888   0.03918   0.07078   0.01507   0.00000   0.05873   0.22382   0.15089   0.13860   0.03691   0.16325   0.05421   0.01276   0.09497   0.00311   7.41621   1.63935   1.16465   1.49396   1.06273  
 22 10.0288   2068.192483  x:  0.05464   0.00000   0.03240   0.20281   0.15031   0.13638   0.05301   0.17967   0.05117   0.03890   0.07053   0.01502   0.00000   0.05910   0.22554   0.15164   0.14000   0.03561   0.16299   0.05615   0.01257   0.09244   0.00321   7.41618   1.66617   1.18709   1.51419   1.06047  
 23 37.2278   2068.153787  x:  0.05362   0.00000   0.03277   0.20860   0.15066   0.13676   0.05266   0.18037   0.05019   0.03905   0.07099   0.01508   0.00000   0.05846   0.22267   0.15067   0.13718   0.03573   0.16524   0.05466   0.01271   0.09313   0.00321   7.41615   1.68673   1.20586   1.53120   1.05886  
 24 19.3605   2068.148725  x:  0.05495   0.00000   0.03230   0.20971   0.15084   0.13641   0.05299   0.18054   0.05060   0.03885   0.07069   0.01507   0.00000   0.05848   0.22190   0.15065   0.13700   0.03576   0.16529   0.05564   0.01262   0.09345   0.00318   7.41614   1.68912   1.20823   1.53374   1.05877  
 25  9.1116   2068.145680  x:  0.05472   0.00000   0.03238   0.21038   0.15091   0.13495   0.05305   0.18054   0.05064   0.03878   0.07046   0.01507   0.00000   0.05849   0.22085   0.15118   0.13811   0.03575   0.16411   0.05539   0.01265   0.09337   0.00319   7.41611   1.68921   1.20902   1.53638   1.05923  
 26  1.6736   2068.140168  x:  0.05457   0.00000   0.03229   0.20993   0.15094   0.13524   0.05299   0.18031   0.05016   0.03916   0.07190   0.01499   0.00000   0.05825   0.22008   0.15104   0.13811   0.03579   0.16382   0.05609   0.01258   0.09328   0.00322   7.41602   1.68734   1.20923   1.54268   1.06089  
 27  1.7236   2068.131790  x:  0.05467   0.00000   0.03214   0.20909   0.15099   0.13625   0.05282   0.18005   0.05083   0.03868   0.07095   0.01495   0.00000   0.05869   0.21975   0.15069   0.13752   0.03578   0.16424   0.05527   0.01258   0.09334   0.00330   7.41586   1.68421   1.20935   1.55209   1.06352  
 28  8.6074   2068.129750  x:  0.05446   0.00000   0.03214   0.20925   0.15074   0.13598   0.05280   0.18017   0.05025   0.03900   0.07011   0.01502   0.00000   0.05840   0.22046   0.15073   0.13735   0.03577   0.16456   0.05569   0.01254   0.09328   0.00331   7.41582   1.68365   1.20933   1.55359   1.06410  
 29  2.2619   2068.124656  x:  0.05460   0.00000   0.03201   0.21041   0.15020   0.13468   0.05288   0.18084   0.05064   0.03866   0.07082   0.01494   0.00000   0.05831   0.22326   0.15110   0.13723   0.03573   0.16529   0.05547   0.01252   0.09327   0.00336   7.41572   1.68293   1.20923   1.55503   1.06528  
 30  1.5698   2068.079544  x:  0.05429   0.00000   0.03123   0.21485   0.15266   0.13848   0.05301   0.17934   0.05057   0.03830   0.07057   0.01487   0.00000   0.05724   0.22728   0.14944   0.13821   0.03588   0.15989   0.05557   0.01251   0.09386   0.00375   7.41494   1.68256   1.20871   1.55018   1.07294  
 31  0.7809   2067.928505  x:  0.05292   0.00000   0.02845   0.21110   0.15214   0.13525   0.05328   0.17979   0.05077   0.03675   0.07067   0.01425   0.00000   0.05571   0.21965   0.15158   0.13875   0.03557   0.16640   0.05600   0.01185   0.09444   0.00538   7.41233   1.68292   1.20706   1.52814   1.09596  
 32  5.4166   2067.920555  x:  0.05284   0.00000   0.02830   0.21068   0.15165   0.13593   0.05301   0.18333   0.05068   0.03671   0.07060   0.01426   0.00000   0.05569   0.21925   0.15296   0.13747   0.03569   0.16496   0.05601   0.01181   0.09443   0.00547   7.41230   1.68218   1.20634   1.52785   1.09146  
 33  1.8700   2067.889266  x:  0.05258   0.00000   0.02774   0.21130   0.15186   0.13556   0.05316   0.18177   0.05073   0.03640   0.07060   0.01412   0.00000   0.05523   0.21938   0.15161   0.13873   0.03566   0.16598   0.05613   0.01160   0.09454   0.00582   7.41242   1.67743   1.20187   1.52889   1.05986  
 34  3.3302   2067.888884  x:  0.05258   0.00000   0.02773   0.21132   0.15190   0.13553   0.05320   0.18124   0.05074   0.03640   0.07061   0.01411   0.00000   0.05523   0.21941   0.15229   0.13827   0.03568   0.16586   0.05613   0.01160   0.09454   0.00583   7.41243   1.67738   1.20182   1.52890   1.05950  
 35  0.7007   2067.851224  x:  0.05269   0.00000   0.02779   0.21291   0.15125   0.13554   0.05218   0.18055   0.05059   0.03864   0.07061   0.01406   0.00000   0.05861   0.22087   0.15145   0.13798   0.03605   0.16512   0.05573   0.01215   0.09360   0.00669   7.41356   1.67989   1.20318   1.53216   1.06077  
 36  0.0070   2067.842825  x:  0.05293   0.00000   0.02866   0.21264   0.15125   0.13580   0.05262   0.18052   0.05061   0.03805   0.07062   0.01424   0.00000   0.05760   0.22124   0.15132   0.13798   0.03597   0.16492   0.05550   0.01227   0.09358   0.00733   7.41760   1.68067   1.20362   1.53459   1.06302  
 37  0.0045   2067.841811  x:  0.05283   0.00000   0.02811   0.21261   0.15124   0.13581   0.05265   0.18051   0.05064   0.03797   0.07062   0.01420   0.00000   0.05751   0.22122   0.15130   0.13800   0.03595   0.16492   0.05550   0.01226   0.09356   0.00750   7.41673   1.68087   1.20374   1.53445   1.06384  
 38  0.0014   2067.841762  x:  0.05282   0.00000   0.02815   0.21259   0.15128   0.13577   0.05261   0.18053   0.05064   0.03801   0.07062   0.01419   0.00000   0.05757   0.22113   0.15135   0.13802   0.03595   0.16499   0.05552   0.01221   0.09357   0.00754   7.41621   1.68075   1.20365   1.53404   1.06354  
 39  0.0008   2067.841761  x:  0.05282   0.00000   0.02815   0.21259   0.15128   0.13577   0.05261   0.18054   0.05064   0.03801   0.07062   0.01419   0.00000   0.05757   0.22113   0.15135   0.13802   0.03595   0.16500   0.05552   0.01222   0.09358   0.00754   7.41618   1.68074   1.20365   1.53403   1.06353  
 40  0.0000   2067.841761  x:  0.05282   0.00000   0.02815   0.21259   0.15128   0.13577   0.05261   0.18054   0.05064   0.03801   0.07062   0.01419   0.00000   0.05757   0.22113   0.15135   0.13802   0.03595   0.16500   0.05552   0.01222   0.09357   0.00754   7.41617   1.68074   1.20365   1.53403   1.06353  
 41  0.0000   2067.841761  x:  0.05282   0.00000   0.02815   0.21259   0.15128   0.13577   0.05261   0.18054   0.05064   0.03801   0.07062   0.01419   0.00000   0.05757   0.22113   0.15135   0.13802   0.03595   0.16500   0.05552   0.01222   0.09357   0.00754   7.41617   1.68074   1.20365   1.53403   1.06353  