

TREE # 1

  0  0.0000   2423.668681  x:  0.33087   0.00000   0.08144   0.04990   0.04249   0.03831   0.02484   0.03795   0.04118   0.04701   0.00980   0.03798   0.06162   0.03859   0.05369   0.04582   0.04188   0.10843   0.02207   0.04627   0.00947   0.05888   0.03885   0.04595   0.01457   0.08259   0.02296   0.07462   0.05464   0.04071   0.06375   0.06623   0.04206   0.03523   0.03905   0.03305   0.02891   0.02959   0.10799   0.04347   0.07526   0.04433   0.07389   0.01618   0.02848   0.04113   0.09406   8.40433   0.86903   0.98929   1.04264   1.00000  
  1 99.0000   2423.666062  x:  0.33087   0.00000   0.08144   0.04990   0.04249   0.03831   0.02483   0.03795   0.04118   0.04701   0.00980   0.03798   0.06162   0.03859   0.05369   0.04582   0.04188   0.10843   0.02207   0.04627   0.00947   0.05888   0.03885   0.04595   0.01457   0.08259   0.02296   0.07462   0.05464   0.04071   0.06375   0.06623   0.04206   0.03523   0.03905   0.03305   0.02891   0.02959   0.10799   0.04347   0.07526   0.04433   0.07389   0.01618   0.02848   0.04112   0.09406   8.40433   0.86903   0.98929   1.04264   1.00000  
  2 699.8290   2402.456019  x:  0.33567   0.00000   0.08465   0.04035   0.04296   0.03385   0.02521   0.03766   0.03841   0.04239   0.00000   0.03155   0.06093   0.02934   0.04807   0.04225   0.04182   0.10328   0.02000   0.04498   0.01400   0.05082   0.03444   0.04251   0.00484   0.08641   0.01456   0.07304   0.05118   0.03369   0.05816   0.05935   0.03677   0.02545   0.03233   0.03372   0.02016   0.02393   0.10792   0.04417   0.07254   0.04094   0.06863   0.00637   0.02612   0.03613   0.09308   8.40384   0.87072   0.98894   1.04273   1.00119  
  3 2170.1640   2395.730825  x:  0.33689   0.00000   0.08309   0.03557   0.04318   0.03367   0.02639   0.03772   0.03854   0.04213   0.00000   0.02981   0.06149   0.02484   0.04664   0.04163   0.04161   0.10091   0.02136   0.04552   0.01281   0.04757   0.03421   0.04191   0.00000   0.08532   0.01092   0.07363   0.05101   0.03170   0.05676   0.05697   0.03635   0.02058   0.02974   0.03387   0.01579   0.02264   0.10756   0.04382   0.07125   0.04089   0.06725   0.00153   0.02718   0.03563   0.09308   8.40366   0.87132   0.98911   1.04277   1.00182  
  4 1577.1318   2394.107379  x:  0.33713   0.00000   0.08282   0.03407   0.04325   0.03378   0.02649   0.03768   0.03861   0.04227   0.00000   0.02944   0.06168   0.02343   0.04640   0.04186   0.04160   0.10031   0.02103   0.04566   0.01273   0.04671   0.03430   0.04209   0.00000   0.08515   0.00994   0.07387   0.05108   0.03133   0.05651   0.05641   0.03654   0.01904   0.02902   0.03407   0.01440   0.02247   0.10743   0.04389   0.07101   0.04101   0.06700   0.00000   0.02692   0.03566   0.09311   8.40361   0.87147   0.98920   1.04279   1.00201  
  5 3329.8966   2381.345281  x:  0.33868   0.00000   0.08356   0.01902   0.04342   0.03486   0.02554   0.03727   0.03883   0.04452   0.00000   0.02656   0.06312   0.00924   0.04513   0.04193   0.04181   0.09579   0.02149   0.04604   0.01413   0.03965   0.03533   0.04264   0.00000   0.08635   0.00163   0.07588   0.05185   0.02940   0.05526   0.05225   0.04047   0.00350   0.02220   0.03616   0.00000   0.02193   0.10619   0.04544   0.06993   0.04215   0.06552   0.00000   0.02748   0.03633   0.09340   8.40309   0.87272   0.99032   1.04298   1.00378  
  6 5376.5784   2379.092914  x:  0.33891   0.00000   0.08383   0.01569   0.04333   0.03487   0.02562   0.03736   0.03882   0.04496   0.00000   0.02590   0.06329   0.00605   0.04491   0.04195   0.04178   0.09508   0.02139   0.04598   0.01369   0.03850   0.03531   0.04241   0.00000   0.08672   0.00010   0.07607   0.05186   0.02921   0.05511   0.05164   0.04144   0.00000   0.02072   0.03631   0.00000   0.02179   0.10596   0.04549   0.06975   0.04215   0.06533   0.00000   0.02732   0.03634   0.09340   8.40297   0.87294   0.99058   1.04305   1.00414  
  7 7700.8880   2378.967141  x:  0.33893   0.00000   0.08382   0.01540   0.04333   0.03486   0.02563   0.03736   0.03882   0.04499   0.00000   0.02584   0.06330   0.00577   0.04489   0.04195   0.04178   0.09504   0.02138   0.04597   0.01371   0.03844   0.03530   0.04244   0.00000   0.08673   0.00000   0.07606   0.05185   0.02921   0.05510   0.05161   0.04148   0.00000   0.02071   0.03628   0.00000   0.02179   0.10594   0.04549   0.06974   0.04213   0.06533   0.00000   0.02732   0.03633   0.09340   8.40296   0.87296   0.99060   1.04306   1.00417  
  8 1989.5600   2376.709377  x:  0.33917   0.00000   0.08370   0.00954   0.04341   0.03466   0.02572   0.03733   0.03877   0.04556   0.00000   0.02461   0.06360   0.00000   0.04447   0.04213   0.04177   0.09429   0.02136   0.04597   0.01379   0.03742   0.03508   0.04252   0.00000   0.08676   0.00000   0.07594   0.05169   0.02904   0.05492   0.05109   0.04178   0.00000   0.02095   0.03624   0.00000   0.02171   0.10562   0.04575   0.06941   0.04191   0.06514   0.00000   0.02731   0.03615   0.09336   8.40276   0.87323   0.99108   1.04322   1.00470  
  9 18654.4057   2374.501591  x:  0.33956   0.00000   0.08396   0.00000   0.04352   0.03457   0.02562   0.03721   0.03867   0.04648   0.00000   0.02268   0.06421   0.00000   0.04382   0.04183   0.04180   0.09328   0.02115   0.04604   0.01374   0.03615   0.03498   0.04315   0.00000   0.08671   0.00000   0.07589   0.05159   0.02869   0.05459   0.05036   0.04157   0.00000   0.02106   0.03623   0.00000   0.02161   0.10553   0.04530   0.06906   0.04187   0.06481   0.00000   0.02729   0.03601   0.09333   8.40243   0.87360   0.99184   1.04345   1.00552  
 10 7431.8828   2364.125925  x:  0.35088   0.00000   0.09200   0.00000   0.04209   0.03908   0.03072   0.03979   0.03717   0.04648   0.00000   0.02638   0.06398   0.00000   0.02599   0.06347   0.04082   0.07033   0.02327   0.04752   0.02594   0.01334   0.03987   0.04061   0.00000   0.08486   0.00000   0.08193   0.05406   0.01465   0.04368   0.03219   0.01608   0.00000   0.00719   0.01342   0.00000   0.01835   0.11848   0.04003   0.06276   0.04859   0.05393   0.00000   0.02788   0.03721   0.09429   8.39207   0.88383   1.01273   1.04852   1.02807  
 11 198.0774   2359.485939  x:  0.35780   0.00000   0.09106   0.00000   0.03901   0.03853   0.04143   0.04468   0.03672   0.03795   0.00000   0.03997   0.05765   0.00000   0.01858   0.06364   0.03809   0.05844   0.02210   0.04628   0.03196   0.00601   0.03943   0.04964   0.00000   0.08378   0.00000   0.08461   0.05347   0.00888   0.03742   0.02314   0.01065   0.00000   0.00159   0.02220   0.00000   0.01421   0.12705   0.03789   0.05741   0.04871   0.04763   0.00000   0.02941   0.03559   0.09413   8.38623   0.89003   1.02306   1.05090   1.04024  
 12 293.2874   2358.017308  x:  0.36209   0.00000   0.09313   0.00000   0.03756   0.03917   0.04515   0.04667   0.03628   0.03341   0.00000   0.04706   0.05502   0.00000   0.01580   0.06271   0.03731   0.05166   0.02124   0.04565   0.03183   0.00233   0.04010   0.05237   0.00000   0.08532   0.00000   0.08771   0.05385   0.00565   0.03363   0.01723   0.01158   0.00000   0.00516   0.02381   0.00000   0.01159   0.13144   0.03612   0.05508   0.04995   0.04364   0.00000   0.02932   0.03534   0.09430   8.38358   0.89329   1.02721   1.05165   1.04578  
 13 628.2933   2356.574710  x:  0.36874   0.00000   0.09400   0.00000   0.03778   0.03967   0.04762   0.04703   0.03566   0.02820   0.00000   0.05231   0.05365   0.00000   0.01338   0.06150   0.03746   0.04176   0.02049   0.04587   0.03172   0.00862   0.04075   0.05538   0.00000   0.08685   0.00000   0.09204   0.05406   0.00412   0.02796   0.00937   0.01370   0.00000   0.00629   0.02424   0.00000   0.00850   0.13508   0.03709   0.05104   0.05133   0.03761   0.00000   0.02923   0.03439   0.09447   8.38048   0.89777   1.03145   1.05239   1.05248  
 14 453.4803   2355.146137  x:  0.37980   0.00000   0.09393   0.00000   0.04076   0.03936   0.04814   0.04462   0.03417   0.01962   0.00000   0.05848   0.05324   0.00000   0.01502   0.05817   0.03924   0.03021   0.01951   0.04709   0.02969   0.00820   0.04057   0.05881   0.00000   0.08859   0.00000   0.09800   0.05357   0.01367   0.02036   0.01024   0.01268   0.00000   0.00660   0.02341   0.00000   0.00696   0.13959   0.04034   0.04470   0.05262   0.02899   0.00000   0.02848   0.03169   0.09452   8.37637   0.90432   1.03536   1.05288   1.06086  
 15 255.4988   2353.887228  x:  0.39340   0.00000   0.09230   0.00000   0.04514   0.03734   0.04728   0.04007   0.03214   0.01487   0.00000   0.06470   0.05376   0.00000   0.02024   0.05426   0.04119   0.02442   0.01877   0.04847   0.02696   0.00836   0.03865   0.06183   0.00000   0.09063   0.00000   0.10375   0.05193   0.00690   0.01857   0.01762   0.01322   0.00000   0.00619   0.02166   0.00000   0.01203   0.14279   0.04453   0.03720   0.05211   0.02445   0.00000   0.02733   0.02767   0.09422   8.37185   0.91222   1.03784   1.05310   1.06969  
 16 165.3789   2352.209478  x:  0.42163   0.00000   0.08893   0.00000   0.05185   0.03136   0.04632   0.03194   0.02794   0.02035   0.00000   0.07771   0.05468   0.00000   0.02474   0.05100   0.04220   0.02690   0.01789   0.05022   0.02490   0.00772   0.03278   0.06536   0.00000   0.09358   0.00000   0.11331   0.04736   0.00771   0.02683   0.01259   0.00951   0.00000   0.00616   0.02030   0.00000   0.01131   0.14625   0.04657   0.02520   0.04817   0.02920   0.00000   0.02624   0.02067   0.09320   8.36293   0.92875   1.03957   1.05313   1.08642  
 17 127.4392   2350.302748  x:  0.46446   0.00000   0.08639   0.00000   0.05474   0.02255   0.04771   0.02934   0.02350   0.02215   0.00000   0.08647   0.05949   0.00000   0.01672   0.05582   0.03954   0.02767   0.01727   0.05196   0.03021   0.00964   0.02373   0.06729   0.00000   0.08907   0.00000   0.12169   0.04084   0.00942   0.02619   0.01918   0.01300   0.00000   0.00707   0.02209   0.00000   0.01254   0.14480   0.03900   0.03560   0.03927   0.03673   0.00000   0.02840   0.02158   0.09148   8.34810   0.95586   1.03934   1.05379   1.11330  
 18 115.7719   2348.856770  x:  0.49557   0.00000   0.08660   0.00000   0.04838   0.02360   0.05156   0.03884   0.02688   0.01938   0.00000   0.08496   0.05976   0.00000   0.02499   0.05591   0.03992   0.04027   0.02020   0.04959   0.03138   0.01007   0.02374   0.07125   0.00000   0.08443   0.00000   0.11769   0.03958   0.00945   0.02317   0.01717   0.00908   0.00000   0.00763   0.02199   0.00000   0.01317   0.13644   0.04515   0.04440   0.03115   0.03513   0.00000   0.02457   0.02772   0.09003   8.33237   0.98106   1.03770   1.05582   1.13962  
 19 104.5407   2348.029092  x:  0.50696   0.00000   0.08488   0.00000   0.04585   0.02663   0.05176   0.03963   0.03012   0.01645   0.00000   0.08249   0.05519   0.00000   0.02398   0.05689   0.04130   0.04645   0.01360   0.04700   0.03215   0.01037   0.02731   0.07056   0.00000   0.08365   0.00000   0.10687   0.04159   0.00960   0.02610   0.01853   0.00952   0.00000   0.00779   0.02181   0.00000   0.01147   0.13152   0.04613   0.04461   0.03236   0.03180   0.00000   0.03220   0.02568   0.08958   8.32094   0.99531   1.03581   1.05826   1.15616  
 20 90.4125   2346.867007  x:  0.51600   0.00000   0.08107   0.00000   0.04524   0.02983   0.05110   0.03735   0.03344   0.01552   0.00000   0.08019   0.04651   0.00000   0.01894   0.05941   0.04210   0.05069   0.01916   0.04376   0.03500   0.01096   0.03165   0.07273   0.00000   0.08398   0.00000   0.08471   0.04507   0.01019   0.02848   0.02174   0.01248   0.00000   0.00803   0.02230   0.00000   0.00926   0.12686   0.04340   0.04240   0.03798   0.02807   0.00000   0.02705   0.01938   0.08943   8.30210   1.01483   1.03239   1.06300   1.18100  
 21 137.4853   2345.449678  x:  0.51218   0.00000   0.07851   0.00000   0.04799   0.02687   0.05263   0.03630   0.03189   0.02085   0.00000   0.08279   0.04491   0.00000   0.02195   0.05978   0.03908   0.04359   0.01783   0.04344   0.03508   0.01087   0.02891   0.07331   0.00000   0.08657   0.00000   0.05608   0.04545   0.00994   0.02173   0.01992   0.01004   0.00000   0.00826   0.02222   0.00000   0.01213   0.12572   0.04640   0.04277   0.04192   0.03298   0.00000   0.02878   0.02041   0.08975   8.27608   1.03458   1.02787   1.07056   1.21106  
 22 97.3653   2343.813967  x:  0.49289   0.00000   0.08097   0.00000   0.05028   0.02196   0.05350   0.03568   0.02770   0.01147   0.00000   0.07982   0.05519   0.00000   0.02250   0.06249   0.04119   0.04030   0.01909   0.04697   0.03743   0.01023   0.02291   0.07364   0.00000   0.08355   0.00000   0.04301   0.04219   0.00904   0.02990   0.01918   0.01157   0.00000   0.00804   0.02234   0.00000   0.00678   0.12482   0.05060   0.03964   0.03839   0.03489   0.00000   0.02889   0.02361   0.08982   8.24110   1.05320   1.02292   1.08205   1.24705  
 23 101.3841   2340.330313  x:  0.44385   0.00000   0.08251   0.00000   0.05001   0.01445   0.06235   0.03907   0.02220   0.01831   0.00000   0.06924   0.05482   0.00000   0.01681   0.07051   0.04400   0.04016   0.01974   0.04692   0.04368   0.01110   0.01392   0.07267   0.00000   0.08544   0.00000   0.04945   0.03214   0.00982   0.02988   0.02100   0.00926   0.00000   0.00895   0.02439   0.00000   0.00996   0.12199   0.05785   0.03352   0.02175   0.02195   0.00000   0.03219   0.01432   0.08777   8.16235   1.08860   1.01190   1.10850   1.32317  
 24 201.3342   2338.826804  x:  0.42480   0.00000   0.07888   0.00000   0.05285   0.01342   0.06689   0.03379   0.02141   0.01202   0.00000   0.05631   0.04697   0.00000   0.01744   0.07326   0.04104   0.04073   0.02044   0.04340   0.04550   0.01096   0.01687   0.07213   0.00000   0.09225   0.00000   0.05933   0.02640   0.00893   0.02421   0.02174   0.00783   0.00000   0.00893   0.02431   0.00000   0.00701   0.11882   0.06170   0.03250   0.01774   0.03416   0.00000   0.03314   0.01222   0.08464   8.12297   1.10218   1.00721   1.12165   1.35751  
 25 197.3615   2338.117887  x:  0.42389   0.00000   0.07809   0.00000   0.05596   0.01265   0.07160   0.03034   0.01954   0.01032   0.00000   0.04877   0.04229   0.00000   0.01882   0.07490   0.03964   0.04238   0.02092   0.04059   0.04654   0.01067   0.01032   0.07079   0.00000   0.09425   0.00000   0.06308   0.02687   0.00910   0.02469   0.02028   0.00871   0.00000   0.00880   0.02462   0.00000   0.00801   0.11957   0.06362   0.03287   0.02344   0.03333   0.00000   0.03387   0.01719   0.08154   8.10240   1.10459   1.00533   1.12799   1.37061  
 26 88.8389   2336.158300  x:  0.43572   0.00000   0.08166   0.00000   0.06620   0.00999   0.08932   0.02594   0.01175   0.01359   0.00000   0.03278   0.04319   0.00000   0.02424   0.07963   0.03729   0.03921   0.02276   0.03583   0.04874   0.00980   0.01941   0.06563   0.00000   0.09820   0.00000   0.06609   0.02926   0.00845   0.02885   0.01935   0.01255   0.00000   0.00853   0.02649   0.00000   0.00419   0.12573   0.07248   0.03824   0.02620   0.02956   0.00000   0.03594   0.01793   0.07254   8.03760   1.10449   1.00076   1.14654   1.40360  
 27 130.5886   2334.106174  x:  0.45339   0.00000   0.08781   0.00000   0.07349   0.01986   0.10356   0.02510   0.01998   0.01218   0.00000   0.01740   0.04905   0.00000   0.02217   0.08325   0.03836   0.03296   0.02471   0.03550   0.04970   0.00859   0.01927   0.05973   0.00000   0.10571   0.00000   0.06760   0.03109   0.00977   0.03236   0.01455   0.01565   0.00000   0.00819   0.02832   0.00000   0.01208   0.13036   0.08106   0.03922   0.02373   0.03295   0.00000   0.03762   0.01318   0.06781   7.96241   1.10191   0.99688   1.16678   1.43891  
 28 337.2774   2331.621997  x:  0.47416   0.00000   0.09054   0.00000   0.06808   0.02085   0.10301   0.03064   0.02666   0.01857   0.00000   0.00786   0.05057   0.00000   0.01640   0.08447   0.04455   0.02691   0.02610   0.04095   0.04862   0.00835   0.01672   0.05403   0.00000   0.11454   0.00000   0.07049   0.03454   0.00790   0.02891   0.01997   0.01734   0.00000   0.00784   0.02900   0.00000   0.00317   0.12212   0.08991   0.02970   0.02338   0.03746   0.00000   0.03920   0.01988   0.07555   7.88240   1.09634   0.99611   1.18597   1.47294  
 29 237.6657   2329.564793  x:  0.49151   0.00000   0.09000   0.00000   0.05644   0.01225   0.09194   0.03074   0.02245   0.01610   0.00000   0.00373   0.05203   0.00000   0.01189   0.08399   0.04539   0.02383   0.02719   0.04360   0.04531   0.00652   0.02090   0.04880   0.00000   0.11579   0.00000   0.07254   0.03464   0.00865   0.02618   0.01425   0.01952   0.00000   0.00686   0.02850   0.00000   0.01094   0.10287   0.09290   0.02447   0.02494   0.03847   0.00000   0.04003   0.02103   0.08383   7.81068   1.09028   0.99750   1.20187   1.50173  
 30 292.2812   2327.942243  x:  0.50292   0.00000   0.08853   0.00000   0.05103   0.01555   0.07781   0.02588   0.02077   0.01654   0.00000   0.00669   0.05486   0.00000   0.01458   0.08276   0.04287   0.02024   0.02778   0.04112   0.04191   0.00464   0.01743   0.04476   0.00000   0.11368   0.00000   0.07401   0.03144   0.00701   0.02296   0.01044   0.02111   0.00000   0.00569   0.02733   0.00000   0.00795   0.07911   0.09296   0.02811   0.02466   0.03557   0.00000   0.04069   0.01681   0.08496   7.75290   1.08541   0.99926   1.21504   1.52478  
 31 333.1043   2327.560642  x:  0.50533   0.00000   0.08727   0.00000   0.05468   0.01621   0.06713   0.03238   0.02127   0.01621   0.00000   0.00611   0.05342   0.00000   0.01427   0.08266   0.03527   0.01862   0.02786   0.03853   0.04068   0.00433   0.01767   0.04322   0.00000   0.11149   0.00000   0.07436   0.02998   0.00685   0.02393   0.00999   0.02167   0.00000   0.00548   0.02717   0.00000   0.00767   0.07837   0.09289   0.02608   0.02310   0.03433   0.00000   0.04096   0.01789   0.08088   7.73565   1.08621   1.00306   1.21600   1.53108  
 32 55.0670   2327.222360  x:  0.50537   0.00000   0.08583   0.00000   0.05493   0.01276   0.05895   0.03239   0.02511   0.01633   0.00000   0.00609   0.05218   0.00000   0.01469   0.08232   0.03970   0.01937   0.02788   0.03715   0.03923   0.00361   0.01750   0.04147   0.00000   0.10783   0.00000   0.07411   0.03059   0.00632   0.02171   0.00845   0.02287   0.00000   0.00506   0.02698   0.00000   0.00688   0.08241   0.09271   0.02766   0.02209   0.03430   0.00000   0.04115   0.01763   0.07355   7.71553   1.09011   1.01087   1.21461   1.53834  
 33 39.1071   2326.356524  x:  0.50487   0.00000   0.08546   0.00000   0.04792   0.01872   0.05210   0.02898   0.01895   0.01687   0.00000   0.00445   0.05376   0.00000   0.01042   0.08068   0.03989   0.01961   0.02823   0.03847   0.03477   0.00375   0.01645   0.03840   0.00000   0.10611   0.00000   0.07423   0.02904   0.00585   0.02095   0.00961   0.01996   0.00000   0.00511   0.02726   0.00000   0.00600   0.08724   0.09629   0.02912   0.02497   0.03433   0.00000   0.04056   0.01658   0.06341   7.65720   1.10541   1.03616   1.20864   1.56007  
 34 70.6615   2325.083792  x:  0.50300   0.00000   0.08963   0.00000   0.05315   0.01633   0.04974   0.02371   0.02407   0.01537   0.00000   0.00224   0.05623   0.00000   0.01390   0.08268   0.03609   0.01861   0.02911   0.03963   0.03231   0.00460   0.01709   0.03334   0.00000   0.10958   0.00000   0.07568   0.03049   0.00518   0.02232   0.01023   0.01358   0.00000   0.00564   0.02954   0.00000   0.00515   0.08445   0.08994   0.03086   0.02737   0.02922   0.00000   0.04079   0.01632   0.06682   7.56918   1.12869   1.07288   1.20202   1.59307  
 35 165.1783   2324.574656  x:  0.50169   0.00000   0.09150   0.00000   0.06127   0.01618   0.04968   0.02266   0.02441   0.01463   0.00000   0.00375   0.05884   0.00000   0.01018   0.08151   0.03783   0.02136   0.02918   0.03796   0.02987   0.00463   0.01877   0.03189   0.00000   0.11188   0.00000   0.07591   0.03097   0.00493   0.02081   0.01036   0.01100   0.00000   0.00568   0.02988   0.00000   0.00589   0.08028   0.08872   0.03072   0.02813   0.02732   0.00000   0.04051   0.01899   0.06705   7.52961   1.13865   1.08746   1.20151   1.60828  
 36 307.4911   2324.217036  x:  0.50165   0.00000   0.09197   0.00000   0.06706   0.01884   0.04861   0.02698   0.01914   0.01367   0.00000   0.00328   0.05811   0.00000   0.01191   0.08240   0.04354   0.02206   0.02931   0.03753   0.02992   0.00463   0.01820   0.03038   0.00000   0.11161   0.00000   0.07611   0.03134   0.00481   0.01925   0.00968   0.01074   0.00000   0.00570   0.03065   0.00000   0.00652   0.07921   0.08517   0.03019   0.02900   0.02844   0.00000   0.04111   0.01745   0.07026   7.49986   1.14461   1.09554   1.20409   1.61910  
 37 116.1946   2322.288871  x:  0.50587   0.00000   0.10075   0.00000   0.06613   0.02127   0.03725   0.02349   0.01653   0.01419   0.00000   0.00404   0.04377   0.00000   0.01065   0.07698   0.04497   0.01412   0.02993   0.03929   0.02274   0.00441   0.01855   0.02823   0.00000   0.10529   0.00000   0.07663   0.03074   0.00465   0.02590   0.00873   0.00815   0.00000   0.00546   0.03021   0.00000   0.00813   0.08966   0.08738   0.03472   0.02219   0.02895   0.00000   0.04066   0.02112   0.08515   7.32025   1.16374   1.11388   1.25176   1.67914  
 38 65.0618   2319.331544  x:  0.51258   0.00000   0.11241   0.00000   0.05620   0.01808   0.02267   0.02484   0.01841   0.01371   0.00000   0.00650   0.04869   0.00000   0.01438   0.07571   0.03376   0.02076   0.03068   0.04463   0.01867   0.00469   0.01762   0.02417   0.00000   0.10394   0.00000   0.07835   0.03018   0.00470   0.01743   0.00958   0.01092   0.00000   0.00526   0.03132   0.00000   0.00707   0.10699   0.08445   0.02790   0.03014   0.03007   0.00000   0.04313   0.01404   0.09435   7.03799   1.18927   1.14083   1.32743   1.77008  
 39 560.8973   2317.785041  x:  0.51693   0.00000   0.11070   0.00000   0.04565   0.01398   0.01807   0.03226   0.02047   0.01320   0.00000   0.00823   0.05353   0.00000   0.01783   0.07589   0.03590   0.01157   0.03212   0.04136   0.01806   0.00613   0.01849   0.02286   0.00000   0.11659   0.00000   0.08051   0.03070   0.00523   0.02375   0.01141   0.00543   0.00000   0.00600   0.03256   0.00000   0.00888   0.10740   0.07707   0.02538   0.03551   0.03043   0.00000   0.04366   0.01412   0.08538   6.88803   1.19910   1.15669   1.36228   1.81288  
 40 403.2371   2316.834991  x:  0.52037   0.00000   0.11256   0.00000   0.04101   0.01694   0.01820   0.02830   0.01836   0.01281   0.00000   0.00876   0.05219   0.00000   0.02247   0.07877   0.03621   0.01027   0.03288   0.04517   0.02054   0.00672   0.02022   0.02150   0.00000   0.12267   0.00000   0.07701   0.02914   0.00595   0.02215   0.01133   0.00633   0.00000   0.00622   0.03390   0.00000   0.01108   0.10674   0.06707   0.01631   0.02629   0.02820   0.00000   0.04514   0.02212   0.07707   6.78668   1.19883   1.17304   1.37185   1.82973  
 41 174.8737   2311.773564  x:  0.53501   0.00000   0.14626   0.00000   0.03864   0.00951   0.02902   0.03384   0.01634   0.01333   0.00000   0.01049   0.03525   0.00000   0.02469   0.07500   0.03259   0.00283   0.03383   0.06234   0.01956   0.00836   0.01500   0.02405   0.00000   0.12357   0.00000   0.07102   0.04253   0.00703   0.02348   0.01511   0.00673   0.00000   0.00682   0.03443   0.00000   0.01300   0.08804   0.06544   0.00531   0.02130   0.03726   0.00000   0.04813   0.01465   0.05404   6.24533   1.17578   1.27970   1.37051   1.87712  
 42 242.7156   2303.278552  x:  0.55549   0.00000   0.15643   0.00000   0.02996   0.00645   0.03473   0.03705   0.01888   0.01583   0.00000   0.01081   0.03545   0.00000   0.02470   0.06849   0.03591   0.00284   0.03585   0.03812   0.01755   0.00845   0.01326   0.02709   0.00000   0.14138   0.00000   0.05806   0.01215   0.00789   0.02593   0.01649   0.01249   0.00000   0.00647   0.03290   0.00000   0.01219   0.09663   0.06724   0.00501   0.02096   0.03672   0.00000   0.05164   0.01361   0.06926   5.45403   1.14277   1.42891   1.34795   1.92661  
 43 873.7131   2301.015085  x:  0.56093   0.00000   0.15272   0.00000   0.02636   0.00616   0.03373   0.03611   0.01513   0.01488   0.00000   0.01066   0.03972   0.00000   0.02362   0.06558   0.03354   0.00486   0.03638   0.02595   0.01619   0.00818   0.00923   0.02827   0.00000   0.15204   0.00000   0.05475   0.02302   0.00795   0.02555   0.01624   0.01393   0.00000   0.00615   0.03168   0.00000   0.01124   0.10222   0.06809   0.00734   0.01252   0.03636   0.00000   0.05246   0.01194   0.07737   5.19388   1.13425   1.47297   1.33893   1.93970  
 44 1618.9247   2299.439226  x:  0.56186   0.00000   0.14310   0.00000   0.02972   0.00554   0.02943   0.03963   0.01322   0.01282   0.00000   0.01056   0.03809   0.00000   0.02238   0.06073   0.03170   0.01109   0.03607   0.04558   0.01349   0.00679   0.00834   0.02993   0.00000   0.17081   0.00000   0.05214   0.02317   0.00748   0.02762   0.01318   0.01587   0.00000   0.00520   0.02928   0.00000   0.00965   0.10584   0.06822   0.02009   0.01004   0.03060   0.00000   0.05255   0.01029   0.07920   4.98441   1.13932   1.48215   1.32764   1.93570  
 45 291.5997   2285.180998  x:  0.56275   0.00000   0.16706   0.00000   0.02201   0.00404   0.02916   0.04224   0.01340   0.01461   0.00000   0.01107   0.03710   0.00000   0.02347   0.05261   0.03063   0.00000   0.03735   0.04219   0.01084   0.00675   0.00813   0.02874   0.00000   0.17976   0.00000   0.05234   0.02219   0.00761   0.02632   0.01345   0.01733   0.00000   0.00465   0.02854   0.00000   0.01062   0.10075   0.06014   0.00765   0.00905   0.03341   0.00000   0.05413   0.01203   0.07285   4.01763   1.21838   1.41083   1.26008   1.85756  
 46 295.1570   2271.474857  x:  0.60544   0.00000   0.18212   0.00000   0.02949   0.00437   0.02391   0.03822   0.00984   0.01245   0.00000   0.00860   0.03391   0.00000   0.02110   0.04659   0.03304   0.00000   0.03719   0.03236   0.00869   0.00762   0.00407   0.02981   0.00000   0.18328   0.00000   0.04046   0.01608   0.00650   0.02130   0.01521   0.00952   0.00000   0.00498   0.02885   0.00000   0.00957   0.09798   0.04928   0.00171   0.00281   0.02785   0.00000   0.05407   0.01055   0.06079   2.61902   1.11298   1.28297   1.30973   1.69969  
 47 222.1284   2266.390038  x:  0.60834   0.00000   0.18476   0.00000   0.03055   0.00560   0.01975   0.03861   0.00960   0.01205   0.00000   0.00784   0.03307   0.00000   0.02003   0.04281   0.03395   0.00000   0.03732   0.03064   0.00900   0.00733   0.00517   0.03292   0.00000   0.18764   0.00000   0.03905   0.01658   0.00652   0.02072   0.01444   0.00831   0.00000   0.00481   0.02823   0.00000   0.00905   0.09790   0.04756   0.00543   0.00801   0.02569   0.00000   0.05420   0.01004   0.05976   1.96788   1.11364   1.25730   1.31952   1.64873  
 48 21.2747   2253.359865  x:  0.64174   0.00000   0.19721   0.00000   0.03736   0.00870   0.01463   0.03634   0.00982   0.01121   0.00000   0.00569   0.03584   0.00000   0.01687   0.04600   0.03635   0.00000   0.03721   0.02538   0.01186   0.00655   0.00714   0.04027   0.00000   0.19542   0.00000   0.03650   0.01630   0.00570   0.01676   0.01289   0.00438   0.00000   0.00473   0.02938   0.00000   0.00673   0.09790   0.04539   0.00190   0.01074   0.02102   0.00000   0.05426   0.00963   0.05707   2.21228   1.19943   1.08121   1.30235   0.98756  
 49  3.4738   2250.083885  x:  0.64282   0.00000   0.20126   0.00000   0.03844   0.00987   0.01495   0.03662   0.01240   0.01214   0.00000   0.00569   0.03734   0.00000   0.01678   0.04954   0.03733   0.00000   0.03489   0.02740   0.00569   0.00673   0.00917   0.03998   0.00000   0.19501   0.00000   0.03930   0.01794   0.00579   0.01681   0.01312   0.00469   0.00000   0.00492   0.03093   0.00000   0.00668   0.10002   0.04337   0.00034   0.01121   0.02139   0.00000   0.05035   0.01090   0.05757   2.21461   1.07059   0.89416   1.09519   1.07736  
 50  5.9708   2248.434497  x:  0.63796   0.00000   0.19953   0.00000   0.04036   0.01060   0.01612   0.03672   0.01464   0.01290   0.00000   0.00547   0.03941   0.00000   0.01644   0.05180   0.03863   0.00000   0.03284   0.02811   0.00199   0.00673   0.01022   0.04100   0.00000   0.19468   0.00000   0.04184   0.01847   0.00588   0.01725   0.01315   0.00622   0.00000   0.00498   0.03151   0.00000   0.00636   0.10097   0.04455   0.00481   0.00981   0.02155   0.00000   0.04705   0.01211   0.05930   2.18120   1.06921   0.86070   1.06786   1.04612  
 51  2.4639   2245.828612  x:  0.62623   0.00000   0.19892   0.00000   0.04307   0.01193   0.01589   0.03686   0.01903   0.01524   0.00000   0.00602   0.04461   0.00000   0.01726   0.06006   0.04056   0.00000   0.03171   0.03201   0.00972   0.00668   0.01253   0.04520   0.00000   0.19355   0.00000   0.04914   0.02105   0.00630   0.01853   0.01322   0.01023   0.00000   0.00538   0.03401   0.00000   0.00671   0.10218   0.04988   0.00676   0.00760   0.02451   0.00000   0.04529   0.01486   0.06494   1.99942   1.10313   0.86312   1.02074   0.97306  
 52  5.5596   2244.277567  x:  0.61718   0.00000   0.19881   0.00000   0.04416   0.01222   0.02344   0.03634   0.02026   0.01643   0.00000   0.00650   0.05003   0.00000   0.01792   0.06587   0.04106   0.00000   0.02899   0.03396   0.00622   0.00664   0.01322   0.04825   0.00000   0.19536   0.00000   0.05311   0.02308   0.00658   0.01856   0.01294   0.01232   0.00000   0.00550   0.03523   0.00000   0.00731   0.10418   0.05158   0.00304   0.00826   0.02661   0.00000   0.04077   0.01605   0.06867   1.92751   1.17956   0.95944   1.12082   0.92568  
 53  2.1550   2241.466280  x:  0.59548   0.00000   0.20305   0.00000   0.04599   0.01090   0.01445   0.03328   0.02148   0.01873   0.00000   0.00558   0.05636   0.00000   0.01641   0.07510   0.04525   0.00000   0.02559   0.03447   0.00753   0.00693   0.01352   0.06148   0.00000   0.19500   0.00000   0.05793   0.02581   0.00658   0.01654   0.01303   0.01218   0.00000   0.00608   0.03757   0.00000   0.00811   0.10161   0.05357   0.00354   0.01061   0.02773   0.00000   0.03573   0.01872   0.07153   2.17359   1.11909   0.97772   1.16696   1.08171  
 54  1.1177   2240.381454  x:  0.60379   0.00000   0.20297   0.00000   0.04453   0.00916   0.02397   0.03076   0.01928   0.01877   0.00000   0.00568   0.05841   0.00000   0.01506   0.08237   0.04528   0.00000   0.02328   0.03625   0.00851   0.00707   0.01111   0.06273   0.00000   0.19609   0.00000   0.05571   0.02603   0.00646   0.01662   0.01267   0.01039   0.00000   0.00661   0.04008   0.00000   0.00735   0.10690   0.05649   0.00415   0.01271   0.02654   0.00000   0.03322   0.01538   0.07556   2.20299   1.03593   0.92724   1.12968   1.02878  
 55  0.5593   2239.517245  x:  0.59788   0.00000   0.20533   0.00000   0.04488   0.01117   0.01877   0.03002   0.01772   0.01964   0.00000   0.00584   0.05552   0.00000   0.01388   0.08607   0.04667   0.00000   0.02255   0.03382   0.00654   0.00682   0.01058   0.06797   0.00000   0.20150   0.00000   0.05338   0.02647   0.00677   0.01999   0.01249   0.01208   0.00000   0.00682   0.04208   0.00000   0.00641   0.10624   0.06199   0.00271   0.01400   0.02653   0.00000   0.03414   0.01240   0.08027   2.16286   1.00554   0.93773   1.07241   0.97220  
 56  0.2466   2238.862204  x:  0.58368   0.00000   0.21332   0.00000   0.04609   0.01492   0.02326   0.03061   0.01739   0.01935   0.00000   0.00565   0.05316   0.00000   0.01366   0.08599   0.04704   0.00000   0.02297   0.02968   0.00664   0.00606   0.01294   0.07656   0.00000   0.21700   0.00000   0.05280   0.02682   0.00639   0.02088   0.01185   0.01290   0.00000   0.00651   0.04231   0.00000   0.00595   0.10997   0.06001   0.00212   0.01467   0.02380   0.00000   0.03807   0.01233   0.08233   2.11508   1.02173   0.92950   1.09608   1.00697  
 57  0.1193   2238.619187  x:  0.58572   0.00000   0.21637   0.00000   0.04801   0.01335   0.02035   0.03061   0.01839   0.01911   0.00000   0.00577   0.05221   0.00000   0.01356   0.08761   0.04722   0.00000   0.02242   0.03110   0.00613   0.00638   0.01311   0.08161   0.00000   0.22069   0.00000   0.05283   0.02727   0.00610   0.01924   0.01293   0.01272   0.00000   0.00676   0.04383   0.00000   0.00648   0.10863   0.05991   0.00158   0.01577   0.02560   0.00000   0.03916   0.01304   0.08035   2.05185   1.02165   0.91597   1.11028   0.97038  
 58  0.1057   2238.502590  x:  0.58805   0.00000   0.21742   0.00000   0.04990   0.01327   0.02147   0.03046   0.01774   0.01867   0.00000   0.00635   0.05265   0.00000   0.01438   0.08917   0.04629   0.00000   0.02176   0.03273   0.00598   0.00654   0.01229   0.08534   0.00000   0.22280   0.00000   0.05334   0.02683   0.00651   0.01852   0.01297   0.01201   0.00000   0.00692   0.04505   0.00000   0.00673   0.10895   0.05887   0.00157   0.01695   0.02662   0.00000   0.03937   0.01298   0.07903   2.06966   1.03334   0.93036   1.10056   0.99084  
 59  0.0484   2238.444897  x:  0.59296   0.00000   0.21610   0.00000   0.04949   0.01254   0.02108   0.03092   0.01797   0.01791   0.00000   0.00645   0.05186   0.00000   0.01378   0.08907   0.04594   0.00000   0.02099   0.03282   0.00625   0.00644   0.01258   0.08799   0.00000   0.22394   0.00000   0.05363   0.02636   0.00656   0.02003   0.01296   0.01234   0.00000   0.00681   0.04552   0.00000   0.00620   0.10732   0.05954   0.00153   0.01788   0.02544   0.00000   0.03878   0.01262   0.07772   2.09265   1.03178   0.93202   1.10862   0.99206  
 60  0.0264   2238.421168  x:  0.59412   0.00000   0.21491   0.00000   0.04854   0.01270   0.02148   0.03040   0.01741   0.01820   0.00000   0.00640   0.05169   0.00000   0.01337   0.08761   0.04547   0.00000   0.02105   0.03233   0.00628   0.00635   0.01293   0.08978   0.00000   0.22319   0.00000   0.05296   0.02592   0.00638   0.01918   0.01290   0.01204   0.00000   0.00665   0.04558   0.00000   0.00641   0.10687   0.06072   0.00141   0.01844   0.02562   0.00000   0.03875   0.01314   0.07805   2.08960   1.02783   0.93166   1.10625   0.99277  
 61  0.0052   2238.410110  x:  0.59292   0.00000   0.21392   0.00000   0.04830   0.01274   0.02156   0.03035   0.01759   0.01851   0.00000   0.00646   0.05170   0.00000   0.01346   0.08651   0.04572   0.00000   0.02107   0.03198   0.00631   0.00637   0.01253   0.09044   0.00000   0.22204   0.00000   0.05292   0.02581   0.00644   0.01920   0.01293   0.01222   0.00000   0.00652   0.04551   0.00000   0.00640   0.10673   0.05993   0.00125   0.01895   0.02577   0.00000   0.03855   0.01262   0.07829   2.08798   1.03215   0.92961   1.10748   0.99158  
 62  0.0064   2238.406455  x:  0.59301   0.00000   0.21321   0.00000   0.04822   0.01265   0.02142   0.03050   0.01780   0.01843   0.00000   0.00649   0.05180   0.00000   0.01366   0.08610   0.04585   0.00000   0.02114   0.03227   0.00631   0.00637   0.01273   0.09060   0.00000   0.22110   0.00000   0.05305   0.02597   0.00649   0.01939   0.01287   0.01206   0.00000   0.00646   0.04546   0.00000   0.00640   0.10711   0.05938   0.00123   0.01909   0.02558   0.00000   0.03857   0.01278   0.07842   2.08114   1.03084   0.93069   1.10669   0.99168  
 63  0.0081   2238.405176  x:  0.59314   0.00000   0.21320   0.00000   0.04841   0.01270   0.02143   0.03080   0.01776   0.01846   0.00000   0.00646   0.05194   0.00000   0.01360   0.08596   0.04597   0.00000   0.02118   0.03234   0.00635   0.00638   0.01276   0.09040   0.00000   0.22059   0.00000   0.05310   0.02611   0.00651   0.01944   0.01289   0.01212   0.00000   0.00642   0.04538   0.00000   0.00642   0.10725   0.05957   0.00125   0.01927   0.02581   0.00000   0.03868   0.01285   0.07823   2.08552   1.03069   0.93072   1.10670   0.99141  
 64  0.0033   2238.404191  x:  0.59315   0.00000   0.21309   0.00000   0.04844   0.01277   0.02134   0.03081   0.01777   0.01845   0.00000   0.00643   0.05186   0.00000   0.01358   0.08634   0.04594   0.00000   0.02107   0.03234   0.00637   0.00639   0.01282   0.09016   0.00000   0.22016   0.00000   0.05306   0.02620   0.00648   0.01930   0.01288   0.01209   0.00000   0.00639   0.04535   0.00000   0.00640   0.10733   0.05970   0.00132   0.01945   0.02570   0.00000   0.03860   0.01270   0.07826   2.08255   1.03075   0.93070   1.10663   0.99180  
 65  0.0021   2238.403571  x:  0.59302   0.00000   0.21324   0.00000   0.04849   0.01283   0.02136   0.03065   0.01778   0.01842   0.00000   0.00641   0.05190   0.00000   0.01366   0.08650   0.04586   0.00000   0.02118   0.03223   0.00635   0.00639   0.01279   0.08995   0.00000   0.22022   0.00000   0.05310   0.02615   0.00647   0.01937   0.01284   0.01208   0.00000   0.00638   0.04531   0.00000   0.00641   0.10723   0.05966   0.00135   0.01964   0.02562   0.00000   0.03868   0.01283   0.07825   2.08254   1.03103   0.93058   1.10668   0.99093  
 66  0.0007   2238.403317  x:  0.59289   0.00000   0.21327   0.00000   0.04843   0.01279   0.02139   0.03063   0.01777   0.01841   0.00000   0.00641   0.05188   0.00000   0.01363   0.08648   0.04587   0.00000   0.02127   0.03229   0.00633   0.00640   0.01284   0.08978   0.00000   0.22042   0.00000   0.05304   0.02610   0.00650   0.01938   0.01288   0.01210   0.00000   0.00639   0.04531   0.00000   0.00640   0.10716   0.05962   0.00137   0.01973   0.02571   0.00000   0.03870   0.01278   0.07833   2.08195   1.03080   0.93067   1.10665   0.99146  
 67  0.0006   2238.403248  x:  0.59276   0.00000   0.21322   0.00000   0.04837   0.01277   0.02138   0.03067   0.01776   0.01842   0.00000   0.00642   0.05188   0.00000   0.01362   0.08643   0.04588   0.00000   0.02127   0.03232   0.00632   0.00640   0.01283   0.08971   0.00000   0.22052   0.00000   0.05310   0.02609   0.00648   0.01937   0.01289   0.01210   0.00000   0.00641   0.04530   0.00000   0.00641   0.10721   0.05960   0.00139   0.01976   0.02568   0.00000   0.03864   0.01280   0.07832   2.08223   1.03088   0.93062   1.10651   0.99130  
 68  0.0003   2238.403235  x:  0.59274   0.00000   0.21323   0.00000   0.04838   0.01277   0.02137   0.03067   0.01778   0.01843   0.00000   0.00642   0.05188   0.00000   0.01362   0.08639   0.04589   0.00000   0.02128   0.03229   0.00633   0.00640   0.01283   0.08969   0.00000   0.22054   0.00000   0.05309   0.02609   0.00649   0.01936   0.01288   0.01209   0.00000   0.00641   0.04531   0.00000   0.00641   0.10722   0.05962   0.00140   0.01976   0.02568   0.00000   0.03863   0.01280   0.07830   2.08211   1.03084   0.93062   1.10646   0.99126  
 69  0.0002   2238.403231  x:  0.59276   0.00000   0.21323   0.00000   0.04837   0.01277   0.02137   0.03067   0.01778   0.01843   0.00000   0.00642   0.05189   0.00000   0.01363   0.08637   0.04589   0.00000   0.02128   0.03229   0.00633   0.00640   0.01283   0.08969   0.00000   0.22053   0.00000   0.05309   0.02610   0.00649   0.01937   0.01288   0.01209   0.00000   0.00642   0.04532   0.00000   0.00641   0.10722   0.05963   0.00141   0.01976   0.02568   0.00000   0.03864   0.01279   0.07830   2.08201   1.03085   0.93062   1.10648   0.99128  
 70  0.0001   2238.403230  x:  0.59277   0.00000   0.21323   0.00000   0.04838   0.01277   0.02137   0.03067   0.01777   0.01843   0.00000   0.00642   0.05189   0.00000   0.01363   0.08637   0.04589   0.00000   0.02128   0.03229   0.00632   0.00639   0.01283   0.08969   0.00000   0.22053   0.00000   0.05309   0.02610   0.00649   0.01937   0.01288   0.01209   0.00000   0.00642   0.04532   0.00000   0.00640   0.10722   0.05962   0.00141   0.01976   0.02568   0.00000   0.03864   0.01279   0.07831   2.08202   1.03087   0.93064   1.10648   0.99124  
 71  0.0000   2238.403229  x:  0.59277   0.00000   0.21323   0.00000   0.04838   0.01277   0.02137   0.03067   0.01777   0.01843   0.00000   0.00642   0.05189   0.00000   0.01363   0.08637   0.04589   0.00000   0.02128   0.03229   0.00632   0.00639   0.01283   0.08969   0.00000   0.22052   0.00000   0.05309   0.02610   0.00649   0.01937   0.01288   0.01209   0.00000   0.00642   0.04532   0.00000   0.00641   0.10721   0.05962   0.00141   0.01976   0.02568   0.00000   0.03864   0.01279   0.07831   2.08199   1.03086   0.93063   1.10648   0.99126  
 72  0.0000   2238.403229  x:  0.59277   0.00000   0.21323   0.00000   0.04838   0.01277   0.02137   0.03067   0.01778   0.01843   0.00000   0.00642   0.05189   0.00000   0.01363   0.08637   0.04589   0.00000   0.02128   0.03229   0.00632   0.00639   0.01283   0.08969   0.00000   0.22051   0.00000   0.05309   0.02610   0.00649   0.01937   0.01288   0.01209   0.00000   0.00642   0.04532   0.00000   0.00641   0.10722   0.05962   0.00141   0.01976   0.02568   0.00000   0.03864   0.01279   0.07830   2.08201   1.03085   0.93063   1.10647   0.99125  
 73  0.0000   2238.403229  x:  0.59277   0.00000   0.21322   0.00000   0.04838   0.01277   0.02137   0.03067   0.01777   0.01843   0.00000   0.00642   0.05189   0.00000   0.01363   0.08637   0.04589   0.00000   0.02128   0.03229   0.00632   0.00639   0.01283   0.08969   0.00000   0.22051   0.00000   0.05309   0.02610   0.00649   0.01937   0.01288   0.01209   0.00000   0.00643   0.04532   0.00000   0.00641   0.10722   0.05962   0.00141   0.01976   0.02568   0.00000   0.03864   0.01279   0.07830   2.08200   1.03085   0.93062   1.10647   0.99125  
 74  0.0000   2238.403229  x:  0.59276   0.00000   0.21322   0.00000   0.04838   0.01277   0.02137   0.03067   0.01777   0.01843   0.00000   0.00642   0.05189   0.00000   0.01363   0.08638   0.04589   0.00000   0.02128   0.03229   0.00632   0.00639   0.01283   0.08969   0.00000   0.22051   0.00000   0.05309   0.02610   0.00649   0.01937   0.01288   0.01209   0.00000   0.00643   0.04532   0.00000   0.00641   0.10722   0.05962   0.00141   0.01976   0.02568   0.00000   0.03864   0.01279   0.07830   2.08200   1.03086   0.93063   1.10647   0.99125  
 75  0.0000   2238.403229  x:  0.59276   0.00000   0.21322   0.00000   0.04838   0.01277   0.02137   0.03067   0.01777   0.01843   0.00000   0.00642   0.05189   0.00000   0.01363   0.08638   0.04589   0.00000   0.02128   0.03229   0.00632   0.00639   0.01283   0.08969   0.00000   0.22051   0.00000   0.05309   0.02610   0.00649   0.01937   0.01288   0.01209   0.00000   0.00642   0.04532   0.00000   0.00641   0.10722   0.05962   0.00141   0.01976   0.02568   0.00000   0.03864   0.01279   0.07830   2.08200   1.03086   0.93063   1.10647   0.99125  
 76  0.0000   2238.403229  x:  0.59276   0.00000   0.21322   0.00000   0.04838   0.01277   0.02137   0.03067   0.01777   0.01843   0.00000   0.00642   0.05189   0.00000   0.01363   0.08638   0.04589   0.00000   0.02128   0.03229   0.00632   0.00639   0.01283   0.08969   0.00000   0.22051   0.00000   0.05309   0.02610   0.00649   0.01937   0.01288   0.01209   0.00000   0.00642   0.04532   0.00000   0.00641   0.10722   0.05962   0.00141   0.01976   0.02568   0.00000   0.03864   0.01279   0.07830   2.08200   1.03085   0.93063   1.10647   0.99125  

TREE # 2

  0  0.0000   2423.433189  x:  0.00000   0.03525   0.07159   0.04648   0.02213   0.04210   0.05936   0.03994   0.02532   0.02609   0.03347   0.08609   0.05104   0.06582   0.06322   0.03740   0.09770   0.06833   0.07748   0.02429   0.07105   0.01691   0.04124   0.00635   0.05547   0.02395   0.03979   0.06442   0.05779   0.06904   0.06648   0.03146   0.08018   0.07731   0.08107   0.06724   0.03727   0.07219   0.06574   0.07425   0.03460   0.02061   0.01483   0.06614   0.08384   0.07646   0.22348   2.08200   0.99419   0.91373   1.03281   0.99125  
  1 99.0000   2423.429195  x:  0.00000   0.03525   0.07159   0.04648   0.02213   0.04210   0.05936   0.03994   0.02532   0.02608   0.03347   0.08608   0.05104   0.06582   0.06322   0.03740   0.09770   0.06833   0.07748   0.02428   0.07105   0.01691   0.04125   0.00635   0.05548   0.02395   0.03979   0.06442   0.05779   0.06904   0.06648   0.03146   0.08018   0.07731   0.08107   0.06724   0.03727   0.07219   0.06574   0.07425   0.03460   0.02061   0.01483   0.06614   0.08384   0.07646   0.22348   2.08200   0.99419   0.91373   1.03281   0.99125  
  2 856.4944   2405.139781  x:  0.00000   0.03260   0.06563   0.04698   0.02248   0.03698   0.05539   0.03613   0.02266   0.01969   0.02943   0.08311   0.04513   0.06054   0.06606   0.03892   0.09462   0.06436   0.07345   0.01791   0.06845   0.01630   0.04377   0.00000   0.06182   0.01762   0.04040   0.05960   0.05367   0.06618   0.06253   0.02814   0.07384   0.07197   0.07867   0.06135   0.03414   0.07312   0.06410   0.07159   0.03365   0.02049   0.01240   0.06048   0.07857   0.07701   0.23009   2.08197   0.99421   0.91385   1.03297   0.99129  
  3 1820.3239   2370.951499  x:  0.00000   0.03522   0.04958   0.04842   0.02108   0.02537   0.04721   0.02973   0.02222   0.00210   0.02194   0.07762   0.02908   0.04675   0.06383   0.03592   0.08526   0.05488   0.06455   0.00036   0.06375   0.01919   0.03855   0.00000   0.05330   0.00000   0.04054   0.04815   0.04531   0.06073   0.05380   0.02479   0.05639   0.05842   0.07435   0.04586   0.02947   0.07390   0.06176   0.06330   0.03277   0.01640   0.01549   0.04608   0.06537   0.07786   0.23915   2.08190   0.99446   0.91386   1.03341   0.99139  
  4 2075.7693   2370.448309  x:  0.00000   0.03521   0.04927   0.04844   0.02110   0.02524   0.04713   0.02972   0.02232   0.00174   0.02187   0.07759   0.02875   0.04650   0.06373   0.03591   0.08512   0.05476   0.06444   0.00000   0.06372   0.01919   0.03856   0.00000   0.05324   0.00000   0.04054   0.04798   0.04524   0.06069   0.05370   0.02485   0.05603   0.05818   0.07433   0.04557   0.02949   0.07388   0.06176   0.06321   0.03280   0.01668   0.01557   0.04584   0.06515   0.07786   0.23915   2.08190   0.99447   0.91384   1.03343   0.99139  
  5 2018.9572   2368.644280  x:  0.00000   0.03532   0.04779   0.04849   0.02127   0.02494   0.04699   0.02994   0.02298   0.00000   0.02169   0.07769   0.02709   0.04541   0.06336   0.03607   0.08466   0.05444   0.06411   0.00000   0.06373   0.01902   0.03889   0.00000   0.05353   0.00000   0.04055   0.04740   0.04513   0.06067   0.05340   0.02539   0.05430   0.05714   0.07440   0.04420   0.02982   0.07377   0.06187   0.06300   0.03297   0.01650   0.01581   0.04478   0.06421   0.07783   0.23878   2.08189   0.99455   0.91376   1.03348   0.99139  
  6 2469.3241   2349.290508  x:  0.00000   0.03675   0.02654   0.04844   0.01618   0.02563   0.04780   0.03262   0.02492   0.00000   0.01601   0.08244   0.00000   0.03252   0.06670   0.03663   0.08022   0.05271   0.06251   0.00000   0.06502   0.02024   0.03476   0.00000   0.05692   0.00000   0.04055   0.04294   0.04650   0.06175   0.05225   0.03125   0.02761   0.04314   0.07781   0.02371   0.03102   0.07320   0.06316   0.06117   0.03184   0.01681   0.01312   0.03260   0.05350   0.07744   0.23230   2.08166   0.99595   0.91211   1.03437   0.99124  
  7 2347.4386   2335.680208  x:  0.00000   0.03759   0.00661   0.04887   0.02271   0.02802   0.04934   0.03336   0.02364   0.00000   0.00883   0.08817   0.00000   0.02262   0.06997   0.03636   0.07720   0.05257   0.06249   0.00000   0.06613   0.02161   0.03549   0.00000   0.05546   0.00000   0.04030   0.04113   0.04852   0.06280   0.05250   0.03504   0.00000   0.03003   0.08193   0.00267   0.02913   0.07353   0.06353   0.05911   0.03000   0.01671   0.01108   0.02382   0.04551   0.07741   0.22780   2.08140   0.99744   0.91035   1.03530   0.99101  
  8 2739.6580   2334.806620  x:  0.00000   0.03764   0.00478   0.04898   0.02253   0.02826   0.04946   0.03313   0.02319   0.00000   0.00939   0.08871   0.00000   0.02208   0.06985   0.03658   0.07703   0.05264   0.06258   0.00000   0.06615   0.02157   0.03596   0.00000   0.05527   0.00000   0.04026   0.04117   0.04867   0.06282   0.05259   0.03526   0.00000   0.02863   0.08239   0.00000   0.02866   0.07365   0.06343   0.05890   0.02994   0.01671   0.01135   0.02342   0.04499   0.07746   0.22779   2.08137   0.99761   0.91015   1.03542   0.99097  
  9 794.8644   2333.564971  x:  0.00000   0.03789   0.00000   0.04955   0.02193   0.02870   0.04957   0.03184   0.02288   0.00000   0.00755   0.09018   0.00000   0.02212   0.06638   0.03854   0.07683   0.05282   0.06304   0.00000   0.06587   0.02066   0.03511   0.00000   0.05611   0.00000   0.04012   0.04184   0.04888   0.06258   0.05294   0.03668   0.00000   0.02305   0.08425   0.00000   0.02756   0.07398   0.06286   0.05847   0.03080   0.01672   0.01218   0.02403   0.04414   0.07772   0.22899   2.08121   0.99837   0.90924   1.03606   0.99076  
 10 261.7321   2331.907397  x:  0.00000   0.03833   0.00000   0.04981   0.02574   0.02838   0.04900   0.03005   0.02521   0.00000   0.01332   0.09394   0.00000   0.01903   0.06347   0.03804   0.07452   0.05180   0.06293   0.00000   0.06495   0.02228   0.03132   0.00000   0.05753   0.00000   0.03969   0.04151   0.04851   0.06162   0.05258   0.04106   0.00000   0.00794   0.08889   0.00000   0.02741   0.07400   0.06205   0.05673   0.03006   0.01673   0.00527   0.02243   0.03926   0.07789   0.23134   2.08056   1.00130   0.90585   1.03876   0.98996  
 11 92.1105   2329.906613  x:  0.00000   0.03864   0.00000   0.04930   0.02584   0.02832   0.04851   0.02935   0.02552   0.00000   0.01365   0.09961   0.00000   0.01192   0.06854   0.03556   0.07050   0.05022   0.06213   0.00000   0.06433   0.02540   0.03396   0.00000   0.05883   0.00000   0.03940   0.03955   0.04840   0.06089   0.05172   0.04560   0.00000   0.00219   0.09454   0.00000   0.02705   0.07396   0.06164   0.05418   0.02719   0.01677   0.01144   0.01649   0.03057   0.07782   0.23191   2.07961   1.00557   0.90096   1.04263   0.98883  
 12 107.4546   2328.038254  x:  0.00000   0.03920   0.00000   0.05002   0.02583   0.02864   0.04816   0.02711   0.02440   0.00000   0.01437   0.10708   0.00000   0.00338   0.06847   0.03648   0.06547   0.04846   0.06133   0.00000   0.06357   0.02668   0.03589   0.00000   0.05905   0.00000   0.03898   0.03732   0.04858   0.06001   0.05085   0.05132   0.00000   0.00464   0.10182   0.00000   0.02429   0.07454   0.06062   0.05038   0.02598   0.01678   0.01214   0.00899   0.01963   0.07816   0.23280   2.07858   1.01030   0.89553   1.04671   0.98763  
 13 405.2329   2327.282311  x:  0.00000   0.03948   0.00000   0.05053   0.02539   0.02802   0.04762   0.02687   0.02385   0.00000   0.01422   0.11110   0.00000   0.00729   0.06931   0.03700   0.06153   0.04660   0.05984   0.00000   0.06334   0.02681   0.03788   0.00000   0.05845   0.00000   0.03892   0.03431   0.04839   0.05960   0.04949   0.05438   0.00000   0.00503   0.10510   0.00000   0.02329   0.07464   0.06052   0.04781   0.02595   0.01677   0.01160   0.00448   0.01326   0.07824   0.23173   2.07800   1.01302   0.89249   1.04896   0.98699  
 14 213.9488   2326.301395  x:  0.00000   0.04026   0.00000   0.05143   0.02412   0.02538   0.04594   0.02779   0.02303   0.00000   0.01331   0.11746   0.00000   0.00821   0.07165   0.03755   0.05326   0.04189   0.05543   0.00000   0.06310   0.02582   0.04160   0.00000   0.05722   0.00000   0.03916   0.02635   0.04736   0.05888   0.04556   0.05887   0.00000   0.00511   0.10913   0.00000   0.02233   0.07458   0.06095   0.04290   0.02700   0.01673   0.00983   0.01049   0.00768   0.07825   0.22791   2.07696   1.01786   0.88726   1.05281   0.98595  
 15 159.1621   2324.962292  x:  0.00000   0.04154   0.00000   0.05280   0.02301   0.02090   0.04313   0.02898   0.02137   0.00000   0.01254   0.12643   0.00000   0.00831   0.07372   0.03856   0.04172   0.03475   0.04837   0.00000   0.06270   0.02343   0.04511   0.00000   0.05662   0.00000   0.03970   0.01487   0.04555   0.05766   0.03930   0.06447   0.00000   0.00505   0.11408   0.00000   0.02084   0.07460   0.06157   0.03615   0.02882   0.01667   0.00812   0.01028   0.01541   0.07834   0.22225   2.07536   1.02519   0.87947   1.05857   0.98440  
 16 240.1929   2323.204701  x:  0.00000   0.04319   0.00000   0.05323   0.02850   0.01111   0.03673   0.03021   0.02071   0.00000   0.01637   0.13411   0.00000   0.00962   0.07197   0.03574   0.03775   0.02634   0.03634   0.00000   0.06126   0.01909   0.03651   0.00000   0.06439   0.00000   0.04153   0.01902   0.04071   0.05462   0.02879   0.06501   0.00000   0.00640   0.11282   0.00000   0.02256   0.07449   0.06250   0.03401   0.02948   0.01663   0.01475   0.01103   0.01487   0.07848   0.21666   2.07256   1.03725   0.86776   1.06783   0.98192  
 17 69.8560   2320.251162  x:  0.00000   0.04330   0.00000   0.05084   0.02247   0.00605   0.02500   0.03334   0.03349   0.00000   0.01125   0.13155   0.00000   0.00769   0.06418   0.03499   0.04660   0.02486   0.02362   0.00000   0.05746   0.02068   0.04419   0.00000   0.06053   0.00000   0.04361   0.02189   0.03045   0.04689   0.01748   0.05758   0.00000   0.00509   0.09526   0.00000   0.03309   0.07169   0.06466   0.03802   0.02952   0.01662   0.00940   0.00894   0.01419   0.07770   0.21539   2.06730   1.05788   0.85000   1.08396   0.97767  
 18 85.7492   2318.008867  x:  0.00000   0.04431   0.00000   0.05004   0.02372   0.01732   0.02024   0.03458   0.04538   0.00000   0.01196   0.11910   0.00000   0.00713   0.06000   0.03759   0.04396   0.02159   0.02531   0.00000   0.05319   0.01944   0.04032   0.00000   0.06274   0.00000   0.04549   0.00987   0.02407   0.03964   0.01955   0.05058   0.00000   0.00508   0.07484   0.00000   0.04048   0.06915   0.06576   0.03811   0.03195   0.01664   0.01212   0.00785   0.01173   0.07701   0.22021   2.06275   1.07441   0.83755   1.09723   0.97425  
 19 147.2592   2315.943994  x:  0.00000   0.04586   0.00000   0.05142   0.02273   0.00749   0.02821   0.03475   0.05853   0.00000   0.01107   0.09767   0.00000   0.00631   0.06014   0.04017   0.03096   0.02135   0.03387   0.00000   0.05046   0.01754   0.04008   0.00000   0.06374   0.00000   0.04498   0.01043   0.02692   0.03830   0.02729   0.04847   0.00000   0.00469   0.05729   0.00000   0.04510   0.06751   0.06607   0.03210   0.03513   0.01657   0.01211   0.00676   0.01057   0.07642   0.22736   2.05858   1.08776   0.83007   1.10847   0.97145  
 20 138.8811   2314.629381  x:  0.00000   0.04699   0.00000   0.05441   0.02195   0.01163   0.02928   0.03139   0.07048   0.00000   0.01074   0.06872   0.00000   0.00716   0.06071   0.03710   0.02811   0.02219   0.03030   0.00000   0.05160   0.01923   0.04071   0.00000   0.06688   0.00000   0.04146   0.01166   0.03050   0.04693   0.02192   0.05651   0.00000   0.00524   0.06146   0.00000   0.04255   0.06919   0.06431   0.02280   0.03478   0.01663   0.01289   0.00736   0.01104   0.07675   0.23520   2.05557   1.09380   0.83243   1.11476   0.97012  
 21 72.8746   2314.089825  x:  0.00000   0.04656   0.00000   0.05459   0.02240   0.00836   0.02834   0.02986   0.07432   0.00000   0.01123   0.05666   0.00000   0.00747   0.06211   0.03786   0.02948   0.02180   0.03002   0.00000   0.05276   0.01895   0.03976   0.00000   0.06635   0.00000   0.04145   0.00789   0.03082   0.04906   0.02285   0.06163   0.00000   0.00548   0.06700   0.00000   0.03886   0.07009   0.06331   0.02849   0.03406   0.01661   0.01379   0.00760   0.01088   0.07707   0.23784   2.05425   1.09495   0.83661   1.11674   0.96983  
 22 81.9759   2313.786212  x:  0.00000   0.04640   0.00000   0.05358   0.02203   0.00928   0.02567   0.03003   0.07712   0.00000   0.01125   0.05151   0.00000   0.00749   0.06445   0.03930   0.02792   0.01832   0.03029   0.00000   0.05267   0.01753   0.04009   0.00000   0.06501   0.00000   0.04287   0.01103   0.02753   0.04695   0.02471   0.06563   0.00000   0.00546   0.06932   0.00000   0.03597   0.06977   0.06306   0.03024   0.03465   0.01658   0.01360   0.00766   0.01126   0.07709   0.23890   2.05338   1.09410   0.84265   1.11730   0.96997  
 23 53.6694   2313.080694  x:  0.00000   0.04664   0.00000   0.05060   0.02178   0.00677   0.02400   0.03065   0.08149   0.00000   0.01201   0.05024   0.00000   0.00814   0.06645   0.03832   0.03158   0.02183   0.03196   0.00000   0.05115   0.01652   0.03960   0.00000   0.06611   0.00000   0.04415   0.01053   0.02021   0.03981   0.02725   0.07326   0.00000   0.00585   0.07043   0.00000   0.02908   0.06874   0.06264   0.02416   0.03538   0.01657   0.01444   0.00821   0.01171   0.07716   0.24170   2.05132   1.08910   0.86294   1.11720   0.97092  
 24 52.1122   2311.269964  x:  0.00000   0.04695   0.00000   0.04774   0.02007   0.00782   0.02775   0.02813   0.08684   0.00000   0.01334   0.05776   0.00000   0.00943   0.06312   0.03313   0.02536   0.02096   0.02769   0.00000   0.04539   0.02155   0.04144   0.00000   0.06975   0.00000   0.03967   0.01034   0.02214   0.03110   0.02144   0.08257   0.00000   0.00656   0.06205   0.00000   0.01781   0.06871   0.06089   0.02980   0.03593   0.01679   0.01564   0.00925   0.01236   0.07796   0.25455   2.04580   1.07203   0.92366   1.11539   0.97439  
 25 90.5701   2309.404081  x:  0.00000   0.04702   0.00000   0.05045   0.01999   0.00614   0.02442   0.02464   0.08412   0.00000   0.01595   0.06440   0.00000   0.00893   0.06500   0.04252   0.02958   0.01323   0.02539   0.00000   0.04353   0.01750   0.04037   0.00000   0.06633   0.00000   0.04205   0.00875   0.03029   0.03557   0.01620   0.08337   0.00000   0.00619   0.05373   0.00000   0.02324   0.07085   0.05960   0.02553   0.03471   0.01681   0.01678   0.00899   0.01188   0.07889   0.26661   2.04007   1.05345   0.98734   1.11339   0.97858  
 26 167.1373   2308.483172  x:  0.00000   0.04744   0.00000   0.05484   0.01955   0.00614   0.01883   0.02338   0.07735   0.00000   0.01683   0.06432   0.00000   0.00811   0.06315   0.04242   0.02301   0.02063   0.02308   0.00000   0.04525   0.01335   0.04034   0.00000   0.06551   0.00000   0.04705   0.00880   0.02919   0.03824   0.01550   0.07757   0.00000   0.00571   0.05411   0.00000   0.03028   0.07218   0.05947   0.02601   0.03608   0.01683   0.01652   0.00822   0.01111   0.07951   0.27001   2.03724   1.04523   1.01640   1.11320   0.98105  
 27 135.0961   2307.331740  x:  0.00000   0.04849   0.00000   0.06137   0.01839   0.00529   0.02128   0.02397   0.06391   0.00000   0.01702   0.06008   0.00000   0.00708   0.05420   0.03728   0.02151   0.01546   0.02411   0.00000   0.04905   0.01815   0.04355   0.00000   0.06854   0.00000   0.05158   0.00788   0.02315   0.03864   0.01850   0.06372   0.00000   0.00509   0.06093   0.00000   0.03889   0.07271   0.06018   0.02408   0.04076   0.01705   0.01529   0.00721   0.01007   0.08000   0.26900   2.03394   1.03830   1.04442   1.11474   0.98446  
 28 106.5792   2306.305189  x:  0.00000   0.04861   0.00000   0.06198   0.01859   0.00597   0.02648   0.02603   0.05425   0.00000   0.01849   0.05179   0.00000   0.00560   0.05213   0.04204   0.02193   0.01651   0.02284   0.00000   0.04676   0.01387   0.04323   0.00000   0.06728   0.00000   0.04332   0.00798   0.02249   0.03195   0.01261   0.04848   0.00000   0.00410   0.06507   0.00000   0.03886   0.06935   0.06135   0.02366   0.04471   0.01707   0.01480   0.00595   0.00888   0.07963   0.26284   2.03147   1.03866   1.05421   1.11958   0.98810  
 29 48.4737   2305.087075  x:  0.00000   0.04908   0.00000   0.06120   0.01824   0.00463   0.01805   0.02293   0.04889   0.00000   0.02016   0.04739   0.00000   0.00535   0.04828   0.04523   0.02193   0.01715   0.01873   0.00000   0.04145   0.01735   0.04411   0.00000   0.06924   0.00000   0.03817   0.00839   0.02986   0.02933   0.01863   0.03504   0.00000   0.00375   0.06640   0.00000   0.03409   0.06729   0.06099   0.02110   0.04648   0.01722   0.01504   0.00588   0.00866   0.07949   0.25805   2.02864   1.04508   1.05348   1.12872   0.99291  
 30 57.1368   2302.379741  x:  0.00000   0.04898   0.00000   0.06085   0.01570   0.00361   0.01370   0.01168   0.04324   0.00000   0.02300   0.04642   0.00000   0.00548   0.04338   0.04437   0.02296   0.01673   0.02806   0.00000   0.03553   0.01597   0.04610   0.00000   0.07054   0.00000   0.04574   0.00896   0.02926   0.03568   0.01178   0.01824   0.00000   0.00345   0.06384   0.00000   0.02329   0.06914   0.05704   0.02182   0.04634   0.01736   0.01504   0.00617   0.00875   0.08049   0.26006   2.02307   1.06444   1.03848   1.15069   1.00304  
 31 88.5834   2299.014855  x:  0.00000   0.04806   0.00000   0.06534   0.01337   0.00462   0.02286   0.01255   0.02822   0.00000   0.02723   0.04585   0.00000   0.00552   0.03967   0.04690   0.02691   0.01791   0.01472   0.00000   0.03514   0.01287   0.04703   0.00000   0.06819   0.00000   0.05503   0.00972   0.02382   0.03766   0.01623   0.01008   0.00000   0.00315   0.05719   0.00000   0.01802   0.07645   0.04895   0.02335   0.04462   0.01753   0.01568   0.00663   0.00912   0.08361   0.28152   2.01613   1.09192   1.01241   1.17996   1.01593  
 32 177.0018   2296.698707  x:  0.00000   0.04755   0.00000   0.07010   0.01275   0.00373   0.02003   0.01477   0.00998   0.00000   0.03001   0.04505   0.00000   0.00595   0.03755   0.04932   0.02846   0.01929   0.01667   0.00000   0.03660   0.01726   0.04802   0.00000   0.06734   0.00000   0.05150   0.01107   0.02141   0.03263   0.01361   0.01526   0.00000   0.00332   0.05350   0.00000   0.02359   0.08004   0.04548   0.02515   0.04506   0.01775   0.01658   0.00748   0.00998   0.08568   0.30093   2.01173   1.11033   0.99314   1.19896   1.02411  
 33 260.2924   2295.908035  x:  0.00000   0.04712   0.00000   0.07566   0.01150   0.00328   0.01859   0.01255   0.01194   0.00000   0.03083   0.05050   0.00000   0.00648   0.04014   0.04767   0.02909   0.01855   0.01829   0.00000   0.04163   0.01538   0.04800   0.00000   0.06666   0.00000   0.04499   0.01145   0.02147   0.02712   0.01424   0.01091   0.00000   0.00370   0.06015   0.00000   0.02810   0.08114   0.04754   0.02561   0.04691   0.01775   0.01715   0.00800   0.01055   0.08671   0.31560   2.01022   1.11704   0.98449   1.20542   1.02688  
 34 95.0921   2295.790286  x:  0.00000   0.04698   0.00000   0.07616   0.01142   0.00318   0.01830   0.01484   0.01125   0.00000   0.03092   0.05139   0.00000   0.00642   0.04047   0.04706   0.02944   0.01859   0.01851   0.00000   0.03859   0.01520   0.04790   0.00000   0.06642   0.00000   0.04574   0.01146   0.02199   0.02855   0.01411   0.01022   0.00000   0.00370   0.06220   0.00000   0.02767   0.07751   0.05179   0.02582   0.04871   0.01776   0.01716   0.00793   0.01054   0.08572   0.32011   2.01034   1.11680   0.98238   1.20483   1.02684  
 35 23.9573   2295.738090  x:  0.00000   0.04695   0.00000   0.07606   0.01148   0.00327   0.01902   0.01273   0.01077   0.00000   0.03097   0.05153   0.00000   0.00645   0.04094   0.04714   0.02959   0.01876   0.01782   0.00000   0.03774   0.01546   0.04788   0.00000   0.06633   0.00000   0.04634   0.01148   0.02189   0.02853   0.01426   0.01078   0.00000   0.00373   0.06268   0.00000   0.02845   0.07514   0.05362   0.02596   0.04950   0.01776   0.01722   0.00797   0.01059   0.08488   0.32104   2.01059   1.11593   0.98106   1.20368   1.02661  
 36 22.4091   2295.417992  x:  0.00000   0.04726   0.00000   0.07358   0.01208   0.00301   0.01904   0.01315   0.01092   0.00000   0.03125   0.05174   0.00000   0.00667   0.04068   0.05054   0.02814   0.01938   0.01736   0.00000   0.04385   0.01865   0.04764   0.00000   0.06701   0.00000   0.04918   0.01154   0.02252   0.02788   0.01246   0.00933   0.00000   0.00384   0.06346   0.00000   0.02706   0.06765   0.05165   0.02528   0.04768   0.01787   0.01770   0.00823   0.01072   0.07994   0.32458   2.01406   1.10265   0.96993   1.18766   1.02290  
 37 13.2045   2294.341680  x:  0.00000   0.04800   0.00000   0.06946   0.01104   0.00333   0.01743   0.01312   0.00752   0.00000   0.03011   0.05008   0.00000   0.00650   0.03945   0.04397   0.02868   0.01682   0.01770   0.00000   0.04595   0.01087   0.04930   0.00000   0.06850   0.00000   0.04866   0.01073   0.02563   0.02630   0.01387   0.01021   0.00000   0.00372   0.06267   0.00000   0.02661   0.06197   0.04631   0.02446   0.04224   0.01804   0.01609   0.00791   0.01040   0.07223   0.32966   2.02552   1.05856   0.93449   1.13508   1.01083  
 38 95.6204   2290.792848  x:  0.00000   0.05056   0.00000   0.06875   0.01183   0.00311   0.01751   0.01285   0.00883   0.00000   0.02964   0.04848   0.00000   0.00682   0.04541   0.04864   0.02612   0.01747   0.01768   0.00000   0.03107   0.01513   0.05064   0.00000   0.07363   0.00000   0.04533   0.01098   0.01801   0.02709   0.01452   0.00859   0.00000   0.00399   0.06499   0.00000   0.02817   0.07427   0.03943   0.02389   0.03604   0.01889   0.01554   0.00821   0.01067   0.06767   0.34086   2.06437   0.90880   0.81548   0.95732   0.97051  
 39 356.3854   2289.970422  x:  0.00000   0.05110   0.00000   0.06953   0.01210   0.00319   0.01582   0.01250   0.00734   0.00000   0.02952   0.04595   0.00000   0.00619   0.04723   0.04804   0.02740   0.01730   0.01697   0.00000   0.03867   0.01510   0.05106   0.00000   0.07500   0.00000   0.04617   0.01097   0.01916   0.02637   0.01380   0.00905   0.00000   0.00363   0.05919   0.00000   0.02246   0.07745   0.04936   0.02364   0.03965   0.01907   0.01476   0.00757   0.01018   0.07894   0.34222   2.07401   0.87303   0.78756   0.91530   0.96138  
 40 188.5191   2289.614836  x:  0.00000   0.05158   0.00000   0.07337   0.01199   0.00342   0.01611   0.01299   0.00807   0.00000   0.02916   0.04576   0.00000   0.00640   0.04779   0.04785   0.02743   0.01719   0.01744   0.00000   0.03622   0.01497   0.05145   0.00000   0.07581   0.00000   0.04789   0.01098   0.02008   0.02483   0.01357   0.00926   0.00000   0.00376   0.06004   0.00000   0.02339   0.06939   0.04476   0.02367   0.03532   0.01920   0.01461   0.00780   0.01039   0.09263   0.34265   2.07717   0.86893   0.78488   0.91229   0.96213  
 41 14.0565   2286.303591  x:  0.00000   0.05451   0.00000   0.06328   0.01337   0.00347   0.01412   0.01215   0.00672   0.00000   0.02638   0.04771   0.00000   0.00595   0.05301   0.04884   0.02672   0.01683   0.01760   0.00000   0.04060   0.01398   0.05291   0.00000   0.08154   0.00000   0.03176   0.01108   0.00658   0.04299   0.01950   0.00887   0.00000   0.00353   0.05530   0.00000   0.02234   0.06134   0.04000   0.02492   0.03405   0.02008   0.01241   0.00714   0.00997   0.09954   0.35090   2.09910   0.88075   0.80140   0.94378   0.98470  
 42 11.5337   2271.862363  x:  0.00000   0.06819   0.00000   0.02579   0.01939   0.00852   0.01292   0.01456   0.00528   0.00000   0.01304   0.03911   0.00000   0.00427   0.07746   0.04707   0.03027   0.01893   0.02056   0.00000   0.04232   0.01622   0.06023   0.00000   0.10613   0.00000   0.04782   0.01073   0.02081   0.03672   0.01579   0.00738   0.00000   0.00295   0.05581   0.00000   0.02826   0.07667   0.03183   0.02460   0.03517   0.02432   0.00235   0.00426   0.00850   0.09871   0.39115   2.20136   0.94689   0.88337   1.10123   1.09363  
 43 228.1551   2268.841243  x:  0.00000   0.07113   0.00000   0.03958   0.02016   0.00942   0.01178   0.01544   0.00610   0.00000   0.01058   0.03667   0.00000   0.00411   0.08146   0.04800   0.03197   0.01925   0.02156   0.00000   0.04314   0.01643   0.06168   0.00000   0.11151   0.00000   0.04926   0.01114   0.02075   0.03411   0.01570   0.00881   0.00000   0.00287   0.05113   0.00000   0.02392   0.07765   0.03626   0.02553   0.02515   0.02515   0.00050   0.00414   0.00859   0.08984   0.39485   2.22056   0.96051   0.89970   1.13031   1.11393  
 44 350.1348   2268.719180  x:  0.00000   0.07140   0.00000   0.03784   0.02018   0.00942   0.01206   0.01534   0.00607   0.00000   0.01044   0.03644   0.00000   0.00434   0.08027   0.04874   0.03111   0.01910   0.02173   0.00000   0.04309   0.01620   0.06191   0.00000   0.11189   0.00000   0.04916   0.01109   0.02035   0.03377   0.01586   0.00870   0.00000   0.00296   0.05175   0.00000   0.02440   0.07846   0.03906   0.02517   0.02060   0.02521   0.00056   0.00437   0.00872   0.09022   0.39548   2.22128   0.96239   0.90063   1.13042   1.11415  
 45 22.9254   2263.196316  x:  0.00000   0.07782   0.00000   0.05112   0.02322   0.01100   0.00975   0.01695   0.00904   0.00000   0.00790   0.03427   0.00000   0.00369   0.08993   0.04952   0.03630   0.02043   0.02296   0.00000   0.04526   0.01601   0.06569   0.00000   0.12215   0.00000   0.05078   0.01212   0.02183   0.03377   0.01557   0.01283   0.00000   0.00316   0.04647   0.00000   0.01700   0.07922   0.03607   0.02737   0.02105   0.02701   0.00255   0.00360   0.00866   0.08096   0.41860   2.24976   1.14400   0.96025   1.04578   1.07534  
 46 11.3339   2260.668114  x:  0.00000   0.08055   0.00000   0.06120   0.02444   0.01147   0.00893   0.01826   0.01280   0.00000   0.00716   0.03424   0.00000   0.00401   0.09279   0.05049   0.03956   0.02139   0.02384   0.00000   0.04713   0.01526   0.06720   0.00000   0.12639   0.00000   0.05164   0.01295   0.02272   0.03325   0.01569   0.01749   0.00000   0.00342   0.04445   0.00000   0.01009   0.07952   0.03735   0.02870   0.02149   0.02774   0.00428   0.00375   0.00906   0.07176   0.43041   2.23972   1.06291   0.94474   1.15399   1.02635  
 47 13.5468   2258.429295  x:  0.00000   0.08383   0.00000   0.05383   0.02608   0.01043   0.01226   0.01782   0.01496   0.00000   0.00646   0.03773   0.00000   0.00471   0.09141   0.05248   0.03966   0.02204   0.02450   0.00000   0.04739   0.01290   0.06898   0.00000   0.13053   0.00000   0.05018   0.01365   0.02247   0.03574   0.01662   0.02018   0.00000   0.00369   0.04942   0.00000   0.01016   0.08087   0.03913   0.02854   0.02377   0.02839   0.00356   0.00458   0.00979   0.07604   0.44787   2.03052   1.08220   0.94708   1.15072   0.83521  
 48  3.9645   2256.555425  x:  0.00000   0.08813   0.00000   0.04887   0.02799   0.00909   0.01565   0.01803   0.01901   0.00000   0.00619   0.04166   0.00000   0.00569   0.09025   0.05413   0.03910   0.02225   0.02500   0.00000   0.04801   0.00994   0.07102   0.00000   0.13517   0.00000   0.04890   0.01424   0.02224   0.03805   0.01761   0.02494   0.00000   0.00411   0.05403   0.00000   0.00877   0.08152   0.04178   0.02766   0.02629   0.02915   0.00340   0.00559   0.01067   0.07615   0.46694   1.82725   1.05688   0.91622   1.10637   0.96203  
 49  8.6244   2253.062413  x:  0.00000   0.10056   0.00000   0.05468   0.03272   0.00692   0.02483   0.01612   0.01818   0.00000   0.00460   0.04692   0.00000   0.00784   0.09125   0.05816   0.03691   0.02284   0.02696   0.00000   0.04367   0.00682   0.07638   0.00000   0.14918   0.00000   0.04952   0.01529   0.02335   0.03505   0.01827   0.02557   0.00000   0.00539   0.05698   0.00000   0.01716   0.08633   0.04888   0.02501   0.03205   0.03108   0.00389   0.00828   0.01321   0.08260   0.49570   2.27597   1.05533   0.94318   1.12656   1.04439  
 50  2.4404   2250.450992  x:  0.00000   0.11194   0.00000   0.07117   0.03391   0.00792   0.02772   0.01381   0.00774   0.00000   0.00357   0.04806   0.00000   0.00821   0.10137   0.06232   0.03209   0.02257   0.02860   0.00000   0.03667   0.01267   0.07938   0.00000   0.16368   0.00000   0.05362   0.01471   0.02467   0.02587   0.01699   0.01887   0.00000   0.00622   0.05298   0.00000   0.02201   0.09053   0.04877   0.02032   0.03001   0.03270   0.00498   0.00884   0.01424   0.08559   0.50245   2.05917   1.06262   0.98444   1.17642   1.03538  
 51  1.0260   2245.337748  x:  0.00000   0.13602   0.00000   0.06456   0.03035   0.00630   0.02664   0.01095   0.00537   0.00000   0.01420   0.06107   0.00000   0.00841   0.10952   0.07588   0.00934   0.01784   0.02592   0.00000   0.03053   0.01918   0.08497   0.00000   0.19145   0.00000   0.05433   0.01190   0.02348   0.02272   0.01531   0.02521   0.00000   0.00714   0.06516   0.00000   0.01007   0.09794   0.04914   0.00000   0.02545   0.03549   0.00452   0.00800   0.01481   0.09629   0.57563   2.19985   1.10541   0.96258   1.15875   1.03441  
 52  0.4190   2243.240272  x:  0.00000   0.14820   0.00000   0.05730   0.02703   0.00583   0.02520   0.01011   0.01050   0.00000   0.01432   0.05544   0.00000   0.00874   0.11260   0.07558   0.00000   0.01656   0.02444   0.00000   0.03108   0.02139   0.08746   0.00000   0.20564   0.00000   0.05138   0.01128   0.02330   0.02617   0.01526   0.02648   0.00000   0.00784   0.05626   0.00000   0.01446   0.09587   0.05186   0.00000   0.02444   0.03662   0.00439   0.00750   0.01514   0.09569   0.60970   2.12963   1.08380   0.94284   1.13219   1.01577  
 53  0.4652   2241.515768  x:  0.00000   0.15685   0.00000   0.05399   0.02530   0.00544   0.02414   0.01045   0.01398   0.00000   0.01092   0.04528   0.00000   0.00835   0.11327   0.06947   0.00775   0.01928   0.02530   0.00000   0.03660   0.01927   0.08774   0.00000   0.21333   0.00000   0.04653   0.01284   0.02429   0.03332   0.01718   0.02415   0.00000   0.00813   0.04624   0.00000   0.01505   0.08988   0.04888   0.00000   0.02011   0.03666   0.00450   0.00655   0.01450   0.09252   0.62069   2.05403   1.03517   0.94255   1.09479   0.98446  
 54  0.2057   2240.255536  x:  0.00000   0.16703   0.00000   0.05390   0.02585   0.00586   0.02112   0.01257   0.01252   0.00000   0.00431   0.04417   0.00000   0.00719   0.11594   0.06569   0.00324   0.01873   0.02482   0.00000   0.03939   0.01455   0.08654   0.00000   0.22094   0.00000   0.04781   0.01245   0.02318   0.03234   0.01779   0.02111   0.00000   0.00791   0.05124   0.00000   0.01113   0.08865   0.04532   0.00000   0.01773   0.03636   0.00465   0.00558   0.01341   0.09066   0.62277   2.02134   1.01980   0.93890   1.08462   0.96277  
 55  0.0937   2239.727323  x:  0.00000   0.17304   0.00000   0.05644   0.02792   0.00776   0.01892   0.01338   0.01156   0.00000   0.00656   0.04201   0.00000   0.00705   0.11422   0.06258   0.00187   0.01930   0.02613   0.00000   0.03978   0.01161   0.08518   0.00000   0.22331   0.00000   0.04909   0.01274   0.02196   0.02926   0.01827   0.01711   0.00000   0.00775   0.05127   0.00000   0.01399   0.08757   0.04665   0.00000   0.02090   0.03565   0.00503   0.00630   0.01315   0.08786   0.62120   1.99133   1.01163   0.93304   1.09362   0.95860  
 56  0.0720   2239.190489  x:  0.00000   0.18274   0.00000   0.05314   0.02630   0.00713   0.01876   0.01365   0.01248   0.00000   0.00568   0.04748   0.00000   0.00612   0.11089   0.05863   0.00137   0.02072   0.02631   0.00000   0.04013   0.01277   0.08085   0.00000   0.22530   0.00000   0.04883   0.01334   0.02072   0.03050   0.01823   0.01685   0.00000   0.00685   0.05187   0.00000   0.01361   0.08411   0.04729   0.00000   0.02496   0.03393   0.00519   0.00671   0.01203   0.08697   0.61209   2.13508   1.02232   0.91914   1.10159   0.99827  
 57  0.1274   2238.931578  x:  0.00000   0.19120   0.00000   0.05411   0.02641   0.00478   0.01931   0.01257   0.01187   0.00000   0.00662   0.04679   0.00000   0.00580   0.10990   0.05646   0.00185   0.02036   0.02500   0.00000   0.03846   0.01145   0.07851   0.00000   0.22691   0.00000   0.04840   0.01340   0.02100   0.03136   0.01754   0.01709   0.00000   0.00635   0.05275   0.00000   0.01451   0.08500   0.04436   0.00000   0.02320   0.03283   0.00548   0.00626   0.01210   0.08977   0.60390   2.11392   1.02869   0.92423   1.11296   1.00451  
 58  0.0291   2238.661361  x:  0.00000   0.20427   0.00000   0.05240   0.02520   0.00691   0.01842   0.01231   0.01223   0.00000   0.00722   0.04504   0.00000   0.00648   0.10594   0.05852   0.00288   0.02032   0.02625   0.00000   0.03781   0.01282   0.07671   0.00000   0.22886   0.00000   0.04691   0.01304   0.02028   0.03186   0.01777   0.01761   0.00000   0.00595   0.05393   0.00000   0.01399   0.08602   0.04478   0.00000   0.02193   0.03151   0.00569   0.00659   0.01344   0.08961   0.59730   2.09334   1.03256   0.93599   1.10490   1.00499  
 59  0.0309   2238.555949  x:  0.00000   0.21130   0.00000   0.05262   0.02535   0.00647   0.01954   0.01277   0.01147   0.00000   0.00690   0.04438   0.00000   0.00659   0.10603   0.05927   0.00101   0.01986   0.02631   0.00000   0.03803   0.01264   0.07649   0.00000   0.22913   0.00000   0.04739   0.01263   0.02043   0.03073   0.01808   0.01802   0.00000   0.00594   0.04997   0.00000   0.01282   0.08631   0.04516   0.00000   0.02093   0.03120   0.00589   0.00640   0.01350   0.08966   0.59253   2.07916   1.03542   0.93576   1.10666   0.99772  
 60  0.0220   2238.497379  x:  0.00000   0.21532   0.00000   0.05298   0.02619   0.00654   0.01915   0.01333   0.01184   0.00000   0.00632   0.04606   0.00000   0.00642   0.10541   0.05965   0.00091   0.01935   0.02548   0.00000   0.03894   0.01282   0.07661   0.00000   0.22683   0.00000   0.04853   0.01251   0.02069   0.03014   0.01816   0.01902   0.00000   0.00599   0.05182   0.00000   0.01402   0.08686   0.04557   0.00000   0.02040   0.03117   0.00608   0.00609   0.01304   0.08991   0.59108   2.06760   1.03080   0.92947   1.11004   0.99052  
 61  0.0211   2238.450768  x:  0.00000   0.21834   0.00000   0.05374   0.02703   0.00648   0.01964   0.01272   0.01212   0.00000   0.00604   0.04458   0.00000   0.00654   0.10513   0.05965   0.00111   0.01950   0.02558   0.00000   0.03890   0.01301   0.07763   0.00000   0.22216   0.00000   0.04813   0.01263   0.02183   0.03110   0.01803   0.01892   0.00000   0.00633   0.05261   0.00000   0.01333   0.08639   0.04639   0.00000   0.02128   0.03152   0.00622   0.00653   0.01270   0.09065   0.58890   2.08691   1.02912   0.92869   1.10919   0.98804  
 62  0.0158   2238.418004  x:  0.00000   0.21967   0.00000   0.05317   0.02649   0.00654   0.01959   0.01292   0.01247   0.00000   0.00651   0.04562   0.00000   0.00640   0.10606   0.05979   0.00166   0.01990   0.02549   0.00000   0.03859   0.01286   0.07865   0.00000   0.21645   0.00000   0.04921   0.01272   0.02187   0.03036   0.01743   0.01874   0.00000   0.00658   0.05125   0.00000   0.01347   0.08630   0.04624   0.00000   0.02124   0.03210   0.00625   0.00645   0.01254   0.08962   0.58821   2.08963   1.03144   0.93101   1.10481   0.98864  
 63  0.0056   2238.407688  x:  0.00000   0.22033   0.00000   0.05326   0.02605   0.00654   0.01938   0.01289   0.01212   0.00000   0.00655   0.04538   0.00000   0.00632   0.10679   0.05986   0.00123   0.01999   0.02560   0.00000   0.03868   0.01281   0.07886   0.00000   0.21445   0.00000   0.04863   0.01277   0.02181   0.03077   0.01753   0.01851   0.00000   0.00658   0.05207   0.00000   0.01373   0.08634   0.04563   0.00000   0.02114   0.03235   0.00628   0.00635   0.01273   0.08952   0.58997   2.08230   1.03100   0.93099   1.10501   0.99073  
 64  0.0075   2238.404810  x:  0.00000   0.22045   0.00000   0.05299   0.02603   0.00650   0.01923   0.01288   0.01215   0.00000   0.00639   0.04501   0.00000   0.00635   0.10700   0.05962   0.00141   0.01984   0.02566   0.00000   0.03851   0.01272   0.07878   0.00000   0.21370   0.00000   0.04849   0.01277   0.02153   0.03049   0.01764   0.01840   0.00000   0.00653   0.05190   0.00000   0.01375   0.08634   0.04585   0.00000   0.02137   0.03239   0.00628   0.00636   0.01284   0.08963   0.59113   2.07981   1.03160   0.93024   1.10640   0.99127  
 65  0.0045   2238.403536  x:  0.00000   0.22051   0.00000   0.05310   0.02607   0.00648   0.01933   0.01288   0.01210   0.00000   0.00644   0.04538   0.00000   0.00638   0.10712   0.05964   0.00144   0.01973   0.02575   0.00000   0.03865   0.01279   0.07858   0.00000   0.21336   0.00000   0.04833   0.01278   0.02139   0.03063   0.01784   0.01841   0.00000   0.00645   0.05191   0.00000   0.01360   0.08639   0.04586   0.00000   0.02134   0.03238   0.00629   0.00638   0.01286   0.08970   0.59218   2.08146   1.03051   0.93052   1.10687   0.99191  
 66  0.0023   2238.403290  x:  0.00000   0.22059   0.00000   0.05309   0.02608   0.00647   0.01937   0.01290   0.01208   0.00000   0.00642   0.04531   0.00000   0.00641   0.10720   0.05958   0.00141   0.01973   0.02567   0.00000   0.03866   0.01282   0.07841   0.00000   0.21329   0.00000   0.04837   0.01278   0.02134   0.03068   0.01777   0.01844   0.00000   0.00642   0.05189   0.00000   0.01362   0.08640   0.04587   0.00000   0.02128   0.03234   0.00629   0.00641   0.01283   0.08967   0.59264   2.08227   1.03093   0.93063   1.10661   0.99144  
 67  0.0009   2238.403251  x:  0.00000   0.22058   0.00000   0.05310   0.02610   0.00648   0.01937   0.01287   0.01209   0.00000   0.00642   0.04533   0.00000   0.00640   0.10720   0.05959   0.00141   0.01975   0.02568   0.00000   0.03863   0.01279   0.07835   0.00000   0.21325   0.00000   0.04837   0.01278   0.02135   0.03068   0.01778   0.01842   0.00000   0.00641   0.05188   0.00000   0.01362   0.08638   0.04590   0.00000   0.02127   0.03232   0.00630   0.00639   0.01282   0.08969   0.59274   2.08205   1.03087   0.93064   1.10646   0.99119  
 68  0.0004   2238.403240  x:  0.00000   0.22054   0.00000   0.05310   0.02610   0.00649   0.01937   0.01288   0.01210   0.00000   0.00643   0.04531   0.00000   0.00641   0.10721   0.05962   0.00141   0.01977   0.02568   0.00000   0.03864   0.01279   0.07831   0.00000   0.21322   0.00000   0.04838   0.01277   0.02136   0.03067   0.01778   0.01843   0.00000   0.00642   0.05189   0.00000   0.01363   0.08637   0.04589   0.00000   0.02129   0.03231   0.00630   0.00639   0.01283   0.08970   0.59277   2.08203   1.03082   0.93061   1.10647   0.99122  
 69  0.0001   2238.403237  x:  0.00000   0.22053   0.00000   0.05310   0.02610   0.00649   0.01936   0.01288   0.01210   0.00000   0.00642   0.04532   0.00000   0.00641   0.10722   0.05962   0.00141   0.01976   0.02568   0.00000   0.03864   0.01279   0.07830   0.00000   0.21321   0.00000   0.04838   0.01277   0.02137   0.03067   0.01777   0.01843   0.00000   0.00642   0.05188   0.00000   0.01363   0.08637   0.04588   0.00000   0.02129   0.03229   0.00630   0.00640   0.01283   0.08969   0.59276   2.08196   1.03085   0.93062   1.10649   0.99126  
 70  0.0001   2238.403235  x:  0.00000   0.22053   0.00000   0.05310   0.02610   0.00648   0.01937   0.01288   0.01210   0.00000   0.00642   0.04532   0.00000   0.00640   0.10722   0.05962   0.00141   0.01975   0.02568   0.00000   0.03864   0.01280   0.07829   0.00000   0.21321   0.00000   0.04839   0.01277   0.02137   0.03066   0.01777   0.01843   0.00000   0.00642   0.05189   0.00000   0.01363   0.08638   0.04589   0.00000   0.02129   0.03229   0.00630   0.00639   0.01283   0.08968   0.59276   2.08200   1.03085   0.93063   1.10648   0.99129  
 71  0.0000   2238.403232  x:  0.00000   0.22053   0.00000   0.05309   0.02610   0.00648   0.01937   0.01288   0.01209   0.00000   0.00643   0.04532   0.00000   0.00640   0.10722   0.05962   0.00141   0.01976   0.02568   0.00000   0.03864   0.01280   0.07830   0.00000   0.21322   0.00000   0.04838   0.01278   0.02137   0.03067   0.01777   0.01843   0.00000   0.00643   0.05189   0.00000   0.01362   0.08638   0.04589   0.00000   0.02128   0.03228   0.00631   0.00639   0.01283   0.08969   0.59278   2.08200   1.03085   0.93060   1.10646   0.99123  
 72  0.0000   2238.403230  x:  0.00000   0.22052   0.00000   0.05309   0.02610   0.00649   0.01937   0.01288   0.01209   0.00000   0.00642   0.04532   0.00000   0.00641   0.10722   0.05962   0.00141   0.01976   0.02568   0.00000   0.03864   0.01279   0.07831   0.00000   0.21323   0.00000   0.04838   0.01277   0.02136   0.03066   0.01778   0.01843   0.00000   0.00643   0.05189   0.00000   0.01363   0.08637   0.04589   0.00000   0.02128   0.03228   0.00632   0.00640   0.01283   0.08970   0.59278   2.08203   1.03084   0.93064   1.10648   0.99124  
 73  0.0000   2238.403229  x:  0.00000   0.22051   0.00000   0.05309   0.02610   0.00649   0.01937   0.01288   0.01209   0.00000   0.00643   0.04532   0.00000   0.00641   0.10722   0.05962   0.00141   0.01976   0.02568   0.00000   0.03864   0.01280   0.07831   0.00000   0.21322   0.00000   0.04838   0.01277   0.02137   0.03067   0.01777   0.01843   0.00000   0.00642   0.05188   0.00000   0.01363   0.08637   0.04589   0.00000   0.02128   0.03229   0.00632   0.00639   0.01283   0.08969   0.59277   2.08201   1.03086   0.93062   1.10648   0.99126  
 74  0.0000   2238.403229  x:  0.00000   0.22051   0.00000   0.05309   0.02610   0.00649   0.01937   0.01288   0.01209   0.00000   0.00642   0.04532   0.00000   0.00641   0.10722   0.05962   0.00141   0.01976   0.02568   0.00000   0.03864   0.01279   0.07831   0.00000   0.21322   0.00000   0.04838   0.01277   0.02137   0.03067   0.01778   0.01843   0.00000   0.00642   0.05189   0.00000   0.01363   0.08637   0.04589   0.00000   0.02128   0.03229   0.00632   0.00639   0.01283   0.08969   0.59276   2.08200   1.03085   0.93063   1.10646   0.99125  
 75  0.0000   2238.403229  x:  0.00000   0.22051   0.00000   0.05309   0.02610   0.00649   0.01937   0.01288   0.01209   0.00000   0.00642   0.04532   0.00000   0.00641   0.10722   0.05962   0.00141   0.01976   0.02568   0.00000   0.03864   0.01279   0.07831   0.00000   0.21322   0.00000   0.04838   0.01277   0.02137   0.03067   0.01777   0.01843   0.00000   0.00642   0.05189   0.00000   0.01363   0.08638   0.04589   0.00000   0.02128   0.03229   0.00632   0.00639   0.01283   0.08969   0.59276   2.08200   1.03085   0.93062   1.10647   0.99125  
 76  0.0000   2238.403229  x:  0.00000   0.22051   0.00000   0.05309   0.02610   0.00649   0.01937   0.01288   0.01209   0.00000   0.00643   0.04532   0.00000   0.00641   0.10722   0.05962   0.00141   0.01976   0.02568   0.00000   0.03864   0.01279   0.07830   0.00000   0.21322   0.00000   0.04838   0.01277   0.02137   0.03067   0.01777   0.01843   0.00000   0.00642   0.05189   0.00000   0.01363   0.08638   0.04589   0.00000   0.02128   0.03229   0.00632   0.00639   0.01283   0.08969   0.59276   2.08200   1.03085   0.93063   1.10647   0.99125  
 77  0.0000   2238.403229  x:  0.00000   0.22051   0.00000   0.05309   0.02610   0.00649   0.01937   0.01288   0.01209   0.00000   0.00642   0.04532   0.00000   0.00641   0.10722   0.05962   0.00141   0.01976   0.02568   0.00000   0.03864   0.01279   0.07830   0.00000   0.21322   0.00000   0.04838   0.01277   0.02137   0.03067   0.01777   0.01843   0.00000   0.00642   0.05189   0.00000   0.01363   0.08638   0.04589   0.00000   0.02128   0.03229   0.00632   0.00639   0.01283   0.08969   0.59276   2.08200   1.03085   0.93063   1.10647   0.99125  
 78  0.0000   2238.403229  x:  0.00000   0.22051   0.00000   0.05309   0.02610   0.00649   0.01937   0.01288   0.01209   0.00000   0.00642   0.04532   0.00000   0.00641   0.10722   0.05962   0.00141   0.01976   0.02568   0.00000   0.03864   0.01279   0.07830   0.00000   0.21322   0.00000   0.04838   0.01277   0.02137   0.03067   0.01777   0.01843   0.00000   0.00642   0.05189   0.00000   0.01363   0.08638   0.04589   0.00000   0.02128   0.03229   0.00632   0.00639   0.01283   0.08969   0.59276   2.08200   1.03085   0.93063   1.10647   0.99125  