

TREE # 1

  0  0.0000   2506.217012  x:  0.24489   0.16818   0.13207   0.00000   0.02747   0.03019   0.02526   0.04166   0.04637   0.02129   0.01324   0.02470   0.04541   0.02759   0.02294   0.11055   0.02432   0.03670   0.06429   0.01946   0.01373   0.02720   0.03208   0.07025   0.11411   0.18810   0.02860   0.04822   0.03051   0.02310   0.02202   0.03748   0.03491   0.01138   0.02815   0.05639   0.00854   0.02107   0.09707   0.04250   0.07119   0.05518   0.02105   0.02427   0.00210   0.02788   0.05413   8.40433   1.01240   1.21740   1.34669   1.00000  
  1 99.0000   2501.219371  x:  0.24537   0.16848   0.13280   0.00893   0.02643   0.03037   0.02425   0.04058   0.04462   0.02119   0.01120   0.02426   0.04633   0.02602   0.02140   0.11074   0.02447   0.03657   0.06370   0.01809   0.01261   0.02662   0.03002   0.07037   0.11432   0.18849   0.02721   0.04813   0.02976   0.02162   0.02117   0.03652   0.03326   0.00933   0.02657   0.05672   0.00648   0.02060   0.09784   0.04277   0.07103   0.05509   0.02083   0.02222   0.00000   0.02723   0.05481   8.40418   1.01256   1.21733   1.34669   1.00005  
  2 874.5657   2489.357897  x:  0.24684   0.16942   0.13481   0.00895   0.02316   0.03090   0.02120   0.03727   0.03917   0.02070   0.00482   0.02297   0.04902   0.02120   0.01534   0.11132   0.02484   0.03618   0.06188   0.01394   0.00934   0.02488   0.02358   0.07071   0.11498   0.18972   0.02293   0.04787   0.02748   0.01709   0.01866   0.03359   0.02813   0.00291   0.02169   0.05772   0.00000   0.01922   0.10020   0.04357   0.07053   0.05482   0.02020   0.01580   0.00000   0.02530   0.05684   8.40370   1.01306   1.21713   1.34667   1.00019  
  3 891.0358   2486.262417  x:  0.24738   0.16974   0.13538   0.00907   0.02293   0.03083   0.02122   0.03657   0.03709   0.02089   0.00194   0.02324   0.04880   0.02006   0.01262   0.11148   0.02475   0.03611   0.06140   0.01408   0.01107   0.02505   0.02068   0.07080   0.11517   0.19016   0.02183   0.04786   0.02744   0.01650   0.01906   0.03313   0.02647   0.00000   0.02049   0.05782   0.00000   0.01947   0.10067   0.04370   0.07039   0.05474   0.02052   0.01290   0.00000   0.02544   0.05691   8.40348   1.01322   1.21707   1.34669   1.00026  
  4 1085.6643   2484.845263  x:  0.24768   0.16989   0.13558   0.00915   0.02311   0.03078   0.02146   0.03644   0.03595   0.02092   0.00000   0.02337   0.04853   0.01983   0.01080   0.11153   0.02474   0.03610   0.06124   0.01435   0.01067   0.02519   0.01873   0.07084   0.11523   0.19039   0.02152   0.04789   0.02761   0.01664   0.01928   0.03314   0.02578   0.00000   0.02023   0.05778   0.00000   0.01966   0.10075   0.04369   0.07035   0.05471   0.02057   0.01096   0.00000   0.02561   0.05678   8.40334   1.01330   1.21705   1.34672   1.00031  
  5 1711.7580   2479.362989  x:  0.24887   0.17038   0.13587   0.00960   0.02361   0.03089   0.02146   0.03680   0.03143   0.02064   0.00000   0.02290   0.04870   0.02039   0.00059   0.11157   0.02500   0.03609   0.06107   0.01412   0.01108   0.02486   0.00777   0.07088   0.11532   0.19125   0.02144   0.04793   0.02778   0.01746   0.01839   0.03368   0.02434   0.00000   0.02076   0.05759   0.00000   0.01936   0.10046   0.04352   0.07031   0.05459   0.02031   0.00000   0.00000   0.02536   0.05649   8.40254   1.01365   1.21697   1.34694   1.00059  
  6 2414.5298   2479.155362  x:  0.24892   0.17040   0.13587   0.00962   0.02360   0.03089   0.02145   0.03681   0.03127   0.02066   0.00000   0.02291   0.04871   0.02041   0.00000   0.11157   0.02500   0.03609   0.06107   0.01410   0.01108   0.02486   0.00714   0.07088   0.11532   0.19128   0.02145   0.04793   0.02777   0.01745   0.01841   0.03368   0.02432   0.00000   0.02078   0.05759   0.00000   0.01936   0.10045   0.04352   0.07031   0.05458   0.02035   0.00000   0.00000   0.02535   0.05650   8.40249   1.01367   1.21697   1.34695   1.00060  
  7 5610.5307   2477.850276  x:  0.24937   0.17053   0.13578   0.00991   0.02351   0.03087   0.02145   0.03680   0.02998   0.02057   0.00000   0.02295   0.04867   0.02037   0.00000   0.11154   0.02506   0.03608   0.06106   0.01418   0.01113   0.02490   0.00000   0.07088   0.11531   0.19154   0.02148   0.04792   0.02773   0.01728   0.01847   0.03361   0.02423   0.00000   0.02077   0.05762   0.00000   0.01941   0.10045   0.04356   0.07028   0.05454   0.02009   0.00000   0.00000   0.02541   0.05656   8.40199   1.01383   1.21696   1.34712   1.00077  
  8 7180.7825   2475.722337  x:  0.25819   0.17296   0.13714   0.01639   0.02921   0.03204   0.02509   0.03337   0.01514   0.02353   0.00000   0.01747   0.04665   0.01506   0.00000   0.11199   0.02269   0.03656   0.05908   0.01373   0.01171   0.02170   0.00000   0.07127   0.11553   0.19610   0.01547   0.04837   0.03199   0.02289   0.00877   0.03310   0.01896   0.00000   0.01472   0.05672   0.00000   0.01700   0.10288   0.04135   0.06917   0.05585   0.03448   0.00000   0.00000   0.02412   0.05323   8.38644   1.01828   1.21677   1.35246   1.00529  
  9 111.8297   2475.038454  x:  0.26163   0.17422   0.14087   0.01869   0.03295   0.03307   0.02420   0.03209   0.01405   0.02193   0.00000   0.01642   0.04939   0.01451   0.00000   0.11306   0.02433   0.03672   0.05703   0.00945   0.01245   0.01920   0.00000   0.07170   0.11611   0.19803   0.01159   0.04867   0.03333   0.02898   0.01507   0.03457   0.01230   0.00000   0.01366   0.05571   0.00000   0.01496   0.10411   0.04036   0.06874   0.05661   0.03636   0.00000   0.00000   0.02107   0.05150   8.37858   1.02062   1.21660   1.35503   1.00744  
 10 100.0989   2474.726939  x:  0.26367   0.17537   0.14579   0.01954   0.03385   0.03288   0.02140   0.03160   0.01535   0.02212   0.00000   0.02087   0.05211   0.01522   0.00000   0.11439   0.02428   0.03644   0.05492   0.00910   0.01268   0.02069   0.00000   0.07216   0.11696   0.19954   0.01130   0.04872   0.03230   0.03262   0.01349   0.03565   0.00781   0.00000   0.01441   0.05539   0.00000   0.01708   0.10493   0.04139   0.06852   0.05652   0.03656   0.00000   0.00000   0.02075   0.05201   8.37303   1.02243   1.21637   1.35662   1.00888  
 11 66.8662   2474.391833  x:  0.26738   0.17813   0.15783   0.02002   0.03401   0.03212   0.01755   0.03050   0.01506   0.02311   0.00000   0.01964   0.05470   0.01497   0.00000   0.11750   0.02357   0.03545   0.05031   0.01115   0.01292   0.02190   0.00000   0.07322   0.11921   0.20295   0.01035   0.04868   0.02970   0.03873   0.01400   0.03694   0.01188   0.00000   0.01411   0.05529   0.00000   0.01821   0.10668   0.04295   0.06809   0.05572   0.03635   0.00000   0.00000   0.02200   0.05342   8.36255   1.02622   1.21569   1.35921   1.01146  
 12 54.7772   2474.066866  x:  0.27098   0.18096   0.17005   0.02005   0.02959   0.03165   0.02252   0.03149   0.01629   0.02406   0.00000   0.01886   0.05130   0.01498   0.00000   0.12004   0.02296   0.03405   0.04935   0.00879   0.01319   0.02088   0.00000   0.07393   0.12141   0.20656   0.01557   0.04838   0.02733   0.04090   0.01418   0.03568   0.01093   0.00000   0.01472   0.05664   0.00000   0.01645   0.10719   0.04303   0.06784   0.05454   0.03621   0.00000   0.00000   0.02313   0.05520   8.34649   1.03196   1.21473   1.36276   1.01519  
 13 46.0542   2473.625732  x:  0.27424   0.18330   0.17970   0.01957   0.02343   0.03302   0.02256   0.03398   0.01687   0.02231   0.00000   0.02057   0.04893   0.01669   0.00000   0.12066   0.02514   0.03336   0.05427   0.01372   0.01298   0.01983   0.00000   0.07359   0.12296   0.20981   0.01329   0.04819   0.02937   0.03875   0.01400   0.03344   0.01071   0.00000   0.01616   0.05732   0.00000   0.01381   0.10554   0.04067   0.06756   0.05437   0.03786   0.00000   0.00000   0.01897   0.05397   8.31793   1.04167   1.21339   1.36857   1.02142  
 14 53.6378   2472.394049  x:  0.28007   0.18691   0.19293   0.01760   0.02009   0.03424   0.02015   0.03807   0.01591   0.02011   0.00000   0.01720   0.04816   0.01874   0.00000   0.11852   0.02420   0.03322   0.06723   0.00742   0.01303   0.02248   0.00000   0.07126   0.12443   0.21535   0.00804   0.04840   0.03707   0.02973   0.01375   0.03102   0.01125   0.00000   0.01696   0.05633   0.00000   0.02309   0.09995   0.03872   0.06725   0.05598   0.03903   0.00000   0.00000   0.02328   0.04870   8.23115   1.06987   1.21018   1.38563   1.03975  
 15 133.7215   2469.168683  x:  0.28917   0.19119   0.20422   0.01197   0.03611   0.03186   0.01817   0.03674   0.00988   0.02696   0.00000   0.01744   0.05638   0.01382   0.00000   0.11119   0.02093   0.03348   0.08203   0.01223   0.01268   0.01732   0.00000   0.06667   0.12349   0.22296   0.01671   0.04920   0.04290   0.00885   0.01528   0.03300   0.00854   0.00000   0.01089   0.05338   0.00000   0.02024   0.09325   0.04246   0.06806   0.05944   0.03659   0.00000   0.00000   0.02448   0.04989   8.00987   1.13822   1.20422   1.42803   1.08503  
 16 316.0007   2466.410420  x:  0.29421   0.19219   0.19837   0.00765   0.03840   0.03087   0.02116   0.03175   0.00228   0.02680   0.00000   0.02344   0.05415   0.00997   0.00000   0.10654   0.02427   0.03304   0.08378   0.00749   0.01286   0.02530   0.00000   0.06583   0.12085   0.22579   0.01279   0.04876   0.03871   0.00931   0.01506   0.03219   0.01221   0.00000   0.01164   0.05525   0.00000   0.01526   0.09520   0.04408   0.06839   0.05849   0.03824   0.00000   0.00000   0.02298   0.05519   7.83913   1.18767   1.20187   1.45960   1.11865  
 17 555.3625   2463.375933  x:  0.31195   0.19732   0.17755   0.00282   0.03211   0.03044   0.01973   0.02834   0.00237   0.02706   0.00000   0.01503   0.04874   0.01406   0.00000   0.10204   0.02225   0.03209   0.07672   0.01315   0.01282   0.02572   0.00000   0.06715   0.11710   0.23694   0.00666   0.04772   0.02627   0.00944   0.01653   0.03163   0.00479   0.00000   0.01484   0.05856   0.00000   0.01752   0.09801   0.04662   0.06795   0.05157   0.04063   0.00000   0.00000   0.02586   0.06093   7.63645   1.24449   1.20074   1.49511   1.15800  
 18 723.3186   2462.270887  x:  0.32414   0.20142   0.16692   0.00103   0.02833   0.03152   0.01912   0.02890   0.00275   0.02568   0.00000   0.01896   0.04765   0.01253   0.00000   0.10261   0.02252   0.03253   0.06976   0.01212   0.01293   0.02067   0.00000   0.06856   0.11637   0.24495   0.00817   0.04790   0.02644   0.01062   0.01651   0.03178   0.00718   0.00000   0.01108   0.05798   0.00000   0.02058   0.09907   0.04522   0.06699   0.04939   0.04128   0.00000   0.00000   0.02500   0.05748   7.55970   1.26462   1.20150   1.50718   1.17225  
 19 470.7352   2462.022656  x:  0.32727   0.20243   0.16431   0.00073   0.02651   0.03028   0.01927   0.03029   0.00350   0.02687   0.00000   0.01789   0.04938   0.01105   0.00000   0.10530   0.02244   0.03311   0.06582   0.01201   0.01281   0.02499   0.00000   0.06909   0.11688   0.24693   0.00891   0.04815   0.02945   0.00883   0.01656   0.03156   0.00665   0.00000   0.01239   0.05708   0.00000   0.01800   0.09916   0.04440   0.06648   0.05133   0.04103   0.00000   0.00000   0.02493   0.05591   7.53703   1.26851   1.20334   1.50904   1.17514  
 20 88.0550   2461.515539  x:  0.32377   0.20061   0.16250   0.00062   0.02218   0.02973   0.02005   0.03127   0.00195   0.02838   0.00000   0.01772   0.05118   0.01432   0.00000   0.11259   0.01997   0.03385   0.06146   0.01284   0.01280   0.02318   0.00000   0.06916   0.11896   0.24411   0.00866   0.04819   0.03292   0.00973   0.01677   0.02786   0.00596   0.00000   0.01048   0.05659   0.00000   0.01835   0.09939   0.04486   0.06554   0.05743   0.03967   0.00000   0.00000   0.02561   0.05585   7.48415   1.27352   1.21059   1.50986   1.17858  
 21 68.4969   2459.692551  x:  0.32115   0.19958   0.15993   0.00062   0.02415   0.03027   0.02149   0.03182   0.00245   0.03147   0.00000   0.01958   0.04709   0.01412   0.00000   0.12704   0.02805   0.03328   0.05561   0.01172   0.01266   0.01776   0.00000   0.06808   0.12613   0.24354   0.00250   0.04784   0.03327   0.00447   0.01587   0.02615   0.00652   0.00000   0.01193   0.05672   0.00000   0.01940   0.09470   0.04881   0.06336   0.06262   0.03984   0.00000   0.00000   0.02885   0.06054   7.29655   1.29284   1.23525   1.50979   1.19008  
 22 251.4924   2456.136264  x:  0.31508   0.19720   0.15405   0.00082   0.02302   0.03440   0.01414   0.02728   0.00236   0.02897   0.00000   0.01556   0.04044   0.00382   0.00000   0.14668   0.03858   0.03219   0.05601   0.01305   0.01228   0.01872   0.00000   0.06523   0.13872   0.24235   0.00886   0.04696   0.03387   0.00660   0.01643   0.01966   0.00371   0.00000   0.00747   0.05889   0.00000   0.02431   0.08775   0.05211   0.05941   0.06720   0.04252   0.00000   0.00000   0.02780   0.06598   6.91308   1.33268   1.28478   1.50902   1.21300  
 23 1558.3255   2453.919288  x:  0.31435   0.19714   0.15239   0.00098   0.02342   0.03479   0.01515   0.02162   0.00295   0.02655   0.00000   0.01562   0.04025   0.00665   0.00000   0.15162   0.03678   0.03186   0.05732   0.01261   0.01215   0.02193   0.00000   0.06479   0.14384   0.24359   0.00912   0.04687   0.03350   0.00529   0.01641   0.01847   0.00388   0.00000   0.00175   0.06014   0.00000   0.02364   0.08885   0.05177   0.05792   0.06588   0.04219   0.00000   0.00000   0.02593   0.06638   6.71679   1.35303   1.30948   1.50851   1.22441  
 24 2083.9338   2450.114265  x:  0.31254   0.19690   0.15024   0.00127   0.02360   0.03543   0.01867   0.00729   0.00350   0.02136   0.00000   0.01699   0.04168   0.00476   0.00000   0.15843   0.02714   0.03173   0.05966   0.01268   0.01202   0.02261   0.00000   0.06455   0.15280   0.24543   0.00827   0.04703   0.03433   0.00287   0.01664   0.01417   0.00478   0.00000   0.00349   0.06239   0.00000   0.02416   0.09567   0.05011   0.05508   0.06311   0.04007   0.00000   0.00000   0.02227   0.06453   6.34915   1.39079   1.35552   1.50754   1.24534  
 25 6650.8937   2448.373415  x:  0.31133   0.19655   0.14940   0.00142   0.02302   0.03484   0.02019   0.00936   0.00380   0.02055   0.00000   0.01798   0.04320   0.00129   0.00000   0.15858   0.02181   0.03177   0.06138   0.01278   0.01197   0.02242   0.00000   0.06465   0.15566   0.24577   0.00612   0.04710   0.03384   0.00333   0.01671   0.01305   0.00488   0.00000   0.00282   0.06372   0.00000   0.02357   0.10082   0.04967   0.05427   0.06116   0.03814   0.00000   0.00000   0.02160   0.06433   6.19193   1.40681   1.37479   1.50727   1.25402  
 26 3952.1181   2446.108838  x:  0.30943   0.19629   0.14986   0.00156   0.02424   0.03414   0.01688   0.01221   0.00392   0.02350   0.00000   0.01837   0.04111   0.00216   0.00000   0.15177   0.02286   0.03235   0.06047   0.01204   0.01187   0.02126   0.00000   0.06533   0.15860   0.24578   0.00685   0.04769   0.03892   0.00238   0.01674   0.00539   0.00462   0.00000   0.00317   0.06627   0.00000   0.02270   0.12116   0.04961   0.05218   0.05900   0.03620   0.00000   0.00000   0.02277   0.06296   5.95639   1.43087   1.40224   1.50706   1.26604  
 27 1793.7095   2443.766644  x:  0.30602   0.19540   0.15079   0.00177   0.01918   0.03345   0.01285   0.01239   0.00379   0.02812   0.00000   0.01830   0.03768   0.00208   0.00000   0.14290   0.02572   0.03319   0.05983   0.01137   0.01167   0.01879   0.00000   0.06596   0.16128   0.24446   0.00812   0.04825   0.04685   0.00055   0.01663   0.01012   0.00386   0.00000   0.00301   0.06970   0.00000   0.02231   0.14589   0.04964   0.04981   0.05916   0.03399   0.00000   0.00000   0.02497   0.06190   5.69783   1.45689   1.43196   1.50700   1.27865  
 28 4379.8746   2442.391771  x:  0.30551   0.19556   0.15041   0.00192   0.01320   0.03155   0.01026   0.01015   0.00428   0.03566   0.00000   0.01879   0.03684   0.00199   0.00000   0.13388   0.02916   0.03397   0.06236   0.01072   0.01155   0.01600   0.00000   0.06531   0.16310   0.24508   0.00792   0.04861   0.05511   0.00260   0.01648   0.01214   0.00332   0.00000   0.00268   0.07237   0.00000   0.02061   0.16386   0.05128   0.04798   0.06071   0.03091   0.00000   0.00000   0.02865   0.06272   5.48822   1.47880   1.45528   1.50694   1.28898  
 29 7626.9813   2441.629397  x:  0.30709   0.19636   0.15139   0.00197   0.01003   0.03490   0.01717   0.01030   0.00442   0.03519   0.00000   0.01683   0.04327   0.00183   0.00000   0.12520   0.03464   0.03320   0.06002   0.01257   0.01159   0.01619   0.00000   0.06499   0.16098   0.24538   0.00861   0.04772   0.05792   0.00257   0.01656   0.01209   0.00370   0.00000   0.00265   0.07179   0.00000   0.02601   0.17133   0.05429   0.04959   0.06673   0.03271   0.00000   0.00000   0.02664   0.06680   5.38816   1.48833   1.46325   1.50801   1.29163  
 30 428.9303   2440.660460  x:  0.31442   0.19919   0.15367   0.00209   0.01003   0.03645   0.01449   0.01061   0.00535   0.02916   0.00000   0.01766   0.03630   0.00197   0.00000   0.11262   0.02904   0.03079   0.05375   0.01153   0.01155   0.01601   0.00000   0.06492   0.15162   0.24595   0.00833   0.04479   0.06100   0.00255   0.01686   0.01202   0.00424   0.00000   0.00270   0.07033   0.00000   0.02623   0.17271   0.05577   0.05486   0.08642   0.03358   0.00000   0.00000   0.02387   0.07708   5.26111   1.49712   1.46541   1.51217   1.28851  
 31 195.6011   2439.247456  x:  0.32249   0.20133   0.15701   0.00224   0.00751   0.03203   0.01284   0.00844   0.00536   0.02396   0.00000   0.01948   0.03896   0.00124   0.00000   0.10864   0.03331   0.03394   0.04938   0.01304   0.01134   0.01379   0.00000   0.06938   0.13074   0.23907   0.00932   0.04816   0.05380   0.00220   0.01659   0.01024   0.00346   0.00000   0.00202   0.07424   0.00000   0.02328   0.16934   0.04592   0.05234   0.09796   0.03626   0.00000   0.00000   0.03434   0.07335   5.06698   1.50168   1.45615   1.52403   1.27139  
 32 160.6099   2435.358751  x:  0.34965   0.21011   0.15584   0.00241   0.01038   0.03963   0.01325   0.00772   0.00589   0.03802   0.00000   0.01822   0.03617   0.00098   0.00000   0.12563   0.03319   0.03633   0.05385   0.01170   0.01068   0.01659   0.00000   0.07017   0.09273   0.22553   0.00868   0.05053   0.04407   0.00235   0.01699   0.01028   0.00466   0.00000   0.00195   0.09476   0.00000   0.02971   0.17643   0.04415   0.03391   0.11635   0.02932   0.00000   0.00000   0.02300   0.06555   4.52444   1.51222   1.42232   1.55783   1.21580  
 33 521.5676   2425.235354  x:  0.40556   0.22863   0.13699   0.00350   0.00626   0.03278   0.01029   0.00706   0.00677   0.03019   0.00000   0.01814   0.03892   0.00082   0.00000   0.17667   0.03388   0.03238   0.06348   0.01033   0.00990   0.01448   0.00000   0.05479   0.07588   0.19917   0.01004   0.04493   0.05101   0.00223   0.01639   0.01018   0.00497   0.00000   0.00161   0.11394   0.00000   0.02738   0.20490   0.06694   0.07692   0.11774   0.03000   0.00000   0.00000   0.02241   0.05818   3.05232   1.53639   1.32398   1.64776   1.05526  
 34 1022.7194   2419.614151  x:  0.42397   0.23274   0.12388   0.00405   0.00527   0.03889   0.00935   0.00835   0.00744   0.02303   0.00000   0.01970   0.04310   0.00134   0.00000   0.18309   0.02936   0.03727   0.06399   0.00995   0.00966   0.01364   0.00000   0.06163   0.10443   0.19836   0.01100   0.04507   0.05959   0.00225   0.01654   0.01085   0.00514   0.00000   0.00187   0.10931   0.00000   0.02542   0.21139   0.05731   0.05346   0.11648   0.03096   0.00000   0.00000   0.02793   0.08050   2.27469   1.54690   1.27714   1.68904   0.96932  
 35 1285.3613   2418.709225  x:  0.42145   0.22902   0.12384   0.00411   0.00314   0.03371   0.00911   0.00738   0.00722   0.02973   0.00000   0.01866   0.04100   0.00102   0.00000   0.17757   0.03023   0.03475   0.05966   0.00893   0.00943   0.01386   0.00000   0.06154   0.10882   0.20315   0.01039   0.04397   0.05695   0.00212   0.01635   0.01012   0.00514   0.00000   0.00164   0.10326   0.00000   0.02851   0.20665   0.05382   0.05344   0.11509   0.02815   0.00000   0.00000   0.02170   0.07727   2.14997   1.54525   1.27435   1.69249   0.95515  
 36 393.4723   2418.091640  x:  0.41909   0.22367   0.12366   0.00399   0.00520   0.03015   0.00909   0.00717   0.00709   0.03213   0.00000   0.01849   0.04231   0.00093   0.00000   0.17549   0.03187   0.03130   0.06117   0.00901   0.00931   0.01374   0.00000   0.06018   0.11306   0.21708   0.01026   0.04012   0.05270   0.00214   0.01637   0.01011   0.00519   0.00000   0.00160   0.11163   0.00000   0.03058   0.20721   0.04744   0.05647   0.12139   0.02760   0.00000   0.00000   0.02066   0.07490   2.05354   1.53911   1.28175   1.68845   0.94417  
 37 186.4564   2417.389552  x:  0.41419   0.21601   0.12591   0.00386   0.00485   0.03813   0.00854   0.00703   0.00696   0.03143   0.00000   0.01927   0.04211   0.00090   0.00000   0.17075   0.03119   0.03366   0.06078   0.00923   0.00919   0.01466   0.00000   0.05568   0.11170   0.23566   0.00997   0.04541   0.04846   0.00212   0.01640   0.00990   0.00498   0.00000   0.00158   0.11663   0.00000   0.02664   0.20509   0.05583   0.05692   0.12518   0.02783   0.00000   0.00000   0.02377   0.06754   1.94902   1.53088   1.29615   1.67834   0.93303  
 38 185.9190   2417.050939  x:  0.41336   0.21484   0.12789   0.00377   0.00486   0.03159   0.00881   0.00731   0.00692   0.02733   0.00000   0.01856   0.04187   0.00097   0.00000   0.17065   0.03162   0.03597   0.06262   0.00903   0.00926   0.01383   0.00000   0.05936   0.10520   0.24121   0.00998   0.04486   0.05112   0.00210   0.01617   0.00994   0.00498   0.00000   0.00159   0.11695   0.00000   0.02685   0.20423   0.06363   0.05333   0.12300   0.02955   0.00000   0.00000   0.02200   0.06863   1.90247   1.52690   1.30749   1.66847   0.92921  
 39 81.5286   2416.663553  x:  0.41531   0.21888   0.13107   0.00360   0.00486   0.03617   0.00828   0.00691   0.00670   0.02872   0.00000   0.01854   0.04273   0.00091   0.00000   0.17168   0.03124   0.03193   0.06381   0.00885   0.00928   0.01380   0.00000   0.06228   0.09406   0.23823   0.00963   0.04079   0.05618   0.00204   0.01623   0.00978   0.00463   0.00000   0.00150   0.11234   0.00000   0.02635   0.20242   0.06157   0.05527   0.11511   0.02893   0.00000   0.00000   0.02365   0.07432   1.85261   1.52219   1.32538   1.65062   0.92673  
 40 57.5097   2416.361427  x:  0.42028   0.22662   0.13329   0.00346   0.00517   0.03469   0.00845   0.00703   0.00662   0.02941   0.00000   0.01807   0.04251   0.00095   0.00000   0.17092   0.03131   0.03495   0.06422   0.00867   0.00926   0.01385   0.00000   0.05600   0.09144   0.22971   0.00940   0.04761   0.05588   0.00205   0.01621   0.00983   0.00462   0.00000   0.00153   0.11024   0.00000   0.02796   0.20199   0.05767   0.05729   0.11267   0.02866   0.00000   0.00000   0.02208   0.07850   1.81711   1.52092   1.33984   1.63317   0.92679  
 41 58.6044   2415.979991  x:  0.42822   0.23820   0.13464   0.00337   0.00530   0.03457   0.00864   0.00720   0.00647   0.02958   0.00000   0.01832   0.04243   0.00098   0.00000   0.16592   0.03179   0.03456   0.06549   0.00879   0.00913   0.01437   0.00000   0.05676   0.09719   0.21243   0.00948   0.04292   0.04905   0.00208   0.01610   0.00988   0.00455   0.00000   0.00159   0.10850   0.00000   0.02637   0.20044   0.06089   0.05626   0.11639   0.02879   0.00000   0.00000   0.02269   0.07092   1.78022   1.52390   1.35428   1.60938   0.92974  
 42 43.3064   2415.833613  x:  0.42857   0.23705   0.13426   0.00342   0.00539   0.03467   0.00860   0.00738   0.00647   0.03010   0.00000   0.01831   0.04265   0.00104   0.00000   0.16594   0.03165   0.03034   0.06536   0.00870   0.00908   0.01452   0.00000   0.06250   0.09792   0.21045   0.00945   0.04826   0.04846   0.00211   0.01609   0.00996   0.00462   0.00000   0.00165   0.10972   0.00000   0.02649   0.19969   0.06096   0.05809   0.11738   0.02858   0.00000   0.00000   0.02220   0.06973   1.77345   1.52871   1.35370   1.60099   0.93311  
 43 12.2907   2414.879453  x:  0.42323   0.21698   0.13499   0.00386   0.00500   0.03634   0.00907   0.00882   0.00674   0.03133   0.00000   0.01880   0.04418   0.00150   0.00000   0.16995   0.02980   0.03936   0.05438   0.00847   0.00884   0.01522   0.00000   0.06623   0.09199   0.21136   0.00944   0.04340   0.04639   0.00231   0.01598   0.01083   0.00488   0.00000   0.00207   0.11489   0.00000   0.02727   0.19564   0.05325   0.06420   0.11499   0.02733   0.00000   0.00000   0.02080   0.06640   1.74815   1.56344   1.33546   1.55174   0.95846  
 44 25.7577   2414.551245  x:  0.42088   0.21287   0.13469   0.00399   0.00460   0.03435   0.00926   0.00955   0.00682   0.02874   0.00000   0.01921   0.04526   0.00172   0.00000   0.17191   0.02942   0.03114   0.05241   0.00863   0.00878   0.01504   0.00000   0.05903   0.08901   0.21282   0.00971   0.04270   0.04483   0.00237   0.01584   0.01120   0.00489   0.00000   0.00224   0.11174   0.00000   0.02639   0.19707   0.05198   0.05974   0.11503   0.02817   0.00000   0.00000   0.02199   0.06479   1.74384   1.56738   1.32898   1.54021   0.96477  
 45 32.1110   2412.688893  x:  0.40833   0.21640   0.13539   0.00396   0.00475   0.03456   0.00983   0.00995   0.00676   0.02829   0.00000   0.01924   0.04357   0.00180   0.00000   0.18241   0.03154   0.03426   0.06437   0.00856   0.00809   0.01608   0.00000   0.06287   0.08333   0.22529   0.00997   0.04332   0.02590   0.00255   0.01541   0.01163   0.00483   0.00000   0.00237   0.07599   0.00000   0.02581   0.21075   0.04681   0.06103   0.12385   0.02762   0.00000   0.00000   0.02320   0.06317   1.74493   1.52486   1.29682   1.51377   0.98025  
 46 18.7491   2399.314462  x:  0.32054   0.26863   0.16726   0.00329   0.00645   0.03813   0.00910   0.01168   0.00488   0.02490   0.00000   0.01668   0.04931   0.00247   0.00000   0.14761   0.02851   0.02922   0.03133   0.00430   0.00467   0.01668   0.00000   0.06648   0.08235   0.23236   0.00583   0.04327   0.02141   0.00267   0.01230   0.01168   0.00227   0.00000   0.00270   0.07144   0.00000   0.02287   0.17453   0.05077   0.05741   0.08691   0.01812   0.00000   0.00000   0.01428   0.05645   1.78886   1.12359   1.07329   1.39047   1.05199  
 47 72.6428   2397.385840  x:  0.35976   0.20717   0.18206   0.00269   0.00707   0.03857   0.00907   0.01135   0.00455   0.02444   0.00000   0.01581   0.04889   0.00240   0.00000   0.14066   0.02912   0.02874   0.03324   0.00381   0.00414   0.01670   0.00000   0.06580   0.09090   0.21308   0.00523   0.04400   0.01885   0.00265   0.01184   0.01142   0.00184   0.00000   0.00259   0.06303   0.00000   0.02264   0.17178   0.05271   0.05581   0.07951   0.01659   0.00000   0.00000   0.01336   0.05893   1.80795   1.05882   1.05595   1.37268   1.02667  
 48 38.3534   2394.591754  x:  0.35641   0.21492   0.18652   0.00254   0.00689   0.03805   0.00893   0.01240   0.00403   0.02535   0.00000   0.01586   0.05136   0.00272   0.00000   0.13226   0.02807   0.02834   0.03150   0.00326   0.00373   0.01750   0.00000   0.06700   0.09209   0.22375   0.00466   0.04356   0.01487   0.00271   0.01165   0.01185   0.00201   0.00000   0.00292   0.06180   0.00000   0.02124   0.16216   0.05095   0.05536   0.07235   0.01573   0.00000   0.00000   0.01314   0.05835   1.89226   1.07950   1.08976   1.34147   0.80482  
 49 15.0060   2393.068830  x:  0.36146   0.21651   0.18524   0.00263   0.00590   0.03628   0.00847   0.01402   0.00388   0.02563   0.00000   0.01640   0.05517   0.00312   0.00000   0.12976   0.02664   0.02867   0.03624   0.00389   0.00422   0.01865   0.00000   0.06872   0.09387   0.23181   0.00459   0.04233   0.01272   0.00280   0.01150   0.01261   0.00384   0.00000   0.00347   0.06941   0.00000   0.01923   0.15279   0.04521   0.05791   0.06873   0.01426   0.00000   0.00000   0.01545   0.05976   1.95842   1.04968   1.18735   1.40365   0.85194  
 50  2.6755   2390.656494  x:  0.32549   0.20286   0.19631   0.00225   0.00655   0.03395   0.00941   0.01380   0.00374   0.02304   0.00000   0.01665   0.05540   0.00261   0.00000   0.12385   0.02785   0.02880   0.04111   0.00667   0.00588   0.02056   0.00000   0.06980   0.10353   0.22842   0.00501   0.04426   0.02131   0.00285   0.01200   0.01272   0.00678   0.00000   0.00361   0.06730   0.00000   0.01629   0.14422   0.04821   0.05652   0.05301   0.01587   0.00000   0.00000   0.02018   0.06821   1.96585   0.99069   1.08733   1.26426   0.83761  
 51  1.9198   2390.089843  x:  0.30802   0.19172   0.19812   0.00236   0.00695   0.03383   0.01039   0.01405   0.00393   0.02152   0.00000   0.01689   0.05531   0.00257   0.00000   0.12231   0.02759   0.02892   0.03675   0.00711   0.00607   0.02094   0.00000   0.07071   0.10555   0.22015   0.00548   0.04477   0.02227   0.00297   0.01186   0.01309   0.00716   0.00000   0.00372   0.06211   0.00000   0.01552   0.14314   0.04792   0.05651   0.04733   0.01556   0.00000   0.00000   0.02038   0.06828   1.95197   1.05759   1.14400   1.35399   0.83843  
 52  2.8198   2388.868621  x:  0.28683   0.18881   0.18948   0.00277   0.00730   0.03274   0.01241   0.01506   0.00539   0.01981   0.00000   0.01977   0.06129   0.00272   0.00000   0.12027   0.02314   0.03036   0.04523   0.00492   0.00708   0.01984   0.00000   0.07211   0.11714   0.22642   0.00662   0.04564   0.01874   0.00321   0.01185   0.01438   0.00593   0.00000   0.00416   0.06692   0.00000   0.01363   0.13212   0.04955   0.05708   0.05212   0.01881   0.00000   0.00000   0.01872   0.07331   1.99337   1.09294   1.16933   1.33435   0.87387  
 53  0.2123   2388.488004  x:  0.30664   0.19471   0.17877   0.00353   0.00777   0.03224   0.01346   0.01586   0.00555   0.02004   0.00000   0.02086   0.06335   0.00283   0.00000   0.12056   0.02276   0.03189   0.04137   0.00555   0.00685   0.01995   0.00000   0.07407   0.11943   0.23471   0.00739   0.04624   0.02169   0.00339   0.01237   0.01521   0.00568   0.00000   0.00448   0.06159   0.00000   0.01359   0.12908   0.04954   0.05707   0.05078   0.02073   0.00000   0.00000   0.01858   0.07270   2.00741   1.08517   1.18631   1.33029   0.87575  
 54  0.1969   2388.031721  x:  0.29878   0.19262   0.17438   0.00395   0.00843   0.03205   0.01400   0.01708   0.00596   0.01818   0.00000   0.02069   0.06516   0.00318   0.00000   0.12052   0.02491   0.03274   0.04227   0.00852   0.00605   0.01996   0.00000   0.07583   0.12438   0.23173   0.00784   0.04625   0.01931   0.00383   0.01323   0.01673   0.00558   0.00000   0.00493   0.06540   0.00000   0.01766   0.13257   0.04718   0.06015   0.05492   0.02203   0.00000   0.00000   0.01866   0.07257   1.96348   1.07723   1.17145   1.34433   0.84367  
 55  0.1716   2387.670371  x:  0.29923   0.19095   0.16700   0.00463   0.00983   0.03170   0.01268   0.01812   0.00640   0.02095   0.00000   0.01977   0.06847   0.00362   0.00000   0.11722   0.02658   0.03351   0.04185   0.00672   0.00660   0.01849   0.00000   0.07620   0.12661   0.22680   0.00818   0.04626   0.01857   0.00427   0.01299   0.01820   0.00711   0.00000   0.00534   0.06309   0.00000   0.01667   0.13207   0.04990   0.06175   0.05356   0.01875   0.00000   0.00000   0.01939   0.07166   1.93748   1.07438   1.14083   1.33433   0.84544  
 56  0.0712   2387.469426  x:  0.29874   0.19234   0.16884   0.00506   0.01063   0.03237   0.01286   0.01905   0.00656   0.01916   0.00000   0.01902   0.06902   0.00421   0.00000   0.11950   0.02619   0.03204   0.04354   0.00562   0.00619   0.01950   0.00000   0.07618   0.12601   0.22570   0.00704   0.04530   0.02096   0.00479   0.01292   0.01980   0.00683   0.00000   0.00569   0.06711   0.00000   0.01658   0.13550   0.04909   0.06380   0.04932   0.01821   0.00000   0.00000   0.01916   0.07187   1.95371   1.07227   1.15381   1.33606   0.85120  
 57  0.0323   2387.327618  x:  0.29908   0.19087   0.17387   0.00550   0.01171   0.03283   0.01283   0.01942   0.00674   0.01879   0.00000   0.01876   0.06816   0.00483   0.00000   0.11924   0.02538   0.03086   0.04200   0.00696   0.00681   0.01987   0.00000   0.07554   0.12454   0.22426   0.00613   0.04536   0.01895   0.00526   0.01295   0.02090   0.00665   0.00000   0.00591   0.06571   0.00000   0.01544   0.13465   0.04961   0.06301   0.05142   0.01902   0.00000   0.00000   0.01924   0.07107   1.97451   1.07361   1.15886   1.32418   0.86147  
 58  0.0343   2387.269157  x:  0.29865   0.19153   0.17632   0.00579   0.01231   0.03265   0.01333   0.01965   0.00688   0.02034   0.00000   0.01955   0.06689   0.00526   0.00000   0.11895   0.02546   0.03101   0.04301   0.00667   0.00623   0.01936   0.00000   0.07517   0.12278   0.22554   0.00647   0.04557   0.01972   0.00552   0.01297   0.02129   0.00656   0.00000   0.00620   0.06505   0.00000   0.01553   0.13269   0.04897   0.06202   0.05327   0.01916   0.00000   0.00000   0.01988   0.07195   1.96651   1.07266   1.16107   1.33307   0.85461  
 59  0.0213   2387.238993  x:  0.29959   0.19167   0.17615   0.00596   0.01275   0.03272   0.01272   0.01973   0.00676   0.01955   0.00000   0.01948   0.06613   0.00550   0.00000   0.11896   0.02630   0.03162   0.04256   0.00622   0.00638   0.01916   0.00000   0.07484   0.12235   0.22653   0.00687   0.04577   0.01919   0.00572   0.01286   0.02141   0.00675   0.00000   0.00636   0.06452   0.00000   0.01641   0.13200   0.04880   0.06112   0.05235   0.02003   0.00000   0.00000   0.01925   0.07252   1.96064   1.07254   1.15847   1.33013   0.85545  
 60  0.0153   2387.221266  x:  0.30030   0.19226   0.17475   0.00614   0.01307   0.03250   0.01291   0.01961   0.00670   0.01933   0.00000   0.01955   0.06530   0.00579   0.00000   0.11884   0.02570   0.03218   0.04276   0.00647   0.00648   0.01906   0.00000   0.07473   0.12211   0.22766   0.00690   0.04585   0.01906   0.00587   0.01288   0.02133   0.00652   0.00000   0.00643   0.06543   0.00000   0.01642   0.13203   0.04923   0.06095   0.05156   0.01884   0.00000   0.00000   0.01902   0.07257   1.95518   1.07429   1.15615   1.32901   0.85368  
 61  0.0089   2387.209671  x:  0.29984   0.19137   0.17392   0.00632   0.01329   0.03233   0.01261   0.01936   0.00655   0.01915   0.00000   0.01926   0.06475   0.00603   0.00000   0.11883   0.02596   0.03228   0.04255   0.00638   0.00625   0.01956   0.00000   0.07484   0.12258   0.22739   0.00689   0.04585   0.01947   0.00601   0.01288   0.02095   0.00651   0.00000   0.00646   0.06545   0.00000   0.01587   0.13362   0.04947   0.06130   0.05228   0.01901   0.00000   0.00000   0.01924   0.07237   1.95733   1.07619   1.15603   1.33032   0.85495  
 62  0.0039   2387.201747  x:  0.29894   0.19149   0.17397   0.00639   0.01336   0.03266   0.01275   0.01915   0.00640   0.01963   0.00000   0.01922   0.06450   0.00625   0.00000   0.11891   0.02593   0.03192   0.04260   0.00636   0.00659   0.01931   0.00000   0.07499   0.12304   0.22672   0.00682   0.04572   0.01948   0.00610   0.01291   0.02042   0.00635   0.00000   0.00644   0.06537   0.00000   0.01607   0.13389   0.04915   0.06176   0.05179   0.01931   0.00000   0.00000   0.01920   0.07215   1.95971   1.07418   1.15639   1.33080   0.85455  
 63  0.0042   2387.197605  x:  0.29880   0.19149   0.17426   0.00643   0.01333   0.03268   0.01275   0.01905   0.00633   0.01954   0.00000   0.01931   0.06475   0.00634   0.00000   0.11890   0.02580   0.03175   0.04262   0.00644   0.00624   0.01911   0.00000   0.07504   0.12337   0.22612   0.00683   0.04574   0.01935   0.00612   0.01288   0.01995   0.00639   0.00000   0.00641   0.06514   0.00000   0.01617   0.13307   0.04916   0.06168   0.05163   0.01927   0.00000   0.00000   0.01918   0.07230   1.96051   1.07365   1.15597   1.32844   0.85574  
 64  0.0039   2387.195135  x:  0.29955   0.19149   0.17461   0.00645   0.01325   0.03255   0.01275   0.01907   0.00632   0.01929   0.00000   0.01941   0.06516   0.00639   0.00000   0.11889   0.02579   0.03175   0.04263   0.00638   0.00642   0.01920   0.00000   0.07509   0.12335   0.22603   0.00686   0.04576   0.01939   0.00614   0.01285   0.01960   0.00640   0.00000   0.00640   0.06513   0.00000   0.01613   0.13272   0.04922   0.06149   0.05210   0.01915   0.00000   0.00000   0.01920   0.07252   1.95886   1.07346   1.15622   1.32924   0.85409  
 65  0.0039   2387.193823  x:  0.29972   0.19163   0.17466   0.00646   0.01315   0.03251   0.01282   0.01923   0.00634   0.01946   0.00000   0.01940   0.06549   0.00641   0.00000   0.11886   0.02595   0.03195   0.04269   0.00641   0.00639   0.01933   0.00000   0.07507   0.12310   0.22664   0.00684   0.04576   0.01928   0.00617   0.01290   0.01943   0.00643   0.00000   0.00640   0.06533   0.00000   0.01612   0.13307   0.04931   0.06142   0.05192   0.01923   0.00000   0.00000   0.01920   0.07260   1.95837   1.07427   1.15661   1.32939   0.85484  
 66  0.0012   2387.193312  x:  0.29934   0.19160   0.17467   0.00648   0.01310   0.03261   0.01282   0.01936   0.00638   0.01940   0.00000   0.01936   0.06553   0.00643   0.00000   0.11906   0.02583   0.03197   0.04263   0.00640   0.00640   0.01922   0.00000   0.07504   0.12302   0.22676   0.00685   0.04577   0.01934   0.00621   0.01292   0.01941   0.00648   0.00000   0.00642   0.06520   0.00000   0.01615   0.13339   0.04925   0.06141   0.05197   0.01918   0.00000   0.00000   0.01918   0.07250   1.95839   1.07403   1.15664   1.32929   0.85487  
 67  0.0006   2387.192986  x:  0.29935   0.19156   0.17456   0.00649   0.01305   0.03257   0.01280   0.01945   0.00641   0.01939   0.00000   0.01936   0.06543   0.00644   0.00000   0.11882   0.02581   0.03191   0.04254   0.00639   0.00640   0.01924   0.00000   0.07502   0.12292   0.22654   0.00684   0.04577   0.01935   0.00625   0.01291   0.01942   0.00650   0.00000   0.00644   0.06537   0.00000   0.01611   0.13310   0.04922   0.06146   0.05189   0.01922   0.00000   0.00000   0.01923   0.07239   1.95858   1.07396   1.15658   1.32954   0.85474  
 68  0.0005   2387.192770  x:  0.29937   0.19164   0.17451   0.00649   0.01299   0.03254   0.01279   0.01948   0.00642   0.01941   0.00000   0.01937   0.06530   0.00646   0.00000   0.11887   0.02586   0.03185   0.04268   0.00641   0.00641   0.01929   0.00000   0.07500   0.12296   0.22646   0.00684   0.04576   0.01935   0.00629   0.01288   0.01942   0.00649   0.00000   0.00645   0.06520   0.00000   0.01614   0.13308   0.04924   0.06149   0.05192   0.01918   0.00000   0.00000   0.01918   0.07241   1.95926   1.07427   1.15679   1.32949   0.85491  
 69  0.0007   2387.192640  x:  0.29954   0.19154   0.17451   0.00647   0.01293   0.03256   0.01283   0.01945   0.00643   0.01940   0.00000   0.01938   0.06519   0.00646   0.00000   0.11898   0.02586   0.03188   0.04263   0.00640   0.00640   0.01927   0.00000   0.07503   0.12309   0.22648   0.00685   0.04577   0.01931   0.00632   0.01288   0.01943   0.00648   0.00000   0.00645   0.06522   0.00000   0.01612   0.13314   0.04925   0.06148   0.05194   0.01919   0.00000   0.00000   0.01922   0.07244   1.95866   1.07395   1.15641   1.32907   0.85485  
 70  0.0008   2387.192539  x:  0.29952   0.19152   0.17453   0.00646   0.01288   0.03259   0.01279   0.01941   0.00642   0.01942   0.00000   0.01937   0.06523   0.00646   0.00000   0.11886   0.02584   0.03194   0.04262   0.00640   0.00640   0.01924   0.00000   0.07504   0.12315   0.22655   0.00684   0.04578   0.01934   0.00634   0.01289   0.01944   0.00647   0.00000   0.00644   0.06527   0.00000   0.01613   0.13312   0.04928   0.06143   0.05196   0.01921   0.00000   0.00000   0.01917   0.07247   1.95861   1.07404   1.15650   1.32932   0.85480  
 71  0.0003   2387.192488  x:  0.29936   0.19166   0.17455   0.00645   0.01287   0.03255   0.01279   0.01938   0.00642   0.01940   0.00000   0.01937   0.06530   0.00646   0.00000   0.11887   0.02585   0.03193   0.04261   0.00640   0.00640   0.01926   0.00000   0.07505   0.12307   0.22653   0.00684   0.04578   0.01933   0.00636   0.01290   0.01947   0.00647   0.00000   0.00644   0.06522   0.00000   0.01612   0.13312   0.04926   0.06144   0.05192   0.01920   0.00000   0.00000   0.01921   0.07247   1.95868   1.07395   1.15643   1.32933   0.85481  
 72  0.0002   2387.192463  x:  0.29945   0.19156   0.17457   0.00645   0.01288   0.03256   0.01280   0.01936   0.00641   0.01941   0.00000   0.01937   0.06534   0.00647   0.00000   0.11891   0.02586   0.03190   0.04260   0.00640   0.00640   0.01925   0.00000   0.07504   0.12303   0.22650   0.00685   0.04578   0.01934   0.00637   0.01290   0.01949   0.00647   0.00000   0.00644   0.06525   0.00000   0.01613   0.13312   0.04926   0.06146   0.05193   0.01919   0.00000   0.00000   0.01920   0.07245   1.95885   1.07412   1.15652   1.32929   0.85484  
 73  0.0003   2387.192449  x:  0.29947   0.19158   0.17453   0.00645   0.01289   0.03258   0.01280   0.01936   0.00640   0.01940   0.00000   0.01937   0.06535   0.00647   0.00000   0.11890   0.02584   0.03190   0.04263   0.00640   0.00640   0.01926   0.00000   0.07503   0.12302   0.22651   0.00685   0.04577   0.01934   0.00639   0.01289   0.01949   0.00648   0.00000   0.00644   0.06523   0.00000   0.01612   0.13311   0.04927   0.06145   0.05194   0.01920   0.00000   0.00000   0.01919   0.07244   1.95852   1.07406   1.15647   1.32939   0.85476  
 74  0.0002   2387.192431  x:  0.29944   0.19160   0.17451   0.00644   0.01291   0.03257   0.01280   0.01938   0.00640   0.01941   0.00000   0.01937   0.06534   0.00646   0.00000   0.11889   0.02584   0.03192   0.04261   0.00640   0.00640   0.01926   0.00000   0.07503   0.12306   0.22654   0.00684   0.04578   0.01934   0.00640   0.01289   0.01948   0.00648   0.00000   0.00644   0.06524   0.00000   0.01613   0.13310   0.04924   0.06145   0.05196   0.01919   0.00000   0.00000   0.01921   0.07245   1.95864   1.07403   1.15654   1.32930   0.85488  
 75  0.0001   2387.192423  x:  0.29945   0.19158   0.17454   0.00643   0.01291   0.03256   0.01280   0.01938   0.00640   0.01941   0.00000   0.01937   0.06533   0.00645   0.00000   0.11891   0.02584   0.03191   0.04262   0.00640   0.00640   0.01925   0.00000   0.07503   0.12306   0.22653   0.00685   0.04578   0.01934   0.00640   0.01290   0.01947   0.00648   0.00000   0.00643   0.06525   0.00000   0.01612   0.13311   0.04926   0.06146   0.05194   0.01920   0.00000   0.00000   0.01920   0.07245   1.95878   1.07405   1.15653   1.32936   0.85480  
 76  0.0001   2387.192422  x:  0.29945   0.19158   0.17454   0.00643   0.01291   0.03256   0.01280   0.01938   0.00640   0.01941   0.00000   0.01937   0.06533   0.00644   0.00000   0.11889   0.02585   0.03190   0.04262   0.00640   0.00640   0.01926   0.00000   0.07503   0.12305   0.22653   0.00684   0.04578   0.01934   0.00640   0.01290   0.01947   0.00648   0.00000   0.00643   0.06524   0.00000   0.01613   0.13311   0.04925   0.06145   0.05194   0.01919   0.00000   0.00000   0.01920   0.07245   1.95873   1.07406   1.15650   1.32935   0.85482  
 77  0.0000   2387.192421  x:  0.29945   0.19158   0.17454   0.00643   0.01292   0.03256   0.01280   0.01938   0.00640   0.01941   0.00000   0.01937   0.06533   0.00644   0.00000   0.11890   0.02585   0.03191   0.04261   0.00640   0.00640   0.01926   0.00000   0.07504   0.12304   0.22653   0.00685   0.04578   0.01934   0.00641   0.01290   0.01946   0.00647   0.00000   0.00643   0.06524   0.00000   0.01612   0.13311   0.04925   0.06145   0.05194   0.01920   0.00000   0.00000   0.01920   0.07245   1.95871   1.07406   1.15650   1.32934   0.85481  
 78  0.0000   2387.192421  x:  0.29945   0.19158   0.17454   0.00643   0.01292   0.03256   0.01280   0.01938   0.00641   0.01941   0.00000   0.01937   0.06533   0.00644   0.00000   0.11890   0.02585   0.03191   0.04262   0.00640   0.00640   0.01926   0.00000   0.07503   0.12304   0.22653   0.00685   0.04578   0.01934   0.00641   0.01290   0.01946   0.00647   0.00000   0.00643   0.06524   0.00000   0.01613   0.13311   0.04926   0.06145   0.05194   0.01920   0.00000   0.00000   0.01920   0.07245   1.95872   1.07406   1.15650   1.32934   0.85481  
 79  0.0000   2387.192421  x:  0.29945   0.19158   0.17454   0.00643   0.01292   0.03256   0.01280   0.01937   0.00641   0.01941   0.00000   0.01937   0.06533   0.00644   0.00000   0.11890   0.02585   0.03191   0.04262   0.00640   0.00640   0.01926   0.00000   0.07503   0.12305   0.22653   0.00685   0.04578   0.01934   0.00641   0.01290   0.01947   0.00647   0.00000   0.00643   0.06524   0.00000   0.01613   0.13311   0.04925   0.06145   0.05194   0.01920   0.00000   0.00000   0.01920   0.07245   1.95872   1.07405   1.15650   1.32934   0.85481  
 80  0.0000   2387.192421  x:  0.29945   0.19158   0.17454   0.00643   0.01292   0.03256   0.01280   0.01937   0.00641   0.01941   0.00000   0.01937   0.06533   0.00644   0.00000   0.11890   0.02585   0.03191   0.04262   0.00640   0.00640   0.01926   0.00000   0.07503   0.12305   0.22653   0.00684   0.04578   0.01934   0.00641   0.01290   0.01946   0.00647   0.00000   0.00643   0.06524   0.00000   0.01613   0.13311   0.04926   0.06145   0.05194   0.01920   0.00000   0.00000   0.01920   0.07245   1.95872   1.07406   1.15651   1.32935   0.85481  
 81  0.0000   2387.192421  x:  0.29945   0.19158   0.17454   0.00643   0.01292   0.03256   0.01280   0.01937   0.00641   0.01941   0.00000   0.01937   0.06533   0.00644   0.00000   0.11890   0.02585   0.03191   0.04262   0.00640   0.00640   0.01926   0.00000   0.07503   0.12304   0.22653   0.00684   0.04578   0.01934   0.00641   0.01290   0.01946   0.00647   0.00000   0.00643   0.06524   0.00000   0.01613   0.13311   0.04925   0.06145   0.05194   0.01920   0.00000   0.00000   0.01920   0.07245   1.95872   1.07406   1.15650   1.32935   0.85481  
 82  0.0000   2387.192421  x:  0.29945   0.19158   0.17454   0.00643   0.01292   0.03256   0.01280   0.01937   0.00641   0.01941   0.00000   0.01937   0.06533   0.00644   0.00000   0.11890   0.02585   0.03191   0.04262   0.00640   0.00640   0.01926   0.00000   0.07503   0.12304   0.22653   0.00685   0.04578   0.01934   0.00641   0.01290   0.01946   0.00647   0.00000   0.00643   0.06524   0.00000   0.01613   0.13311   0.04926   0.06145   0.05194   0.01920   0.00000   0.00000   0.01920   0.07245   1.95872   1.07405   1.15650   1.32934   0.85481  
 83  0.0000   2387.192421  x:  0.29945   0.19158   0.17454   0.00643   0.01292   0.03256   0.01280   0.01937   0.00641   0.01941   0.00000   0.01937   0.06533   0.00644   0.00000   0.11890   0.02585   0.03191   0.04262   0.00640   0.00640   0.01926   0.00000   0.07503   0.12305   0.22653   0.00684   0.04578   0.01934   0.00641   0.01290   0.01947   0.00647   0.00000   0.00643   0.06524   0.00000   0.01613   0.13311   0.04926   0.06145   0.05194   0.01920   0.00000   0.00000   0.01920   0.07245   1.95872   1.07406   1.15650   1.32934   0.85481  
 84  0.0000   2387.192421  x:  0.29945   0.19158   0.17454   0.00643   0.01292   0.03256   0.01280   0.01937   0.00641   0.01941   0.00000   0.01937   0.06533   0.00644   0.00000   0.11890   0.02585   0.03191   0.04262   0.00640   0.00640   0.01926   0.00000   0.07503   0.12305   0.22653   0.00685   0.04578   0.01934   0.00641   0.01290   0.01947   0.00647   0.00000   0.00643   0.06524   0.00000   0.01613   0.13311   0.04926   0.06145   0.05194   0.01920   0.00000   0.00000   0.01920   0.07245   1.95872   1.07406   1.15650   1.32934   0.85481  
 85  0.0000   2387.192421  x:  0.29945   0.19158   0.17454   0.00643   0.01292   0.03256   0.01280   0.01937   0.00641   0.01941   0.00000   0.01937   0.06533   0.00644   0.00000   0.11890   0.02585   0.03191   0.04262   0.00640   0.00640   0.01926   0.00000   0.07503   0.12305   0.22653   0.00685   0.04578   0.01934   0.00641   0.01290   0.01947   0.00647   0.00000   0.00643   0.06524   0.00000   0.01613   0.13311   0.04926   0.06145   0.05194   0.01920   0.00000   0.00000   0.01920   0.07245   1.95872   1.07406   1.15650   1.32934   0.85481  

TREE # 2

  0  0.0000   2414.216604  x:  0.11317   0.19983   0.01989   0.04445   0.04087   0.01470   0.03585   0.02461   0.01081   0.01416   0.01622   0.06665   0.00974   0.03726   0.11961   0.03375   0.06480   0.05971   0.03258   0.01663   0.00278   0.02484   0.07153   0.17467   0.15094   0.00984   0.02247   0.03173   0.00859   0.03735   0.02770   0.03397   0.00000   0.03490   0.05248   0.03240   0.01977   0.11637   0.02373   0.04347   0.04954   0.01056   0.01330   0.03017   0.00887   0.07124   0.26809   1.95872   1.01713   1.12715   1.28449   0.85481  
  1 99.0000   2414.215041  x:  0.11317   0.19983   0.01989   0.04445   0.04087   0.01470   0.03585   0.02461   0.01081   0.01416   0.01622   0.06665   0.00973   0.03726   0.11961   0.03375   0.06480   0.05971   0.03258   0.01663   0.00278   0.02484   0.07153   0.17467   0.15094   0.00983   0.02247   0.03173   0.00859   0.03735   0.02770   0.03397   0.00000   0.03490   0.05248   0.03239   0.01977   0.11637   0.02373   0.04347   0.04954   0.01056   0.01330   0.03017   0.00887   0.07124   0.26809   1.95872   1.01713   1.12715   1.28449   0.85481  
  2 548.0186   2410.329370  x:  0.11335   0.20011   0.01867   0.04450   0.03970   0.01384   0.03437   0.02431   0.01063   0.01142   0.01517   0.06660   0.00698   0.03621   0.11986   0.03425   0.06475   0.05944   0.03176   0.01388   0.00000   0.02452   0.07156   0.17488   0.15128   0.00979   0.02176   0.03175   0.00661   0.03631   0.02587   0.03310   0.00000   0.03398   0.05290   0.03040   0.01714   0.11642   0.02382   0.04305   0.04928   0.01043   0.01267   0.02950   0.00611   0.07134   0.26835   1.95872   1.01723   1.12716   1.28449   0.85482  
  3 2494.3913   2404.379723  x:  0.11365   0.20069   0.01728   0.04454   0.03800   0.01410   0.03208   0.02449   0.01242   0.00538   0.01485   0.06655   0.00088   0.03462   0.12021   0.03424   0.06468   0.05910   0.03102   0.00779   0.00000   0.02471   0.07160   0.17527   0.15189   0.01191   0.02162   0.03172   0.00707   0.03500   0.02281   0.03221   0.00000   0.03295   0.05309   0.02677   0.01139   0.11648   0.02369   0.04253   0.04899   0.01233   0.01356   0.02907   0.00000   0.07149   0.26887   1.95874   1.01744   1.12719   1.28450   0.85487  
  4 1751.4933   2403.792911  x:  0.11368   0.20076   0.01730   0.04454   0.03792   0.01423   0.03195   0.02454   0.01237   0.00451   0.01498   0.06655   0.00000   0.03455   0.12023   0.03421   0.06467   0.05909   0.03106   0.00692   0.00000   0.02476   0.07160   0.17531   0.15194   0.01184   0.02170   0.03171   0.00706   0.03497   0.02260   0.03223   0.00000   0.03296   0.05304   0.02644   0.01056   0.11648   0.02369   0.04251   0.04899   0.01225   0.01366   0.02912   0.00000   0.07150   0.26893   1.95875   1.01747   1.12719   1.28451   0.85488  
  5 1715.6043   2401.656966  x:  0.11375   0.20102   0.01757   0.04453   0.03792   0.01408   0.03184   0.02447   0.01235   0.00000   0.01501   0.06654   0.00000   0.03454   0.12027   0.03429   0.06465   0.05909   0.03126   0.00240   0.00000   0.02469   0.07160   0.17545   0.15210   0.01205   0.02174   0.03172   0.00706   0.03510   0.02236   0.03239   0.00000   0.03312   0.05298   0.02564   0.00626   0.11646   0.02379   0.04255   0.04903   0.01229   0.01341   0.02923   0.00000   0.07150   0.26917   1.95876   1.01760   1.12721   1.28456   0.85493  
  6 3623.4995   2400.904634  x:  0.11378   0.20112   0.01760   0.04453   0.03792   0.01406   0.03182   0.02446   0.01236   0.00000   0.01499   0.06654   0.00000   0.03452   0.12028   0.03428   0.06464   0.05909   0.03128   0.00000   0.00000   0.02468   0.07160   0.17551   0.15214   0.01209   0.02172   0.03172   0.00706   0.03512   0.02230   0.03241   0.00000   0.03315   0.05298   0.02538   0.00398   0.11644   0.02379   0.04255   0.04903   0.01230   0.01342   0.02923   0.00000   0.07150   0.26928   1.95877   1.01767   1.12722   1.28459   0.85496  
  7 21857.1066   2400.244865  x:  0.11381   0.20128   0.01762   0.04453   0.03789   0.01407   0.03175   0.02446   0.01233   0.00000   0.01501   0.06654   0.00000   0.03449   0.12030   0.03431   0.06462   0.05907   0.03132   0.00000   0.00000   0.02468   0.07160   0.17559   0.15221   0.01223   0.02174   0.03172   0.00706   0.03513   0.02218   0.03242   0.00000   0.03316   0.05297   0.02502   0.00000   0.11641   0.02387   0.04254   0.04903   0.01229   0.01338   0.02924   0.00000   0.07151   0.26946   1.95878   1.01778   1.12723   1.28464   0.85500  
  8 63036.1293   2399.900347  x:  0.11370   0.20165   0.02060   0.04430   0.03509   0.01153   0.02810   0.02335   0.01530   0.00000   0.01618   0.06698   0.00000   0.03274   0.12035   0.03504   0.06477   0.06007   0.03099   0.00000   0.00000   0.02343   0.07171   0.17565   0.15100   0.01025   0.02354   0.03178   0.00706   0.03397   0.01761   0.03375   0.00000   0.03384   0.05096   0.02525   0.00000   0.11555   0.01823   0.04220   0.04902   0.01340   0.01155   0.03221   0.00000   0.07185   0.27045   1.95898   1.02019   1.12747   1.28555   0.85534  
  9 47.2178   2399.818632  x:  0.11352   0.20099   0.02283   0.04424   0.03383   0.01056   0.02632   0.02293   0.01660   0.00000   0.01514   0.06720   0.00000   0.03174   0.12031   0.03442   0.06493   0.06107   0.03076   0.00000   0.00000   0.02298   0.07176   0.17525   0.14999   0.00902   0.02284   0.03185   0.00706   0.03394   0.01553   0.03489   0.00000   0.03474   0.05063   0.02601   0.00000   0.11524   0.02063   0.04227   0.04917   0.01375   0.01276   0.03315   0.00000   0.07202   0.27015   1.95909   1.02165   1.12769   1.28591   0.85530  
 10 29.5350   2399.769294  x:  0.11334   0.19970   0.02495   0.04426   0.03291   0.01167   0.02500   0.02308   0.01590   0.00000   0.01357   0.06733   0.00000   0.03065   0.12038   0.03396   0.06510   0.06209   0.03055   0.00000   0.00000   0.02316   0.07180   0.17456   0.14884   0.01048   0.02129   0.03189   0.00706   0.03418   0.01461   0.03578   0.00000   0.03555   0.05121   0.02617   0.00000   0.11508   0.01997   0.04247   0.04933   0.01270   0.01307   0.03306   0.00000   0.07217   0.26926   1.95926   1.02379   1.12806   1.28631   0.85509  
 11 17.6817   2399.649408  x:  0.11319   0.19486   0.02769   0.04450   0.03183   0.01177   0.02407   0.02450   0.01453   0.00000   0.01489   0.06725   0.00000   0.02795   0.12120   0.03474   0.06533   0.06334   0.03001   0.00000   0.00000   0.02462   0.07183   0.17227   0.14592   0.00934   0.02056   0.03173   0.00707   0.03404   0.01633   0.03547   0.00000   0.03541   0.05303   0.02339   0.00000   0.11509   0.01988   0.04273   0.04932   0.01540   0.01229   0.03038   0.00000   0.07235   0.26559   1.95999   1.03303   1.12986   1.28800   0.85401  
 12 13.0239   2399.390988  x:  0.11349   0.18630   0.02811   0.04446   0.03243   0.00982   0.02580   0.02228   0.01578   0.00000   0.01573   0.06694   0.00000   0.02675   0.12279   0.03439   0.06554   0.06299   0.02980   0.00000   0.00000   0.02222   0.07179   0.16854   0.14238   0.01093   0.02356   0.03183   0.00711   0.03306   0.01643   0.03317   0.00000   0.03340   0.05193   0.01854   0.00000   0.11545   0.02011   0.04271   0.04897   0.01216   0.01383   0.02911   0.00000   0.07225   0.25820   1.96174   1.05454   1.13446   1.29231   0.85136  
 13 32.8629   2399.042647  x:  0.11471   0.18074   0.02431   0.04420   0.03395   0.01425   0.02681   0.02250   0.01715   0.00000   0.01243   0.06674   0.00000   0.03010   0.12400   0.03488   0.06573   0.06041   0.03057   0.00000   0.00000   0.02267   0.07174   0.16664   0.14272   0.00873   0.02278   0.03197   0.00717   0.03247   0.01288   0.03187   0.00000   0.03205   0.04977   0.01641   0.00000   0.11599   0.02064   0.04231   0.04882   0.01320   0.01057   0.03245   0.00000   0.07186   0.25144   1.96428   1.08407   1.14163   1.29924   0.84770  
 14 55.5296   2398.458293  x:  0.11694   0.18105   0.01704   0.04411   0.03240   0.00916   0.02247   0.02538   0.01274   0.00000   0.01516   0.06702   0.00000   0.03351   0.12416   0.03533   0.06623   0.05722   0.03113   0.00000   0.00000   0.02550   0.07182   0.16791   0.14849   0.01061   0.02009   0.03171   0.00727   0.03181   0.01025   0.03348   0.00000   0.03287   0.05019   0.01909   0.00000   0.11654   0.02021   0.04127   0.04902   0.01348   0.01234   0.03696   0.00000   0.07160   0.24631   1.96843   1.12991   1.15441   1.31191   0.84198  
 15 83.5159   2397.824265  x:  0.11842   0.18958   0.01428   0.04444   0.02653   0.01283   0.01669   0.02197   0.01381   0.00000   0.01648   0.06772   0.00000   0.03042   0.12263   0.03616   0.06671   0.05750   0.02873   0.00000   0.00000   0.02164   0.07208   0.17260   0.15623   0.01023   0.02276   0.03172   0.00738   0.02939   0.01539   0.03440   0.00000   0.03302   0.05228   0.02296   0.00000   0.11643   0.02135   0.03956   0.04883   0.01202   0.01085   0.03619   0.00000   0.07205   0.24726   1.97309   1.17751   1.17028   1.32814   0.83604  
 16 105.6586   2397.293652  x:  0.11762   0.19941   0.01789   0.04464   0.02514   0.01320   0.02292   0.02336   0.01298   0.00000   0.01583   0.06815   0.00000   0.02402   0.12061   0.03781   0.06649   0.05981   0.02632   0.00000   0.00000   0.02359   0.07223   0.17694   0.15929   0.01044   0.02610   0.03164   0.00748   0.02652   0.01017   0.03125   0.00000   0.02981   0.05159   0.02794   0.00000   0.11566   0.02189   0.03818   0.04785   0.01141   0.01005   0.03170   0.00000   0.07274   0.25274   1.97684   1.21134   1.18492   1.34376   0.83179  
 17 97.8995   2396.919248  x:  0.11399   0.20371   0.01836   0.04408   0.02995   0.01316   0.01714   0.02401   0.01117   0.00000   0.01485   0.06778   0.00000   0.02225   0.12058   0.03873   0.06487   0.06039   0.02882   0.00000   0.00000   0.02349   0.07204   0.17742   0.15226   0.01059   0.02618   0.03169   0.00753   0.02653   0.01016   0.02584   0.00000   0.02550   0.04754   0.02905   0.00000   0.11459   0.02195   0.03824   0.04657   0.01186   0.01070   0.03118   0.00000   0.07319   0.26120   1.97916   1.22333   1.19744   1.35840   0.83028  
 18 38.4423   2396.224832  x:  0.10701   0.20566   0.01167   0.04403   0.02549   0.01344   0.01772   0.02408   0.01304   0.00000   0.01818   0.06705   0.00000   0.02386   0.12257   0.03877   0.06236   0.05824   0.02711   0.00000   0.00000   0.02471   0.07176   0.17488   0.13410   0.01085   0.02454   0.03139   0.00763   0.02459   0.00822   0.02625   0.00000   0.02621   0.05073   0.02694   0.00000   0.11322   0.02296   0.03894   0.04544   0.00923   0.00815   0.03324   0.00000   0.07369   0.27790   1.98308   1.23210   1.22293   1.38971   0.82923  
 19 57.0093   2395.922583  x:  0.10683   0.20359   0.01111   0.04434   0.02210   0.01399   0.01882   0.02283   0.00873   0.00000   0.01599   0.06737   0.00000   0.02469   0.12352   0.04098   0.06321   0.05563   0.02482   0.00000   0.00000   0.02280   0.07193   0.17326   0.13205   0.01083   0.02624   0.03173   0.00767   0.02258   0.00829   0.02723   0.00000   0.02564   0.04994   0.02567   0.00000   0.11363   0.02248   0.03848   0.04573   0.01196   0.01091   0.03507   0.00000   0.07355   0.28238   1.98464   1.23109   1.23463   1.40493   0.82943  
 20 60.7972   2395.015782  x:  0.11345   0.19119   0.01205   0.04560   0.02022   0.01263   0.01466   0.02802   0.01113   0.00000   0.01266   0.06915   0.00000   0.02116   0.12560   0.04304   0.06924   0.04857   0.02017   0.00000   0.00000   0.02637   0.07292   0.16822   0.14284   0.01085   0.02986   0.03162   0.00779   0.02069   0.00907   0.02712   0.00000   0.02240   0.04952   0.02392   0.00000   0.11695   0.02315   0.03587   0.04725   0.00853   0.00980   0.03531   0.00000   0.07272   0.28639   1.98890   1.21740   1.27018   1.45326   0.83159  
 21 75.3610   2394.507909  x:  0.11704   0.18489   0.00921   0.04534   0.02057   0.01355   0.01376   0.02504   0.00987   0.00000   0.01501   0.06946   0.00000   0.01802   0.12599   0.04144   0.07087   0.05035   0.02308   0.00000   0.00000   0.02412   0.07319   0.16642   0.15005   0.01057   0.02886   0.03142   0.00784   0.02113   0.00506   0.02495   0.00000   0.02303   0.05142   0.02447   0.00000   0.11809   0.02302   0.03479   0.04656   0.00960   0.00898   0.03275   0.00000   0.07287   0.28454   1.99100   1.20827   1.28829   1.47857   0.83304  
 22 130.8504   2394.269507  x:  0.11782   0.18445   0.00923   0.04390   0.01786   0.01346   0.01450   0.02385   0.01002   0.00000   0.01632   0.06876   0.00000   0.01848   0.12566   0.04129   0.06876   0.05474   0.02408   0.00000   0.00000   0.02539   0.07287   0.16751   0.15330   0.01077   0.02541   0.03143   0.00788   0.01778   0.00622   0.02233   0.00000   0.02216   0.04921   0.02289   0.00000   0.11732   0.02319   0.03379   0.04399   0.00913   0.00884   0.03447   0.00000   0.07402   0.27927   1.99189   1.20279   1.29601   1.49023   0.83396  
 23 56.8504   2394.054625  x:  0.11683   0.18739   0.00872   0.04351   0.01867   0.01381   0.01373   0.02400   0.01009   0.00000   0.01729   0.06758   0.00000   0.01952   0.12495   0.04337   0.06468   0.05735   0.01938   0.00000   0.00000   0.02487   0.07222   0.17038   0.15398   0.01088   0.02486   0.03140   0.00789   0.01975   0.00534   0.02289   0.00000   0.02058   0.04910   0.02116   0.00000   0.11544   0.02333   0.03314   0.04176   0.00891   0.00923   0.03488   0.00000   0.07559   0.26989   1.99245   1.19733   1.30101   1.49915   0.83491  
 24 42.5364   2393.818063  x:  0.11452   0.19364   0.00712   0.04465   0.01871   0.01319   0.01330   0.02598   0.01013   0.00000   0.01460   0.06686   0.00000   0.01704   0.12424   0.04354   0.06102   0.05489   0.02169   0.00000   0.00000   0.02458   0.07174   0.17481   0.15202   0.01059   0.02697   0.03145   0.00793   0.01783   0.00545   0.02396   0.00000   0.02148   0.05039   0.01951   0.00000   0.11313   0.02312   0.03297   0.04238   0.00887   0.00946   0.03468   0.00000   0.07677   0.25666   1.99280   1.19116   1.30420   1.50705   0.83606  
 25 41.8494   2393.709976  x:  0.11379   0.19721   0.00877   0.04491   0.01716   0.01310   0.01281   0.02496   0.01010   0.00000   0.01485   0.06718   0.00000   0.01853   0.12450   0.04217   0.06189   0.05156   0.02200   0.00000   0.00000   0.02502   0.07196   0.17691   0.15067   0.01053   0.02659   0.03134   0.00795   0.01833   0.00491   0.02170   0.00000   0.02082   0.05136   0.01902   0.00000   0.11301   0.02303   0.03293   0.04349   0.00902   0.00934   0.03376   0.00000   0.07625   0.25131   1.99281   1.18869   1.30414   1.50927   0.83658  
 26 31.5354   2393.560748  x:  0.11386   0.20140   0.00774   0.04402   0.01806   0.01306   0.01319   0.02305   0.00979   0.00000   0.01565   0.06885   0.00000   0.01633   0.12568   0.04056   0.06720   0.05019   0.01999   0.00000   0.00000   0.02595   0.07299   0.17884   0.14834   0.01058   0.02442   0.03142   0.00797   0.01824   0.00528   0.02193   0.00000   0.02091   0.04899   0.01769   0.00000   0.11442   0.02301   0.03282   0.04457   0.00938   0.00882   0.03377   0.00000   0.07443   0.24733   1.99250   1.18635   1.30105   1.50939   0.83727  
 27 19.6989   2393.274479  x:  0.11526   0.20612   0.00663   0.04343   0.01803   0.01334   0.01297   0.02521   0.01146   0.00000   0.01555   0.07057   0.00000   0.01893   0.12839   0.04464   0.07503   0.05285   0.02171   0.00000   0.00000   0.02392   0.07431   0.18061   0.14588   0.01022   0.02283   0.03142   0.00802   0.01669   0.00453   0.02271   0.00000   0.01962   0.04974   0.01596   0.00000   0.11812   0.02278   0.03244   0.04350   0.00852   0.01045   0.03113   0.00000   0.07158   0.24570   1.99150   1.18327   1.29123   1.50580   0.83854  
 28 23.7321   2392.599226  x:  0.11809   0.20958   0.00394   0.04476   0.01505   0.01175   0.01321   0.02706   0.01154   0.00000   0.01111   0.06870   0.00000   0.01806   0.13283   0.04217   0.07656   0.05565   0.02114   0.00000   0.00000   0.02417   0.07378   0.18165   0.14608   0.00972   0.02473   0.03117   0.00812   0.02124   0.00527   0.01734   0.00000   0.02049   0.05275   0.01268   0.00000   0.12312   0.02212   0.03113   0.03913   0.00915   0.01093   0.03309   0.00000   0.07134   0.25080   1.98887   1.17842   1.26580   1.49319   0.84107  
 29 37.5769   2391.506862  x:  0.12198   0.21262   0.00530   0.04675   0.01981   0.01068   0.01229   0.02475   0.01174   0.00000   0.00932   0.06384   0.00000   0.01857   0.13925   0.03638   0.07125   0.05298   0.01755   0.00000   0.00000   0.02386   0.07180   0.18264   0.14945   0.00902   0.02218   0.03112   0.00836   0.01424   0.00470   0.01645   0.00000   0.01855   0.05993   0.00803   0.00000   0.12867   0.02118   0.02942   0.03520   0.01058   0.01145   0.03315   0.00000   0.07311   0.26205   1.98445   1.17095   1.22374   1.47102   0.84504  
 30 159.6485   2390.808847  x:  0.12322   0.21253   0.00390   0.04587   0.01725   0.01081   0.01290   0.02199   0.01361   0.00000   0.00957   0.06190   0.00000   0.01655   0.14185   0.03819   0.06359   0.04802   0.01892   0.00000   0.00000   0.02459   0.07079   0.18283   0.15295   0.00833   0.01659   0.03174   0.00847   0.01570   0.00451   0.01903   0.00000   0.01424   0.05723   0.00594   0.00000   0.12860   0.02055   0.02990   0.03891   0.01024   0.01304   0.02808   0.00000   0.07538   0.27023   1.98159   1.16632   1.19739   1.45564   0.84752  
 31 136.1853   2390.675623  x:  0.12315   0.21211   0.00360   0.04496   0.01723   0.01101   0.01263   0.02214   0.01415   0.00000   0.00972   0.06239   0.00000   0.01681   0.14224   0.03962   0.06170   0.04653   0.01787   0.00000   0.00000   0.02431   0.07104   0.18301   0.15394   0.00822   0.01550   0.03177   0.00850   0.01510   0.00425   0.01744   0.00000   0.01762   0.05553   0.00545   0.00000   0.12725   0.02045   0.03004   0.03987   0.01000   0.01359   0.02575   0.00000   0.07550   0.27205   1.98100   1.16534   1.19249   1.45192   0.84806  
 32 68.7985   2390.612311  x:  0.12232   0.21101   0.00350   0.04310   0.01701   0.01082   0.01269   0.02321   0.01389   0.00000   0.00943   0.06531   0.00000   0.01723   0.14265   0.03818   0.06149   0.04627   0.01769   0.00000   0.00000   0.02333   0.07284   0.18404   0.15485   0.00821   0.01560   0.03119   0.00852   0.01501   0.00431   0.01768   0.00000   0.01711   0.05573   0.00494   0.00000   0.12215   0.02043   0.02984   0.03904   0.01022   0.01323   0.02519   0.00000   0.07385   0.27310   1.98075   1.16462   1.19255   1.44786   0.84859  
 33 15.2173   2390.569985  x:  0.12195   0.21011   0.00352   0.04424   0.01750   0.01089   0.01275   0.02189   0.01416   0.00000   0.00935   0.06558   0.00000   0.01671   0.14411   0.03966   0.06235   0.04618   0.01796   0.00000   0.00000   0.02444   0.07362   0.18559   0.15540   0.00815   0.01543   0.03194   0.00854   0.01513   0.00435   0.01718   0.00000   0.01710   0.05690   0.00484   0.00000   0.11814   0.02042   0.02971   0.03867   0.01001   0.01377   0.02604   0.00000   0.07272   0.27372   1.98063   1.16383   1.19468   1.44306   0.84937  
 34 14.5952   2390.493753  x:  0.12205   0.20893   0.00336   0.04600   0.01708   0.01075   0.01266   0.02275   0.01393   0.00000   0.00929   0.06191   0.00000   0.01716   0.14796   0.03868   0.06413   0.04682   0.01754   0.00000   0.00000   0.02354   0.07258   0.18912   0.15569   0.00819   0.01522   0.03155   0.00859   0.01485   0.00428   0.01736   0.00000   0.01699   0.05575   0.00512   0.00000   0.11519   0.02047   0.03007   0.03968   0.01011   0.01328   0.02503   0.00000   0.07295   0.27441   1.98052   1.16178   1.20217   1.43086   0.85165  
 35 15.6640   2390.371671  x:  0.12212   0.20824   0.00374   0.04203   0.01720   0.01065   0.01278   0.02249   0.01404   0.00000   0.00885   0.06242   0.00000   0.01623   0.15085   0.03967   0.06367   0.04550   0.01789   0.00000   0.00000   0.02343   0.07101   0.19272   0.15543   0.00808   0.01488   0.03128   0.00868   0.01520   0.00438   0.01739   0.00000   0.01716   0.05682   0.00552   0.00000   0.11856   0.02044   0.02810   0.03857   0.00999   0.01350   0.02497   0.00000   0.07498   0.27486   1.98044   1.15809   1.21651   1.40908   0.85567  
 36 25.6512   2390.286965  x:  0.12182   0.20843   0.00326   0.04337   0.01722   0.01032   0.01234   0.02184   0.01381   0.00000   0.00831   0.06542   0.00000   0.01694   0.14922   0.03949   0.06243   0.04676   0.01746   0.00000   0.00000   0.02426   0.07166   0.19302   0.15550   0.00807   0.01545   0.03216   0.00873   0.01466   0.00425   0.01716   0.00000   0.01677   0.05706   0.00522   0.00000   0.12207   0.02043   0.03024   0.03970   0.01004   0.01323   0.02459   0.00000   0.07562   0.27493   1.98043   1.15531   1.22660   1.39355   0.85844  
 37 41.0806   2390.250503  x:  0.12182   0.20908   0.00345   0.04531   0.01714   0.01038   0.01266   0.02259   0.01387   0.00000   0.00882   0.06573   0.00000   0.01635   0.14725   0.03969   0.06190   0.04621   0.01739   0.00000   0.00000   0.02297   0.07261   0.19170   0.15558   0.00808   0.01429   0.03196   0.00876   0.01475   0.00432   0.01677   0.00000   0.01663   0.05689   0.00503   0.00000   0.12326   0.02046   0.02976   0.03919   0.00998   0.01317   0.02516   0.00000   0.07488   0.27487   1.98046   1.15410   1.23037   1.38734   0.85951  
 38 26.3710   2390.215097  x:  0.12220   0.21038   0.00332   0.04545   0.01697   0.01022   0.01234   0.02189   0.01374   0.00000   0.00843   0.06394   0.00000   0.01673   0.14449   0.03970   0.06201   0.04602   0.01756   0.00000   0.00000   0.02376   0.07360   0.18866   0.15556   0.00807   0.01459   0.03133   0.00879   0.01476   0.00427   0.01741   0.00000   0.01684   0.05649   0.00482   0.00000   0.12329   0.02046   0.02853   0.03814   0.01000   0.01304   0.02427   0.00000   0.07344   0.27465   1.98056   1.15286   1.23286   1.38224   0.86043  
 39 15.9556   2390.176277  x:  0.12340   0.21234   0.00330   0.04343   0.01702   0.01014   0.01235   0.02227   0.01367   0.00000   0.00839   0.06195   0.00000   0.01636   0.14263   0.04010   0.06260   0.04606   0.01734   0.00000   0.00000   0.02330   0.07352   0.18470   0.15579   0.00808   0.01455   0.03225   0.00881   0.01461   0.00426   0.01682   0.00000   0.01658   0.05741   0.00466   0.00000   0.12218   0.02050   0.02987   0.03908   0.00995   0.01297   0.02497   0.00000   0.07288   0.27436   1.98076   1.15145   1.23378   1.37812   0.86135  
 40 12.2398   2390.037546  x:  0.12866   0.21821   0.00335   0.04473   0.01713   0.00987   0.01235   0.02198   0.01324   0.00000   0.00808   0.06536   0.00000   0.01658   0.14584   0.04060   0.06293   0.04612   0.01752   0.00000   0.00000   0.02311   0.06962   0.17438   0.15588   0.00815   0.01424   0.03110   0.00889   0.01471   0.00435   0.01689   0.00000   0.01657   0.05718   0.00491   0.00000   0.11800   0.02067   0.02980   0.03841   0.00979   0.01246   0.02420   0.00000   0.07675   0.27364   1.98185   1.14646   1.22996   1.36953   0.86426  
 41  8.4234   2389.708269  x:  0.13089   0.22147   0.00405   0.04496   0.01665   0.00901   0.01188   0.02254   0.01192   0.00000   0.00735   0.06559   0.00000   0.01656   0.15357   0.04068   0.05850   0.04766   0.01749   0.00000   0.00000   0.02225   0.07684   0.17024   0.15662   0.00837   0.01430   0.03813   0.00900   0.01510   0.00449   0.01750   0.00000   0.01676   0.05663   0.00619   0.00000   0.11877   0.02111   0.02742   0.03949   0.00957   0.01066   0.02215   0.00000   0.07426   0.27372   1.98478   1.13437   1.21270   1.35576   0.86982  
 42 12.2988   2389.101626  x:  0.12850   0.22125   0.00494   0.04439   0.01654   0.00769   0.01133   0.02107   0.01019   0.00000   0.00530   0.06472   0.00000   0.01486   0.15605   0.04496   0.05645   0.04934   0.01726   0.00000   0.00000   0.02148   0.08298   0.17171   0.15898   0.00861   0.01386   0.02817   0.00936   0.01509   0.00478   0.01696   0.00000   0.01648   0.05807   0.00720   0.00000   0.12058   0.02180   0.03217   0.04164   0.00878   0.00887   0.02208   0.00000   0.07098   0.27497   1.98971   1.11395   1.18125   1.33431   0.87775  
 43 56.2368   2388.348576  x:  0.11991   0.21536   0.00545   0.04536   0.01603   0.00581   0.01049   0.02128   0.00775   0.00000   0.00365   0.06564   0.00000   0.01517   0.14259   0.04749   0.06407   0.04956   0.01752   0.00000   0.00000   0.01955   0.07514   0.17989   0.16124   0.00898   0.01292   0.03274   0.00967   0.01549   0.00513   0.01745   0.00000   0.01652   0.05875   0.00633   0.00000   0.11933   0.02264   0.03106   0.04042   0.00812   0.00573   0.01963   0.00000   0.07478   0.27790   1.99553   1.08900   1.14150   1.30911   0.88504  
 44 70.5643   2388.332252  x:  0.12194   0.21511   0.00542   0.04537   0.01623   0.00575   0.01051   0.02128   0.00766   0.00000   0.00359   0.06590   0.00000   0.01533   0.14158   0.04754   0.06368   0.05024   0.01745   0.00000   0.00000   0.01951   0.07481   0.18086   0.16032   0.00900   0.01297   0.03235   0.00968   0.01548   0.00518   0.01721   0.00000   0.01643   0.05907   0.00622   0.00000   0.11901   0.02266   0.02954   0.04213   0.00811   0.00566   0.01986   0.00000   0.07445   0.27810   1.99531   1.08861   1.14127   1.30906   0.88385  
 45  6.7571   2388.309467  x:  0.12666   0.21482   0.00551   0.04539   0.01614   0.00570   0.01046   0.02123   0.00762   0.00000   0.00358   0.06595   0.00000   0.01522   0.14027   0.04756   0.06287   0.04984   0.01752   0.00000   0.00000   0.01950   0.07457   0.18292   0.15861   0.00900   0.01286   0.03263   0.00969   0.01555   0.00521   0.01737   0.00000   0.01649   0.05892   0.00634   0.00000   0.11868   0.02268   0.03065   0.04118   0.00810   0.00559   0.01946   0.00000   0.07364   0.27836   1.99446   1.08835   1.14198   1.30980   0.88020  
 46  7.7677   2388.232407  x:  0.12744   0.21605   0.00566   0.04540   0.01663   0.00546   0.01072   0.02102   0.00756   0.00000   0.00345   0.06503   0.00000   0.01573   0.14090   0.04753   0.06400   0.05009   0.01785   0.00000   0.00000   0.01931   0.07844   0.18320   0.15906   0.00889   0.01256   0.03244   0.00974   0.01602   0.00550   0.01751   0.00000   0.01674   0.05946   0.00582   0.00000   0.11868   0.02264   0.03098   0.04132   0.00811   0.00557   0.01894   0.00000   0.07829   0.27875   1.98839   1.08927   1.15012   1.31628   0.85779  
 47  4.9448   2388.159198  x:  0.12534   0.21763   0.00594   0.04550   0.01674   0.00525   0.01079   0.02082   0.00750   0.00000   0.00335   0.06528   0.00000   0.01573   0.14349   0.04744   0.06298   0.05100   0.01793   0.00000   0.00000   0.01919   0.07466   0.18227   0.16087   0.00879   0.01233   0.03266   0.00978   0.01638   0.00570   0.01777   0.00000   0.01699   0.05976   0.00549   0.00000   0.11983   0.02259   0.03136   0.04187   0.00811   0.00552   0.01836   0.00000   0.07405   0.27891   1.98204   1.09029   1.15809   1.32263   0.83736  
 48 22.3694   2387.774341  x:  0.12402   0.21895   0.00593   0.04525   0.01837   0.00486   0.01133   0.01956   0.00625   0.00000   0.00529   0.06504   0.00000   0.01738   0.13896   0.04736   0.06335   0.05167   0.01833   0.00000   0.00000   0.01839   0.07403   0.18425   0.16443   0.00784   0.01150   0.03234   0.01016   0.01749   0.00686   0.01802   0.00000   0.01740   0.06281   0.00580   0.00000   0.11994   0.02270   0.03197   0.04304   0.00710   0.00544   0.01561   0.00000   0.07339   0.28156   1.91649   1.10461   1.17821   1.35085   0.86529  
 49  1.5228   2387.639279  x:  0.12338   0.21813   0.00580   0.04521   0.01816   0.00534   0.01106   0.01957   0.00550   0.00000   0.00671   0.06539   0.00000   0.01704   0.13737   0.04804   0.06370   0.05144   0.01816   0.00000   0.00000   0.01846   0.07388   0.18503   0.16514   0.00766   0.01225   0.03215   0.01033   0.01731   0.00674   0.01809   0.00000   0.01735   0.06338   0.00613   0.00000   0.11951   0.02317   0.03159   0.04292   0.00637   0.00531   0.01614   0.00000   0.07390   0.28340   1.93583   1.08004   1.15237   1.31916   0.83905  
 50  1.3420   2387.441968  x:  0.12293   0.22007   0.00613   0.04560   0.01876   0.00589   0.01231   0.01913   0.00597   0.00000   0.00648   0.06553   0.00000   0.01720   0.13338   0.04752   0.06360   0.05226   0.01840   0.00000   0.00000   0.01838   0.07294   0.18724   0.16823   0.00638   0.01209   0.03251   0.01079   0.01839   0.00694   0.01899   0.00000   0.01835   0.06496   0.00632   0.00000   0.11897   0.02322   0.03219   0.04357   0.00576   0.00661   0.01675   0.00000   0.07381   0.28825   2.02689   1.08418   1.16318   1.33193   0.85469  
 51  0.7401   2387.284947  x:  0.12346   0.22196   0.00679   0.04611   0.01842   0.00663   0.01299   0.01938   0.00636   0.00000   0.00637   0.06556   0.00000   0.01639   0.13252   0.04805   0.06328   0.05322   0.01875   0.00000   0.00000   0.01874   0.07210   0.18960   0.17019   0.00603   0.01318   0.03286   0.01116   0.01920   0.00659   0.02025   0.00000   0.01949   0.06510   0.00579   0.00000   0.11867   0.02397   0.03268   0.04365   0.00576   0.00696   0.01934   0.00000   0.07460   0.29277   1.94922   1.07624   1.15635   1.32429   0.85402  
 52  0.6831   2387.231005  x:  0.12281   0.22390   0.00645   0.04594   0.01916   0.00651   0.01344   0.01931   0.00677   0.00000   0.00652   0.06555   0.00000   0.01678   0.13144   0.04880   0.06226   0.05217   0.01910   0.00000   0.00000   0.01879   0.07229   0.19044   0.17283   0.00643   0.01291   0.03273   0.01149   0.01929   0.00653   0.02005   0.00000   0.01950   0.06555   0.00649   0.00000   0.11852   0.02480   0.03246   0.04319   0.00689   0.00624   0.02002   0.00000   0.07442   0.29635   1.95692   1.07502   1.15790   1.32788   0.85192  
 53  0.0370   2387.205628  x:  0.12324   0.22573   0.00671   0.04592   0.01946   0.00643   0.01316   0.01965   0.00642   0.00000   0.00657   0.06514   0.00000   0.01622   0.13352   0.04928   0.06146   0.05216   0.01947   0.00000   0.00000   0.01944   0.07224   0.19162   0.17407   0.00672   0.01328   0.03262   0.01191   0.01959   0.00642   0.01959   0.00000   0.01950   0.06520   0.00617   0.00000   0.11904   0.02552   0.03230   0.04280   0.00661   0.00621   0.01959   0.00000   0.07497   0.29868   1.96684   1.07413   1.15775   1.33043   0.85731  
 54  0.0273   2387.198322  x:  0.12287   0.22622   0.00667   0.04584   0.01957   0.00643   0.01305   0.01965   0.00644   0.00000   0.00641   0.06523   0.00000   0.01607   0.13287   0.04923   0.06125   0.05189   0.01944   0.00000   0.00000   0.01956   0.07239   0.19166   0.17470   0.00656   0.01308   0.03256   0.01208   0.01953   0.00637   0.01927   0.00000   0.01935   0.06523   0.00650   0.00000   0.11880   0.02566   0.03208   0.04264   0.00637   0.00649   0.01928   0.00000   0.07502   0.29976   1.95779   1.07397   1.15675   1.33021   0.85466  
 55  0.0637   2387.194739  x:  0.12299   0.22671   0.00678   0.04576   0.01937   0.00640   0.01272   0.01944   0.00654   0.00000   0.00649   0.06524   0.00000   0.01596   0.13323   0.04933   0.06134   0.05207   0.01925   0.00000   0.00000   0.01930   0.07246   0.19182   0.17475   0.00636   0.01286   0.03253   0.01232   0.01945   0.00639   0.01939   0.00000   0.01940   0.06536   0.00644   0.00000   0.11884   0.02581   0.03195   0.04262   0.00642   0.00642   0.01927   0.00000   0.07519   0.30016   1.95932   1.07396   1.15638   1.32998   0.85481  
 56  0.0036   2387.193356  x:  0.12308   0.22683   0.00680   0.04577   0.01934   0.00645   0.01291   0.01937   0.00643   0.00000   0.00642   0.06521   0.00000   0.01613   0.13331   0.04934   0.06136   0.05188   0.01915   0.00000   0.00000   0.01908   0.07248   0.19171   0.17477   0.00638   0.01290   0.03254   0.01251   0.01937   0.00639   0.01941   0.00000   0.01938   0.06540   0.00645   0.00000   0.11895   0.02589   0.03189   0.04256   0.00635   0.00635   0.01925   0.00000   0.07508   0.29988   1.95865   1.07412   1.15669   1.32987   0.85518  
 57  0.0019   2387.192731  x:  0.12306   0.22673   0.00687   0.04577   0.01928   0.00638   0.01294   0.01943   0.00648   0.00000   0.00644   0.06524   0.00000   0.01615   0.13307   0.04932   0.06148   0.05191   0.01912   0.00000   0.00000   0.01915   0.07244   0.19167   0.17466   0.00644   0.01294   0.03256   0.01266   0.01935   0.00640   0.01941   0.00000   0.01938   0.06536   0.00643   0.00000   0.11891   0.02591   0.03188   0.04261   0.00640   0.00642   0.01918   0.00000   0.07505   0.29969   1.95866   1.07379   1.15615   1.32870   0.85489  
 58  0.0026   2387.192499  x:  0.12305   0.22663   0.00687   0.04576   0.01932   0.00640   0.01289   0.01949   0.00645   0.00000   0.00643   0.06524   0.00000   0.01618   0.13305   0.04925   0.06149   0.05194   0.01918   0.00000   0.00000   0.01922   0.07245   0.19159   0.17458   0.00644   0.01287   0.03257   0.01274   0.01936   0.00641   0.01942   0.00000   0.01938   0.06532   0.00644   0.00000   0.11891   0.02589   0.03190   0.04262   0.00640   0.00641   0.01927   0.00000   0.07501   0.29947   1.95869   1.07402   1.15649   1.32909   0.85489  
 59  0.0011   2387.192439  x:  0.12304   0.22655   0.00686   0.04578   0.01935   0.00641   0.01289   0.01949   0.00648   0.00000   0.00643   0.06524   0.00000   0.01614   0.13308   0.04925   0.06147   0.05193   0.01920   0.00000   0.00000   0.01920   0.07245   0.19156   0.17454   0.00643   0.01292   0.03257   0.01278   0.01937   0.00641   0.01940   0.00000   0.01937   0.06532   0.00644   0.00000   0.11890   0.02588   0.03190   0.04262   0.00640   0.00639   0.01925   0.00000   0.07501   0.29941   1.95871   1.07404   1.15656   1.32931   0.85482  
 60  0.0006   2387.192425  x:  0.12305   0.22653   0.00685   0.04578   0.01934   0.00640   0.01290   0.01947   0.00647   0.00000   0.00643   0.06524   0.00000   0.01612   0.13311   0.04925   0.06145   0.05194   0.01920   0.00000   0.00000   0.01919   0.07245   0.19157   0.17454   0.00643   0.01292   0.03257   0.01279   0.01937   0.00641   0.01941   0.00000   0.01937   0.06533   0.00644   0.00000   0.11890   0.02586   0.03190   0.04261   0.00640   0.00640   0.01926   0.00000   0.07503   0.29941   1.95874   1.07407   1.15653   1.32938   0.85479  
 61  0.0002   2387.192422  x:  0.12305   0.22652   0.00685   0.04578   0.01934   0.00641   0.01290   0.01946   0.00647   0.00000   0.00643   0.06524   0.00000   0.01612   0.13312   0.04925   0.06145   0.05194   0.01920   0.00000   0.00000   0.01920   0.07245   0.19158   0.17454   0.00643   0.01292   0.03257   0.01279   0.01937   0.00641   0.01941   0.00000   0.01937   0.06533   0.00644   0.00000   0.11890   0.02585   0.03190   0.04261   0.00640   0.00640   0.01926   0.00000   0.07503   0.29943   1.95871   1.07405   1.15650   1.32937   0.85480  
 62  0.0001   2387.192421  x:  0.12305   0.22652   0.00685   0.04578   0.01934   0.00641   0.01290   0.01946   0.00647   0.00000   0.00643   0.06524   0.00000   0.01613   0.13312   0.04926   0.06145   0.05194   0.01920   0.00000   0.00000   0.01920   0.07245   0.19158   0.17454   0.00643   0.01292   0.03256   0.01280   0.01938   0.00641   0.01941   0.00000   0.01937   0.06533   0.00644   0.00000   0.11890   0.02585   0.03191   0.04262   0.00640   0.00640   0.01926   0.00000   0.07504   0.29945   1.95873   1.07405   1.15649   1.32933   0.85481  
 63  0.0001   2387.192421  x:  0.12304   0.22653   0.00685   0.04578   0.01934   0.00641   0.01290   0.01947   0.00647   0.00000   0.00643   0.06524   0.00000   0.01613   0.13311   0.04926   0.06145   0.05194   0.01920   0.00000   0.00000   0.01920   0.07245   0.19158   0.17454   0.00643   0.01292   0.03256   0.01280   0.01937   0.00641   0.01941   0.00000   0.01937   0.06533   0.00644   0.00000   0.11890   0.02585   0.03191   0.04262   0.00640   0.00640   0.01926   0.00000   0.07504   0.29945   1.95873   1.07406   1.15651   1.32935   0.85481  
 64  0.0000   2387.192421  x:  0.12305   0.22653   0.00685   0.04578   0.01934   0.00641   0.01290   0.01947   0.00647   0.00000   0.00643   0.06524   0.00000   0.01613   0.13311   0.04926   0.06145   0.05194   0.01920   0.00000   0.00000   0.01920   0.07245   0.19158   0.17454   0.00643   0.01292   0.03256   0.01280   0.01937   0.00641   0.01941   0.00000   0.01937   0.06533   0.00644   0.00000   0.11890   0.02585   0.03191   0.04262   0.00640   0.00640   0.01926   0.00000   0.07503   0.29945   1.95872   1.07405   1.15651   1.32934   0.85481  
 65  0.0000   2387.192421  x:  0.12305   0.22653   0.00685   0.04578   0.01934   0.00641   0.01290   0.01946   0.00647   0.00000   0.00643   0.06524   0.00000   0.01613   0.13311   0.04926   0.06145   0.05194   0.01920   0.00000   0.00000   0.01920   0.07245   0.19158   0.17454   0.00643   0.01292   0.03256   0.01280   0.01937   0.00641   0.01941   0.00000   0.01937   0.06533   0.00644   0.00000   0.11890   0.02585   0.03191   0.04262   0.00640   0.00640   0.01926   0.00000   0.07503   0.29945   1.95872   1.07405   1.15650   1.32934   0.85481  
 66  0.0000   2387.192421  x:  0.12305   0.22653   0.00685   0.04578   0.01934   0.00641   0.01290   0.01946   0.00647   0.00000   0.00643   0.06524   0.00000   0.01613   0.13311   0.04926   0.06145   0.05194   0.01920   0.00000   0.00000   0.01920   0.07245   0.19158   0.17454   0.00643   0.01292   0.03256   0.01280   0.01937   0.00641   0.01941   0.00000   0.01937   0.06533   0.00644   0.00000   0.11890   0.02585   0.03191   0.04262   0.00640   0.00640   0.01926   0.00000   0.07503   0.29945   1.95872   1.07405   1.15650   1.32934   0.85481  
 67  0.0000   2387.192421  x:  0.12305   0.22653   0.00685   0.04578   0.01934   0.00641   0.01290   0.01947   0.00647   0.00000   0.00643   0.06524   0.00000   0.01613   0.13311   0.04926   0.06145   0.05194   0.01920   0.00000   0.00000   0.01920   0.07245   0.19158   0.17454   0.00643   0.01292   0.03256   0.01280   0.01937   0.00641   0.01941   0.00000   0.01937   0.06533   0.00644   0.00000   0.11890   0.02585   0.03191   0.04262   0.00640   0.00640   0.01926   0.00000   0.07503   0.29945   1.95872   1.07406   1.15650   1.32934   0.85481  