

TREE # 1

  0  0.0000   2562.295463  x:  0.28061   0.04004   0.09748   0.03137   0.05448   0.01244   0.03216   0.01303   0.02716   0.03083   0.00000   0.03177   0.05249   0.01689   0.03502   0.04872   0.15239   0.06257   0.05439   0.02804   0.02333   0.02405   0.01414   0.10286   0.06296   0.12572   0.04028   0.02442   0.03033   0.01511   0.02162   0.02752   0.00503   0.00391   0.02326   0.03731   0.01860   0.00998   0.06387   0.15131   0.10040   0.03959   0.01880   0.00818   0.02987   0.01567   0.12054   8.40433   1.03588   1.00110   0.97489   1.00000  
  1 99.0000   2562.293965  x:  0.28061   0.04004   0.09748   0.03137   0.05448   0.01244   0.03216   0.01303   0.02716   0.03083   0.00000   0.03177   0.05249   0.01689   0.03502   0.04872   0.15239   0.06257   0.05439   0.02804   0.02333   0.02405   0.01414   0.10286   0.06296   0.12572   0.04028   0.02442   0.03033   0.01511   0.02162   0.02752   0.00503   0.00391   0.02326   0.03731   0.01860   0.00998   0.06387   0.15131   0.10040   0.03959   0.01880   0.00817   0.02987   0.01567   0.12054   8.40433   1.03588   1.00110   0.97489   1.00000  
  2 538.6930   2557.344181  x:  0.28103   0.04079   0.09886   0.03035   0.05428   0.01075   0.03034   0.01136   0.02502   0.02911   0.00000   0.03076   0.05247   0.01298   0.03533   0.04871   0.15306   0.06142   0.05460   0.02732   0.02114   0.02294   0.01317   0.10291   0.06383   0.12691   0.03848   0.02327   0.03002   0.01121   0.02150   0.02688   0.00116   0.00000   0.02101   0.03700   0.01816   0.00910   0.06369   0.15182   0.09992   0.03977   0.01704   0.00431   0.02961   0.01440   0.12083   8.40403   1.03630   1.00089   0.97469   1.00070  
  3 1911.1382   2556.462630  x:  0.28112   0.04074   0.09904   0.03025   0.05429   0.01087   0.03011   0.01146   0.02469   0.02892   0.00000   0.03075   0.05247   0.01183   0.03536   0.04872   0.15319   0.06113   0.05461   0.02740   0.02084   0.02299   0.01346   0.10292   0.06388   0.12714   0.03809   0.02330   0.03006   0.01006   0.02159   0.02697   0.00000   0.00000   0.02072   0.03701   0.01837   0.00883   0.06371   0.15190   0.09981   0.03977   0.01699   0.00316   0.02966   0.01458   0.12088   8.40394   1.03642   1.00083   0.97459   1.00094  
  4 1079.4436   2554.691651  x:  0.28135   0.04058   0.09939   0.03009   0.05436   0.01071   0.02972   0.01139   0.02405   0.02861   0.00000   0.03082   0.05247   0.00863   0.03540   0.04876   0.15348   0.06043   0.05462   0.02764   0.02034   0.02320   0.01398   0.10294   0.06394   0.12767   0.03727   0.02349   0.03013   0.00688   0.02171   0.02721   0.00000   0.00000   0.02023   0.03708   0.01870   0.00953   0.06388   0.15209   0.09954   0.03973   0.01706   0.00000   0.02977   0.01502   0.12100   8.40370   1.03674   1.00068   0.97430   1.00160  
  5 3713.6656   2552.243150  x:  0.28174   0.04052   0.09964   0.03012   0.05450   0.01090   0.02961   0.01124   0.02363   0.02861   0.00000   0.03107   0.05248   0.00173   0.03538   0.04880   0.15386   0.05938   0.05460   0.02785   0.02017   0.02345   0.01357   0.10297   0.06388   0.12837   0.03601   0.02377   0.03012   0.00000   0.02146   0.02735   0.00000   0.00000   0.02017   0.03716   0.01821   0.00954   0.06425   0.15225   0.09914   0.03967   0.01742   0.00000   0.02975   0.01509   0.12114   8.40319   1.03735   1.00036   0.97369   1.00299  
  6 2208.1786   2551.910727  x:  0.28183   0.04053   0.09968   0.03012   0.05452   0.01080   0.02961   0.01136   0.02357   0.02862   0.00000   0.03109   0.05248   0.00000   0.03538   0.04880   0.15393   0.05918   0.05460   0.02786   0.02016   0.02346   0.01352   0.10298   0.06387   0.12851   0.03576   0.02379   0.03011   0.00000   0.02145   0.02735   0.00000   0.00000   0.02018   0.03717   0.01817   0.00952   0.06433   0.15227   0.09907   0.03966   0.01746   0.00000   0.02974   0.01507   0.12117   8.40306   1.03749   1.00029   0.97354   1.00333  
  7 7022.3079   2546.488920  x:  0.29415   0.04572   0.10357   0.02923   0.05566   0.01490   0.03092   0.00809   0.02196   0.03023   0.00000   0.02949   0.05246   0.00000   0.03643   0.04853   0.16230   0.03648   0.05530   0.02326   0.02191   0.01860   0.01557   0.10405   0.06492   0.14501   0.00556   0.01929   0.02861   0.00000   0.02873   0.02242   0.00000   0.00000   0.02297   0.03567   0.02808   0.01200   0.07474   0.15289   0.09014   0.04008   0.01430   0.00000   0.02845   0.00762   0.12433   8.38158   1.06030   0.98801   0.95001   1.05960  
  8 397.5811   2540.004175  x:  0.31415   0.05097   0.11505   0.02068   0.05478   0.01887   0.02358   0.00622   0.01263   0.02286   0.00000   0.02334   0.05233   0.00000   0.04017   0.04794   0.17510   0.01244   0.05737   0.02141   0.01360   0.01528   0.01390   0.10610   0.07069   0.17201   0.02075   0.01489   0.02871   0.00000   0.02321   0.02299   0.00000   0.00000   0.01424   0.03417   0.02646   0.01114   0.08816   0.15271   0.07844   0.04095   0.00500   0.00000   0.02858   0.02352   0.12900   8.34048   1.10109   0.96577   0.90838   1.16405  
  9 266.3081   2536.920727  x:  0.32255   0.05261   0.12336   0.01540   0.05349   0.02054   0.01633   0.00568   0.00780   0.01561   0.00000   0.02095   0.05224   0.00000   0.04234   0.04785   0.18011   0.02298   0.05884   0.02242   0.00580   0.01610   0.01489   0.10720   0.07627   0.18250   0.02173   0.01559   0.02911   0.00000   0.02097   0.02400   0.00000   0.00000   0.00510   0.03395   0.02397   0.01116   0.08926   0.15351   0.07521   0.04125   0.01596   0.00000   0.02907   0.02271   0.13070   8.31839   1.12093   0.95470   0.88858   1.21806  
 10 434.8887   2535.861809  x:  0.32437   0.05007   0.12997   0.01513   0.05279   0.02095   0.01043   0.00571   0.00617   0.01078   0.00000   0.02202   0.05218   0.00000   0.04299   0.04836   0.18174   0.02931   0.05917   0.02585   0.00620   0.01874   0.01679   0.10724   0.07964   0.18565   0.01974   0.01812   0.02987   0.00000   0.01975   0.02666   0.00000   0.00000   0.00947   0.03485   0.02024   0.01148   0.08408   0.15604   0.07570   0.04096   0.00955   0.00000   0.03001   0.02123   0.13119   8.30916   1.12725   0.95110   0.88312   1.23829  
 11 195.6447   2535.376269  x:  0.32454   0.04753   0.13451   0.01594   0.05254   0.02105   0.01172   0.00576   0.00789   0.01199   0.00000   0.02285   0.05215   0.00000   0.04302   0.04878   0.18240   0.03141   0.05910   0.02770   0.00610   0.01980   0.01771   0.10701   0.08145   0.18681   0.01841   0.01904   0.03027   0.00000   0.01938   0.02824   0.00000   0.00000   0.00609   0.03549   0.01789   0.01173   0.07906   0.15836   0.07668   0.04065   0.00527   0.00000   0.03051   0.02056   0.13136   8.30416   1.12962   0.94974   0.88167   1.24798  
 12 167.2386   2534.762082  x:  0.32299   0.04227   0.14550   0.01721   0.05168   0.02135   0.01449   0.00567   0.00552   0.01433   0.00000   0.02224   0.05207   0.00000   0.04258   0.04957   0.18323   0.02879   0.05867   0.02849   0.00624   0.01788   0.01863   0.10599   0.08541   0.18792   0.01951   0.01651   0.03041   0.00000   0.02021   0.02942   0.00000   0.00000   0.00745   0.03597   0.01622   0.01214   0.06476   0.16483   0.08013   0.04022   0.00732   0.00000   0.03082   0.01961   0.13153   8.29413   1.13171   0.94849   0.88272   1.26405  
 13 105.2053   2534.590793  x:  0.32192   0.04140   0.14922   0.01699   0.05180   0.02136   0.01303   0.00564   0.00880   0.01324   0.00000   0.02243   0.05206   0.00000   0.04213   0.04973   0.18339   0.02666   0.05842   0.02819   0.00637   0.01783   0.01803   0.10556   0.08628   0.18789   0.01988   0.01673   0.03027   0.00000   0.02001   0.02928   0.00000   0.00000   0.00735   0.03598   0.01686   0.01225   0.06032   0.16749   0.08129   0.04002   0.00867   0.00000   0.03065   0.01960   0.13155   8.28986   1.13188   0.94841   0.88412   1.26998  
 14 106.6809   2534.339557  x:  0.31826   0.04335   0.15286   0.01625   0.05284   0.02151   0.01246   0.00557   0.00709   0.01288   0.00000   0.02433   0.05215   0.00000   0.04076   0.04963   0.18239   0.02498   0.05784   0.02656   0.00811   0.02008   0.01554   0.10481   0.08556   0.18506   0.02051   0.02030   0.02984   0.00000   0.01942   0.02764   0.00000   0.00000   0.00585   0.03571   0.02018   0.01233   0.05705   0.17186   0.08330   0.03958   0.00861   0.00000   0.02983   0.01929   0.13112   8.28039   1.13046   0.94932   0.88927   1.28112  
 15 59.6588   2534.133483  x:  0.31490   0.04498   0.15509   0.01578   0.05370   0.02155   0.01320   0.00555   0.00717   0.01330   0.00000   0.02495   0.05222   0.00000   0.04020   0.04960   0.18152   0.02445   0.05753   0.02590   0.00474   0.02117   0.01467   0.10438   0.08455   0.18248   0.02041   0.02160   0.02978   0.00000   0.01943   0.02696   0.00000   0.00000   0.00693   0.03562   0.02107   0.01233   0.05687   0.17521   0.08433   0.03942   0.00816   0.00000   0.02962   0.01966   0.13078   8.27181   1.12883   0.95042   0.89434   1.29060  
 16 111.4212   2533.091921  x:  0.29439   0.05214   0.16656   0.01330   0.05705   0.02145   0.01294   0.00571   0.00739   0.01203   0.00000   0.02114   0.05246   0.00000   0.04120   0.05001   0.17756   0.02318   0.05744   0.02726   0.00652   0.02018   0.01695   0.10293   0.07907   0.16896   0.01745   0.01732   0.03074   0.00000   0.02113   0.02735   0.00000   0.00000   0.00627   0.03559   0.01573   0.01198   0.06589   0.19364   0.08641   0.04005   0.00847   0.00000   0.03087   0.02455   0.12944   8.21697   1.11764   0.95846   0.92777   1.34858  
 17 155.0638   2532.601366  x:  0.28686   0.04880   0.16723   0.01867   0.05454   0.02150   0.00967   0.00583   0.00703   0.01408   0.00000   0.02289   0.05226   0.00000   0.04371   0.05036   0.17722   0.02322   0.05853   0.02762   0.00591   0.01651   0.01651   0.10378   0.08018   0.16713   0.01799   0.01661   0.02998   0.00000   0.01755   0.02855   0.00000   0.00000   0.00568   0.03560   0.01849   0.01174   0.07001   0.19664   0.08416   0.04130   0.00849   0.00000   0.03038   0.02313   0.12955   8.18696   1.11229   0.96347   0.94451   1.37773  
 18 124.4065   2531.967714  x:  0.27995   0.04286   0.16551   0.01784   0.05006   0.02160   0.01441   0.00591   0.00731   0.00924   0.00000   0.02417   0.05194   0.00000   0.04593   0.05016   0.17853   0.02330   0.06016   0.02743   0.00624   0.01552   0.01512   0.10569   0.08451   0.16937   0.01959   0.01804   0.02900   0.00000   0.01719   0.02958   0.00000   0.00000   0.00599   0.03548   0.02090   0.01146   0.07317   0.19630   0.07948   0.04253   0.00840   0.00000   0.02953   0.01999   0.13039   8.14564   1.10595   0.97071   0.96597   1.41584  
 19 229.7703   2531.210255  x:  0.27451   0.03900   0.16117   0.01191   0.04628   0.02173   0.01243   0.00595   0.00786   0.01422   0.00000   0.02331   0.05171   0.00000   0.04635   0.04934   0.18101   0.02366   0.06140   0.02642   0.00682   0.01890   0.01427   0.10813   0.09091   0.17507   0.02219   0.01937   0.02878   0.00000   0.02151   0.02933   0.00000   0.00000   0.00680   0.03525   0.02089   0.01124   0.07360   0.19215   0.07419   0.04284   0.00828   0.00000   0.02913   0.01630   0.13168   8.09246   1.09905   0.98022   0.99155   1.46291  
 20 337.8136   2529.913852  x:  0.27318   0.04803   0.14768   0.02076   0.04999   0.02170   0.01244   0.00628   0.00781   0.01256   0.00000   0.02073   0.05207   0.00000   0.04153   0.04839   0.18478   0.02465   0.05974   0.02460   0.00663   0.02342   0.01876   0.11075   0.09903   0.18721   0.02459   0.01783   0.03132   0.00000   0.02351   0.02541   0.00000   0.00000   0.00648   0.03539   0.01750   0.01151   0.06403   0.17619   0.07185   0.03994   0.00837   0.00000   0.03089   0.01447   0.13323   7.99290   1.09006   0.99839   1.03256   1.54569  
 21 253.5859   2529.145007  x:  0.27774   0.05114   0.14079   0.01447   0.05430   0.02152   0.01304   0.00666   0.00781   0.01350   0.00000   0.02312   0.05238   0.00000   0.03948   0.04868   0.18529   0.02779   0.05778   0.02631   0.00716   0.01655   0.01937   0.10975   0.09757   0.19130   0.02247   0.01580   0.03057   0.00000   0.01776   0.02608   0.00000   0.00000   0.00732   0.03543   0.01898   0.01200   0.05761   0.16576   0.07660   0.04033   0.00745   0.00000   0.03070   0.01723   0.13281   7.93502   1.08868   1.00892   1.05015   1.58922  
 22 210.6475   2528.329840  x:  0.29040   0.04735   0.13744   0.01578   0.05521   0.02168   0.01125   0.00703   0.00719   0.01185   0.00000   0.02119   0.05237   0.00000   0.04295   0.05091   0.18228   0.02966   0.05642   0.02631   0.00643   0.01273   0.01456   0.10505   0.08741   0.18931   0.02287   0.01711   0.02790   0.00000   0.02594   0.02802   0.00000   0.00000   0.00638   0.03482   0.01889   0.01245   0.05488   0.15503   0.08826   0.04319   0.00659   0.00000   0.02880   0.01784   0.13022   7.86213   1.09364   1.02185   1.06157   1.63569  
 23 150.6418   2527.476097  x:  0.30715   0.04439   0.14040   0.01580   0.05154   0.02169   0.01197   0.00759   0.00752   0.01193   0.00000   0.01795   0.05205   0.00000   0.04643   0.05151   0.17848   0.03115   0.05769   0.02323   0.00686   0.02029   0.01487   0.10046   0.07933   0.18464   0.02426   0.01169   0.02840   0.00000   0.02161   0.02617   0.00000   0.00000   0.00691   0.03374   0.02143   0.01269   0.05623   0.14870   0.09807   0.04435   0.00622   0.00000   0.02900   0.01368   0.12760   7.78185   1.10351   1.03548   1.06758   1.68067  
 24 234.6126   2526.522260  x:  0.32641   0.04744   0.14714   0.01613   0.04598   0.02174   0.01330   0.00811   0.00860   0.01368   0.00000   0.01940   0.05173   0.00000   0.04648   0.04941   0.17404   0.03232   0.06051   0.02029   0.00792   0.01565   0.01998   0.09844   0.07862   0.17691   0.02852   0.01799   0.03121   0.00000   0.02061   0.02120   0.00000   0.00000   0.00821   0.03328   0.01986   0.01263   0.06038   0.14814   0.10272   0.04228   0.00663   0.00000   0.03086   0.00802   0.12577   7.68819   1.11872   1.05044   1.06864   1.72658  
 25 264.6698   2525.411909  x:  0.34468   0.05148   0.15008   0.01895   0.04362   0.02202   0.01445   0.00861   0.00970   0.01457   0.00000   0.02528   0.05169   0.00000   0.04148   0.04574   0.16775   0.03852   0.06236   0.02107   0.00933   0.01465   0.01424   0.10172   0.08782   0.16239   0.03042   0.01234   0.02860   0.00000   0.02573   0.01984   0.00000   0.00000   0.00971   0.03357   0.02365   0.01277   0.06248   0.15385   0.09890   0.03951   0.00608   0.00000   0.02767   0.01216   0.12507   7.57149   1.14057   1.06758   1.06365   1.77540  
 26 249.8752   2524.481882  x:  0.35165   0.05165   0.14402   0.01941   0.05047   0.02213   0.01506   0.00917   0.00980   0.01520   0.00000   0.01691   0.05215   0.00000   0.03872   0.04663   0.16242   0.03944   0.05996   0.02181   0.00971   0.01381   0.01230   0.10630   0.09429   0.14738   0.03278   0.01386   0.02669   0.00000   0.02460   0.02548   0.00000   0.00000   0.01030   0.03355   0.02698   0.01294   0.06021   0.16097   0.09199   0.04189   0.00558   0.00000   0.02742   0.00801   0.12530   7.47259   1.15978   1.08052   1.05564   1.80988  
 27 256.9586   2523.671433  x:  0.34773   0.04803   0.13229   0.01777   0.05315   0.02211   0.01383   0.00975   0.00914   0.01392   0.00000   0.02078   0.05236   0.00000   0.04305   0.05086   0.15898   0.03903   0.05669   0.01728   0.00917   0.01376   0.01478   0.10930   0.09572   0.13539   0.03373   0.01194   0.02860   0.00000   0.02493   0.01925   0.00000   0.00000   0.00952   0.03231   0.02374   0.01337   0.05446   0.16714   0.08664   0.04648   0.00515   0.00000   0.02906   0.00702   0.12573   7.37834   1.17738   1.09072   1.04570   1.83487  
 28 214.1597   2522.742914  x:  0.33108   0.05196   0.12280   0.01784   0.04321   0.02214   0.01417   0.01027   0.00937   0.01441   0.00000   0.01517   0.05177   0.00000   0.04795   0.05086   0.15934   0.04018   0.05871   0.02134   0.00924   0.01312   0.01356   0.10846   0.09422   0.13365   0.03228   0.01361   0.02863   0.00000   0.02357   0.01421   0.00000   0.00000   0.00996   0.03081   0.02436   0.01384   0.04851   0.17100   0.08769   0.04592   0.00472   0.00000   0.02688   0.00990   0.12612   7.26249   1.19648   1.09991   1.03310   1.85390  
 29 178.1189   2521.440342  x:  0.30348   0.06040   0.11364   0.01734   0.03459   0.02235   0.01429   0.01087   0.00960   0.01426   0.00000   0.01809   0.05122   0.00000   0.05101   0.04872   0.16137   0.04016   0.06178   0.02024   0.00920   0.01289   0.01341   0.10554   0.09046   0.13644   0.03440   0.01103   0.02855   0.00000   0.02497   0.02262   0.00000   0.00000   0.00994   0.03057   0.02474   0.01407   0.04427   0.17407   0.09258   0.04340   0.00466   0.00000   0.02607   0.00526   0.12639   7.09153   1.22297   1.11186   1.01510   1.87712  
 30 595.5851   2519.566564  x:  0.26549   0.05926   0.11582   0.01963   0.04292   0.02250   0.01555   0.01147   0.01050   0.01564   0.00000   0.01610   0.05108   0.00000   0.05089   0.04506   0.16632   0.04698   0.06580   0.01059   0.01094   0.01137   0.01081   0.10147   0.09044   0.14816   0.03561   0.01139   0.02550   0.00000   0.02564   0.02067   0.00000   0.00000   0.01186   0.03236   0.02714   0.01409   0.04770   0.17208   0.10013   0.04353   0.00381   0.00000   0.02803   0.00679   0.12650   6.85389   1.25552   1.12568   0.99359   1.90157  
 31 535.5760   2518.811053  x:  0.25112   0.05872   0.11803   0.02007   0.04790   0.02263   0.01585   0.01163   0.01067   0.01577   0.00000   0.01723   0.05135   0.00000   0.04944   0.04454   0.16768   0.04769   0.06575   0.01557   0.01102   0.01134   0.01006   0.10016   0.09051   0.15204   0.03810   0.01010   0.02513   0.00000   0.02686   0.01675   0.00000   0.00000   0.01205   0.03201   0.02877   0.01399   0.05022   0.16952   0.10318   0.04480   0.00379   0.00000   0.02816   0.00342   0.12620   6.75374   1.26760   1.13074   0.98607   1.91003  
 32 936.5943   2516.688055  x:  0.22817   0.06103   0.13049   0.02081   0.04393   0.02250   0.01639   0.01216   0.01112   0.01637   0.00000   0.01771   0.05335   0.00000   0.04129   0.05313   0.16401   0.04625   0.05523   0.01528   0.01143   0.01189   0.00936   0.10220   0.09894   0.14913   0.03592   0.01098   0.03347   0.00000   0.02665   0.01860   0.00000   0.00000   0.01239   0.01984   0.02826   0.01423   0.05469   0.14965   0.10630   0.05697   0.00418   0.00000   0.02145   0.00481   0.12285   6.45814   1.28829   1.13979   0.97971   1.92004  
 33 341.5294   2513.553851  x:  0.20403   0.06501   0.14462   0.01924   0.03361   0.02227   0.01583   0.01293   0.01094   0.01584   0.00000   0.01696   0.05450   0.00000   0.03435   0.06223   0.15495   0.04015   0.04406   0.01485   0.01088   0.01251   0.00783   0.10678   0.10871   0.13776   0.03233   0.01101   0.03132   0.00000   0.02589   0.01753   0.00000   0.00000   0.01151   0.04183   0.02728   0.01468   0.05730   0.11953   0.10742   0.06613   0.00480   0.00000   0.02535   0.00520   0.11705   5.95728   1.31405   1.15162   0.97842   1.92905  
 34 1018.8763   2502.351152  x:  0.18066   0.07034   0.16030   0.01584   0.03975   0.02142   0.01551   0.01432   0.01030   0.01564   0.00000   0.01972   0.05038   0.00000   0.05127   0.06156   0.13692   0.02813   0.06668   0.01617   0.00962   0.01592   0.01237   0.11479   0.12158   0.11771   0.02638   0.01328   0.00824   0.00000   0.02347   0.01901   0.00000   0.00000   0.01028   0.03360   0.02035   0.01520   0.05178   0.07885   0.10217   0.05541   0.00619   0.00000   0.02624   0.00579   0.10794   4.58852   1.36337   1.17696   0.99679   1.93607  
 35 1344.5069   2492.238277  x:  0.16369   0.07077   0.16958   0.01243   0.04813   0.02065   0.01484   0.01569   0.00947   0.01481   0.00000   0.01916   0.04655   0.00000   0.06635   0.05646   0.12171   0.02058   0.08757   0.01730   0.00863   0.01462   0.00396   0.12093   0.12999   0.10458   0.02060   0.01272   0.02662   0.00000   0.02369   0.02139   0.00000   0.00000   0.00915   0.03486   0.02087   0.01560   0.04702   0.05080   0.09791   0.04147   0.00649   0.00000   0.02738   0.00630   0.10051   3.10291   1.41341   1.20368   1.01974   1.94121  
 36 9993.8598   2482.394849  x:  0.16109   0.07110   0.16836   0.01242   0.04600   0.02017   0.01456   0.01648   0.00946   0.01467   0.00000   0.01877   0.04837   0.00000   0.06276   0.05748   0.11779   0.02063   0.08306   0.01570   0.00853   0.01477   0.00587   0.12258   0.13164   0.11170   0.02005   0.01255   0.02248   0.00000   0.02292   0.02006   0.00000   0.00000   0.00894   0.03645   0.01878   0.01495   0.04868   0.05486   0.10068   0.04501   0.00652   0.00000   0.02033   0.00528   0.09768   1.91756   1.44966   1.22478   1.04092   1.94244  
 37 6203.3082   2482.129841  x:  0.16132   0.07162   0.16864   0.01261   0.04487   0.02019   0.01470   0.01649   0.00954   0.01476   0.00000   0.01883   0.04804   0.00000   0.06242   0.05813   0.11951   0.02116   0.08161   0.01612   0.00864   0.01459   0.00404   0.12203   0.13129   0.11161   0.01998   0.01244   0.02177   0.00000   0.02325   0.02020   0.00000   0.00000   0.00904   0.03410   0.01964   0.01493   0.04861   0.05513   0.10018   0.04539   0.00649   0.00000   0.02683   0.00555   0.09853   1.87772   1.45069   1.22546   1.04170   1.94233  
 38 326.3377   2482.022174  x:  0.16137   0.07097   0.16983   0.01276   0.04456   0.02020   0.01462   0.01650   0.00951   0.01469   0.00000   0.01860   0.04590   0.00000   0.06135   0.05722   0.12593   0.02190   0.07903   0.01584   0.00866   0.01421   0.00421   0.11927   0.12882   0.10839   0.02034   0.01223   0.02138   0.00000   0.02328   0.02000   0.00000   0.00000   0.00906   0.03368   0.01967   0.01500   0.04812   0.05369   0.09726   0.04326   0.00634   0.00000   0.02612   0.00534   0.10195   1.86507   1.45073   1.22561   1.04184   1.94190  
 39 27.2126   2481.923254  x:  0.16206   0.07282   0.17153   0.01303   0.04499   0.02022   0.01502   0.01648   0.00969   0.01505   0.00000   0.01896   0.05068   0.00000   0.06345   0.05656   0.12852   0.02261   0.07963   0.01604   0.00889   0.01434   0.00399   0.11550   0.12749   0.10821   0.02071   0.01241   0.02147   0.00000   0.02347   0.02028   0.00000   0.00000   0.00937   0.03443   0.02004   0.01504   0.04684   0.05333   0.09306   0.04637   0.00638   0.00000   0.02554   0.00546   0.10226   1.86253   1.44981   1.22566   1.04169   1.94032  
 40  5.9772   2480.908028  x:  0.16568   0.07462   0.17520   0.01300   0.04543   0.02024   0.01505   0.01668   0.00964   0.01506   0.00000   0.01904   0.04001   0.00000   0.06267   0.05717   0.12189   0.02412   0.07704   0.01618   0.00891   0.01360   0.00354   0.09651   0.12383   0.11542   0.02086   0.01207   0.02131   0.00000   0.02353   0.02042   0.00000   0.00000   0.00943   0.03459   0.01997   0.01502   0.04394   0.05565   0.07520   0.04855   0.00622   0.00000   0.02466   0.00550   0.09197   1.86413   1.43872   1.22639   1.03789   1.92306  
 41  8.2696   2476.805042  x:  0.17805   0.06303   0.17720   0.01060   0.04143   0.02013   0.01153   0.01792   0.00774   0.01186   0.00000   0.01604   0.06116   0.00000   0.04951   0.05324   0.11457   0.02100   0.07000   0.01439   0.00676   0.01052   0.00294   0.08199   0.12023   0.12271   0.01722   0.00978   0.01996   0.00000   0.02172   0.01828   0.00000   0.00000   0.00670   0.02991   0.01589   0.01494   0.04547   0.06195   0.06352   0.02635   0.00544   0.00000   0.02481   0.00436   0.09665   1.88166   1.39454   1.22682   1.02303   1.85273  
 42 44.5070   2466.637960  x:  0.21473   0.06252   0.18618   0.00824   0.04083   0.01981   0.00872   0.02045   0.00594   0.00939   0.00000   0.01622   0.05054   0.00000   0.04614   0.03557   0.13793   0.01162   0.07938   0.01471   0.00419   0.01131   0.00048   0.09396   0.12294   0.13322   0.00972   0.00970   0.02223   0.00000   0.01924   0.01793   0.00000   0.00000   0.00352   0.03295   0.00854   0.01468   0.04739   0.08146   0.06858   0.04390   0.00620   0.00000   0.02059   0.00476   0.13060   1.92666   1.29384   1.22208   0.99346   1.68544  
 43 229.0575   2464.683510  x:  0.22245   0.06094   0.18613   0.00791   0.03991   0.01956   0.00799   0.02085   0.00558   0.00873   0.00000   0.01554   0.05262   0.00000   0.03518   0.04827   0.16522   0.01151   0.09211   0.01395   0.00371   0.01010   0.00058   0.10760   0.11648   0.13209   0.00954   0.00878   0.02311   0.00000   0.01941   0.01709   0.00000   0.00000   0.00298   0.03331   0.00822   0.01455   0.04683   0.08701   0.06700   0.04231   0.00590   0.00000   0.02036   0.00431   0.10228   1.93754   1.30082   1.20017   1.00888   1.64278  
 44 42.1852   2461.734712  x:  0.23317   0.06568   0.19016   0.00732   0.04309   0.01902   0.00943   0.02124   0.00621   0.00993   0.00000   0.01588   0.05248   0.00000   0.05747   0.04445   0.17900   0.01210   0.06945   0.01444   0.00456   0.01059   0.00020   0.11743   0.12000   0.13903   0.00945   0.00949   0.02314   0.00000   0.01942   0.01826   0.00000   0.00000   0.00382   0.03346   0.01048   0.01394   0.04922   0.09393   0.06823   0.03369   0.00629   0.00000   0.01852   0.00425   0.09211   1.95394   1.33253   1.15127   1.04787   1.57620  
 45 74.3612   2459.992102  x:  0.24095   0.06613   0.19084   0.00716   0.04385   0.01851   0.00954   0.02166   0.00618   0.00998   0.00000   0.01582   0.05235   0.00000   0.06693   0.03096   0.18658   0.01120   0.05603   0.01481   0.00453   0.01081   0.00088   0.12119   0.12202   0.14224   0.00831   0.00976   0.02332   0.00000   0.01913   0.01867   0.00000   0.00000   0.00367   0.03251   0.01050   0.01357   0.05017   0.09823   0.06946   0.03305   0.00647   0.00000   0.01904   0.00435   0.08678   1.96677   1.35914   1.11264   1.08001   1.52259  
 46 1068.9939   2456.540371  x:  0.25463   0.07126   0.19371   0.00647   0.04603   0.01775   0.01077   0.02215   0.00675   0.01101   0.00000   0.01648   0.04820   0.00000   0.06902   0.05652   0.18215   0.01294   0.06226   0.01523   0.00507   0.01041   0.00115   0.11365   0.12086   0.15356   0.00869   0.00974   0.02450   0.00000   0.02003   0.01920   0.00000   0.00000   0.00440   0.03551   0.01319   0.01280   0.05196   0.10636   0.06668   0.03175   0.00663   0.00000   0.01763   0.00452   0.12464   1.98822   1.40887   1.04297   1.13827   1.43064  
 47 176.1905   2456.456947  x:  0.25478   0.07176   0.19668   0.00662   0.04568   0.01778   0.01087   0.02215   0.00680   0.01108   0.00000   0.01640   0.04807   0.00000   0.06894   0.05588   0.18012   0.01397   0.06138   0.01501   0.00521   0.01003   0.00116   0.12018   0.11486   0.15606   0.00911   0.00956   0.02439   0.00000   0.02020   0.01904   0.00000   0.00000   0.00456   0.03521   0.01349   0.01288   0.05041   0.10617   0.06300   0.03174   0.00647   0.00000   0.01755   0.00435   0.12624   1.98786   1.40526   1.04612   1.13571   1.42875  
 48  7.1299   2455.884285  x:  0.25845   0.07514   0.20117   0.00610   0.04756   0.01794   0.01141   0.02235   0.00699   0.01152   0.00000   0.01677   0.04735   0.00000   0.07690   0.06294   0.18642   0.01334   0.05879   0.01572   0.00541   0.01047   0.00132   0.12189   0.11968   0.15911   0.00889   0.01000   0.02483   0.00000   0.02020   0.01983   0.00000   0.00000   0.00486   0.03631   0.01447   0.01300   0.05231   0.10886   0.06495   0.02885   0.00669   0.00000   0.01736   0.00469   0.12649   1.98051   1.35548   1.08793   1.10089   1.41625  
 49  8.4015   2453.266485  x:  0.26766   0.07508   0.19279   0.00975   0.04677   0.01822   0.01246   0.02358   0.00759   0.01248   0.00000   0.01691   0.04795   0.00000   0.07303   0.06149   0.18937   0.01771   0.05785   0.01518   0.00644   0.01054   0.00135   0.12030   0.11575   0.15628   0.01070   0.01059   0.02467   0.00000   0.02032   0.01860   0.00000   0.00000   0.00640   0.03510   0.01550   0.01453   0.05533   0.11401   0.07047   0.03136   0.00634   0.00000   0.01809   0.00427   0.12329   1.95099   1.13313   0.92234   0.94996   1.40364  
 50  6.8148   2448.109808  x:  0.28716   0.05869   0.15983   0.02133   0.05280   0.01803   0.01420   0.02189   0.00835   0.01432   0.00000   0.02269   0.04933   0.00000   0.04599   0.05282   0.20236   0.03009   0.05540   0.02164   0.00780   0.01584   0.00127   0.10866   0.08287   0.17516   0.01077   0.01652   0.02512   0.00000   0.01795   0.01928   0.00000   0.00000   0.00871   0.03570   0.01077   0.01615   0.06602   0.12643   0.07621   0.03408   0.00763   0.00000   0.02204   0.00917   0.12941   1.89696   1.22661   1.01287   1.02195   1.26649  
 51  2.1513   2446.694001  x:  0.29513   0.05967   0.16365   0.02026   0.05110   0.01632   0.01322   0.02164   0.00784   0.01313   0.00000   0.02000   0.05058   0.00000   0.04242   0.04916   0.20161   0.02974   0.05794   0.02059   0.00730   0.01402   0.00130   0.10432   0.08994   0.18151   0.01111   0.01453   0.02559   0.00000   0.01944   0.01876   0.00000   0.00000   0.00849   0.03351   0.01693   0.01569   0.06588   0.13170   0.08000   0.04162   0.00625   0.00000   0.02547   0.00810   0.13176   1.84224   1.19845   1.02852   1.04000   1.09145  
 52  0.6571   2445.761392  x:  0.29771   0.06261   0.15482   0.01578   0.05314   0.01730   0.01378   0.02103   0.00869   0.01351   0.00000   0.01959   0.05214   0.00000   0.04501   0.05004   0.18942   0.02884   0.05683   0.01964   0.00660   0.01221   0.00146   0.10528   0.08617   0.17742   0.01292   0.01322   0.02663   0.00000   0.01893   0.02052   0.00000   0.00000   0.00699   0.03207   0.01193   0.01776   0.06295   0.14744   0.08030   0.04442   0.00712   0.00000   0.02670   0.00681   0.13419   1.72098   1.14847   1.00037   1.01085   1.08526  
 53  0.1396   2445.330732  x:  0.29790   0.06222   0.15055   0.01414   0.05276   0.01848   0.01337   0.02030   0.00879   0.01307   0.00000   0.01901   0.05216   0.00000   0.04208   0.04900   0.18185   0.02818   0.05940   0.01890   0.00640   0.01313   0.00163   0.10509   0.08740   0.17645   0.01203   0.01256   0.02740   0.00000   0.01947   0.02016   0.00000   0.00000   0.00641   0.03147   0.01353   0.01924   0.06095   0.15986   0.08121   0.04507   0.00667   0.00000   0.02729   0.00596   0.13427   1.84264   1.15637   1.00187   1.00593   1.13543  
 54  0.1303   2445.104528  x:  0.30124   0.06143   0.15401   0.01515   0.05126   0.01889   0.01263   0.01967   0.00844   0.01268   0.00000   0.01923   0.05207   0.00000   0.04321   0.05082   0.17854   0.02650   0.05768   0.01882   0.00644   0.01319   0.00184   0.10570   0.09115   0.18391   0.00975   0.01258   0.02688   0.00000   0.01931   0.01893   0.00000   0.00000   0.00638   0.03241   0.01201   0.01924   0.06199   0.16789   0.07984   0.04390   0.00588   0.00000   0.02512   0.00588   0.13138   1.82611   1.18219   1.01219   1.01953   1.11021  
 55  0.0427   2445.023472  x:  0.30074   0.06134   0.15526   0.01503   0.05142   0.01894   0.01260   0.01963   0.00828   0.01268   0.00000   0.01943   0.05176   0.00000   0.04265   0.04976   0.17963   0.02618   0.05889   0.01965   0.00639   0.01263   0.00199   0.10500   0.08938   0.18605   0.01145   0.01262   0.02665   0.00000   0.01966   0.01870   0.00000   0.00000   0.00630   0.03313   0.01351   0.01888   0.06313   0.17294   0.07888   0.04288   0.00631   0.00000   0.02455   0.00664   0.12944   1.80284   1.18533   1.01331   1.01790   1.11611  
 56  0.0337   2444.960259  x:  0.30302   0.06178   0.15624   0.01487   0.05075   0.01872   0.01298   0.01923   0.00825   0.01305   0.00000   0.01926   0.05179   0.00000   0.04277   0.05003   0.18081   0.02616   0.05650   0.01943   0.00652   0.01265   0.00219   0.10420   0.08896   0.18912   0.01210   0.01313   0.02584   0.00000   0.01897   0.01926   0.00000   0.00000   0.00651   0.03201   0.01285   0.01811   0.06422   0.17595   0.07850   0.04312   0.00666   0.00000   0.02591   0.00638   0.12782   1.81764   1.17297   1.01335   1.01706   1.12155  
 57  0.0184   2444.908377  x:  0.30189   0.06142   0.15682   0.01497   0.05106   0.01816   0.01319   0.01896   0.00815   0.01309   0.00000   0.01922   0.05156   0.00000   0.04251   0.04860   0.18122   0.02649   0.05911   0.01948   0.00651   0.01329   0.00244   0.10548   0.08855   0.18790   0.01061   0.01308   0.02549   0.00000   0.01907   0.01992   0.00000   0.00000   0.00677   0.03182   0.01284   0.01743   0.06324   0.17830   0.07899   0.04236   0.00640   0.00000   0.02630   0.00659   0.12771   1.80776   1.16496   1.00670   1.01490   1.12310  
 58  0.0104   2444.812136  x:  0.30267   0.06100   0.15467   0.01520   0.05201   0.01713   0.01305   0.01853   0.00830   0.01271   0.00000   0.01932   0.05166   0.00000   0.04305   0.04779   0.18083   0.02776   0.05711   0.01883   0.00626   0.01317   0.00301   0.10514   0.09248   0.18573   0.01205   0.01236   0.02442   0.00000   0.02011   0.01968   0.00000   0.00000   0.00634   0.03218   0.01273   0.01626   0.06275   0.17747   0.08160   0.04275   0.00640   0.00000   0.02583   0.00629   0.12936   1.80823   1.17703   1.00663   1.01937   1.12735  
 59  0.0078   2444.683076  x:  0.30056   0.06127   0.15482   0.01487   0.05232   0.01682   0.01273   0.01879   0.00844   0.01262   0.00000   0.01977   0.05236   0.00000   0.04382   0.04932   0.18160   0.02611   0.05771   0.01909   0.00625   0.01229   0.00388   0.10538   0.08773   0.18386   0.01114   0.01316   0.02420   0.00000   0.01922   0.01921   0.00000   0.00000   0.00619   0.03307   0.01308   0.01644   0.06369   0.17307   0.07786   0.04406   0.00662   0.00000   0.02554   0.00646   0.13098   1.83203   1.17600   1.00466   1.00959   1.10944  
 60  0.0168   2444.590618  x:  0.30261   0.06107   0.15509   0.01517   0.05122   0.01750   0.01260   0.01887   0.00847   0.01282   0.00000   0.01918   0.05215   0.00000   0.04129   0.04994   0.18131   0.02586   0.05873   0.01893   0.00663   0.01312   0.00472   0.10486   0.08863   0.18496   0.01143   0.01330   0.02458   0.00000   0.01856   0.01882   0.00000   0.00000   0.00668   0.03247   0.01308   0.01737   0.06346   0.16909   0.07874   0.04456   0.00626   0.00000   0.02538   0.00611   0.13027   1.80366   1.17719   1.01408   1.01458   1.13051  
 61  0.0254   2444.531379  x:  0.30013   0.06144   0.15639   0.01517   0.05119   0.01812   0.01281   0.01918   0.00835   0.01296   0.00000   0.01909   0.05158   0.00000   0.04229   0.04908   0.18204   0.02630   0.05848   0.01965   0.00638   0.01298   0.00553   0.10446   0.08958   0.18576   0.01171   0.01254   0.02558   0.00000   0.01953   0.01922   0.00000   0.00000   0.00628   0.03204   0.01235   0.01821   0.06267   0.16934   0.07930   0.04310   0.00626   0.00000   0.02615   0.00668   0.12973   1.81262   1.17245   1.01012   1.01574   1.12055  
 62  0.0132   2444.515965  x:  0.30071   0.06124   0.15530   0.01503   0.05117   0.01831   0.01288   0.01924   0.00826   0.01288   0.00000   0.01923   0.05169   0.00000   0.04217   0.04875   0.18119   0.02656   0.05715   0.01943   0.00631   0.01286   0.00600   0.10478   0.08921   0.18575   0.01103   0.01287   0.02580   0.00000   0.01935   0.01942   0.00000   0.00000   0.00623   0.03213   0.01301   0.01833   0.06310   0.16975   0.07936   0.04306   0.00646   0.00000   0.02586   0.00646   0.12936   1.80942   1.17402   1.00854   1.01670   1.11859  
 63  0.0048   2444.512330  x:  0.30076   0.06140   0.15541   0.01504   0.05125   0.01834   0.01287   0.01923   0.00827   0.01285   0.00000   0.01932   0.05180   0.00000   0.04255   0.04881   0.18121   0.02654   0.05780   0.01928   0.00640   0.01280   0.00624   0.10482   0.08936   0.18521   0.01127   0.01295   0.02596   0.00000   0.01926   0.01938   0.00000   0.00000   0.00644   0.03228   0.01287   0.01819   0.06316   0.17015   0.07930   0.04319   0.00648   0.00000   0.02573   0.00636   0.12906   1.81243   1.17530   1.01005   1.01735   1.11815  
 64  0.0047   2444.511459  x:  0.30081   0.06140   0.15539   0.01505   0.05129   0.01832   0.01287   0.01928   0.00827   0.01285   0.00000   0.01934   0.05186   0.00000   0.04241   0.04889   0.18103   0.02656   0.05764   0.01932   0.00641   0.01288   0.00638   0.10494   0.08917   0.18537   0.01130   0.01283   0.02590   0.00000   0.01928   0.01927   0.00000   0.00000   0.00644   0.03229   0.01283   0.01806   0.06318   0.17015   0.07924   0.04327   0.00641   0.00000   0.02574   0.00642   0.12914   1.81260   1.17419   1.00954   1.01636   1.11932  
 65  0.0018   2444.511335  x:  0.30081   0.06138   0.15540   0.01509   0.05130   0.01830   0.01288   0.01932   0.00828   0.01286   0.00000   0.01929   0.05183   0.00000   0.04239   0.04891   0.18105   0.02655   0.05771   0.01932   0.00639   0.01286   0.00641   0.10487   0.08926   0.18538   0.01130   0.01286   0.02588   0.00000   0.01928   0.01930   0.00000   0.00000   0.00640   0.03226   0.01283   0.01800   0.06315   0.17021   0.07924   0.04327   0.00643   0.00000   0.02579   0.00642   0.12922   1.81220   1.17446   1.00962   1.01648   1.11933  
 66  0.0005   2444.511323  x:  0.30079   0.06138   0.15539   0.01508   0.05129   0.01829   0.01286   0.01934   0.00828   0.01286   0.00000   0.01929   0.05182   0.00000   0.04238   0.04890   0.18108   0.02654   0.05770   0.01932   0.00640   0.01286   0.00642   0.10486   0.08924   0.18537   0.01131   0.01286   0.02587   0.00000   0.01929   0.01930   0.00000   0.00000   0.00641   0.03226   0.01283   0.01799   0.06314   0.17024   0.07926   0.04326   0.00642   0.00000   0.02578   0.00642   0.12924   1.81219   1.17450   1.00958   1.01656   1.11913  
 67  0.0002   2444.511319  x:  0.30081   0.06138   0.15539   0.01508   0.05129   0.01828   0.01286   0.01935   0.00829   0.01286   0.00000   0.01930   0.05182   0.00000   0.04240   0.04891   0.18109   0.02655   0.05770   0.01932   0.00640   0.01286   0.00641   0.10486   0.08924   0.18537   0.01130   0.01286   0.02587   0.00000   0.01928   0.01930   0.00000   0.00000   0.00640   0.03226   0.01283   0.01799   0.06315   0.17025   0.07926   0.04327   0.00642   0.00000   0.02577   0.00642   0.12924   1.81221   1.17451   1.00965   1.01658   1.11921  
 68  0.0001   2444.511319  x:  0.30082   0.06138   0.15538   0.01508   0.05129   0.01829   0.01287   0.01936   0.00829   0.01286   0.00000   0.01930   0.05182   0.00000   0.04239   0.04891   0.18108   0.02655   0.05770   0.01932   0.00640   0.01286   0.00641   0.10487   0.08924   0.18537   0.01130   0.01286   0.02587   0.00000   0.01928   0.01930   0.00000   0.00000   0.00640   0.03226   0.01283   0.01799   0.06315   0.17025   0.07926   0.04326   0.00642   0.00000   0.02577   0.00642   0.12924   1.81223   1.17452   1.00965   1.01658   1.11921  
 69  0.0000   2444.511318  x:  0.30081   0.06138   0.15538   0.01508   0.05129   0.01829   0.01287   0.01936   0.00829   0.01286   0.00000   0.01930   0.05182   0.00000   0.04239   0.04891   0.18108   0.02655   0.05770   0.01932   0.00640   0.01286   0.00641   0.10487   0.08924   0.18537   0.01130   0.01286   0.02587   0.00000   0.01928   0.01930   0.00000   0.00000   0.00640   0.03226   0.01283   0.01800   0.06315   0.17025   0.07926   0.04326   0.00642   0.00000   0.02578   0.00642   0.12923   1.81223   1.17451   1.00965   1.01658   1.11922  
 70  0.0000   2444.511318  x:  0.30081   0.06138   0.15538   0.01508   0.05129   0.01829   0.01287   0.01936   0.00829   0.01286   0.00000   0.01930   0.05182   0.00000   0.04239   0.04891   0.18108   0.02655   0.05770   0.01932   0.00640   0.01286   0.00641   0.10486   0.08924   0.18537   0.01130   0.01286   0.02587   0.00000   0.01928   0.01930   0.00000   0.00000   0.00640   0.03226   0.01283   0.01800   0.06315   0.17025   0.07926   0.04326   0.00642   0.00000   0.02578   0.00642   0.12923   1.81222   1.17451   1.00965   1.01658   1.11921  
 71  0.0000   2444.511318  x:  0.30081   0.06138   0.15538   0.01508   0.05129   0.01829   0.01287   0.01936   0.00829   0.01286   0.00000   0.01930   0.05182   0.00000   0.04239   0.04891   0.18108   0.02655   0.05770   0.01932   0.00640   0.01286   0.00641   0.10486   0.08924   0.18537   0.01130   0.01286   0.02587   0.00000   0.01928   0.01930   0.00000   0.00000   0.00640   0.03226   0.01283   0.01800   0.06315   0.17025   0.07926   0.04326   0.00642   0.00000   0.02578   0.00642   0.12923   1.81222   1.17451   1.00965   1.01658   1.11921  
 72  0.0000   2444.511318  x:  0.30081   0.06138   0.15538   0.01508   0.05129   0.01829   0.01287   0.01936   0.00829   0.01286   0.00000   0.01930   0.05182   0.00000   0.04239   0.04891   0.18108   0.02655   0.05770   0.01932   0.00640   0.01286   0.00641   0.10486   0.08924   0.18537   0.01130   0.01286   0.02587   0.00000   0.01928   0.01930   0.00000   0.00000   0.00640   0.03226   0.01283   0.01800   0.06315   0.17025   0.07926   0.04326   0.00642   0.00000   0.02578   0.00642   0.12923   1.81222   1.17451   1.00965   1.01658   1.11921  
 73  0.0000   2444.511318  x:  0.30081   0.06138   0.15538   0.01508   0.05129   0.01829   0.01287   0.01936   0.00829   0.01286   0.00000   0.01930   0.05182   0.00000   0.04239   0.04891   0.18108   0.02655   0.05770   0.01932   0.00640   0.01286   0.00641   0.10486   0.08924   0.18537   0.01130   0.01286   0.02587   0.00000   0.01928   0.01930   0.00000   0.00000   0.00640   0.03226   0.01283   0.01800   0.06315   0.17025   0.07926   0.04326   0.00642   0.00000   0.02578   0.00642   0.12923   1.81222   1.17451   1.00965   1.01658   1.11921  
 74  0.0018   2444.511318  x:  0.30081   0.06138   0.15538   0.01508   0.05129   0.01829   0.01287   0.01936   0.00829   0.01286   0.00000   0.01930   0.05182   0.00000   0.04239   0.04891   0.18108   0.02655   0.05770   0.01932   0.00640   0.01286   0.00641   0.10486   0.08924   0.18537   0.01130   0.01286   0.02587   0.00000   0.01928   0.01930   0.00000   0.00000   0.00640   0.03226   0.01283   0.01800   0.06315   0.17025   0.07926   0.04326   0.00642   0.00000   0.02578   0.00642   0.12923   1.81222   1.17451   1.00965   1.01658   1.11921  
 75 12.3718   2444.511318  x:  0.30081   0.06138   0.15538   0.01508   0.05129   0.01829   0.01287   0.01936   0.00829   0.01286   0.00000   0.01930   0.05182   0.00000   0.04239   0.04891   0.18108   0.02655   0.05770   0.01932   0.00640   0.01286   0.00641   0.10486   0.08924   0.18537   0.01130   0.01286   0.02587   0.00000   0.01928   0.01930   0.00000   0.00000   0.00640   0.03226   0.01283   0.01800   0.06315   0.17025   0.07926   0.04326   0.00642   0.00000   0.02578   0.00642   0.12923   1.81222   1.17451   1.00965   1.01658   1.11921  
 76  0.0276   2444.511318  x:  0.30081   0.06138   0.15538   0.01508   0.05129   0.01829   0.01287   0.01936   0.00829   0.01286   0.00000   0.01930   0.05182   0.00000   0.04239   0.04891   0.18108   0.02655   0.05770   0.01932   0.00640   0.01286   0.00641   0.10486   0.08924   0.18537   0.01130   0.01286   0.02587   0.00000   0.01928   0.01930   0.00000   0.00000   0.00640   0.03226   0.01283   0.01800   0.06315   0.17025   0.07926   0.04326   0.00642   0.00000   0.02578   0.00642   0.12923   1.81222   1.17451   1.00965   1.01658   1.11921  
 77  0.0021   2444.511318  x:  0.30081   0.06138   0.15538   0.01508   0.05129   0.01829   0.01287   0.01936   0.00829   0.01286   0.00000   0.01930   0.05182   0.00000   0.04239   0.04891   0.18108   0.02655   0.05770   0.01932   0.00640   0.01286   0.00641   0.10486   0.08924   0.18537   0.01130   0.01286   0.02587   0.00000   0.01928   0.01930   0.00000   0.00000   0.00640   0.03226   0.01283   0.01800   0.06315   0.17025   0.07926   0.04326   0.00642   0.00000   0.02578   0.00642   0.12923   1.81222   1.17451   1.00965   1.01658   1.11921  
 78  0.0014   2444.511318  x:  0.30081   0.06138   0.15538   0.01508   0.05129   0.01829   0.01287   0.01936   0.00829   0.01286   0.00000   0.01930   0.05182   0.00000   0.04239   0.04891   0.18108   0.02655   0.05770   0.01932   0.00640   0.01286   0.00641   0.10486   0.08924   0.18537   0.01130   0.01286   0.02587   0.00000   0.01928   0.01930   0.00000   0.00000   0.00640   0.03226   0.01283   0.01800   0.06315   0.17025   0.07926   0.04326   0.00642   0.00000   0.02578   0.00642   0.12923   1.81222   1.17451   1.00965   1.01658   1.11921  
 79  0.3575   2444.511318  x:  0.30081   0.06138   0.15538   0.01508   0.05129   0.01829   0.01287   0.01936   0.00829   0.01286   0.00000   0.01930   0.05182   0.00000   0.04239   0.04891   0.18108   0.02655   0.05770   0.01932   0.00640   0.01286   0.00641   0.10486   0.08924   0.18537   0.01130   0.01286   0.02587   0.00000   0.01928   0.01930   0.00000   0.00000   0.00640   0.03226   0.01283   0.01800   0.06315   0.17025   0.07926   0.04326   0.00642   0.00000   0.02578   0.00642   0.12923   1.81222   1.17451   1.00965   1.01658   1.11921  
check convergence!


TREE # 2

  0  0.0000   2485.242737  x:  0.05666   0.11495   0.04076   0.02553   0.02422   0.02605   0.04153   0.04086   0.02789   0.00693   0.02009   0.03440   0.02221   0.00944   0.06013   0.14351   0.10211   0.05594   0.02220   0.01279   0.04534   0.01938   0.11156   0.03658   0.08375   0.02276   0.04822   0.03176   0.03401   0.01682   0.02592   0.01684   0.00000   0.02624   0.05204   0.01775   0.04721   0.06408   0.13585   0.07160   0.05352   0.01812   0.02241   0.03671   0.01033   0.09605   0.25677   1.81222   1.11929   0.97031   1.00009   1.11921  
  1 99.0000   2485.239918  x:  0.05667   0.11495   0.04076   0.02553   0.02422   0.02605   0.04153   0.04086   0.02789   0.00693   0.02008   0.03440   0.02221   0.00944   0.06013   0.14351   0.10211   0.05594   0.02220   0.01279   0.04534   0.01938   0.11156   0.03658   0.08375   0.02276   0.04822   0.03176   0.03401   0.01682   0.02592   0.01684   0.00000   0.02624   0.05204   0.01775   0.04721   0.06408   0.13585   0.07160   0.05352   0.01812   0.02241   0.03671   0.01033   0.09605   0.25677   1.81222   1.11929   0.97031   1.00009   1.11921  
  2 536.6957   2477.229411  x:  0.05750   0.11701   0.03800   0.02420   0.02413   0.01915   0.03912   0.03854   0.02100   0.00000   0.01771   0.03435   0.02170   0.00391   0.05996   0.14445   0.10122   0.05514   0.01928   0.00591   0.04354   0.01722   0.11224   0.03643   0.08580   0.02235   0.04846   0.03042   0.03121   0.01585   0.02327   0.01747   0.00000   0.02603   0.05202   0.01080   0.04686   0.06314   0.13736   0.06923   0.05369   0.01808   0.01952   0.03358   0.01266   0.09640   0.25778   1.81221   1.11947   0.97040   0.99999   1.11920  
  3 1368.4652   2472.503425  x:  0.05723   0.11820   0.03642   0.02421   0.02387   0.01321   0.03786   0.03738   0.01508   0.00000   0.01709   0.03448   0.02244   0.00490   0.06018   0.14502   0.10055   0.05480   0.01805   0.00000   0.04272   0.01684   0.11264   0.03479   0.08615   0.02247   0.04863   0.03020   0.02975   0.01484   0.02205   0.01871   0.00000   0.02661   0.05201   0.00482   0.04693   0.06269   0.13826   0.06738   0.05371   0.01795   0.01824   0.03178   0.01579   0.09657   0.25848   1.81220   1.11964   0.97044   0.99992   1.11920  
  4 1480.0856   2470.035657  x:  0.05695   0.11874   0.03564   0.02455   0.02390   0.00842   0.03746   0.03707   0.01031   0.00000   0.01731   0.03454   0.02288   0.00490   0.06042   0.14524   0.10017   0.05471   0.01797   0.00000   0.04253   0.01717   0.11283   0.03447   0.08595   0.02265   0.04870   0.03042   0.02934   0.01608   0.02182   0.01868   0.00000   0.02688   0.05201   0.00000   0.04705   0.06253   0.13869   0.06628   0.05370   0.01803   0.01811   0.03109   0.01589   0.09664   0.25893   1.81219   1.11978   0.97044   0.99988   1.11921  
  5 1391.2365   2467.203632  x:  0.05666   0.11941   0.03464   0.02499   0.02398   0.00000   0.03708   0.03685   0.00191   0.00000   0.01773   0.03459   0.02323   0.00488   0.06083   0.14550   0.09963   0.05463   0.01812   0.00000   0.04241   0.01767   0.11308   0.03465   0.08564   0.02282   0.04875   0.03077   0.02901   0.01560   0.02172   0.01833   0.00000   0.02705   0.05202   0.00000   0.04723   0.06235   0.13924   0.06471   0.05370   0.01808   0.01819   0.03038   0.01526   0.09671   0.25965   1.81219   1.12004   0.97043   0.99982   1.11921  
  6 3665.6601   2466.880155  x:  0.05668   0.11947   0.03455   0.02497   0.02395   0.00000   0.03707   0.03687   0.00000   0.00000   0.01773   0.03458   0.02318   0.00488   0.06089   0.14551   0.09956   0.05463   0.01814   0.00000   0.04242   0.01766   0.11311   0.03468   0.08564   0.02278   0.04875   0.03078   0.02902   0.01562   0.02173   0.01839   0.00000   0.02702   0.05202   0.00000   0.04724   0.06233   0.13929   0.06451   0.05370   0.01805   0.01822   0.03037   0.01527   0.09672   0.25977   1.81219   1.12010   0.97042   0.99981   1.11921  
  7 2650.7880   2464.674803  x:  0.05954   0.12589   0.02718   0.02234   0.02823   0.00000   0.03744   0.04043   0.00000   0.00000   0.01422   0.03513   0.02383   0.00512   0.06645   0.14409   0.09101   0.05457   0.01561   0.00000   0.04273   0.01407   0.11488   0.02823   0.09137   0.02258   0.04840   0.02817   0.03014   0.01589   0.02147   0.00851   0.00000   0.02908   0.05199   0.00000   0.04972   0.06099   0.14392   0.04254   0.05481   0.03169   0.01660   0.03193   0.01856   0.09755   0.27729   1.81222   1.13116   0.96895   0.99842   1.11967  
  8 98.3799   2462.374590  x:  0.05964   0.13096   0.02421   0.02432   0.03354   0.00000   0.03474   0.03826   0.00000   0.00000   0.01343   0.03705   0.03370   0.00478   0.06761   0.14192   0.08494   0.05306   0.00817   0.00000   0.03907   0.01584   0.11583   0.02965   0.09868   0.02978   0.04961   0.02529   0.02458   0.01600   0.01586   0.02096   0.00000   0.03684   0.05194   0.00000   0.05105   0.06024   0.14631   0.03200   0.05538   0.04030   0.00830   0.02869   0.01101   0.09851   0.29473   1.81229   1.14575   0.96723   0.99711   1.12038  
  9 101.8905   2459.009282  x:  0.05792   0.13829   0.02070   0.02732   0.02934   0.00000   0.02513   0.02603   0.00000   0.00000   0.01387   0.03755   0.04395   0.00502   0.06479   0.14263   0.08164   0.04939   0.01243   0.00000   0.03068   0.01772   0.11754   0.03464   0.10420   0.03323   0.05189   0.02536   0.01104   0.01730   0.00665   0.01425   0.00000   0.04222   0.05187   0.00000   0.04995   0.05775   0.14985   0.03632   0.05555   0.03224   0.00847   0.01458   0.01332   0.10001   0.31174   1.81238   1.16389   0.96584   0.99587   1.12133  
 10 117.1518   2458.337375  x:  0.05655   0.14181   0.01821   0.02789   0.02868   0.00000   0.02135   0.02079   0.00000   0.00000   0.01330   0.03732   0.04665   0.00505   0.06326   0.14518   0.08202   0.04783   0.00791   0.00000   0.02821   0.01751   0.11871   0.03297   0.10406   0.03350   0.05276   0.02639   0.01374   0.01744   0.01179   0.01214   0.00000   0.04263   0.05185   0.00000   0.04876   0.05617   0.15216   0.03872   0.05519   0.02794   0.00708   0.01117   0.01218   0.10058   0.31377   1.81239   1.16780   0.96606   0.99575   1.12157  
 11 112.6399   2458.044790  x:  0.05515   0.14609   0.01557   0.02784   0.02966   0.00000   0.02005   0.01897   0.00000   0.00000   0.01238   0.03695   0.04840   0.00502   0.06199   0.14960   0.08349   0.04638   0.00663   0.00000   0.02749   0.01653   0.12038   0.03009   0.10233   0.03338   0.05316   0.02685   0.01424   0.01740   0.00936   0.01191   0.00000   0.04186   0.05185   0.00000   0.04716   0.05424   0.15549   0.04029   0.05462   0.02570   0.00805   0.01515   0.01025   0.10113   0.31203   1.81237   1.16903   0.96702   0.99593   1.12168  
 12 61.3395   2457.815929  x:  0.05438   0.15150   0.01486   0.02711   0.03152   0.00000   0.02112   0.02056   0.00000   0.00000   0.01148   0.03665   0.05000   0.00493   0.06098   0.15566   0.08585   0.04501   0.00932   0.00000   0.02792   0.01496   0.12256   0.02880   0.10022   0.03357   0.05343   0.02682   0.01440   0.01740   0.00943   0.01255   0.00000   0.04046   0.05184   0.00000   0.04522   0.05215   0.15991   0.04176   0.05400   0.02623   0.00599   0.01392   0.00947   0.10173   0.30776   1.81233   1.16940   0.96874   0.99637   1.12176  
 13 59.6476   2457.664149  x:  0.05431   0.15572   0.01571   0.02654   0.03249   0.00000   0.02213   0.02194   0.00000   0.00000   0.01168   0.03662   0.05116   0.00485   0.06072   0.16051   0.08763   0.04436   0.00777   0.00000   0.02853   0.01437   0.12427   0.02989   0.09879   0.03415   0.05348   0.02654   0.01364   0.01750   0.00964   0.01295   0.00000   0.03944   0.05184   0.00000   0.04409   0.05099   0.16352   0.04227   0.05370   0.02781   0.00828   0.01238   0.01016   0.10213   0.30343   1.81228   1.16929   0.97046   0.99684   1.12180  
 14 79.0860   2457.580682  x:  0.05476   0.15799   0.01701   0.02648   0.03154   0.00000   0.02193   0.02155   0.00000   0.00000   0.01281   0.03681   0.05157   0.00479   0.06136   0.16340   0.08828   0.04477   0.00703   0.00000   0.02882   0.01531   0.12519   0.03180   0.09830   0.03472   0.05327   0.02639   0.01344   0.01761   0.00970   0.01237   0.00000   0.03893   0.05185   0.00000   0.04431   0.05117   0.16577   0.04156   0.05383   0.02851   0.00678   0.01360   0.01137   0.10222   0.29946   1.81224   1.16873   0.97215   0.99732   1.12181  
 15 40.0655   2457.506092  x:  0.05576   0.15920   0.01782   0.02624   0.03007   0.00000   0.02079   0.01988   0.00000   0.00000   0.01229   0.03719   0.05159   0.00466   0.06227   0.16562   0.08817   0.04590   0.00816   0.00000   0.02831   0.01605   0.12556   0.03145   0.09958   0.03544   0.05291   0.02566   0.01427   0.01758   0.00965   0.01280   0.00000   0.03910   0.05186   0.00000   0.04557   0.05244   0.16751   0.04012   0.05441   0.02956   0.00752   0.01344   0.01097   0.10209   0.29347   1.81216   1.16744   0.97484   0.99814   1.12181  
 16 29.9158   2457.432059  x:  0.05619   0.15888   0.01659   0.02662   0.02918   0.00000   0.02150   0.02119   0.00000   0.00000   0.01213   0.03722   0.05094   0.00463   0.06309   0.16667   0.08707   0.04696   0.00734   0.00000   0.02820   0.01644   0.12522   0.03038   0.10114   0.03526   0.05264   0.02603   0.01308   0.01757   0.00947   0.01243   0.00000   0.03953   0.05187   0.00000   0.04704   0.05388   0.16830   0.03856   0.05495   0.02820   0.00717   0.01279   0.01017   0.10175   0.28590   1.81205   1.16537   0.97868   0.99940   1.12180  
 17 29.1038   2457.375631  x:  0.05573   0.15807   0.01483   0.02723   0.03148   0.00000   0.02120   0.02090   0.00000   0.00000   0.01239   0.03702   0.05069   0.00480   0.06320   0.16619   0.08530   0.04633   0.00763   0.00000   0.02799   0.01571   0.12460   0.03197   0.10231   0.03480   0.05300   0.02662   0.01371   0.01767   0.00930   0.01235   0.00000   0.04049   0.05187   0.00000   0.04702   0.05360   0.16818   0.03720   0.05485   0.02785   0.00728   0.01281   0.01109   0.10161   0.27997   1.81192   1.16307   0.98272   1.00081   1.12180  
 18 23.6201   2457.335447  x:  0.05520   0.15799   0.01616   0.02731   0.03143   0.00000   0.02076   0.02012   0.00000   0.00000   0.01238   0.03681   0.05039   0.00474   0.06332   0.16470   0.08372   0.04515   0.00772   0.00000   0.02829   0.01526   0.12429   0.03161   0.10176   0.03355   0.05345   0.02675   0.01258   0.01766   0.00982   0.01250   0.00000   0.04062   0.05187   0.00000   0.04603   0.05186   0.16783   0.03590   0.05437   0.02809   0.00726   0.01296   0.01073   0.10184   0.27745   1.81177   1.16089   0.98659   1.00225   1.12180  
 19 14.8250   2457.300308  x:  0.05527   0.15834   0.01655   0.02726   0.03047   0.00000   0.02084   0.02035   0.00000   0.00000   0.01236   0.03686   0.05037   0.00473   0.06322   0.16321   0.08280   0.04461   0.00732   0.00000   0.02823   0.01560   0.12427   0.03156   0.10092   0.03289   0.05364   0.02648   0.01382   0.01765   0.00859   0.01242   0.00000   0.04052   0.05188   0.00000   0.04547   0.05059   0.16755   0.03564   0.05412   0.02838   0.00701   0.01227   0.01056   0.10218   0.27662   1.81160   1.15880   0.99038   1.00375   1.12182  
 20 20.9289   2457.191025  x:  0.05697   0.16067   0.01399   0.02647   0.02868   0.00000   0.02095   0.02114   0.00000   0.00000   0.01136   0.03751   0.05112   0.00495   0.06220   0.15928   0.08179   0.04479   0.00751   0.00000   0.02677   0.01665   0.12494   0.03228   0.09958   0.03329   0.05372   0.02508   0.01327   0.01771   0.00968   0.01262   0.00000   0.04014   0.05189   0.00000   0.04536   0.04897   0.16723   0.03707   0.05428   0.02975   0.00717   0.01305   0.01069   0.10337   0.27748   1.81099   1.15217   1.00273   1.00882   1.12190  
 21 26.6324   2456.964628  x:  0.05820   0.16566   0.01498   0.02468   0.03194   0.00000   0.02112   0.01972   0.00000   0.00000   0.01295   0.03725   0.05101   0.00498   0.06223   0.15432   0.08296   0.04727   0.00738   0.00000   0.02877   0.01464   0.12667   0.03133   0.10025   0.03512   0.05277   0.02548   0.01310   0.01779   0.00921   0.01259   0.00000   0.03816   0.05193   0.00000   0.04751   0.05125   0.16773   0.03856   0.05534   0.02780   0.00703   0.01251   0.01065   0.10463   0.28354   1.80962   1.13937   1.02797   1.01959   1.12213  
 22 42.3678   2456.811614  x:  0.05511   0.16573   0.01671   0.02639   0.03147   0.00000   0.02012   0.02162   0.00000   0.00000   0.00992   0.03652   0.05021   0.00495   0.06301   0.15631   0.08559   0.04606   0.00735   0.00000   0.02728   0.01447   0.12659   0.03223   0.10335   0.03519   0.05305   0.02682   0.01349   0.01787   0.00927   0.01233   0.00000   0.03871   0.05193   0.00000   0.04678   0.05346   0.16809   0.03812   0.05477   0.02741   0.00709   0.01301   0.01086   0.10346   0.28854   1.80868   1.13370   1.04181   1.02620   1.12235  
 23 32.0802   2456.629374  x:  0.05405   0.16228   0.01519   0.02696   0.02954   0.00000   0.02204   0.02019   0.00000   0.00000   0.01317   0.03637   0.04756   0.00506   0.06312   0.16220   0.08903   0.04391   0.00739   0.00000   0.02694   0.01419   0.12527   0.03170   0.10740   0.03316   0.05363   0.02566   0.01338   0.01787   0.00934   0.01280   0.00000   0.03970   0.05192   0.00000   0.04434   0.05461   0.16784   0.03819   0.05391   0.02925   0.00706   0.01288   0.01058   0.10107   0.29401   1.80747   1.12994   1.05555   1.03371   1.12269  
 24 40.2858   2456.380551  x:  0.05824   0.15495   0.01468   0.02601   0.03161   0.00000   0.01914   0.01998   0.00000   0.00000   0.01105   0.03797   0.04489   0.00518   0.06258   0.17093   0.09019   0.04499   0.00698   0.00000   0.03064   0.01698   0.12312   0.03159   0.10582   0.03147   0.05368   0.02466   0.01267   0.01797   0.00896   0.01294   0.00000   0.04100   0.05193   0.00000   0.04340   0.05277   0.16677   0.03804   0.05429   0.02904   0.00672   0.01217   0.01077   0.09916   0.29858   1.80584   1.13116   1.06738   1.04229   1.12330  
 25 27.1894   2455.955579  x:  0.06120   0.14703   0.01750   0.02316   0.03284   0.00000   0.02240   0.01879   0.00000   0.00000   0.01013   0.03802   0.04322   0.00522   0.06122   0.18066   0.08645   0.04746   0.00681   0.00000   0.02377   0.01299   0.12151   0.03218   0.10218   0.03340   0.05340   0.02475   0.01267   0.01818   0.00872   0.01276   0.00000   0.04169   0.05192   0.00000   0.04635   0.04900   0.16598   0.03667   0.05594   0.02732   0.00654   0.01228   0.01068   0.10002   0.30223   1.80314   1.14024   1.07930   1.05442   1.12447  
 26 33.5200   2455.183465  x:  0.05921   0.14330   0.01738   0.02032   0.02919   0.00000   0.01724   0.02190   0.00000   0.00000   0.01221   0.03488   0.04087   0.00561   0.05816   0.18618   0.07895   0.04680   0.00667   0.00000   0.02643   0.00639   0.12162   0.03287   0.10548   0.03631   0.05317   0.02296   0.01299   0.01842   0.00885   0.01324   0.00000   0.03873   0.05187   0.00000   0.05008   0.04765   0.16553   0.03906   0.05674   0.02868   0.00641   0.01266   0.01008   0.10456   0.30285   1.79862   1.16247   1.09161   1.07253   1.12661  
 27 46.7782   2453.720063  x:  0.05569   0.14345   0.01796   0.01424   0.03047   0.00000   0.02136   0.01930   0.00000   0.00000   0.00832   0.02915   0.03160   0.00643   0.05343   0.18995   0.06712   0.04263   0.00608   0.00000   0.02952   0.01313   0.12358   0.03282   0.11861   0.03675   0.05294   0.02024   0.01294   0.01892   0.00889   0.01391   0.00000   0.02856   0.05177   0.00000   0.05274   0.04686   0.16562   0.04304   0.05669   0.02935   0.00606   0.01276   0.01099   0.11367   0.30155   1.78916   1.21244   1.11347   1.10907   1.13116  
 28 172.9922   2451.229188  x:  0.06828   0.15360   0.01958   0.02563   0.03313   0.00000   0.02305   0.01831   0.00000   0.00000   0.00602   0.04093   0.01593   0.00740   0.05418   0.18198   0.06889   0.04214   0.00510   0.00000   0.02664   0.00869   0.12733   0.03183   0.13570   0.02636   0.05244   0.01988   0.01294   0.01965   0.00856   0.01514   0.00000   0.02132   0.05176   0.00000   0.04548   0.04822   0.16526   0.04508   0.05470   0.02908   0.00539   0.01315   0.01122   0.12091   0.29471   1.77371   1.29813   1.14410   1.16658   1.13856  
 29 186.0069   2449.722245  x:  0.07583   0.16063   0.02024   0.01316   0.03379   0.00000   0.02153   0.02092   0.00000   0.00000   0.00709   0.03818   0.01784   0.00786   0.05711   0.17314   0.07871   0.04228   0.00528   0.00000   0.02351   0.00792   0.12787   0.03279   0.14509   0.01691   0.05256   0.01899   0.01340   0.02009   0.00882   0.01488   0.00000   0.02769   0.05174   0.00000   0.03764   0.04956   0.16475   0.04108   0.05402   0.02452   0.00566   0.01375   0.01019   0.11807   0.28921   1.76529   1.34562   1.15942   1.19692   1.14246  
 30 193.5381   2449.443007  x:  0.07726   0.16126   0.01899   0.01313   0.03220   0.00000   0.02344   0.01897   0.00000   0.00000   0.00471   0.03446   0.01870   0.00806   0.05741   0.17002   0.08322   0.04183   0.00509   0.00000   0.02563   0.00603   0.12667   0.03373   0.14487   0.01892   0.05275   0.01840   0.01328   0.02024   0.00867   0.01458   0.00000   0.02688   0.05172   0.00000   0.03695   0.04882   0.16419   0.03889   0.05430   0.02407   0.00550   0.01359   0.01021   0.11347   0.28756   1.76393   1.35350   1.16143   1.20133   1.14299  
 31 67.8045   2449.288572  x:  0.07831   0.16170   0.01889   0.01314   0.03289   0.00000   0.02186   0.01969   0.00000   0.00000   0.00565   0.03134   0.01689   0.00820   0.05649   0.16766   0.08672   0.04104   0.00504   0.00000   0.02390   0.00664   0.12529   0.03302   0.14495   0.02086   0.05294   0.01771   0.01308   0.02030   0.00855   0.01472   0.00000   0.02372   0.05168   0.00000   0.03764   0.04693   0.16400   0.03751   0.05511   0.02420   0.00542   0.01339   0.01046   0.10836   0.28645   1.76339   1.35680   1.16182   1.20254   1.14309  
 32 48.7721   2449.212112  x:  0.07716   0.16244   0.01884   0.01197   0.03275   0.00000   0.02186   0.01946   0.00000   0.00000   0.00543   0.03334   0.01703   0.00830   0.05499   0.16677   0.08691   0.04057   0.00493   0.00000   0.02396   0.00645   0.12425   0.03341   0.14529   0.01918   0.05274   0.01896   0.01301   0.02030   0.00842   0.01495   0.00000   0.02263   0.05165   0.00000   0.04053   0.04573   0.16513   0.03792   0.05619   0.02505   0.00530   0.01335   0.01037   0.10353   0.28636   1.76373   1.35528   1.16022   1.19994   1.14261  
 33 16.1096   2449.137644  x:  0.07678   0.16372   0.01951   0.01298   0.03319   0.00000   0.02222   0.01970   0.00000   0.00000   0.00539   0.03320   0.01690   0.00832   0.05404   0.16662   0.08535   0.04096   0.00498   0.00000   0.02421   0.00638   0.12370   0.03363   0.14606   0.01797   0.05242   0.01619   0.01318   0.02033   0.00869   0.01475   0.00000   0.02394   0.05165   0.00000   0.04176   0.04463   0.16696   0.03854   0.05686   0.02417   0.00537   0.01353   0.01026   0.10019   0.28677   1.76456   1.35103   1.15719   1.19475   1.14170  
 34 21.7981   2448.844552  x:  0.08061   0.16613   0.02049   0.01266   0.03255   0.00000   0.02273   0.02005   0.00000   0.00000   0.00543   0.03129   0.01398   0.00839   0.05362   0.16700   0.07851   0.04258   0.00508   0.00000   0.02465   0.00612   0.12200   0.03325   0.14971   0.02013   0.05212   0.01955   0.01354   0.02038   0.00871   0.01492   0.00000   0.02674   0.05174   0.00000   0.03778   0.04301   0.17228   0.04164   0.05605   0.02397   0.00548   0.01397   0.01012   0.09427   0.28817   1.76917   1.32703   1.14129   1.16759   1.13704  
 35 38.9337   2448.334928  x:  0.08519   0.16441   0.02132   0.01204   0.03323   0.00000   0.02260   0.02076   0.00000   0.00000   0.00542   0.03170   0.01892   0.00852   0.05586   0.16831   0.07284   0.04155   0.00511   0.00000   0.02350   0.00534   0.11933   0.03316   0.15377   0.01936   0.05273   0.01794   0.01375   0.02053   0.00883   0.01473   0.00000   0.01955   0.05182   0.00000   0.03319   0.04536   0.17629   0.04239   0.05382   0.02233   0.00556   0.01424   0.00990   0.09315   0.28949   1.77764   1.28236   1.11222   1.11855   1.12858  
 36 118.1160   2447.530153  x:  0.08591   0.16244   0.02093   0.00940   0.03365   0.00000   0.02207   0.02014   0.00000   0.00000   0.00457   0.03105   0.01234   0.00900   0.05580   0.16907   0.07692   0.03732   0.00468   0.00000   0.02265   0.00461   0.11975   0.03408   0.15397   0.01721   0.05390   0.01553   0.01323   0.02078   0.00846   0.01497   0.00000   0.02020   0.05179   0.00000   0.03707   0.04691   0.17701   0.04109   0.05328   0.02246   0.00519   0.01378   0.00951   0.10383   0.29008   1.79110   1.21124   1.06517   1.04202   1.11537  
 37 181.8989   2447.353169  x:  0.08725   0.16224   0.02127   0.01088   0.03318   0.00000   0.02227   0.02013   0.00000   0.00000   0.00460   0.02884   0.01359   0.00915   0.05310   0.17027   0.07904   0.03906   0.00474   0.00000   0.02303   0.00472   0.12163   0.03441   0.15806   0.01478   0.05302   0.01718   0.01334   0.02080   0.00846   0.01501   0.00000   0.01968   0.05174   0.00000   0.03818   0.04295   0.17507   0.03963   0.05591   0.02264   0.00523   0.01391   0.00942   0.10773   0.29033   1.79427   1.19408   1.05363   1.02530   1.11241  
 38 98.9662   2447.304406  x:  0.08685   0.16255   0.02151   0.01036   0.03285   0.00000   0.02252   0.02041   0.00000   0.00000   0.00475   0.03066   0.01362   0.00919   0.05217   0.17083   0.07969   0.03933   0.00492   0.00000   0.02358   0.00479   0.12293   0.03446   0.16006   0.01632   0.05271   0.01682   0.01350   0.02083   0.00861   0.01467   0.00000   0.01960   0.05174   0.00000   0.03763   0.04085   0.17319   0.03838   0.05648   0.02146   0.00539   0.01405   0.00942   0.10827   0.29027   1.79520   1.18889   1.04981   1.02162   1.11170  
 39 38.1092   2447.248570  x:  0.08639   0.16483   0.02121   0.01016   0.03294   0.00000   0.02231   0.02022   0.00000   0.00000   0.00466   0.03028   0.01320   0.00918   0.05277   0.17281   0.07829   0.04029   0.00484   0.00000   0.02326   0.00465   0.12723   0.03464   0.15970   0.01569   0.05205   0.01659   0.01336   0.02085   0.00852   0.01475   0.00000   0.01923   0.05185   0.00000   0.03733   0.04145   0.16665   0.03815   0.05587   0.02177   0.00531   0.01390   0.00938   0.10597   0.29004   1.79645   1.18097   1.04212   1.02283   1.11153  
 40 10.9533   2447.218382  x:  0.08826   0.16615   0.02151   0.01037   0.03285   0.00000   0.02248   0.02043   0.00000   0.00000   0.00474   0.03011   0.01357   0.00915   0.05280   0.17359   0.07767   0.03774   0.00493   0.00000   0.02344   0.00466   0.12730   0.03456   0.16011   0.01580   0.05288   0.01692   0.01348   0.02085   0.00857   0.01464   0.00000   0.01964   0.05170   0.00000   0.03842   0.04176   0.16540   0.03793   0.05634   0.02128   0.00539   0.01403   0.00931   0.10577   0.29020   1.79721   1.17601   1.03671   1.02605   1.11180  
 41 11.7549   2447.137194  x:  0.08747   0.16721   0.02124   0.01022   0.03269   0.00000   0.02240   0.02030   0.00000   0.00000   0.00471   0.03019   0.01317   0.00923   0.05246   0.17323   0.07791   0.03974   0.00492   0.00000   0.02348   0.00466   0.12266   0.03496   0.16039   0.01549   0.05423   0.01673   0.01340   0.02085   0.00849   0.01459   0.00000   0.01918   0.05157   0.00000   0.03796   0.04153   0.16802   0.03716   0.05638   0.02133   0.00537   0.01394   0.00914   0.10732   0.29054   1.79950   1.16183   1.02013   1.03864   1.11322  
 42 15.9191   2447.118253  x:  0.08745   0.16600   0.02108   0.01024   0.03271   0.00000   0.02230   0.02021   0.00000   0.00000   0.00470   0.03017   0.01320   0.00926   0.05302   0.17256   0.07813   0.03902   0.00491   0.00000   0.02337   0.00467   0.12358   0.03504   0.16045   0.01554   0.05127   0.01674   0.01334   0.02085   0.00852   0.01461   0.00000   0.01920   0.05190   0.00000   0.03792   0.04116   0.16978   0.03724   0.05615   0.02132   0.00536   0.01387   0.00907   0.10740   0.29059   1.80009   1.15930   1.01712   1.04108   1.11376  
 43  8.6136   2447.087624  x:  0.08765   0.16303   0.02107   0.01026   0.03261   0.00000   0.02229   0.02019   0.00000   0.00000   0.00472   0.03017   0.01315   0.00935   0.05260   0.17115   0.07838   0.03907   0.00493   0.00000   0.02344   0.00470   0.12843   0.03517   0.16052   0.01551   0.05318   0.01674   0.01333   0.02083   0.00846   0.01455   0.00000   0.01911   0.05156   0.00000   0.03789   0.04138   0.17308   0.03698   0.05607   0.02126   0.00537   0.01386   0.00893   0.10672   0.29072   1.80121   1.15758   1.01490   1.04286   1.11512  
 44  4.4242   2446.119349  x:  0.08557   0.16808   0.01746   0.01120   0.03011   0.00000   0.02218   0.01931   0.00000   0.00000   0.00558   0.03086   0.01121   0.01030   0.06203   0.17116   0.07794   0.03942   0.00576   0.00000   0.02569   0.00565   0.12819   0.04133   0.15766   0.01454   0.05422   0.01714   0.01307   0.02014   0.00823   0.01311   0.00000   0.01732   0.06028   0.00000   0.03760   0.04377   0.17446   0.03404   0.06532   0.02019   0.00576   0.01351   0.00436   0.10571   0.29613   1.83706   1.16527   1.01747   1.03159   1.16272  
 45  1.6951   2445.820411  x:  0.08676   0.17029   0.01692   0.01158   0.02908   0.00000   0.02218   0.01911   0.00000   0.00000   0.00594   0.03083   0.01112   0.01074   0.05906   0.17144   0.07815   0.04029   0.00612   0.00000   0.02640   0.00596   0.12721   0.04338   0.15732   0.01411   0.05203   0.01751   0.01301   0.01994   0.00822   0.01244   0.00000   0.01705   0.05272   0.00000   0.03976   0.04533   0.17454   0.03103   0.05799   0.01935   0.00602   0.01342   0.00298   0.10546   0.29782   1.84785   1.16786   1.01859   1.02795   1.17656  
 46 47.0480   2445.806776  x:  0.08710   0.17044   0.01692   0.01161   0.02899   0.00000   0.02220   0.01912   0.00000   0.00000   0.00597   0.03077   0.01123   0.01076   0.05880   0.17146   0.07831   0.04053   0.00616   0.00000   0.02646   0.00599   0.12721   0.04347   0.15760   0.01409   0.05230   0.01757   0.01302   0.01994   0.00822   0.01239   0.00000   0.01708   0.05491   0.00000   0.04055   0.04506   0.17461   0.03084   0.05603   0.01923   0.00605   0.01342   0.00299   0.10545   0.29794   1.84709   1.16815   1.01856   1.02806   1.17294  
 47  2.0496   2445.456243  x:  0.08663   0.17331   0.01526   0.01209   0.02752   0.00000   0.02181   0.01869   0.00000   0.00000   0.00631   0.03115   0.01101   0.01134   0.06106   0.17082   0.07846   0.04102   0.00650   0.00000   0.02707   0.00637   0.12788   0.04544   0.15656   0.01408   0.05183   0.01782   0.01279   0.01982   0.00806   0.01192   0.00000   0.01699   0.05267   0.00000   0.04091   0.04647   0.17611   0.02930   0.05698   0.01875   0.00616   0.01315   0.00343   0.10498   0.30044   1.82212   1.17586   1.01715   1.03177   1.06527  
 48  9.9554   2445.423276  x:  0.08678   0.17371   0.01539   0.01217   0.02721   0.00000   0.02172   0.01864   0.00000   0.00000   0.00635   0.03130   0.01090   0.01149   0.05773   0.17074   0.07813   0.04073   0.00656   0.00000   0.02706   0.00638   0.12784   0.04571   0.15571   0.01398   0.05092   0.01785   0.01275   0.01983   0.00804   0.01182   0.00000   0.01705   0.05374   0.00000   0.03972   0.04870   0.17631   0.02786   0.05780   0.01868   0.00617   0.01310   0.00362   0.10488   0.30064   1.81690   1.17527   1.01642   1.03044   1.06791  
 49  1.7353   2445.047319  x:  0.08688   0.17799   0.01318   0.01266   0.02531   0.00000   0.02108   0.01822   0.00000   0.00000   0.00671   0.03161   0.01123   0.01201   0.06258   0.17058   0.07836   0.04228   0.00693   0.00000   0.02757   0.00673   0.12777   0.04835   0.15585   0.01388   0.05089   0.01814   0.01245   0.01977   0.00783   0.01143   0.00000   0.01734   0.04968   0.00000   0.04282   0.04813   0.17818   0.02620   0.05447   0.01795   0.00632   0.01274   0.00573   0.10438   0.30381   1.75123   1.16669   1.00686   1.01272   1.11506  
 50 14.9864   2444.926005  x:  0.08722   0.18007   0.01237   0.01277   0.02487   0.00000   0.02057   0.01818   0.00000   0.00000   0.00675   0.03175   0.01180   0.01233   0.06304   0.17042   0.07865   0.04280   0.00690   0.00000   0.02732   0.00681   0.12801   0.04951   0.15590   0.01422   0.05069   0.01828   0.01238   0.01977   0.00776   0.01154   0.00000   0.01796   0.04893   0.00000   0.04337   0.04858   0.17885   0.02557   0.05416   0.01814   0.00631   0.01259   0.00646   0.10434   0.30442   1.84396   1.17085   1.00799   1.01327   1.12885  
 51  1.1636   2444.714964  x:  0.08775   0.18490   0.01120   0.01285   0.02523   0.00000   0.01882   0.01860   0.00000   0.00000   0.00659   0.03220   0.01407   0.01347   0.06341   0.16962   0.07888   0.04398   0.00632   0.00000   0.02568   0.00685   0.12923   0.05330   0.15581   0.01631   0.05108   0.01821   0.01241   0.01963   0.00797   0.01247   0.00000   0.02043   0.05109   0.00000   0.04313   0.04986   0.18104   0.02654   0.05729   0.02028   0.00616   0.01235   0.00593   0.10446   0.30343   1.81329   1.16458   0.99750   1.00349   1.12040  
 52  0.1231   2444.568212  x:  0.08942   0.18720   0.01125   0.01308   0.02622   0.00000   0.01875   0.02009   0.00000   0.00000   0.00652   0.03238   0.01288   0.01519   0.06373   0.17023   0.08000   0.04356   0.00650   0.00000   0.02549   0.00600   0.12989   0.05866   0.15570   0.01509   0.05121   0.01856   0.01326   0.01934   0.00880   0.01296   0.00000   0.01938   0.05243   0.00000   0.04314   0.04938   0.18221   0.02628   0.05864   0.01924   0.00668   0.01302   0.00636   0.10541   0.30174   1.81263   1.18484   1.01512   1.02359   1.12088  
 53  0.0381   2444.526585  x:  0.08992   0.18660   0.01162   0.01295   0.02588   0.00000   0.01925   0.01946   0.00000   0.00000   0.00632   0.03235   0.01271   0.01635   0.06300   0.17055   0.07981   0.04296   0.00644   0.00000   0.02584   0.00683   0.12937   0.06144   0.15556   0.01482   0.05143   0.01829   0.01299   0.01938   0.00831   0.01293   0.00000   0.01922   0.05205   0.00000   0.04205   0.04915   0.18137   0.02732   0.05775   0.01933   0.00641   0.01299   0.00651   0.10474   0.30001   1.81241   1.17525   1.01034   1.01690   1.11793  
 54  0.0143   2444.517808  x:  0.08959   0.18590   0.01137   0.01290   0.02581   0.00000   0.01956   0.01909   0.00000   0.00000   0.00656   0.03228   0.01281   0.01688   0.06310   0.17030   0.07947   0.04314   0.00639   0.00000   0.02586   0.00634   0.12926   0.06220   0.15533   0.01498   0.05137   0.01826   0.01283   0.01940   0.00819   0.01287   0.00000   0.01932   0.05188   0.00000   0.04212   0.04887   0.18127   0.02658   0.05773   0.01934   0.00634   0.01287   0.00647   0.10480   0.30026   1.81139   1.17347   1.00922   1.01589   1.11800  
 55  0.0043   2444.514365  x:  0.08936   0.18531   0.01137   0.01284   0.02590   0.00000   0.01924   0.01932   0.00000   0.00000   0.00633   0.03222   0.01285   0.01728   0.06318   0.17028   0.07908   0.04333   0.00644   0.00000   0.02568   0.00643   0.12922   0.06230   0.15524   0.01515   0.05128   0.01827   0.01282   0.01940   0.00827   0.01284   0.00000   0.01926   0.05175   0.00000   0.04237   0.04877   0.18112   0.02614   0.05773   0.01923   0.00640   0.01282   0.00645   0.10482   0.30077   1.81150   1.17347   1.00917   1.01605   1.11893  
 56  0.0020   2444.512305  x:  0.08912   0.18495   0.01137   0.01284   0.02581   0.00000   0.01921   0.01935   0.00000   0.00000   0.00640   0.03230   0.01282   0.01772   0.06315   0.17017   0.07909   0.04339   0.00644   0.00000   0.02580   0.00637   0.12920   0.06197   0.15531   0.01514   0.05118   0.01829   0.01289   0.01941   0.00834   0.01288   0.00000   0.01929   0.05178   0.00000   0.04251   0.04892   0.18098   0.02673   0.05763   0.01940   0.00642   0.01285   0.00642   0.10492   0.30084   1.81248   1.17468   1.00963   1.01665   1.12002  
 57  0.0017   2444.511469  x:  0.08913   0.18519   0.01129   0.01283   0.02588   0.00000   0.01928   0.01930   0.00000   0.00000   0.00640   0.03228   0.01285   0.01795   0.06320   0.17017   0.07926   0.04327   0.00640   0.00000   0.02581   0.00643   0.12922   0.06156   0.15545   0.01502   0.05132   0.01829   0.01288   0.01938   0.00829   0.01287   0.00000   0.01934   0.05187   0.00000   0.04243   0.04893   0.18099   0.02656   0.05773   0.01927   0.00639   0.01287   0.00639   0.10488   0.30088   1.81252   1.17501   1.00979   1.01682   1.11959  
 58  0.0007   2444.511340  x:  0.08919   0.18533   0.01131   0.01287   0.02588   0.00000   0.01929   0.01930   0.00000   0.00000   0.00640   0.03228   0.01282   0.01799   0.06316   0.17023   0.07929   0.04323   0.00642   0.00000   0.02577   0.00642   0.12923   0.06143   0.15544   0.01508   0.05132   0.01829   0.01287   0.01937   0.00828   0.01286   0.00000   0.01928   0.05183   0.00000   0.04240   0.04892   0.18104   0.02654   0.05770   0.01933   0.00639   0.01286   0.00639   0.10487   0.30084   1.81240   1.17460   1.00966   1.01658   1.11927  
 59  0.0009   2444.511322  x:  0.08923   0.18537   0.01131   0.01286   0.02586   0.00000   0.01929   0.01930   0.00000   0.00000   0.00641   0.03225   0.01283   0.01799   0.06314   0.17026   0.07926   0.04326   0.00643   0.00000   0.02578   0.00642   0.12923   0.06139   0.15541   0.01508   0.05129   0.01829   0.01287   0.01936   0.00829   0.01286   0.00000   0.01929   0.05182   0.00000   0.04240   0.04892   0.18108   0.02655   0.05770   0.01932   0.00640   0.01286   0.00640   0.10487   0.30082   1.81226   1.17452   1.00968   1.01660   1.11919  
 60  0.0003   2444.511319  x:  0.08924   0.18538   0.01130   0.01286   0.02586   0.00000   0.01928   0.01930   0.00000   0.00000   0.00641   0.03226   0.01283   0.01799   0.06315   0.17025   0.07925   0.04326   0.00642   0.00000   0.02578   0.00642   0.12923   0.06138   0.15539   0.01508   0.05128   0.01829   0.01287   0.01936   0.00829   0.01286   0.00000   0.01930   0.05182   0.00000   0.04239   0.04891   0.18108   0.02655   0.05770   0.01932   0.00640   0.01286   0.00641   0.10486   0.30081   1.81224   1.17448   1.00964   1.01657   1.11921  
 61  0.0001   2444.511318  x:  0.08924   0.18537   0.01130   0.01286   0.02587   0.00000   0.01928   0.01930   0.00000   0.00000   0.00640   0.03226   0.01283   0.01800   0.06315   0.17025   0.07926   0.04326   0.00642   0.00000   0.02578   0.00642   0.12923   0.06138   0.15538   0.01508   0.05129   0.01829   0.01287   0.01936   0.00829   0.01286   0.00000   0.01930   0.05182   0.00000   0.04239   0.04891   0.18108   0.02655   0.05770   0.01932   0.00640   0.01286   0.00641   0.10486   0.30081   1.81223   1.17451   1.00965   1.01659   1.11922  
 62  0.0000   2444.511318  x:  0.08924   0.18537   0.01130   0.01286   0.02587   0.00000   0.01928   0.01930   0.00000   0.00000   0.00640   0.03226   0.01283   0.01800   0.06315   0.17025   0.07926   0.04326   0.00642   0.00000   0.02578   0.00642   0.12923   0.06138   0.15538   0.01508   0.05129   0.01829   0.01287   0.01936   0.00829   0.01286   0.00000   0.01930   0.05182   0.00000   0.04239   0.04891   0.18108   0.02655   0.05770   0.01932   0.00640   0.01286   0.00641   0.10486   0.30081   1.81223   1.17451   1.00965   1.01658   1.11921  
 63  0.0000   2444.511318  x:  0.08924   0.18537   0.01130   0.01286   0.02587   0.00000   0.01928   0.01930   0.00000   0.00000   0.00640   0.03226   0.01283   0.01800   0.06315   0.17025   0.07926   0.04326   0.00642   0.00000   0.02578   0.00642   0.12923   0.06138   0.15538   0.01508   0.05129   0.01829   0.01287   0.01936   0.00829   0.01286   0.00000   0.01930   0.05182   0.00000   0.04239   0.04891   0.18108   0.02655   0.05770   0.01932   0.00640   0.01286   0.00641   0.10486   0.30081   1.81222   1.17451   1.00965   1.01658   1.11921  
 64  0.0000   2444.511318  x:  0.08924   0.18537   0.01130   0.01286   0.02587   0.00000   0.01928   0.01930   0.00000   0.00000   0.00640   0.03226   0.01283   0.01800   0.06315   0.17025   0.07926   0.04326   0.00642   0.00000   0.02578   0.00642   0.12923   0.06138   0.15538   0.01508   0.05129   0.01829   0.01287   0.01936   0.00829   0.01286   0.00000   0.01930   0.05182   0.00000   0.04239   0.04891   0.18108   0.02655   0.05770   0.01932   0.00640   0.01286   0.00641   0.10486   0.30081   1.81222   1.17451   1.00965   1.01658   1.11921  
 65  0.0000   2444.511318  x:  0.08924   0.18537   0.01130   0.01286   0.02587   0.00000   0.01928   0.01930   0.00000   0.00000   0.00640   0.03226   0.01283   0.01800   0.06315   0.17025   0.07926   0.04326   0.00642   0.00000   0.02578   0.00642   0.12923   0.06138   0.15538   0.01508   0.05129   0.01829   0.01287   0.01936   0.00829   0.01286   0.00000   0.01930   0.05182   0.00000   0.04239   0.04891   0.18108   0.02655   0.05770   0.01932   0.00640   0.01286   0.00641   0.10486   0.30081   1.81222   1.17451   1.00965   1.01658   1.11921  
 66  0.0000   2444.511318  x:  0.08924   0.18537   0.01130   0.01286   0.02587   0.00000   0.01928   0.01930   0.00000   0.00000   0.00640   0.03226   0.01283   0.01800   0.06315   0.17025   0.07926   0.04326   0.00642   0.00000   0.02578   0.00642   0.12923   0.06138   0.15538   0.01508   0.05129   0.01829   0.01287   0.01936   0.00829   0.01286   0.00000   0.01930   0.05182   0.00000   0.04239   0.04891   0.18108   0.02655   0.05770   0.01932   0.00640   0.01286   0.00641   0.10486   0.30081   1.81222   1.17451   1.00965   1.01658   1.11921  
 67  0.0000   2444.511318  x:  0.08924   0.18537   0.01130   0.01286   0.02587   0.00000   0.01928   0.01930   0.00000   0.00000   0.00640   0.03226   0.01283   0.01800   0.06315   0.17025   0.07926   0.04326   0.00642   0.00000   0.02578   0.00642   0.12923   0.06138   0.15538   0.01508   0.05129   0.01829   0.01287   0.01936   0.00829   0.01286   0.00000   0.01930   0.05182   0.00000   0.04239   0.04891   0.18108   0.02655   0.05770   0.01932   0.00640   0.01286   0.00641   0.10486   0.30081   1.81222   1.17451   1.00965   1.01658   1.11921  