

TREE # 1

  0  0.0000   2058.072416  x:  0.01972   0.20925   0.02571   0.03211   0.02495   0.05815   0.02188   0.05666   0.08536   0.02661   0.17168   0.01972   0.20925   0.02571   0.03211   0.02495   0.05815   0.02188   0.05666   0.08536   0.02661   0.17168   0.21568   8.40433   1.46472   1.02596   1.32198   1.00000  
  1 99.0000   1945.491012  x:  0.01785   0.22263   0.20433   0.14598   0.05422   0.07066   0.00452   0.05831   0.05451   0.15092   0.14120   0.00000   0.19871   0.25444   0.14658   0.01651   0.04647   0.03211   0.03250   0.05633   0.09732   0.13654   0.18063   8.40431   1.46596   1.02592   1.32231   0.99718  
  2 1464.6060   1925.508121  x:  0.02585   0.23768   0.21290   0.15098   0.04923   0.07880   0.07869   0.05653   0.00662   0.15162   0.09338   0.02824   0.18351   0.26905   0.15241   0.01869   0.04047   0.02127   0.00671   0.01234   0.08692   0.08197   0.12306   8.40435   1.46722   1.02764   1.32204   0.99272  
  3 362.5190   1919.808843  x:  0.02646   0.24205   0.21364   0.15145   0.04743   0.08012   0.08395   0.05610   0.00000   0.15028   0.07748   0.02810   0.17838   0.27137   0.15338   0.01962   0.04010   0.02112   0.01864   0.00259   0.08312   0.06318   0.10349   8.40435   1.46765   1.02816   1.32199   0.99116  
  4 573.7755   1917.715310  x:  0.02669   0.24333   0.21389   0.15162   0.04692   0.08052   0.08573   0.05598   0.00106   0.14990   0.07285   0.02820   0.17689   0.27207   0.15368   0.01983   0.03998   0.02104   0.02096   0.00000   0.08202   0.05772   0.09778   8.40435   1.46777   1.02831   1.32197   0.99070  
  5 2750.4913   1904.346281  x:  0.02826   0.25583   0.21322   0.15148   0.04217   0.08290   0.08710   0.05511   0.00108   0.14360   0.02467   0.02182   0.16152   0.27675   0.15720   0.01877   0.04034   0.02411   0.01959   0.00665   0.07054   0.00000   0.03649   8.40435   1.46904   1.02985   1.32191   0.98562  
  6 1100.6706   1901.433425  x:  0.02911   0.26023   0.21307   0.15149   0.04066   0.08367   0.08701   0.05484   0.00111   0.14144   0.00811   0.02080   0.15626   0.27849   0.15842   0.01845   0.04049   0.02505   0.01946   0.00814   0.06669   0.00122   0.01485   8.40435   1.46949   1.03038   1.32189   0.98381  
  7 467.8861   1901.000156  x:  0.03235   0.26236   0.21281   0.15141   0.04079   0.08371   0.08474   0.05492   0.00101   0.14029   0.01029   0.02190   0.15388   0.27915   0.15868   0.01847   0.04066   0.02470   0.01862   0.00676   0.06567   0.00110   0.00869   8.40435   1.46975   1.03065   1.32198   0.98276  
  8 120.0172   1900.490609  x:  0.04007   0.27164   0.21173   0.15108   0.04116   0.08403   0.07743   0.05516   0.00071   0.13539   0.00636   0.02610   0.14393   0.28215   0.16003   0.01880   0.04102   0.02331   0.01606   0.00291   0.06169   0.00079   0.01029   8.40433   1.47087   1.03185   1.32234   0.97807  
  9 66.2524   1900.118368  x:  0.04195   0.28481   0.21053   0.15074   0.04072   0.08522   0.07882   0.05506   0.00103   0.12933   0.00824   0.02817   0.13228   0.28718   0.16282   0.01954   0.04028   0.02268   0.01833   0.00685   0.05817   0.00101   0.01156   8.40431   1.47253   1.03362   1.32290   0.97113  
 10 68.7031   1899.802918  x:  0.03699   0.29879   0.20783   0.14953   0.04106   0.08551   0.07852   0.05511   0.00080   0.12259   0.01051   0.02326   0.12397   0.29094   0.16398   0.01819   0.04026   0.02469   0.01611   0.00357   0.05935   0.00141   0.01206   8.40428   1.47468   1.03585   1.32375   0.96217  
 11 65.1366   1899.624642  x:  0.03473   0.30857   0.20508   0.14828   0.04270   0.08435   0.07731   0.05546   0.00083   0.11898   0.01025   0.02463   0.12489   0.29319   0.16391   0.02035   0.04106   0.02086   0.01599   0.00358   0.06627   0.00130   0.01155   8.40424   1.47704   1.03816   1.32490   0.95219  
 12 35.9922   1899.461288  x:  0.03693   0.31794   0.20228   0.14714   0.04287   0.08306   0.07742   0.05547   0.00093   0.11719   0.00963   0.02701   0.12966   0.29527   0.16342   0.01858   0.04111   0.02506   0.01670   0.00407   0.07177   0.00117   0.01161   8.40418   1.48022   1.04118   1.32654   0.93868  
 13 46.2707   1899.215562  x:  0.04127   0.32856   0.19941   0.14662   0.03980   0.08249   0.07760   0.05479   0.00095   0.11962   0.00959   0.02267   0.13959   0.29779   0.16230   0.01789   0.03934   0.02232   0.01648   0.00392   0.06897   0.00143   0.01233   8.40405   1.48659   1.04698   1.33001   0.91197  
 14 39.9188   1898.948372  x:  0.03772   0.33519   0.19740   0.14688   0.04137   0.08309   0.07525   0.05515   0.00090   0.12470   0.01057   0.02541   0.14755   0.29916   0.16094   0.02238   0.04096   0.02428   0.01552   0.00309   0.06102   0.00133   0.01232   8.40387   1.49480   1.05415   1.33479   0.87801  
 15 64.7002   1898.793030  x:  0.03518   0.33503   0.19687   0.14716   0.04322   0.08372   0.07400   0.05558   0.00092   0.12713   0.01101   0.02800   0.14861   0.29875   0.16042   0.01759   0.04149   0.02252   0.01579   0.00300   0.05867   0.00123   0.01216   8.40374   1.49986   1.05831   1.33794   0.85761  
 16 66.9029   1898.173129  x:  0.03793   0.31565   0.19768   0.14834   0.04424   0.08599   0.07426   0.05584   0.00096   0.13158   0.01130   0.02642   0.13649   0.29177   0.16010   0.01939   0.03813   0.02308   0.01559   0.00271   0.06714   0.00158   0.01265   8.40305   1.52282   1.07563   1.35325   0.76917  
 17 56.7947   1898.121174  x:  0.03818   0.31329   0.19866   0.14838   0.04207   0.08448   0.07459   0.05526   0.00095   0.13006   0.01151   0.02634   0.13607   0.29187   0.16106   0.01927   0.04234   0.02290   0.01556   0.00257   0.06745   0.00162   0.01281   8.40292   1.52520   1.07688   1.35526   0.76243  
 18 24.6446   1898.042534  x:  0.03730   0.30873   0.20176   0.14762   0.04137   0.07948   0.07399   0.05507   0.00093   0.12208   0.01186   0.02733   0.13858   0.29340   0.16441   0.01935   0.04026   0.02284   0.01539   0.00198   0.06572   0.00159   0.01283   8.40243   1.52981   1.07769   1.36048   0.75718  
 19 10.7982   1897.975877  x:  0.03873   0.30606   0.20365   0.14640   0.04535   0.08217   0.07429   0.05601   0.00095   0.11678   0.01186   0.02618   0.14106   0.29438   0.16579   0.01940   0.04165   0.02275   0.01547   0.00189   0.06486   0.00169   0.01305   8.40178   1.53452   1.07779   1.36654   0.75658  
 20 11.0396   1897.772420  x:  0.03751   0.30223   0.20625   0.14339   0.04020   0.09251   0.07048   0.05472   0.00091   0.11256   0.01285   0.02912   0.14426   0.29562   0.16485   0.01936   0.04038   0.02249   0.01479   0.00118   0.06634   0.00169   0.01339   8.39937   1.54982   1.07769   1.38723   0.76231  
 21 15.0336   1896.797554  x:  0.04097   0.29502   0.20578   0.13870   0.04496   0.07950   0.06355   0.05645   0.00091   0.12739   0.01567   0.03193   0.14214   0.29183   0.15115   0.01928   0.04101   0.02140   0.01343   0.00037   0.07103   0.00242   0.01557   8.38698   1.62336   1.08075   1.48659   0.80342  
 22 33.6667   1896.669755  x:  0.04117   0.29446   0.20258   0.14433   0.04549   0.07971   0.06272   0.05482   0.00088   0.12764   0.01593   0.03230   0.14286   0.28889   0.15501   0.01927   0.04101   0.02131   0.01326   0.00000   0.07154   0.00247   0.01575   8.38583   1.62740   1.08563   1.49055   0.80761  
 23 14.3361   1896.669755  x:  0.04117   0.29446   0.20258   0.14433   0.04549   0.07971   0.06272   0.05482   0.00088   0.12764   0.01593   0.03230   0.14286   0.28889   0.15501   0.01927   0.04101   0.02131   0.01326   0.00000   0.07154   0.00247   0.01575   8.38583   1.62740   1.08563   1.49055   0.80761  
 24 13.6983   1893.806485  x:  0.04066   0.29434   0.20183   0.14402   0.04531   0.07952   0.05933   0.05489   0.01535   0.12701   0.01549   0.03105   0.14281   0.28795   0.15479   0.01923   0.04127   0.02206   0.01498   0.00253   0.07119   0.01272   0.01485   8.38582   1.62734   1.08575   1.49042   0.80761  
 25 681.3035   1889.124312  x:  0.03553   0.29293   0.19283   0.13904   0.04342   0.07756   0.02250   0.05567   0.01170   0.12027   0.01152   0.01388   0.14143   0.27720   0.15153   0.01845   0.04380   0.02870   0.02735   0.01876   0.06747   0.01594   0.00689   8.38577   1.62664   1.08722   1.48897   0.80755  
 26 180.3861   1888.116381  x:  0.03479   0.29241   0.18941   0.13728   0.04312   0.07696   0.01026   0.05593   0.01160   0.11786   0.01217   0.01323   0.14094   0.27274   0.14979   0.01805   0.04419   0.02919   0.02763   0.01947   0.06633   0.01615   0.01248   8.38574   1.62637   1.08778   1.48841   0.80756  
 27 262.1301   1887.757266  x:  0.03460   0.29180   0.18548   0.13537   0.04332   0.07652   0.00644   0.05620   0.01206   0.11527   0.01356   0.01570   0.14045   0.26729   0.14757   0.01785   0.04424   0.02862   0.02586   0.01773   0.06532   0.01571   0.00946   8.38571   1.62605   1.08843   1.48773   0.80759  
 28 90.8316   1886.279095  x:  0.03090   0.28752   0.15772   0.12197   0.04448   0.07381   0.00910   0.05797   0.01314   0.09719   0.01517   0.01211   0.13695   0.22893   0.13305   0.01736   0.04553   0.02847   0.02210   0.01552   0.05839   0.01532   0.00945   8.38547   1.62375   1.09303   1.48286   0.80780  
 29 125.1776   1886.069776  x:  0.03192   0.28668   0.15303   0.12055   0.04419   0.07401   0.00990   0.05772   0.01230   0.09591   0.01354   0.01643   0.13667   0.22045   0.13125   0.01849   0.04525   0.02864   0.02452   0.01848   0.05937   0.01607   0.01003   8.38539   1.62316   1.09406   1.48161   0.80790  
 30 78.2572   1885.869285  x:  0.03734   0.28572   0.14967   0.12204   0.04350   0.07578   0.00967   0.05635   0.01338   0.10005   0.01341   0.01519   0.13714   0.20767   0.13074   0.01847   0.04336   0.02710   0.02495   0.01969   0.06523   0.01447   0.00993   8.38520   1.62205   1.09571   1.47929   0.80822  
 31 41.3698   1885.801147  x:  0.03577   0.28535   0.14960   0.12373   0.04367   0.07636   0.00947   0.05619   0.01229   0.10339   0.01201   0.01497   0.13739   0.20170   0.13129   0.01786   0.04355   0.02794   0.02376   0.01873   0.06700   0.01623   0.00982   8.38506   1.62131   1.09666   1.47774   0.80849  
 32 29.5497   1885.769917  x:  0.03390   0.28515   0.15034   0.12505   0.04394   0.07628   0.00962   0.05650   0.01257   0.10553   0.01382   0.01514   0.13745   0.19819   0.13212   0.01847   0.04433   0.02864   0.02420   0.01897   0.06675   0.01573   0.00989   8.38491   1.62062   1.09746   1.47630   0.80877  
 33 21.0506   1885.760676  x:  0.03364   0.28504   0.15117   0.12554   0.04397   0.07592   0.00960   0.05677   0.01297   0.10594   0.01324   0.01526   0.13741   0.19703   0.13265   0.01804   0.04444   0.02792   0.02434   0.01914   0.06564   0.01511   0.00990   8.38478   1.62002   1.09807   1.47506   0.80902  
 34  9.0336   1885.751839  x:  0.03449   0.28488   0.15239   0.12592   0.04389   0.07546   0.00962   0.05699   0.01255   0.10589   0.01343   0.01516   0.13735   0.19602   0.13329   0.01824   0.04430   0.02749   0.02427   0.01918   0.06424   0.01574   0.00989   8.38454   1.61898   1.09906   1.47290   0.80947  
 35  9.9394   1885.740202  x:  0.03506   0.28463   0.15406   0.12593   0.04372   0.07535   0.00962   0.05675   0.01283   0.10489   0.01300   0.01522   0.13744   0.19545   0.13385   0.01860   0.04401   0.02896   0.02397   0.01893   0.06398   0.01532   0.00989   8.38401   1.61672   1.10102   1.46827   0.81044  
 36  8.4726   1885.716005  x:  0.03451   0.28423   0.15660   0.12548   0.04378   0.07584   0.00973   0.05627   0.01265   0.10276   0.01371   0.01537   0.13777   0.19540   0.13434   0.01736   0.04396   0.02861   0.02439   0.01891   0.06553   0.01555   0.00992   8.38271   1.61129   1.10537   1.45726   0.81277  
 37 18.9063   1885.703518  x:  0.03398   0.28413   0.15721   0.12529   0.04397   0.07614   0.00964   0.05636   0.01266   0.10230   0.01345   0.01520   0.13791   0.19581   0.13426   0.01860   0.04418   0.02766   0.02430   0.01878   0.06632   0.01556   0.00990   8.38194   1.60819   1.10755   1.45110   0.81407  
 38 29.5489   1885.678658  x:  0.03454   0.28454   0.15499   0.12536   0.04432   0.07629   0.00971   0.05781   0.01270   0.10478   0.01347   0.01535   0.13778   0.19819   0.13297   0.01833   0.04506   0.02797   0.02335   0.01958   0.06595   0.01547   0.00994   8.38012   1.60119   1.11080   1.43787   0.81682  
 39 14.8606   1885.669426  x:  0.03447   0.28487   0.15369   0.12561   0.04397   0.07612   0.00971   0.05732   0.01271   0.10588   0.01346   0.01533   0.13771   0.19910   0.13266   0.01829   0.04440   0.02809   0.02442   0.01855   0.06539   0.01550   0.00993   8.37933   1.59833   1.11127   1.43286   0.81785  
 40 15.9901   1885.664056  x:  0.03412   0.28528   0.15286   0.12602   0.04381   0.07586   0.00974   0.05612   0.01271   0.10598   0.01359   0.01536   0.13775   0.19940   0.13330   0.01835   0.04379   0.02796   0.02385   0.01901   0.06510   0.01548   0.00994   8.37864   1.59624   1.10990   1.43002   0.81840  
 41  5.6279   1885.643366  x:  0.03469   0.28714   0.15102   0.12742   0.04482   0.07559   0.00972   0.05576   0.01271   0.10484   0.01343   0.01538   0.13814   0.19946   0.13636   0.01828   0.04541   0.02794   0.02404   0.01827   0.06536   0.01547   0.00994   8.37533   1.58689   1.10005   1.41937   0.82032  
 42  8.4928   1885.614612  x:  0.03421   0.28896   0.15103   0.12745   0.04343   0.07625   0.00978   0.05840   0.01271   0.10420   0.01364   0.01545   0.13833   0.19902   0.13749   0.01830   0.04367   0.02790   0.02379   0.01815   0.06574   0.01544   0.00996   8.37043   1.57333   1.08470   1.40505   0.82262  
 43 23.2464   1885.577450  x:  0.03439   0.28940   0.15415   0.12527   0.04406   0.07653   0.00982   0.05671   0.01273   0.10546   0.01365   0.01555   0.13786   0.19816   0.13377   0.01831   0.04434   0.02780   0.02368   0.01824   0.06535   0.01539   0.00999   8.36378   1.55517   1.06420   1.38737   0.82480  
 44 26.0621   1885.570264  x:  0.03436   0.28647   0.15420   0.12655   0.04436   0.07489   0.00985   0.05696   0.01271   0.10524   0.01369   0.01557   0.13773   0.19847   0.13305   0.01832   0.04406   0.02781   0.02366   0.01823   0.06591   0.01539   0.01001   8.36199   1.55073   1.06131   1.38530   0.82376  
 45  3.9736   1885.563357  x:  0.03437   0.28322   0.15394   0.12719   0.04351   0.07613   0.00988   0.05675   0.01272   0.10516   0.01372   0.01560   0.13765   0.19884   0.13328   0.01833   0.04458   0.02773   0.02354   0.01809   0.06554   0.01537   0.01001   8.35996   1.54605   1.05935   1.38415   0.82190  
 46  6.0334   1885.558705  x:  0.03436   0.28200   0.15380   0.12658   0.04466   0.07683   0.00985   0.05685   0.01273   0.10545   0.01374   0.01562   0.13775   0.19902   0.13400   0.01833   0.04395   0.02776   0.02357   0.01800   0.06530   0.01536   0.01003   8.35832   1.54274   1.05866   1.38394   0.82009  
 47  5.3090   1885.547170  x:  0.03439   0.28219   0.15379   0.12422   0.04397   0.07558   0.00994   0.05685   0.01278   0.10638   0.01376   0.01569   0.13822   0.19919   0.13556   0.01834   0.04432   0.02765   0.02339   0.01764   0.06571   0.01532   0.01004   8.35377   1.53467   1.05827   1.38448   0.81475  
 48  5.8250   1885.527542  x:  0.03447   0.28665   0.15432   0.12653   0.04415   0.07616   0.01000   0.05682   0.01277   0.10552   0.01377   0.01581   0.13802   0.19923   0.13398   0.01837   0.04420   0.02758   0.02320   0.01747   0.06564   0.01529   0.01007   8.34524   1.52241   1.05873   1.38614   0.80542  
 49  6.9820   1885.389632  x:  0.03493   0.28682   0.15592   0.12686   0.04439   0.07634   0.01063   0.05670   0.01301   0.10673   0.01417   0.01686   0.12761   0.20084   0.13602   0.01848   0.04388   0.02662   0.02132   0.01460   0.06737   0.01487   0.01042   8.26548   1.54417   1.06070   1.38476   0.78969  
 50  1.1715   1885.271806  x:  0.03528   0.28633   0.15694   0.12785   0.04460   0.07652   0.01117   0.05657   0.01311   0.10744   0.01454   0.01774   0.13853   0.20209   0.13494   0.01856   0.04359   0.02581   0.01969   0.01232   0.06659   0.01448   0.01072   8.19505   1.56319   1.06272   1.38505   0.77951  
 51 40.8875   1885.189005  x:  0.03565   0.28632   0.15758   0.12829   0.04476   0.07665   0.01153   0.05648   0.01320   0.10810   0.01464   0.01835   0.13777   0.20282   0.13493   0.01857   0.04332   0.02524   0.01857   0.01075   0.06686   0.01421   0.01095   8.14242   1.55908   1.07012   1.40540   0.80984  
 52  4.7967   1885.092731  x:  0.03594   0.28573   0.15751   0.12837   0.04474   0.07669   0.01168   0.05653   0.01206   0.10835   0.01499   0.01890   0.13866   0.20241   0.13432   0.01851   0.04328   0.02524   0.01941   0.01347   0.06689   0.01329   0.01330   7.87736   1.56286   1.07403   1.40996   0.81238  
 53  0.2280   1885.061912  x:  0.03574   0.28543   0.15654   0.12799   0.04468   0.07658   0.01182   0.05656   0.01057   0.10774   0.01494   0.01914   0.13780   0.20083   0.13412   0.01855   0.04341   0.02569   0.01976   0.01199   0.06679   0.01291   0.01321   7.74343   1.55956   1.07184   1.40405   0.80632  
 54  0.0855   1885.049841  x:  0.03571   0.28562   0.15704   0.12821   0.04469   0.07660   0.01185   0.05652   0.00983   0.10779   0.01481   0.01910   0.13786   0.20163   0.13437   0.01858   0.04339   0.02540   0.01905   0.01246   0.06680   0.01229   0.01253   7.77488   1.55977   1.07177   1.40528   0.80694  
 55  0.0234   1885.048262  x:  0.03575   0.28567   0.15716   0.12826   0.04470   0.07661   0.01174   0.05652   0.00977   0.10788   0.01481   0.01893   0.13802   0.20180   0.13433   0.01854   0.04336   0.02542   0.01944   0.01237   0.06680   0.01219   0.01254   7.81854   1.56055   1.07229   1.40651   0.80840  
 56  0.0428   1885.048129  x:  0.03576   0.28565   0.15709   0.12824   0.04470   0.07661   0.01171   0.05653   0.00975   0.10788   0.01484   0.01889   0.13802   0.20168   0.13429   0.01854   0.04337   0.02544   0.01934   0.01237   0.06680   0.01221   0.01263   7.82612   1.56060   1.07230   1.40641   0.80856  
 57  0.0078   1885.048125  x:  0.03576   0.28566   0.15710   0.12824   0.04470   0.07662   0.01172   0.05653   0.00975   0.10789   0.01485   0.01890   0.13801   0.20170   0.13430   0.01854   0.04336   0.02543   0.01933   0.01237   0.06681   0.01219   0.01264   7.82594   1.56059   1.07228   1.40640   0.80854  
 58  0.0002   1885.048124  x:  0.03576   0.28566   0.15710   0.12825   0.04470   0.07662   0.01172   0.05653   0.00975   0.10789   0.01485   0.01891   0.13801   0.20170   0.13430   0.01854   0.04336   0.02543   0.01934   0.01237   0.06681   0.01219   0.01264   7.82611   1.56059   1.07228   1.40640   0.80854  
 59  0.0002   1885.048124  x:  0.03576   0.28566   0.15710   0.12825   0.04470   0.07662   0.01172   0.05653   0.00975   0.10789   0.01485   0.01891   0.13801   0.20170   0.13430   0.01854   0.04336   0.02543   0.01934   0.01237   0.06681   0.01219   0.01264   7.82626   1.56059   1.07228   1.40640   0.80854  
 60  0.0002   1885.048124  x:  0.03576   0.28566   0.15710   0.12825   0.04470   0.07662   0.01172   0.05653   0.00975   0.10789   0.01485   0.01891   0.13801   0.20170   0.13430   0.01854   0.04336   0.02543   0.01934   0.01237   0.06681   0.01219   0.01264   7.82627   1.56059   1.07228   1.40640   0.80854  
 61  0.0000   1885.048124  x:  0.03576   0.28566   0.15710   0.12825   0.04470   0.07662   0.01172   0.05653   0.00975   0.10789   0.01485   0.01891   0.13801   0.20170   0.13430   0.01854   0.04336   0.02543   0.01934   0.01237   0.06681   0.01219   0.01264   7.82627   1.56059   1.07228   1.40640   0.80854  
 62  0.0000   1885.048124  x:  0.03576   0.28566   0.15710   0.12825   0.04470   0.07662   0.01172   0.05653   0.00975   0.10789   0.01485   0.01891   0.13801   0.20170   0.13430   0.01854   0.04336   0.02543   0.01934   0.01237   0.06681   0.01219   0.01264   7.82627   1.56059   1.07228   1.40640   0.80854  

TREE # 2

  0  0.0000   2068.124223  x:  0.03576   0.28566   0.15710   0.12825   0.04470   0.07662   0.01172   0.05653   0.00975   0.10789   0.01485   0.01891   0.13801   0.20170   0.13430   0.01854   0.04336   0.02543   0.01934   0.01237   0.06681   0.01219   0.01264   7.82627   1.49471   1.05821   1.35721   0.80854  
  1 99.0000   1977.956253  x:  0.01741   0.26370   0.13517   0.12843   0.05883   0.11329   0.02515   0.08976   0.03334   0.08721   0.06326   0.02982   0.12076   0.18056   0.15830   0.13424   0.11100   0.01410   0.15755   0.10606   0.05899   0.14822   0.01351   7.82629   1.49555   1.05756   1.35741   0.80839  
  2 1622.9514   1954.966813  x:  0.00000   0.23671   0.10820   0.12886   0.06481   0.13545   0.01739   0.10447   0.02215   0.06277   0.05658   0.02526   0.10004   0.15422   0.17920   0.13743   0.12556   0.00669   0.16048   0.09793   0.05115   0.14215   0.00733   7.82632   1.49631   1.05766   1.35705   0.80822  
  3 375.2669   1919.969280  x:  0.02292   0.16820   0.03838   0.13077   0.07270   0.17594   0.01215   0.13079   0.01069   0.00472   0.04515   0.02365   0.05326   0.08575   0.22287   0.14373   0.15411   0.02659   0.16737   0.07971   0.03961   0.12787   0.03125   7.82639   1.49845   1.05753   1.35625   0.80779  
  4 1206.0621   1906.539110  x:  0.03136   0.12834   0.00000   0.13219   0.07483   0.19357   0.01242   0.14168   0.01968   0.01550   0.04163   0.02545   0.02852   0.04725   0.24348   0.14583   0.16640   0.03083   0.16986   0.07058   0.03630   0.11948   0.03659   7.82643   1.49959   1.05743   1.35589   0.80761  
  5 960.7726   1900.937448  x:  0.03797   0.09238   0.01220   0.13527   0.07402   0.20302   0.01501   0.14645   0.02599   0.01795   0.04262   0.02828   0.01487   0.01527   0.25700   0.14681   0.17319   0.03031   0.17155   0.06552   0.03810   0.11311   0.03624   7.82646   1.50059   1.05722   1.35568   0.80755  
  6 407.2565   1897.271080  x:  0.04262   0.05858   0.01235   0.13744   0.07132   0.20640   0.01675   0.14670   0.02790   0.01659   0.04599   0.03015   0.02727   0.00254   0.26500   0.14709   0.17596   0.02676   0.17280   0.06423   0.04230   0.10887   0.03224   7.82649   1.50144   1.05702   1.35561   0.80749  
  7 326.1160   1893.780745  x:  0.04861   0.01784   0.01447   0.14005   0.06875   0.21175   0.01840   0.14801   0.03067   0.01623   0.04868   0.03205   0.03126   0.00667   0.27592   0.14766   0.18018   0.02401   0.17449   0.06197   0.04575   0.10356   0.02909   7.82653   1.50250   1.05677   1.35556   0.80745  
  8 592.0073   1893.617636  x:  0.05179   0.01569   0.01374   0.14077   0.06583   0.20920   0.01581   0.14377   0.02679   0.01680   0.04946   0.02977   0.02871   0.00623   0.27910   0.14742   0.17918   0.02231   0.17578   0.06538   0.04619   0.10283   0.02634   7.82655   1.50346   1.05650   1.35576   0.80741  
  9 30.2259   1893.513513  x:  0.05509   0.01806   0.01362   0.14238   0.06377   0.20867   0.01777   0.13983   0.02676   0.01661   0.04914   0.03008   0.02915   0.00659   0.28865   0.14711   0.17970   0.01995   0.17818   0.06651   0.04536   0.10002   0.02315   7.82662   1.50563   1.05591   1.35615   0.80730  
 10 21.7385   1893.471143  x:  0.05367   0.01831   0.01411   0.14289   0.06507   0.20671   0.01580   0.13688   0.02706   0.01716   0.04851   0.02997   0.03013   0.00660   0.29485   0.14642   0.17888   0.02091   0.17977   0.06658   0.04509   0.09997   0.02507   7.82668   1.50802   1.05533   1.35665   0.80722  
 11 13.2052   1893.443751  x:  0.05155   0.01781   0.01372   0.14277   0.06593   0.20369   0.01795   0.13487   0.02711   0.01668   0.04875   0.03007   0.02949   0.00649   0.29845   0.14538   0.17695   0.02159   0.18047   0.06655   0.04557   0.10085   0.02588   7.82676   1.51061   1.05478   1.35727   0.80713  
 12 14.4099   1893.418404  x:  0.05164   0.01785   0.01364   0.14138   0.06497   0.20072   0.01698   0.13731   0.02754   0.01630   0.04963   0.03110   0.02931   0.00648   0.30082   0.14483   0.17485   0.02193   0.18054   0.06497   0.04511   0.10272   0.02464   7.82695   1.51611   1.05402   1.35873   0.80699  
 13  5.2674   1893.389952  x:  0.05221   0.01796   0.01401   0.14026   0.06502   0.19927   0.01760   0.14054   0.02641   0.01708   0.04883   0.02908   0.02987   0.00652   0.30245   0.14481   0.17352   0.02142   0.18035   0.06484   0.04536   0.10373   0.02506   7.82722   1.52349   1.05331   1.36081   0.80681  
 14 11.8229   1893.313012  x:  0.05233   0.01806   0.01374   0.13989   0.06706   0.19844   0.01682   0.14277   0.02747   0.01636   0.04749   0.03086   0.02954   0.00659   0.30152   0.14527   0.17160   0.01874   0.17853   0.06912   0.04725   0.10225   0.02582   7.82808   1.54534   1.05242   1.36755   0.80630  
 15 14.1878   1893.144503  x:  0.04995   0.01785   0.01395   0.14128   0.06802   0.20081   0.01739   0.14031   0.02691   0.01668   0.05034   0.03006   0.03023   0.00667   0.29614   0.14775   0.17163   0.02330   0.17648   0.07167   0.04332   0.09910   0.02336   7.83008   1.59326   1.05293   1.38339   0.80523  
 16 37.3143   1893.001930  x:  0.04813   0.01822   0.01359   0.14256   0.06345   0.20303   0.01725   0.13416   0.02664   0.01630   0.04974   0.02949   0.02995   0.00681   0.29054   0.14961   0.17406   0.02082   0.17755   0.06545   0.04601   0.10079   0.02527   7.83182   1.62959   1.05748   1.39724   0.80456  
 17 40.8766   1892.910784  x:  0.04913   0.01754   0.01381   0.14223   0.06612   0.20194   0.01776   0.13197   0.02454   0.01692   0.04548   0.03167   0.03030   0.00676   0.28772   0.14649   0.17601   0.02031   0.17957   0.06408   0.04435   0.10349   0.02331   7.83305   1.64441   1.06910   1.40754   0.80477  
 18 14.1711   1892.697486  x:  0.04925   0.01767   0.01368   0.14094   0.06963   0.19906   0.01696   0.13038   0.02856   0.01520   0.04638   0.02714   0.03041   0.00693   0.28393   0.13718   0.17983   0.01890   0.18250   0.06436   0.04443   0.10543   0.02073   7.83600   1.67299   1.10143   1.43246   0.80576  
 19 46.1882   1892.413600  x:  0.04541   0.01891   0.01392   0.13946   0.06776   0.19689   0.01733   0.13235   0.02408   0.01665   0.05290   0.02994   0.03112   0.00733   0.28208   0.12809   0.18380   0.01872   0.18460   0.06715   0.04650   0.10410   0.02340   7.84007   1.70810   1.14736   1.46690   0.80752  
 20 93.1092   1892.181591  x:  0.03994   0.01839   0.01408   0.14014   0.05994   0.19325   0.01773   0.13335   0.02590   0.01587   0.04749   0.02998   0.03195   0.00731   0.28122   0.13389   0.17917   0.02148   0.18248   0.07098   0.04499   0.10196   0.02411   7.84338   1.73047   1.18357   1.49470   0.80962  
 21 47.1360   1891.954043  x:  0.03953   0.01883   0.01378   0.14346   0.06508   0.19126   0.01737   0.13201   0.02421   0.01588   0.05014   0.02950   0.03200   0.00748   0.28165   0.14912   0.16813   0.01959   0.17664   0.06747   0.04556   0.10072   0.02313   7.84674   1.74757   1.21613   1.52256   0.81257  
 22 40.9468   1891.789791  x:  0.03884   0.01931   0.01416   0.13724   0.06448   0.20031   0.01713   0.12778   0.02401   0.01608   0.04989   0.02960   0.03266   0.00769   0.28348   0.14770   0.16175   0.02156   0.16992   0.06989   0.04877   0.10791   0.02075   7.84934   1.74317   1.21357   1.53912   0.81743  
 23  5.2374   1891.593900  x:  0.03767   0.01857   0.01437   0.13543   0.06307   0.20143   0.01765   0.12525   0.02434   0.01577   0.05145   0.02949   0.03328   0.00768   0.28158   0.14539   0.15809   0.01661   0.16730   0.07124   0.04156   0.11086   0.02406   7.85236   1.73431   1.20429   1.55580   0.82321  
 24 19.5159   1890.619653  x:  0.02705   0.01937   0.01352   0.14542   0.06340   0.18539   0.01675   0.12641   0.02177   0.01488   0.04994   0.02856   0.03468   0.00844   0.26734   0.14047   0.15921   0.01760   0.17465   0.07037   0.04563   0.10591   0.02010   7.86778   1.68259   1.14541   1.63085   0.85130  
 25 39.5217   1890.328270  x:  0.02414   0.01926   0.01412   0.12714   0.06527   0.17745   0.01721   0.12188   0.02116   0.01464   0.05026   0.02851   0.03514   0.00867   0.26382   0.14633   0.16536   0.01672   0.17376   0.06988   0.04593   0.09993   0.01938   7.87260   1.66940   1.13466   1.61714   0.84875  
 26  8.7067   1888.998866  x:  0.01207   0.02049   0.01368   0.13797   0.06408   0.16791   0.01679   0.11759   0.01859   0.01403   0.05140   0.02761   0.03780   0.01020   0.25211   0.14158   0.16019   0.01465   0.16072   0.07447   0.04594   0.11053   0.01658   7.89362   1.61864   1.10161   1.49630   0.81956  
 27 20.6357   1888.937156  x:  0.01145   0.02044   0.01369   0.13628   0.06406   0.17107   0.01658   0.11782   0.01843   0.01395   0.05116   0.02755   0.03783   0.01026   0.24976   0.13995   0.15264   0.01454   0.16838   0.07377   0.04597   0.10738   0.01647   7.89462   1.61624   1.10023   1.48946   0.81862  
 28 10.2157   1888.183865  x:  0.01340   0.01892   0.01358   0.13746   0.06393   0.17714   0.01598   0.12143   0.01874   0.01457   0.05073   0.02728   0.03991   0.01118   0.25680   0.13670   0.15517   0.01022   0.16500   0.07220   0.04675   0.10381   0.01194   7.89363   1.60260   1.09398   1.41740   0.92132  
 29  0.5454   1887.330643  x:  0.01600   0.01701   0.01395   0.13856   0.06400   0.18544   0.01474   0.12659   0.01925   0.01550   0.05036   0.02707   0.04190   0.01219   0.26545   0.13263   0.15703   0.00568   0.16219   0.07015   0.04741   0.09929   0.00735   7.89402   1.56844   1.07362   1.40132   0.83155  
 30  3.5206   1885.968086  x:  0.01010   0.01604   0.01326   0.13755   0.06724   0.20908   0.01202   0.14023   0.02157   0.01803   0.04704   0.02561   0.04190   0.01355   0.29241   0.12461   0.16989   0.00906   0.14964   0.06373   0.04631   0.08881   0.01248   7.88237   1.54254   1.06556   1.38459   0.79399  
 31  0.1479   1885.584499  x:  0.01371   0.02067   0.01148   0.13701   0.06869   0.21464   0.01014   0.14299   0.01830   0.01893   0.04376   0.02414   0.03728   0.01422   0.29265   0.11963   0.16817   0.01063   0.14417   0.06148   0.04320   0.08544   0.01140   7.87576   1.54074   1.06630   1.38193   0.79635  
 32  0.0226   1885.325185  x:  0.01152   0.02128   0.01092   0.13755   0.06871   0.21375   0.01142   0.14119   0.01885   0.01908   0.04267   0.02522   0.03496   0.01485   0.29331   0.11456   0.16572   0.00811   0.13628   0.05775   0.04294   0.08027   0.01116   7.85834   1.56903   1.08296   1.42082   0.82734  
 33  0.0806   1885.093639  x:  0.01299   0.01892   0.01211   0.13913   0.06734   0.20749   0.01299   0.13553   0.02035   0.01928   0.04407   0.02640   0.03458   0.01553   0.29015   0.10747   0.15760   0.00991   0.12955   0.05639   0.04445   0.07698   0.01049   7.84338   1.56388   1.07531   1.40810   0.80918  
 34  0.0298   1885.064853  x:  0.01318   0.01878   0.01226   0.13880   0.06693   0.20468   0.01256   0.13460   0.01975   0.01919   0.04384   0.02582   0.03470   0.01553   0.28769   0.10751   0.15660   0.00902   0.12860   0.05666   0.04474   0.07694   0.01188   7.83716   1.55925   1.07143   1.40238   0.80577  
 35  0.0250   1885.051312  x:  0.01257   0.01873   0.01230   0.13818   0.06665   0.20187   0.01217   0.13416   0.01924   0.01895   0.04344   0.02531   0.03509   0.01541   0.28570   0.10834   0.15681   0.00962   0.12815   0.05680   0.04482   0.07671   0.01156   7.83154   1.55912   1.07108   1.40453   0.80795  
 36  0.0126   1885.048949  x:  0.01264   0.01885   0.01222   0.13792   0.06680   0.20137   0.01244   0.13434   0.01938   0.01862   0.04330   0.02543   0.03548   0.01523   0.28535   0.10792   0.15727   0.00975   0.12876   0.05648   0.04470   0.07670   0.01173   7.82705   1.56061   1.07231   1.40659   0.80862  
 37  0.0049   1885.048444  x:  0.01264   0.01893   0.01217   0.13796   0.06684   0.20163   0.01239   0.13434   0.01935   0.01851   0.04339   0.02547   0.03568   0.01512   0.28560   0.10796   0.15724   0.00978   0.12809   0.05656   0.04467   0.07673   0.01175   7.82513   1.56078   1.07253   1.40657   0.80868  
 38  0.0018   1885.048257  x:  0.01265   0.01892   0.01217   0.13803   0.06681   0.20174   0.01234   0.13427   0.01931   0.01851   0.04339   0.02542   0.03579   0.01500   0.28579   0.10788   0.15708   0.00976   0.12828   0.05654   0.04470   0.07650   0.01174   7.82516   1.56073   1.07235   1.40652   0.80858  
 39  0.0004   1885.048151  x:  0.01264   0.01892   0.01219   0.13803   0.06680   0.20174   0.01236   0.13428   0.01933   0.01852   0.04333   0.02541   0.03580   0.01489   0.28568   0.10785   0.15702   0.00974   0.12826   0.05651   0.04471   0.07667   0.01171   7.82620   1.56051   1.07212   1.40628   0.80848  
 40  0.0008   1885.048127  x:  0.01265   0.01891   0.01219   0.13801   0.06680   0.20172   0.01237   0.13431   0.01934   0.01854   0.04336   0.02543   0.03578   0.01485   0.28562   0.10792   0.15709   0.00974   0.12825   0.05653   0.04470   0.07661   0.01171   7.82651   1.56060   1.07227   1.40639   0.80851  
 41  0.0004   1885.048125  x:  0.01264   0.01891   0.01219   0.13801   0.06681   0.20170   0.01237   0.13431   0.01934   0.01854   0.04337   0.02543   0.03576   0.01485   0.28565   0.10789   0.15710   0.00974   0.12825   0.05653   0.04470   0.07662   0.01172   7.82640   1.56060   1.07228   1.40640   0.80855  
 42  0.0002   1885.048124  x:  0.01264   0.01891   0.01219   0.13801   0.06681   0.20170   0.01237   0.13430   0.01934   0.01854   0.04336   0.02543   0.03576   0.01485   0.28566   0.10789   0.15710   0.00975   0.12824   0.05653   0.04470   0.07662   0.01172   7.82632   1.56059   1.07228   1.40640   0.80855  
 43  0.0001   1885.048124  x:  0.01264   0.01891   0.01219   0.13801   0.06681   0.20170   0.01237   0.13430   0.01934   0.01854   0.04336   0.02543   0.03576   0.01485   0.28566   0.10789   0.15710   0.00975   0.12825   0.05653   0.04470   0.07662   0.01172   7.82629   1.56059   1.07228   1.40640   0.80854  
 44  0.0000   1885.048124  x:  0.01264   0.01891   0.01219   0.13801   0.06681   0.20170   0.01237   0.13430   0.01934   0.01854   0.04336   0.02543   0.03576   0.01485   0.28566   0.10789   0.15710   0.00975   0.12825   0.05653   0.04470   0.07662   0.01172   7.82627   1.56059   1.07228   1.40640   0.80854  
 45  0.0000   1885.048124  x:  0.01264   0.01891   0.01219   0.13801   0.06681   0.20170   0.01237   0.13430   0.01934   0.01854   0.04336   0.02543   0.03576   0.01485   0.28566   0.10789   0.15710   0.00975   0.12825   0.05653   0.04470   0.07662   0.01172   7.82627   1.56059   1.07228   1.40640   0.80854  
 46  0.0000   1885.048124  x:  0.01264   0.01891   0.01219   0.13801   0.06681   0.20170   0.01237   0.13430   0.01934   0.01854   0.04336   0.02543   0.03576   0.01485   0.28566   0.10789   0.15710   0.00975   0.12825   0.05653   0.04470   0.07662   0.01172   7.82627   1.56059   1.07228   1.40640   0.80854  
 47  0.0000   1885.048124  x:  0.01264   0.01891   0.01219   0.13801   0.06681   0.20170   0.01237   0.13430   0.01934   0.01854   0.04336   0.02543   0.03576   0.01485   0.28566   0.10789   0.15710   0.00975   0.12825   0.05653   0.04470   0.07662   0.01172   7.82627   1.56059   1.07228   1.40640   0.80854  
 48  0.0000   1885.048124  x:  0.01264   0.01891   0.01219   0.13801   0.06681   0.20170   0.01237   0.13430   0.01934   0.01854   0.04336   0.02543   0.03576   0.01485   0.28566   0.10789   0.15710   0.00975   0.12825   0.05653   0.04470   0.07662   0.01172   7.82627   1.56059   1.07228   1.40640   0.80854  
 49  0.0000   1885.048124  x:  0.01264   0.01891   0.01219   0.13801   0.06681   0.20170   0.01237   0.13430   0.01934   0.01854   0.04336   0.02543   0.03576   0.01485   0.28566   0.10789   0.15710   0.00975   0.12825   0.05653   0.04470   0.07662   0.01172   7.82627   1.56059   1.07228   1.40640   0.80854  
check convergence!
