

TREE # 1

  0  0.0000   2668.716640  x:  0.42396   0.00000   0.06386   0.04762   0.04108   0.07457   0.01920   0.01883   0.06241   0.05075   0.01078   0.04277   0.04641   0.05216   0.04436   0.10278   0.08233   0.07684   0.07877   0.04613   0.00912   0.04915   0.03735   0.10022   0.00818   0.07278   0.02602   0.07484   0.02625   0.02875   0.04772   0.04454   0.03703   0.03159   0.04373   0.06686   0.04098   0.02217   0.09922   0.05934   0.07848   0.07157   0.04437   0.02414   0.04745   0.02463   0.09697   8.40433   0.89993   0.98613   1.12635   1.00000  
  1 99.0000   2668.714824  x:  0.42396   0.00000   0.06386   0.04762   0.04108   0.07457   0.01920   0.01883   0.06241   0.05075   0.01077   0.04277   0.04641   0.05216   0.04436   0.10278   0.08233   0.07684   0.07877   0.04613   0.00912   0.04915   0.03735   0.10022   0.00818   0.07278   0.02602   0.07484   0.02625   0.02875   0.04772   0.04454   0.03703   0.03159   0.04373   0.06686   0.04098   0.02217   0.09922   0.05934   0.07848   0.07157   0.04437   0.02414   0.04745   0.02463   0.09697   8.40433   0.89993   0.98613   1.12635   1.00000  
  2 582.4803   2658.018514  x:  0.42634   0.00000   0.06480   0.04399   0.04115   0.07387   0.02160   0.01065   0.06209   0.04770   0.01685   0.03776   0.04475   0.04791   0.04052   0.10372   0.08149   0.07269   0.07809   0.04570   0.00107   0.04630   0.03459   0.10022   0.00000   0.07515   0.02637   0.07451   0.02607   0.02797   0.04356   0.04235   0.03262   0.02345   0.04245   0.06671   0.03903   0.02296   0.10008   0.05938   0.07483   0.07128   0.04241   0.01609   0.04576   0.02566   0.09685   8.40367   0.90110   0.98626   1.12656   1.00081  
  3 1303.3989   2657.109270  x:  0.42655   0.00000   0.06480   0.04374   0.04125   0.07387   0.02165   0.00957   0.06211   0.04756   0.01662   0.03732   0.04469   0.04755   0.04026   0.10362   0.08148   0.07210   0.07808   0.04578   0.00000   0.04618   0.03454   0.10020   0.00000   0.07524   0.02640   0.07451   0.02626   0.02812   0.04327   0.04232   0.03228   0.02237   0.04253   0.06671   0.03907   0.02294   0.09996   0.05931   0.07427   0.07129   0.04241   0.01503   0.04575   0.02570   0.09683   8.40358   0.90126   0.98631   1.12659   1.00093  
  4 1323.3556   2651.355974  x:  0.42771   0.00000   0.06728   0.04306   0.04130   0.07393   0.02129   0.00000   0.06220   0.04777   0.01709   0.03514   0.04587   0.04585   0.03951   0.10315   0.08171   0.06773   0.07819   0.04606   0.00000   0.04624   0.03491   0.10003   0.00000   0.07676   0.02624   0.07456   0.02625   0.02834   0.04235   0.04265   0.03039   0.01286   0.04352   0.06639   0.04024   0.02309   0.09956   0.05939   0.07026   0.07143   0.04293   0.00565   0.04602   0.02544   0.09670   8.40282   0.90247   0.98690   1.12685   1.00196  
  5 2827.4876   2648.886731  x:  0.42814   0.00000   0.06833   0.04289   0.04120   0.07393   0.02136   0.00000   0.06217   0.04805   0.01700   0.03423   0.04568   0.04513   0.03935   0.10315   0.08181   0.06520   0.07823   0.04599   0.00000   0.04630   0.03500   0.09997   0.00000   0.07803   0.02621   0.07455   0.02604   0.02818   0.04212   0.04272   0.02936   0.00712   0.04392   0.06612   0.04080   0.02299   0.09964   0.05949   0.06798   0.07146   0.04305   0.00000   0.04604   0.02552   0.09662   8.40237   0.90315   0.98727   1.12699   1.00255  
  6 9088.3207   2646.993279  x:  0.42830   0.00000   0.06911   0.04275   0.04125   0.07389   0.02135   0.00000   0.06212   0.04826   0.01700   0.03369   0.04612   0.04466   0.03925   0.10328   0.08181   0.06216   0.07819   0.04592   0.00000   0.04618   0.03481   0.09994   0.00000   0.07925   0.02620   0.07451   0.02616   0.02816   0.04201   0.04257   0.02820   0.00000   0.04413   0.06586   0.04111   0.02320   0.09973   0.05944   0.06528   0.07142   0.04294   0.00000   0.04582   0.02553   0.09653   8.40181   0.90389   0.98770   1.12714   1.00321  
  7 6945.6035   2633.450541  x:  0.42037   0.00000   0.10764   0.03800   0.04444   0.07376   0.01513   0.00000   0.06272   0.04153   0.02021   0.03206   0.03726   0.04169   0.03409   0.10063   0.07799   0.00000   0.07670   0.05065   0.00000   0.03805   0.02752   0.09984   0.00000   0.09244   0.02318   0.07388   0.03126   0.03529   0.03722   0.03688   0.00797   0.00000   0.04644   0.06583   0.04038   0.00861   0.09408   0.05837   0.00851   0.07101   0.03896   0.00000   0.04355   0.01841   0.09673   8.38799   0.91887   0.99701   1.12985   1.01691  
  8 740.8157   2632.029501  x:  0.41889   0.00000   0.11394   0.03699   0.04473   0.07375   0.01475   0.00000   0.06288   0.03984   0.01997   0.03218   0.03539   0.04156   0.03304   0.09999   0.07738   0.00000   0.07650   0.05146   0.00000   0.03679   0.02665   0.09980   0.00000   0.09449   0.02298   0.07382   0.03158   0.03631   0.03622   0.03619   0.00584   0.00000   0.04683   0.06599   0.04016   0.00951   0.09313   0.05845   0.00000   0.07107   0.03856   0.00000   0.04367   0.01783   0.09694   8.38595   0.92086   0.99832   1.13015   1.01874  
  9 1636.9059   2629.616512  x:  0.41556   0.00000   0.12557   0.03354   0.04586   0.07372   0.01767   0.00000   0.06328   0.03567   0.01835   0.03158   0.03255   0.04056   0.03001   0.09822   0.07622   0.00000   0.07599   0.05339   0.00000   0.03400   0.02502   0.09939   0.00000   0.10134   0.02386   0.07372   0.03349   0.03932   0.03326   0.03482   0.00000   0.00000   0.04887   0.06562   0.04106   0.01300   0.09082   0.05819   0.00213   0.07217   0.04008   0.00000   0.04621   0.01507   0.09883   8.37961   0.92713   1.00267   1.13108   1.02445  
 10 141.3209   2625.515378  x:  0.40862   0.00000   0.14126   0.01746   0.04463   0.07262   0.02487   0.00000   0.06379   0.01804   0.01630   0.02898   0.03854   0.03772   0.01765   0.09565   0.07389   0.00000   0.07442   0.05527   0.00000   0.02799   0.02384   0.09824   0.00000   0.11212   0.02638   0.07341   0.03047   0.04135   0.02007   0.03277   0.00000   0.00000   0.05605   0.06154   0.04583   0.00614   0.09059   0.06072   0.00289   0.07503   0.04324   0.00000   0.05470   0.03281   0.10468   8.36187   0.94219   1.01348   1.13277   1.03805  
 11 166.2516   2621.529167  x:  0.41195   0.00000   0.14128   0.00610   0.04241   0.07062   0.01048   0.00000   0.06325   0.01639   0.01840   0.01626   0.03306   0.02748   0.01113   0.09721   0.07309   0.00000   0.07288   0.05402   0.00000   0.02562   0.02219   0.09783   0.00000   0.10339   0.02133   0.07279   0.02450   0.03819   0.00965   0.03079   0.00000   0.00000   0.05835   0.05827   0.04635   0.00928   0.09482   0.06248   0.00374   0.07454   0.03972   0.00000   0.05328   0.03324   0.10647   8.34556   0.95550   1.02142   1.13485   1.04978  
 12 124.5373   2618.568937  x:  0.42073   0.00000   0.14296   0.01067   0.04155   0.06880   0.01476   0.00000   0.06298   0.01594   0.01755   0.00335   0.03423   0.01539   0.00983   0.09742   0.07185   0.00000   0.07141   0.05386   0.00000   0.02139   0.01908   0.09759   0.00000   0.09554   0.02101   0.07228   0.02100   0.03565   0.01051   0.02825   0.00000   0.00000   0.05674   0.05886   0.04166   0.00831   0.09609   0.06347   0.00264   0.07382   0.03538   0.00000   0.05017   0.02932   0.10696   8.33455   0.96382   1.02509   1.13621   1.05668  
 13 182.8503   2617.620622  x:  0.42874   0.00000   0.14358   0.01088   0.04146   0.06793   0.01631   0.00000   0.06288   0.01706   0.01736   0.00608   0.03447   0.00756   0.00902   0.09722   0.07149   0.00000   0.07084   0.05388   0.00000   0.02000   0.01801   0.09737   0.00000   0.09379   0.02164   0.07208   0.02022   0.03435   0.00923   0.02737   0.00000   0.00000   0.05581   0.05941   0.03953   0.00753   0.09618   0.06370   0.00211   0.07357   0.03367   0.00000   0.04831   0.02711   0.10672   8.32978   0.96787   1.02622   1.13700   1.05982  
 14 232.2625   2614.720634  x:  0.47274   0.00000   0.14667   0.00396   0.04310   0.06459   0.01858   0.00000   0.06252   0.02036   0.01755   0.00714   0.03427   0.01337   0.00946   0.09605   0.06986   0.00000   0.06876   0.05463   0.00000   0.01736   0.01450   0.09646   0.00000   0.09564   0.02663   0.07131   0.02304   0.03012   0.00664   0.02393   0.00000   0.00000   0.04978   0.06311   0.02969   0.00367   0.09430   0.06302   0.00070   0.07283   0.02756   0.00000   0.03906   0.02000   0.10415   8.31251   0.98383   1.02810   1.14069   1.07139  
 15 179.9359   2612.902005  x:  0.50871   0.00000   0.15159   0.00914   0.04561   0.06235   0.01124   0.00000   0.06213   0.01436   0.01839   0.00846   0.03155   0.01435   0.00696   0.09609   0.06708   0.00000   0.06678   0.05587   0.00000   0.01576   0.01194   0.09625   0.00000   0.09790   0.02663   0.07051   0.02781   0.02971   0.01228   0.02005   0.00000   0.00000   0.04427   0.06532   0.02362   0.00346   0.09259   0.06163   0.00248   0.07230   0.02320   0.00000   0.03221   0.02578   0.10237   8.29819   0.99756   1.02907   1.14422   1.08133  
 16 318.1024   2612.496903  x:  0.51732   0.00000   0.15422   0.01066   0.04644   0.06207   0.01109   0.00000   0.06185   0.01219   0.01811   0.00856   0.03090   0.01433   0.01182   0.09764   0.06532   0.00000   0.06607   0.05603   0.00000   0.01627   0.01229   0.09681   0.00000   0.09685   0.02442   0.07015   0.02928   0.03072   0.00964   0.01910   0.00000   0.00000   0.04132   0.06592   0.02315   0.00372   0.09285   0.06096   0.00322   0.07160   0.02202   0.00000   0.03017   0.02857   0.10186   8.29363   1.00145   1.02885   1.14553   1.08422  
 17 165.8793   2612.133086  x:  0.52406   0.00000   0.15805   0.01070   0.04715   0.06238   0.01391   0.00000   0.06125   0.01381   0.01716   0.00921   0.03046   0.01554   0.00968   0.10183   0.06216   0.00000   0.06523   0.05552   0.00000   0.01772   0.01350   0.09843   0.00000   0.09324   0.02005   0.06960   0.03040   0.03295   0.00921   0.01932   0.00000   0.00000   0.03627   0.06648   0.02466   0.00412   0.09468   0.06008   0.00386   0.06984   0.02165   0.00000   0.02833   0.03132   0.10122   8.28755   1.00558   1.02767   1.14752   1.08745  
 18 93.0149   2611.993156  x:  0.52606   0.00000   0.15938   0.00868   0.04718   0.06303   0.01410   0.00000   0.06086   0.01334   0.01699   0.00923   0.03010   0.01504   0.01073   0.10480   0.06061   0.00000   0.06502   0.05476   0.00000   0.01704   0.01287   0.09983   0.00000   0.09154   0.02147   0.06938   0.03032   0.03457   0.01129   0.02044   0.00000   0.00000   0.03444   0.06673   0.02564   0.00418   0.09619   0.05988   0.00384   0.06851   0.02312   0.00000   0.02908   0.03176   0.10097   8.28285   1.00783   1.02609   1.14916   1.08933  
 19 49.9457   2611.819042  x:  0.52721   0.00000   0.16012   0.01070   0.04698   0.06422   0.01333   0.00000   0.06033   0.01399   0.01703   0.00929   0.02977   0.01568   0.01009   0.10868   0.05922   0.00000   0.06502   0.05343   0.00000   0.01612   0.01223   0.10208   0.00000   0.09063   0.02513   0.06922   0.02986   0.03698   0.00946   0.02113   0.00000   0.00000   0.03386   0.06708   0.02565   0.00408   0.09815   0.05980   0.00367   0.06665   0.02492   0.00000   0.03110   0.03173   0.10078   8.27416   1.01119   1.02281   1.15219   1.09229  
 20 59.3393   2611.427202  x:  0.52639   0.00000   0.15995   0.01068   0.04616   0.06653   0.01355   0.00000   0.05958   0.01158   0.01716   0.00942   0.02976   0.01555   0.00956   0.11405   0.05912   0.00000   0.06560   0.05078   0.00000   0.01962   0.01590   0.10663   0.00000   0.09180   0.02564   0.06936   0.02824   0.04143   0.00993   0.01865   0.00000   0.00000   0.03750   0.06780   0.02259   0.00369   0.10048   0.05987   0.00331   0.06383   0.02341   0.00000   0.03344   0.02920   0.10076   8.24792   1.01990   1.01275   1.16113   1.10033  
 21 64.5583   2610.459471  x:  0.52133   0.00000   0.16052   0.00988   0.04435   0.06938   0.01356   0.00000   0.05905   0.01535   0.01692   0.00956   0.03018   0.01575   0.01101   0.11797   0.06179   0.00000   0.06681   0.04771   0.00000   0.01572   0.01061   0.11372   0.00000   0.09581   0.01941   0.07004   0.02491   0.04817   0.01100   0.01789   0.00000   0.00000   0.04524   0.06859   0.02257   0.00370   0.10094   0.06094   0.00403   0.06216   0.01862   0.00000   0.03449   0.02986   0.10147   8.18035   1.04074   0.98764   1.18341   1.12005  
 22 171.1536   2608.517469  x:  0.50543   0.00000   0.16058   0.01125   0.04186   0.06632   0.01211   0.00000   0.05833   0.01337   0.01679   0.00938   0.03037   0.01551   0.01055   0.11596   0.06562   0.00000   0.06578   0.04527   0.00000   0.01379   0.01481   0.11758   0.00000   0.10149   0.02029   0.06963   0.02180   0.04438   0.01061   0.02306   0.00000   0.00000   0.03890   0.06655   0.02763   0.00292   0.10026   0.06323   0.00450   0.06634   0.02185   0.00000   0.01912   0.02708   0.10161   8.03830   1.08087   0.94068   1.22733   1.15987  
 23 256.2694   2607.129065  x:  0.49472   0.00000   0.16360   0.01078   0.04107   0.06136   0.01135   0.00000   0.05830   0.01590   0.01591   0.00872   0.03053   0.01462   0.01106   0.11063   0.06597   0.00000   0.06425   0.04609   0.00000   0.02373   0.00945   0.11423   0.00000   0.10024   0.02303   0.06867   0.02161   0.03232   0.01084   0.01967   0.00000   0.00000   0.03105   0.06316   0.02638   0.00285   0.09997   0.06436   0.00464   0.06940   0.02369   0.00000   0.02301   0.02841   0.10054   7.92440   1.11104   0.90939   1.26009   1.19118  
 24 440.6902   2606.253180  x:  0.49039   0.00000   0.16592   0.01057   0.04112   0.05850   0.01157   0.00000   0.05837   0.01774   0.01503   0.00927   0.03023   0.01548   0.01183   0.10786   0.06421   0.00000   0.06352   0.04694   0.00000   0.01841   0.01514   0.10855   0.00000   0.09648   0.02351   0.06791   0.02196   0.02037   0.01170   0.01782   0.00000   0.00000   0.02996   0.06059   0.02397   0.00327   0.10158   0.06422   0.00482   0.06939   0.02226   0.00000   0.02949   0.02941   0.09898   7.85090   1.12857   0.89534   1.27894   1.21067  
 25 398.0814   2605.606673  x:  0.48992   0.00000   0.16639   0.01222   0.04077   0.05853   0.01364   0.00000   0.05852   0.01321   0.01430   0.01084   0.02967   0.01753   0.01114   0.10789   0.06165   0.00000   0.06414   0.04681   0.00000   0.01894   0.01232   0.09992   0.00000   0.09311   0.02204   0.06757   0.02036   0.01384   0.01127   0.02273   0.00000   0.00000   0.03512   0.05935   0.02484   0.00349   0.10540   0.06347   0.00455   0.06714   0.02178   0.00000   0.02980   0.02683   0.09687   7.79371   1.13704   0.89515   1.28908   1.22323  
 26 174.2176   2603.608528  x:  0.48820   0.00000   0.16925   0.01211   0.03760   0.05826   0.01337   0.00000   0.05940   0.01613   0.01306   0.01111   0.02906   0.01803   0.01216   0.10659   0.05559   0.00000   0.06593   0.04619   0.00000   0.01968   0.01284   0.06924   0.00000   0.09346   0.02441   0.06664   0.01274   0.02148   0.01237   0.01903   0.00000   0.00000   0.03839   0.05740   0.02480   0.00338   0.11615   0.06422   0.00523   0.06311   0.02211   0.00000   0.02530   0.02727   0.09188   7.61371   1.15050   0.91488   1.31081   1.25505  
 27 242.9578   2598.917124  x:  0.48478   0.00000   0.17580   0.01206   0.03038   0.06282   0.00868   0.00000   0.05844   0.02151   0.01201   0.00801   0.02790   0.01346   0.01366   0.11592   0.06115   0.00000   0.07022   0.03739   0.00000   0.02219   0.01501   0.05398   0.00000   0.10805   0.01870   0.06691   0.03411   0.01407   0.01288   0.02421   0.00000   0.00000   0.03323   0.05800   0.02589   0.00116   0.13441   0.07043   0.00498   0.05850   0.02299   0.00000   0.02849   0.02456   0.08655   7.14834   1.16781   0.99079   1.35357   1.32585  
 28 464.4045   2590.850055  x:  0.49086   0.00000   0.18804   0.01182   0.03042   0.06117   0.00833   0.00000   0.05663   0.02668   0.00741   0.00837   0.02564   0.01420   0.01526   0.11768   0.07374   0.00000   0.07252   0.03450   0.00000   0.02588   0.01601   0.07164   0.00000   0.10528   0.02599   0.06717   0.02554   0.00264   0.01480   0.01759   0.00000   0.00000   0.03719   0.05189   0.03106   0.00120   0.14534   0.07960   0.00657   0.06220   0.02041   0.00000   0.02048   0.02609   0.08201   6.51161   1.19341   1.10389   1.40921   1.42405  
 29 1469.2822   2585.766736  x:  0.50099   0.00000   0.19267   0.01403   0.02554   0.04508   0.00862   0.00000   0.05297   0.02591   0.00443   0.01012   0.02469   0.01670   0.01616   0.11147   0.08799   0.00000   0.06940   0.02998   0.00000   0.02703   0.01739   0.08742   0.00000   0.10562   0.02429   0.06515   0.01095   0.00734   0.01590   0.02854   0.00000   0.00000   0.02914   0.03674   0.02654   0.00075   0.15908   0.09121   0.00604   0.07258   0.01438   0.00000   0.02804   0.02144   0.07837   5.98634   1.21529   1.19542   1.45461   1.50486  
 30 3227.5201   2585.075298  x:  0.50447   0.00000   0.19073   0.01446   0.02597   0.04357   0.00854   0.00000   0.05263   0.02593   0.00433   0.01047   0.02487   0.01715   0.01657   0.11088   0.08774   0.00000   0.06670   0.03108   0.00000   0.02629   0.01721   0.08927   0.00000   0.10701   0.01973   0.06447   0.00706   0.00682   0.01607   0.02822   0.00000   0.00000   0.02889   0.04052   0.02331   0.00059   0.16093   0.09346   0.00510   0.07437   0.02201   0.00000   0.02942   0.02034   0.08141   5.91331   1.21840   1.20509   1.46029   1.51448  
 31 450.8119   2583.420384  x:  0.51964   0.00000   0.19015   0.01456   0.02027   0.03871   0.00863   0.00000   0.05164   0.02841   0.00336   0.01053   0.02470   0.01735   0.01752   0.10687   0.08295   0.00000   0.05531   0.03293   0.00000   0.02805   0.01792   0.09165   0.00000   0.10603   0.02004   0.06161   0.01262   0.00787   0.01690   0.02886   0.00000   0.00000   0.03727   0.04791   0.02285   0.00106   0.17132   0.10925   0.00439   0.08143   0.02507   0.00000   0.02789   0.02009   0.09624   5.72154   1.22746   1.21805   1.47434   1.53495  
 32 329.0440   2580.805000  x:  0.54614   0.00000   0.18449   0.01545   0.03812   0.04824   0.00646   0.00000   0.05394   0.02947   0.00299   0.00983   0.02563   0.01664   0.01803   0.10122   0.07294   0.00000   0.04806   0.03643   0.00000   0.03082   0.02013   0.09165   0.00000   0.11317   0.02071   0.06058   0.00998   0.00787   0.01734   0.03257   0.00000   0.00000   0.03690   0.05376   0.03205   0.00090   0.17991   0.12636   0.00320   0.08857   0.01749   0.00000   0.03338   0.01576   0.11592   5.40442   1.24041   1.23127   1.49478   1.56251  
 33 706.0163   2573.328775  x:  0.61736   0.00000   0.17458   0.01637   0.02869   0.06764   0.00675   0.00000   0.06044   0.02912   0.00053   0.00921   0.02738   0.01624   0.01805   0.09449   0.06557   0.00000   0.08461   0.03616   0.00000   0.03151   0.02131   0.09132   0.00000   0.12204   0.01661   0.07052   0.01022   0.00785   0.01720   0.03189   0.00000   0.00000   0.03427   0.03468   0.03563   0.00212   0.16974   0.13656   0.00223   0.08915   0.02628   0.00000   0.03754   0.01166   0.12861   4.61633   1.27305   1.24926   1.53952   1.62057  
 34 775.2348   2569.254024  x:  0.64595   0.00000   0.17198   0.01599   0.02451   0.05422   0.00455   0.00000   0.05777   0.03078   0.00006   0.00745   0.02891   0.01421   0.01790   0.09955   0.06414   0.00000   0.08700   0.03696   0.00000   0.03439   0.02362   0.09060   0.00000   0.13115   0.01861   0.07002   0.00659   0.00721   0.01698   0.03661   0.00000   0.00000   0.03702   0.04544   0.04335   0.00245   0.15675   0.12116   0.00362   0.08282   0.02250   0.00000   0.04185   0.01267   0.11869   4.24080   1.28381   1.25327   1.55607   1.64146  
 35 968.2162   2567.155736  x:  0.66686   0.00000   0.16819   0.01664   0.01945   0.04151   0.00287   0.00000   0.05618   0.03068   0.00037   0.00654   0.02984   0.01317   0.01780   0.10201   0.05490   0.00000   0.08858   0.03983   0.00000   0.03540   0.02478   0.09273   0.00000   0.13957   0.01816   0.06913   0.00503   0.00676   0.01690   0.03483   0.00000   0.00000   0.03985   0.04684   0.05503   0.00236   0.14888   0.10853   0.00361   0.07841   0.02116   0.00000   0.04636   0.00950   0.11325   3.96548   1.28830   1.25487   1.56677   1.65442  
 36 3874.4239   2564.471683  x:  0.68874   0.00000   0.16974   0.01661   0.03050   0.02926   0.00291   0.00000   0.05273   0.03153   0.00032   0.00576   0.02963   0.01218   0.01795   0.10461   0.05999   0.00000   0.07919   0.03445   0.00000   0.03533   0.02480   0.09283   0.00000   0.14533   0.01616   0.06486   0.00852   0.00748   0.01692   0.02959   0.00000   0.00000   0.04926   0.03449   0.06195   0.00253   0.15032   0.09426   0.00370   0.07550   0.02958   0.00000   0.04722   0.00780   0.09901   3.65320   1.29009   1.25269   1.57625   1.66503  
 37 1058.4357   2560.912876  x:  0.71547   0.00000   0.17229   0.01631   0.02272   0.04784   0.00289   0.00000   0.05233   0.03195   0.00034   0.00506   0.03011   0.01143   0.01776   0.09853   0.07305   0.00000   0.05488   0.03332   0.00000   0.03567   0.02533   0.09318   0.00000   0.15016   0.01612   0.05809   0.00744   0.00768   0.01678   0.02902   0.00000   0.00000   0.05157   0.02880   0.06484   0.00296   0.15516   0.07211   0.00461   0.07818   0.03290   0.00000   0.04922   0.00790   0.07921   3.24050   1.28718   1.24688   1.58360   1.67368  
 38 831.8006   2555.909115  x:  0.74724   0.00000   0.18216   0.01446   0.03160   0.04683   0.00276   0.00000   0.05633   0.03506   0.00055   0.00367   0.03158   0.00993   0.01773   0.09465   0.09810   0.00000   0.07376   0.02721   0.00000   0.03855   0.02695   0.09030   0.00000   0.15081   0.01970   0.06896   0.00655   0.00849   0.01659   0.03873   0.00000   0.00000   0.05192   0.04704   0.05611   0.00404   0.17274   0.06995   0.00698   0.08201   0.03313   0.00000   0.04760   0.01502   0.06935   2.62209   1.27509   1.23318   1.58586   1.67704  
 39 629.4867   2554.327898  x:  0.75381   0.00000   0.18302   0.01486   0.03144   0.04562   0.00348   0.00000   0.05178   0.03382   0.00058   0.00422   0.03212   0.01077   0.01734   0.11210   0.11709   0.00000   0.07195   0.03860   0.00000   0.03841   0.02695   0.08067   0.00000   0.14953   0.02027   0.06778   0.00478   0.00810   0.01656   0.03934   0.00000   0.00000   0.04894   0.04331   0.05647   0.00444   0.16247   0.08134   0.00668   0.07618   0.03193   0.00000   0.04855   0.01423   0.07850   2.42717   1.27462   1.23010   1.58189   1.67436  
 40 346.4050   2553.725934  x:  0.75168   0.00000   0.18300   0.01496   0.03128   0.04599   0.00349   0.00000   0.05245   0.03372   0.00057   0.00438   0.03265   0.01102   0.01736   0.11320   0.11491   0.00000   0.06876   0.02645   0.00000   0.03850   0.02696   0.07820   0.00000   0.14848   0.02005   0.06488   0.00404   0.00770   0.01659   0.03997   0.00000   0.00000   0.04799   0.04238   0.05558   0.00462   0.15240   0.08707   0.00651   0.07329   0.03186   0.00000   0.04865   0.01392   0.08250   2.36040   1.27805   1.23098   1.57660   1.67046  
 41 117.3012   2552.452028  x:  0.73485   0.00000   0.18268   0.01392   0.03367   0.04793   0.00223   0.00000   0.05292   0.03756   0.00054   0.00328   0.03481   0.00954   0.01819   0.11281   0.09821   0.00000   0.06620   0.03060   0.00000   0.04010   0.02740   0.08263   0.00000   0.15207   0.01973   0.06130   0.00469   0.00707   0.01695   0.04743   0.00000   0.00000   0.04871   0.03747   0.04393   0.00464   0.15025   0.09877   0.00759   0.06972   0.03156   0.00000   0.04427   0.01552   0.07398   2.21265   1.29416   1.23523   1.55835   1.65563  
 42 106.8883   2550.720807  x:  0.71194   0.00000   0.18012   0.01559   0.03139   0.04796   0.00295   0.00000   0.05118   0.03347   0.00048   0.00468   0.03709   0.01131   0.01759   0.10909   0.09440   0.00000   0.06682   0.02978   0.00000   0.03708   0.02560   0.08500   0.00000   0.15162   0.01770   0.06542   0.00592   0.00737   0.01682   0.03938   0.00000   0.00000   0.04325   0.04305   0.04939   0.00449   0.16372   0.10558   0.00644   0.07554   0.03076   0.00000   0.04590   0.00933   0.06495   2.01172   1.32078   1.24221   1.53293   1.63379  
 43 255.2563   2549.837127  x:  0.69932   0.00000   0.18242   0.01553   0.03085   0.04641   0.00248   0.00000   0.05299   0.03459   0.00045   0.00455   0.03817   0.01110   0.01795   0.10721   0.09380   0.00000   0.06805   0.02969   0.00000   0.03718   0.02534   0.08596   0.00000   0.15170   0.01874   0.06688   0.00591   0.00689   0.01711   0.04050   0.00000   0.00000   0.04161   0.04068   0.04609   0.00435   0.17507   0.08806   0.00552   0.07772   0.02905   0.00000   0.04395   0.00848   0.08238   1.90644   1.33202   1.24554   1.52090   1.61921  
 44 168.0246   2549.320701  x:  0.69764   0.00000   0.18413   0.01548   0.03077   0.04651   0.00268   0.00000   0.05300   0.03397   0.00045   0.00459   0.03847   0.01109   0.01773   0.10566   0.09321   0.00000   0.07311   0.03015   0.00000   0.03656   0.02492   0.08706   0.00000   0.15235   0.01847   0.05087   0.00617   0.00694   0.01694   0.03949   0.00000   0.00000   0.04063   0.04195   0.04619   0.00429   0.17813   0.08819   0.00539   0.07734   0.02858   0.00000   0.04360   0.00829   0.08299   1.87855   1.30674   1.23986   1.53850   1.59680  
 45 10.6461   2546.911743  x:  0.69150   0.00000   0.19396   0.01475   0.02967   0.04496   0.00319   0.00000   0.05195   0.03291   0.00043   0.00422   0.03974   0.01039   0.01708   0.10549   0.08014   0.00000   0.06547   0.02898   0.00000   0.03469   0.02344   0.08936   0.00000   0.15648   0.01742   0.06385   0.00626   0.00635   0.01628   0.03838   0.00000   0.00000   0.03682   0.03924   0.04154   0.00405   0.18283   0.09206   0.00518   0.07487   0.02695   0.00000   0.04068   0.00877   0.08260   1.75552   1.17198   1.20882   1.63118   1.47908  
 46 106.9465   2546.090808  x:  0.69228   0.00000   0.19716   0.01468   0.02926   0.04350   0.00337   0.00000   0.07037   0.03356   0.00042   0.00405   0.03970   0.01013   0.01719   0.11945   0.07639   0.00000   0.06516   0.02843   0.00000   0.03481   0.02341   0.08740   0.00000   0.15683   0.01778   0.06252   0.00616   0.00610   0.01638   0.03889   0.00000   0.00000   0.03926   0.03802   0.03952   0.00389   0.18264   0.09154   0.00459   0.09490   0.02594   0.00000   0.04087   0.00845   0.07946   1.75031   1.16418   1.19425   1.62183   1.41707  
 47 14.5449   2539.136440  x:  0.69795   0.00000   0.21904   0.01358   0.02953   0.04769   0.00450   0.00000   0.03617   0.03796   0.00046   0.00303   0.04029   0.00867   0.01828   0.12539   0.06220   0.00000   0.07043   0.02457   0.00000   0.03624   0.02366   0.08616   0.00000   0.16368   0.01953   0.06113   0.00563   0.00500   0.01709   0.04226   0.00000   0.00000   0.04447   0.03480   0.03296   0.00324   0.19759   0.09329   0.00383   0.11593   0.02323   0.00000   0.03718   0.01023   0.08060   1.75140   1.14932   1.09494   1.52047   0.98838  
 48 101.5170   2536.790591  x:  0.69975   0.00000   0.22655   0.01374   0.02775   0.04369   0.00525   0.00000   0.05486   0.03807   0.00045   0.00312   0.04081   0.00877   0.01845   0.11733   0.06604   0.00000   0.06592   0.02653   0.00000   0.03623   0.02350   0.09035   0.00000   0.16823   0.01975   0.06136   0.00510   0.00492   0.01726   0.04181   0.00000   0.00000   0.04211   0.03428   0.03407   0.00303   0.20967   0.09888   0.00443   0.09227   0.02294   0.00000   0.03511   0.01073   0.08137   1.75487   1.14540   1.05682   1.47912   0.82619  
 49 321.6091   2526.623860  x:  0.62700   0.00000   0.22109   0.01252   0.03187   0.04578   0.00772   0.00000   0.05969   0.03621   0.00054   0.00249   0.05647   0.00778   0.01676   0.13547   0.05524   0.00000   0.05958   0.02612   0.00000   0.03150   0.01899   0.09362   0.00000   0.18518   0.02033   0.05978   0.00720   0.00530   0.01594   0.04250   0.00000   0.00000   0.02455   0.04092   0.01349   0.00484   0.20945   0.07931   0.00498   0.06762   0.01984   0.00000   0.02380   0.01132   0.08508   2.02206   0.98921   0.96029   1.19967   0.94253  
 50  9.1449   2526.301035  x:  0.62136   0.00000   0.22067   0.01243   0.03219   0.04595   0.00791   0.00000   0.06006   0.03607   0.00054   0.00244   0.05769   0.00771   0.01663   0.13688   0.05441   0.00000   0.05909   0.02608   0.00000   0.03113   0.01864   0.09387   0.00000   0.18649   0.02037   0.05966   0.00737   0.00533   0.01584   0.04255   0.00710   0.00000   0.02319   0.04143   0.01191   0.00498   0.20943   0.07780   0.00502   0.06572   0.01960   0.00000   0.02292   0.01136   0.08537   2.04275   0.97707   0.95278   1.17798   0.95152  
 51 537.7206   2522.550026  x:  0.57559   0.00000   0.21361   0.01302   0.03329   0.05014   0.00596   0.00000   0.05483   0.02704   0.00057   0.00527   0.06598   0.01119   0.01349   0.15593   0.06111   0.00000   0.05883   0.02418   0.00000   0.02377   0.01384   0.08976   0.00000   0.18487   0.01879   0.05964   0.01024   0.00743   0.01394   0.02703   0.01004   0.00000   0.01263   0.04713   0.01650   0.00596   0.20127   0.07219   0.00389   0.06823   0.02167   0.00000   0.02210   0.01360   0.08773   2.11828   1.00788   1.01462   1.26124   0.87505  
 52  1.5590   2520.728159  x:  0.58929   0.00000   0.21678   0.01358   0.03084   0.05247   0.00602   0.00000   0.05520   0.02577   0.00058   0.00656   0.06335   0.01271   0.01334   0.15744   0.05919   0.00000   0.06162   0.02473   0.00000   0.02293   0.01358   0.09388   0.00000   0.18241   0.01964   0.05953   0.01148   0.00910   0.01405   0.01746   0.00000   0.00000   0.02212   0.04676   0.02935   0.00486   0.19886   0.07795   0.00472   0.06800   0.02414   0.00000   0.02305   0.01802   0.09115   2.04040   0.93375   0.93833   1.13057   0.88889  
 53  3.8638   2519.428435  x:  0.58379   0.00000   0.20096   0.01338   0.03082   0.05298   0.00814   0.00000   0.05707   0.02594   0.00063   0.00658   0.06596   0.01266   0.01304   0.15827   0.04851   0.00000   0.05963   0.02680   0.00000   0.02261   0.01349   0.09757   0.00000   0.18568   0.02223   0.06028   0.01270   0.00993   0.01376   0.01655   0.00000   0.00000   0.02665   0.04680   0.03026   0.00468   0.18227   0.06842   0.00590   0.06188   0.02526   0.00000   0.02272   0.02290   0.09330   1.97618   1.01870   1.00043   1.19069   0.89983  
 54  2.0313   2517.477878  x:  0.60047   0.00000   0.18016   0.01366   0.03241   0.05885   0.00892   0.00000   0.05316   0.02360   0.00079   0.00678   0.07078   0.01312   0.01140   0.16563   0.07064   0.00000   0.06452   0.03036   0.00000   0.02081   0.01320   0.09253   0.00000   0.18189   0.02583   0.06402   0.01523   0.01070   0.01271   0.02172   0.00000   0.00000   0.03136   0.05259   0.02350   0.00542   0.15263   0.06677   0.00647   0.05923   0.02466   0.00000   0.02553   0.02216   0.09598   1.97539   1.01832   0.98751   1.19039   0.87602  
 55  0.1418   2516.806352  x:  0.59090   0.00000   0.16686   0.01449   0.03386   0.05897   0.00976   0.00000   0.05266   0.01929   0.00087   0.00656   0.07218   0.01307   0.00944   0.15727   0.06911   0.00000   0.06688   0.03417   0.00000   0.01754   0.01165   0.09389   0.00000   0.18072   0.02665   0.06634   0.01334   0.01141   0.01182   0.01811   0.00000   0.00000   0.03028   0.05192   0.02502   0.00624   0.14947   0.07476   0.00555   0.06614   0.02214   0.00000   0.02514   0.02214   0.09350   1.99031   0.99817   0.97072   1.15628   0.90748  
 56  0.0816   2516.449773  x:  0.59147   0.00000   0.17194   0.01535   0.03510   0.06050   0.01038   0.00000   0.05183   0.02014   0.00096   0.00749   0.07263   0.01395   0.00949   0.15090   0.06562   0.00000   0.06841   0.03461   0.00000   0.01969   0.01288   0.09867   0.00000   0.17871   0.02684   0.06779   0.01184   0.01242   0.01287   0.02076   0.00000   0.00000   0.03319   0.05251   0.02624   0.00711   0.14695   0.07452   0.00406   0.06329   0.02109   0.00000   0.02254   0.02100   0.09170   1.99959   0.96685   0.95546   1.13621   0.90085  
 57  0.0546   2516.088512  x:  0.60197   0.00000   0.17325   0.01625   0.03335   0.06008   0.01209   0.00000   0.05308   0.01892   0.00117   0.00666   0.07458   0.01297   0.00871   0.14288   0.06596   0.00000   0.06396   0.03137   0.00000   0.01936   0.01379   0.10114   0.00000   0.17793   0.02380   0.06730   0.01148   0.01287   0.01292   0.02081   0.00000   0.00000   0.03078   0.05445   0.02689   0.00889   0.14716   0.07045   0.00348   0.06187   0.02020   0.00000   0.02718   0.02169   0.09312   1.98468   0.97782   0.94869   1.13449   0.89744  
 58  0.0176   2515.891955  x:  0.59783   0.00000   0.17531   0.01638   0.03361   0.06149   0.01267   0.00000   0.05299   0.01920   0.00130   0.00658   0.07638   0.01289   0.00873   0.14232   0.06639   0.00000   0.06391   0.02977   0.00000   0.01921   0.01335   0.10238   0.00000   0.17396   0.02367   0.06689   0.01112   0.01391   0.01313   0.01838   0.00000   0.00000   0.03234   0.05527   0.02389   0.01010   0.15026   0.07100   0.00405   0.06441   0.02093   0.00000   0.02517   0.02109   0.09368   1.99077   0.98901   0.96518   1.16426   0.88138  
 59  0.0729   2515.597007  x:  0.59947   0.00000   0.17182   0.01672   0.03196   0.06121   0.01436   0.00000   0.05381   0.02035   0.00161   0.00746   0.07486   0.01374   0.00960   0.14543   0.06589   0.00000   0.06531   0.03113   0.00000   0.02052   0.01316   0.10064   0.00000   0.17399   0.02394   0.06473   0.01188   0.01456   0.01351   0.02145   0.00000   0.00000   0.03185   0.05326   0.02433   0.01254   0.14881   0.07290   0.00612   0.06719   0.02263   0.00000   0.02418   0.02238   0.09483   1.95850   0.98725   0.95990   1.14644   0.89296  
 60  0.0252   2515.417282  x:  0.59556   0.00000   0.17378   0.01707   0.03128   0.06082   0.01527   0.00000   0.05352   0.02006   0.00185   0.00695   0.07348   0.01330   0.00979   0.14928   0.06744   0.00000   0.06644   0.03277   0.00000   0.01971   0.01251   0.09927   0.00000   0.17352   0.02406   0.06495   0.01227   0.01524   0.01333   0.01897   0.00000   0.00000   0.03249   0.05299   0.02761   0.01452   0.14785   0.07241   0.00564   0.06193   0.02304   0.00000   0.02428   0.02081   0.09525   1.97833   0.98054   0.96002   1.15214   0.89680  
 61  0.0270   2515.308645  x:  0.59072   0.00000   0.17409   0.01700   0.03197   0.05976   0.01583   0.00000   0.05237   0.01953   0.00205   0.00742   0.07191   0.01378   0.00956   0.15117   0.06489   0.00000   0.06574   0.03341   0.00000   0.01868   0.01234   0.09739   0.00000   0.17434   0.02320   0.06534   0.01243   0.01503   0.01304   0.01966   0.00000   0.00000   0.03191   0.05321   0.02553   0.01627   0.14880   0.07070   0.00461   0.06473   0.02157   0.00000   0.02545   0.02030   0.09448   1.99604   0.97580   0.95711   1.14910   0.88823  
 62  0.0250   2515.248119  x:  0.59648   0.00000   0.17502   0.01665   0.03245   0.05881   0.01619   0.00000   0.05292   0.01982   0.00224   0.00743   0.07107   0.01377   0.00947   0.14971   0.06556   0.00000   0.06450   0.03230   0.00000   0.01933   0.01305   0.09748   0.00000   0.17286   0.02326   0.06627   0.01276   0.01475   0.01294   0.01974   0.00000   0.00000   0.03152   0.05298   0.02559   0.01753   0.15081   0.07378   0.00438   0.06424   0.02082   0.00000   0.02490   0.02011   0.09451   2.00416   0.98914   0.96260   1.15485   0.89727  
 63  0.0170   2515.196507  x:  0.60167   0.00000   0.17269   0.01581   0.03281   0.05826   0.01622   0.00000   0.05278   0.02009   0.00246   0.00723   0.07058   0.01347   0.00932   0.14977   0.06569   0.00000   0.06500   0.03139   0.00000   0.01978   0.01333   0.09834   0.00000   0.17265   0.02370   0.06645   0.01315   0.01404   0.01266   0.01934   0.00000   0.00000   0.03186   0.05257   0.02647   0.01869   0.14988   0.07030   0.00486   0.06518   0.02090   0.00000   0.02446   0.02039   0.09392   1.98722   0.98288   0.96028   1.15225   0.89213  
 64  0.0116   2515.130056  x:  0.59550   0.00000   0.17365   0.01497   0.03323   0.05882   0.01537   0.00000   0.05320   0.02007   0.00271   0.00733   0.07121   0.01365   0.00959   0.14905   0.06529   0.00000   0.06608   0.03188   0.00000   0.01911   0.01278   0.10067   0.00000   0.17240   0.02344   0.06617   0.01370   0.01247   0.01255   0.01978   0.00000   0.00000   0.03237   0.05236   0.02543   0.01975   0.14932   0.07217   0.00495   0.06245   0.02160   0.00000   0.02502   0.02073   0.09361   1.98337   0.98022   0.96192   1.15226   0.89195  
 65  0.0048   2515.092348  x:  0.59411   0.00000   0.17561   0.01508   0.03287   0.05932   0.01443   0.00000   0.05276   0.02036   0.00283   0.00700   0.07227   0.01347   0.00995   0.14877   0.06596   0.00000   0.06546   0.03288   0.00000   0.01933   0.01276   0.10068   0.00000   0.17173   0.02346   0.06599   0.01362   0.01162   0.01281   0.01936   0.00000   0.00000   0.03289   0.05280   0.02614   0.01991   0.14910   0.07186   0.00454   0.06526   0.02157   0.00000   0.02475   0.02056   0.09379   1.99540   0.98391   0.96103   1.14991   0.89314  
 66  0.0111   2515.059681  x:  0.59624   0.00000   0.17257   0.01581   0.03232   0.05992   0.01334   0.00000   0.05305   0.02008   0.00290   0.00679   0.07247   0.01339   0.00976   0.14804   0.06517   0.00000   0.06435   0.03296   0.00000   0.01953   0.01288   0.09981   0.00000   0.17347   0.02355   0.06587   0.01317   0.01143   0.01296   0.01927   0.00000   0.00000   0.03176   0.05367   0.02560   0.01973   0.14931   0.07176   0.00472   0.06413   0.02116   0.00000   0.02392   0.02047   0.09427   1.99688   0.98210   0.95667   1.15246   0.89528  
 67  0.0042   2515.023734  x:  0.59752   0.00000   0.17349   0.01696   0.03214   0.06027   0.01224   0.00000   0.05308   0.01959   0.00306   0.00690   0.07219   0.01357   0.00942   0.14898   0.06517   0.00000   0.06557   0.03199   0.00000   0.01942   0.01310   0.09882   0.00000   0.17470   0.02327   0.06608   0.01250   0.01207   0.01311   0.01954   0.00000   0.00000   0.03249   0.05302   0.02620   0.01989   0.15013   0.07192   0.00477   0.06405   0.02126   0.00000   0.02488   0.02070   0.09484   1.99026   0.98486   0.96144   1.15097   0.89258  
 68  0.0047   2514.996813  x:  0.59703   0.00000   0.17495   0.01683   0.03253   0.05919   0.01214   0.00000   0.05289   0.01984   0.00339   0.00699   0.07198   0.01334   0.00934   0.14989   0.06537   0.00000   0.06494   0.03244   0.00000   0.01923   0.01277   0.09887   0.00000   0.17323   0.02372   0.06624   0.01264   0.01286   0.01301   0.01954   0.00000   0.00000   0.03233   0.05255   0.02545   0.02103   0.14773   0.07127   0.00468   0.06396   0.02128   0.00000   0.02437   0.02102   0.09502   1.98753   0.98328   0.96299   1.15192   0.89561  
 69  0.0024   2514.975002  x:  0.59714   0.00000   0.17333   0.01635   0.03266   0.05877   0.01186   0.00000   0.05266   0.02011   0.00365   0.00679   0.07192   0.01301   0.00952   0.14883   0.06485   0.00000   0.06506   0.03269   0.00000   0.01941   0.01289   0.10011   0.00000   0.17283   0.02357   0.06619   0.01296   0.01328   0.01293   0.01975   0.00000   0.00000   0.03229   0.05265   0.02598   0.02120   0.14914   0.07248   0.00491   0.06443   0.02128   0.00000   0.02507   0.02096   0.09532   1.99893   0.98218   0.95728   1.15172   0.89010  
 70  0.0067   2514.943889  x:  0.59379   0.00000   0.17286   0.01565   0.03270   0.05821   0.01146   0.00000   0.05338   0.02023   0.00388   0.00678   0.07218   0.01330   0.00982   0.14730   0.06599   0.00000   0.06539   0.03282   0.00000   0.01951   0.01289   0.10088   0.00000   0.17338   0.02309   0.06576   0.01300   0.01386   0.01296   0.01944   0.00000   0.00000   0.03169   0.05281   0.02576   0.02024   0.15150   0.07078   0.00475   0.06390   0.02124   0.00000   0.02465   0.02111   0.09412   1.99586   0.98575   0.95817   1.14677   0.89679  
 71  0.0044   2514.899992  x:  0.59669   0.00000   0.17309   0.01503   0.03213   0.05877   0.01148   0.00000   0.05388   0.02020   0.00414   0.00677   0.07284   0.01377   0.01006   0.14734   0.06519   0.00000   0.06509   0.03204   0.00000   0.01945   0.01303   0.09997   0.00000   0.17329   0.02307   0.06566   0.01395   0.01447   0.01288   0.01953   0.00000   0.00000   0.03171   0.05304   0.02597   0.01825   0.14753   0.07181   0.00437   0.06465   0.02131   0.00000   0.02493   0.02078   0.09368   1.99132   0.98347   0.96203   1.15188   0.89631  
 72  0.0057   2514.847699  x:  0.59673   0.00000   0.17478   0.01486   0.03252   0.05883   0.01215   0.00000   0.05192   0.02007   0.00465   0.00717   0.07258   0.01407   0.00981   0.14798   0.06548   0.00000   0.06427   0.03279   0.00000   0.01908   0.01269   0.09854   0.00000   0.17405   0.02407   0.06627   0.01397   0.01424   0.01262   0.01980   0.00000   0.00000   0.03252   0.05195   0.02609   0.01693   0.15061   0.07182   0.00500   0.06383   0.02086   0.00000   0.02446   0.02021   0.09313   1.98599   0.98063   0.96007   1.14925   0.88775  
 73  0.0046   2514.783537  x:  0.59553   0.00000   0.17372   0.01605   0.03292   0.06001   0.01254   0.00000   0.05259   0.02023   0.00565   0.00695   0.07188   0.01322   0.00948   0.14945   0.06489   0.00000   0.06638   0.03269   0.00000   0.01942   0.01291   0.09874   0.00000   0.17553   0.02378   0.06673   0.01346   0.01288   0.01274   0.01968   0.00000   0.00000   0.03214   0.05193   0.02563   0.01687   0.15009   0.07124   0.00474   0.06440   0.02126   0.00000   0.02476   0.01967   0.09482   1.99690   0.98563   0.96376   1.15544   0.89786  
 74  0.0073   2514.762707  x:  0.59541   0.00000   0.17375   0.01640   0.03251   0.05931   0.01277   0.00000   0.05295   0.01996   0.00620   0.00694   0.07220   0.01328   0.00945   0.14844   0.06535   0.00000   0.06462   0.03234   0.00000   0.01937   0.01291   0.09930   0.00000   0.17422   0.02348   0.06592   0.01306   0.01279   0.01294   0.01937   0.00000   0.00000   0.03210   0.05227   0.02581   0.01657   0.14899   0.07194   0.00469   0.06418   0.02118   0.00000   0.02468   0.02034   0.09445   1.98685   0.98461   0.96032   1.15023   0.89317  
 75  0.0089   2514.759696  x:  0.59621   0.00000   0.17391   0.01631   0.03250   0.05901   0.01288   0.00000   0.05309   0.01990   0.00640   0.00698   0.07218   0.01344   0.00949   0.14853   0.06540   0.00000   0.06508   0.03242   0.00000   0.01934   0.01289   0.09944   0.00000   0.17364   0.02363   0.06592   0.01291   0.01292   0.01294   0.01957   0.00000   0.00000   0.03218   0.05247   0.02581   0.01655   0.14940   0.07173   0.00473   0.06427   0.02127   0.00000   0.02474   0.02047   0.09422   1.99203   0.98309   0.96047   1.15208   0.89455  
 76  0.0048   2514.759073  x:  0.59616   0.00000   0.17383   0.01623   0.03251   0.05909   0.01289   0.00000   0.05295   0.01994   0.00646   0.00693   0.07204   0.01343   0.00953   0.14894   0.06535   0.00000   0.06529   0.03240   0.00000   0.01936   0.01289   0.09937   0.00000   0.17366   0.02369   0.06601   0.01288   0.01293   0.01294   0.01955   0.00000   0.00000   0.03210   0.05266   0.02577   0.01658   0.14934   0.07182   0.00470   0.06418   0.02135   0.00000   0.02466   0.02048   0.09421   1.99168   0.98339   0.96061   1.15137   0.89299  
 77  0.0021   2514.758929  x:  0.59606   0.00000   0.17382   0.01615   0.03250   0.05915   0.01285   0.00000   0.05293   0.01993   0.00647   0.00693   0.07201   0.01347   0.00955   0.14903   0.06536   0.00000   0.06518   0.03240   0.00000   0.01936   0.01289   0.09926   0.00000   0.17366   0.02368   0.06606   0.01285   0.01289   0.01293   0.01954   0.00000   0.00000   0.03213   0.05273   0.02580   0.01659   0.14939   0.07184   0.00470   0.06418   0.02133   0.00000   0.02469   0.02054   0.09426   1.99138   0.98353   0.96065   1.15165   0.89355  
 78  0.0006   2514.758910  x:  0.59615   0.00000   0.17383   0.01611   0.03249   0.05918   0.01286   0.00000   0.05294   0.01995   0.00646   0.00693   0.07203   0.01347   0.00956   0.14897   0.06534   0.00000   0.06520   0.03239   0.00000   0.01936   0.01289   0.09924   0.00000   0.17363   0.02368   0.06605   0.01284   0.01291   0.01292   0.01953   0.00000   0.00000   0.03212   0.05272   0.02580   0.01659   0.14939   0.07184   0.00470   0.06418   0.02132   0.00000   0.02469   0.02054   0.09430   1.99149   0.98352   0.96060   1.15152   0.89356  
 79  0.0002   2514.758908  x:  0.59612   0.00000   0.17382   0.01610   0.03249   0.05918   0.01286   0.00000   0.05294   0.01995   0.00646   0.00693   0.07204   0.01347   0.00956   0.14897   0.06534   0.00000   0.06519   0.03239   0.00000   0.01936   0.01289   0.09924   0.00000   0.17364   0.02368   0.06604   0.01283   0.01291   0.01292   0.01954   0.00000   0.00000   0.03212   0.05272   0.02580   0.01659   0.14938   0.07184   0.00470   0.06418   0.02132   0.00000   0.02469   0.02054   0.09430   1.99148   0.98350   0.96063   1.15156   0.89351  
 80  0.0001   2514.758908  x:  0.59612   0.00000   0.17383   0.01610   0.03249   0.05918   0.01286   0.00000   0.05294   0.01995   0.00646   0.00693   0.07204   0.01347   0.00956   0.14898   0.06535   0.00000   0.06519   0.03239   0.00000   0.01936   0.01289   0.09924   0.00000   0.17364   0.02368   0.06604   0.01283   0.01291   0.01292   0.01954   0.00000   0.00000   0.03212   0.05271   0.02580   0.01659   0.14938   0.07184   0.00470   0.06418   0.02133   0.00000   0.02469   0.02054   0.09430   1.99149   0.98351   0.96061   1.15156   0.89351  
 81  0.0000   2514.758908  x:  0.59613   0.00000   0.17382   0.01610   0.03249   0.05918   0.01286   0.00000   0.05294   0.01996   0.00646   0.00693   0.07204   0.01347   0.00956   0.14898   0.06535   0.00000   0.06519   0.03239   0.00000   0.01936   0.01289   0.09924   0.00000   0.17364   0.02368   0.06605   0.01283   0.01291   0.01292   0.01954   0.00000   0.00000   0.03212   0.05271   0.02580   0.01659   0.14938   0.07184   0.00470   0.06418   0.02133   0.00000   0.02469   0.02054   0.09430   1.99149   0.98351   0.96062   1.15156   0.89351  
 82  0.0000   2514.758908  x:  0.59613   0.00000   0.17382   0.01610   0.03249   0.05918   0.01286   0.00000   0.05294   0.01996   0.00646   0.00693   0.07204   0.01347   0.00956   0.14898   0.06534   0.00000   0.06519   0.03239   0.00000   0.01936   0.01289   0.09924   0.00000   0.17364   0.02368   0.06605   0.01283   0.01291   0.01292   0.01954   0.00000   0.00000   0.03212   0.05271   0.02580   0.01659   0.14938   0.07184   0.00470   0.06418   0.02133   0.00000   0.02469   0.02054   0.09430   1.99148   0.98351   0.96062   1.15156   0.89351  
 83  0.0000   2514.758908  x:  0.59613   0.00000   0.17382   0.01610   0.03249   0.05918   0.01286   0.00000   0.05294   0.01996   0.00646   0.00693   0.07204   0.01347   0.00956   0.14898   0.06534   0.00000   0.06519   0.03239   0.00000   0.01936   0.01289   0.09924   0.00000   0.17364   0.02368   0.06605   0.01283   0.01291   0.01292   0.01954   0.00000   0.00000   0.03212   0.05271   0.02580   0.01659   0.14938   0.07184   0.00470   0.06418   0.02133   0.00000   0.02469   0.02054   0.09430   1.99148   0.98351   0.96062   1.15156   0.89351  

TREE # 2

  0  0.0000   2708.126580  x:  0.04452   0.08149   0.02719   0.06275   0.06981   0.08088   0.07388   0.07507   0.07111   0.03656   0.05245   0.05474   0.07039   0.08437   0.06112   0.03543   0.07282   0.04814   0.08074   0.03569   0.05560   0.03121   0.10674   0.00000   0.04150   0.06614   0.06245   0.04964   0.01571   0.05099   0.03408   0.08433   0.01932   0.05877   0.08337   0.08795   0.01788   0.10470   0.09680   0.05220   0.08027   0.06795   0.06913   0.03815   0.08380   0.09771   0.18005   1.99148   0.97809   0.89533   1.08257   0.89351  
  1 99.0000   2708.123037  x:  0.04452   0.08149   0.02719   0.06275   0.06981   0.08088   0.07388   0.07507   0.07111   0.03656   0.05244   0.05474   0.07039   0.08437   0.06112   0.03544   0.07282   0.04814   0.08074   0.03569   0.05560   0.03121   0.10674   0.00000   0.04150   0.06614   0.06245   0.04964   0.01571   0.05099   0.03408   0.08433   0.01932   0.05877   0.08337   0.08795   0.01788   0.10470   0.09680   0.05220   0.08027   0.06795   0.06913   0.03815   0.08380   0.09771   0.18005   1.99148   0.97809   0.89533   1.08257   0.89351  
  2 808.9088   2629.224987  x:  0.00866   0.10149   0.02414   0.06389   0.04226   0.05180   0.04557   0.05055   0.04010   0.00060   0.03726   0.05687   0.04621   0.05931   0.06839   0.02938   0.05396   0.05294   0.05654   0.00000   0.03794   0.02561   0.10322   0.00000   0.02026   0.04225   0.04847   0.05256   0.01647   0.01475   0.03579   0.05811   0.00302   0.03062   0.07872   0.06018   0.00782   0.11511   0.08647   0.03423   0.07492   0.05190   0.03368   0.02514   0.05454   0.09846   0.22513   1.99167   0.97629   0.89740   1.08465   0.89324  
  3 1610.0344   2628.139180  x:  0.00807   0.10171   0.02414   0.06391   0.04186   0.05136   0.04516   0.05020   0.03963   0.00000   0.03710   0.05690   0.04587   0.05895   0.06809   0.02912   0.05367   0.05295   0.05619   0.00000   0.03775   0.02561   0.10318   0.00000   0.02042   0.04194   0.04832   0.05255   0.01653   0.01416   0.03567   0.05774   0.00337   0.03021   0.07868   0.05976   0.00792   0.11520   0.08635   0.03399   0.07486   0.05171   0.03309   0.02506   0.05410   0.09847   0.22547   1.99168   0.97626   0.89743   1.08469   0.89323  
  4 2347.3656   2617.576280  x:  0.00000   0.10389   0.02459   0.06402   0.03715   0.04599   0.04019   0.04624   0.03380   0.00000   0.03586   0.05704   0.04207   0.05450   0.06179   0.02632   0.04980   0.05264   0.05212   0.00000   0.03624   0.02630   0.10270   0.00000   0.02418   0.03861   0.04708   0.05201   0.01743   0.00610   0.03325   0.05326   0.00056   0.02535   0.07850   0.05437   0.01032   0.11570   0.08511   0.03110   0.07445   0.04994   0.02520   0.02533   0.04859   0.09851   0.22673   1.99170   0.97599   0.89771   1.08525   0.89318  
  5 3746.4992   2612.419144  x:  0.00000   0.10482   0.02523   0.06403   0.03477   0.04283   0.03753   0.04436   0.03029   0.00000   0.03622   0.05697   0.04045   0.05196   0.05922   0.03076   0.04697   0.05212   0.05007   0.00000   0.03653   0.02715   0.10250   0.00000   0.02420   0.03748   0.04717   0.05158   0.01729   0.00000   0.03257   0.05090   0.00068   0.02294   0.07875   0.05086   0.01025   0.11537   0.08471   0.02935   0.07450   0.04966   0.01924   0.02683   0.04524   0.09848   0.22489   1.99170   0.97589   0.89780   1.08568   0.89319  
  6 1172.0026   2604.782115  x:  0.00000   0.10682   0.02541   0.06391   0.03148   0.03622   0.03310   0.04203   0.02213   0.00000   0.03993   0.05609   0.03977   0.04657   0.06461   0.02838   0.03935   0.05106   0.04697   0.00000   0.03974   0.02811   0.10232   0.00000   0.02540   0.03795   0.04938   0.05130   0.01561   0.00000   0.03562   0.04670   0.00075   0.01984   0.08018   0.04176   0.00653   0.11329   0.08477   0.02552   0.07529   0.05118   0.00000   0.03050   0.03769   0.09827   0.21555   1.99161   0.97583   0.89774   1.08712   0.89330  
  7 616.1158   2600.882984  x:  0.00000   0.11638   0.02391   0.06366   0.02960   0.02429   0.02812   0.04070   0.00000   0.00000   0.05006   0.05145   0.04748   0.03562   0.08372   0.02946   0.02033   0.05361   0.04322   0.00000   0.04535   0.02264   0.10217   0.00000   0.02301   0.04416   0.05373   0.05325   0.01797   0.00000   0.03901   0.03913   0.00079   0.01865   0.08360   0.01908   0.03425   0.11008   0.08631   0.01259   0.07682   0.05555   0.00000   0.02740   0.02216   0.09756   0.20068   1.99104   0.97628   0.89700   1.09196   0.89393  
  8 312.4509   2597.947142  x:  0.00000   0.13259   0.02466   0.06365   0.03028   0.02064   0.02743   0.04051   0.00000   0.00000   0.05955   0.04392   0.06173   0.02889   0.07984   0.03050   0.00702   0.05794   0.04087   0.00000   0.04576   0.01931   0.10200   0.00000   0.02665   0.04956   0.05373   0.05510   0.01868   0.00000   0.03303   0.03288   0.00092   0.01793   0.08542   0.01136   0.02808   0.11009   0.08657   0.00000   0.07692   0.05661   0.00000   0.01931   0.01740   0.09714   0.20271   1.99019   0.97728   0.89608   1.09791   0.89477  
  9 72.4191   2597.947142  x:  0.00000   0.13259   0.02466   0.06365   0.03028   0.02064   0.02743   0.04051   0.00000   0.00000   0.05955   0.04392   0.06173   0.02889   0.07984   0.03050   0.00702   0.05794   0.04087   0.00000   0.04576   0.01931   0.10200   0.00000   0.02665   0.04956   0.05373   0.05510   0.01868   0.00000   0.03303   0.03288   0.00092   0.01793   0.08542   0.01136   0.02808   0.11009   0.08657   0.00000   0.07692   0.05661   0.00000   0.01931   0.01740   0.09714   0.20271   1.99019   0.97728   0.89608   1.09791   0.89477  
 10 241.7508   2561.779777  x:  0.00000   0.13925   0.02351   0.06441   0.01619   0.01133   0.01436   0.02781   0.00000   0.00000   0.04837   0.04865   0.04757   0.02031   0.10049   0.06191   0.00368   0.06054   0.02946   0.00000   0.03472   0.02009   0.10021   0.00000   0.14911   0.03729   0.04433   0.05743   0.01093   0.00000   0.04634   0.02199   0.12081   0.00370   0.08186   0.01637   0.01480   0.11899   0.07952   0.01079   0.07359   0.04610   0.00000   0.01936   0.01096   0.09800   0.24352   1.99011   0.97668   0.89725   1.09839   0.89491  
 11 1172.6096   2553.100803  x:  0.00000   0.14247   0.02332   0.06472   0.01281   0.01268   0.01242   0.02336   0.00000   0.00000   0.04354   0.04989   0.04104   0.01813   0.10745   0.06536   0.00943   0.06145   0.02552   0.00000   0.03063   0.02006   0.09951   0.00000   0.15681   0.03081   0.04054   0.05801   0.01287   0.00000   0.04859   0.01889   0.11458   0.00930   0.08038   0.01409   0.00951   0.12255   0.07675   0.00000   0.07187   0.04174   0.00000   0.01935   0.01294   0.09827   0.26138   1.99006   0.97628   0.89795   1.09873   0.89495  
 12 369.0354   2544.405558  x:  0.00000   0.14848   0.02331   0.06525   0.01140   0.01261   0.01229   0.01787   0.00000   0.00000   0.03569   0.05168   0.03007   0.01594   0.11900   0.07028   0.00000   0.06254   0.01996   0.00000   0.02448   0.02068   0.09795   0.00000   0.16879   0.02044   0.03461   0.05884   0.01251   0.00000   0.05173   0.01611   0.09899   0.00120   0.07750   0.01303   0.00549   0.12880   0.07207   0.00000   0.06896   0.03485   0.00000   0.01935   0.01258   0.09879   0.29367   1.98995   0.97549   0.89931   1.09940   0.89504  
 13 832.4260   2539.503169  x:  0.00000   0.15471   0.02404   0.06566   0.01925   0.00758   0.01751   0.01973   0.00000   0.00000   0.03091   0.05248   0.02284   0.01770   0.12829   0.07388   0.00269   0.06338   0.02049   0.00000   0.02333   0.02136   0.09660   0.00000   0.18413   0.01564   0.03160   0.05922   0.00522   0.00000   0.05322   0.02073   0.08337   0.00058   0.07488   0.01849   0.01758   0.13457   0.06844   0.00000   0.06681   0.03118   0.00000   0.01936   0.00521   0.09918   0.32573   1.98979   0.97456   0.90098   1.10020   0.89513  
 14 512.5015   2538.512004  x:  0.00000   0.15647   0.02426   0.06577   0.02160   0.00658   0.01900   0.02062   0.00000   0.00000   0.02990   0.05264   0.02133   0.01835   0.13072   0.07481   0.00064   0.06352   0.02095   0.00000   0.02333   0.02160   0.09619   0.00000   0.18890   0.01464   0.03103   0.05930   0.00438   0.00000   0.05352   0.02235   0.07913   0.00335   0.07419   0.02019   0.02122   0.13614   0.06750   0.00000   0.06627   0.03046   0.00000   0.01936   0.00436   0.09929   0.33477   1.98975   0.97429   0.90148   1.10045   0.89516  
 15 1678.1717   2535.878246  x:  0.00000   0.15970   0.02468   0.06592   0.02602   0.00730   0.02147   0.02338   0.00000   0.00000   0.02928   0.05267   0.02059   0.01997   0.13458   0.07618   0.00000   0.06370   0.02301   0.00000   0.02460   0.02191   0.09551   0.00000   0.19874   0.01402   0.03096   0.05932   0.00884   0.00000   0.05367   0.02617   0.07126   0.00362   0.07299   0.02348   0.02867   0.13883   0.06611   0.00000   0.06553   0.03030   0.00000   0.01937   0.00887   0.09946   0.35144   1.98966   0.97373   0.90250   1.10094   0.89520  
 16 877.8142   2535.878246  x:  0.00000   0.15970   0.02468   0.06592   0.02602   0.00730   0.02147   0.02338   0.00000   0.00000   0.02928   0.05267   0.02059   0.01997   0.13458   0.07618   0.00000   0.06370   0.02301   0.00000   0.02460   0.02191   0.09551   0.00000   0.19874   0.01402   0.03096   0.05932   0.00884   0.00000   0.05367   0.02617   0.07126   0.00362   0.07299   0.02348   0.02867   0.13883   0.06611   0.00000   0.06553   0.03030   0.00000   0.01937   0.00887   0.09946   0.35144   1.98966   0.97373   0.90250   1.10094   0.89520  
 17 277.2824   2533.331315  x:  0.00000   0.16037   0.02436   0.06593   0.02219   0.01315   0.01841   0.02208   0.00000   0.00000   0.03000   0.05268   0.02249   0.01888   0.13536   0.07574   0.02096   0.06404   0.02283   0.00000   0.02491   0.02110   0.09574   0.00000   0.19789   0.01329   0.03131   0.05931   0.01236   0.00000   0.05355   0.02469   0.06443   0.00903   0.07296   0.02020   0.02442   0.13932   0.06596   0.00000   0.06553   0.03083   0.00000   0.01936   0.01237   0.09940   0.35593   1.98966   0.97354   0.90286   1.10110   0.89518  
 18 515.3677   2526.710710  x:  0.00000   0.16310   0.02317   0.06598   0.00719   0.01717   0.00739   0.01762   0.00000   0.00000   0.03253   0.05272   0.02814   0.01513   0.13876   0.07388   0.01771   0.06380   0.02046   0.00000   0.02449   0.02015   0.09531   0.00000   0.19394   0.01126   0.03260   0.05929   0.01630   0.00000   0.05309   0.01905   0.03354   0.00698   0.07248   0.00856   0.00691   0.14146   0.06537   0.00000   0.06515   0.03268   0.00000   0.01934   0.01634   0.09955   0.37563   1.98960   0.97267   0.90441   1.10188   0.89522  
 19 260.0087   2522.913175  x:  0.00000   0.16542   0.02283   0.06603   0.00973   0.01811   0.01181   0.01674   0.00000   0.00000   0.03377   0.05272   0.03030   0.01415   0.14159   0.07252   0.01706   0.06371   0.01969   0.00000   0.02447   0.01975   0.09499   0.00000   0.19050   0.01423   0.03327   0.05928   0.01663   0.00000   0.05276   0.01738   0.00598   0.00797   0.07221   0.00979   0.00224   0.14330   0.06517   0.00000   0.06489   0.03359   0.00000   0.01934   0.01667   0.09964   0.39297   1.98954   0.97190   0.90580   1.10261   0.89526  
 20 374.9427   2522.619797  x:  0.00000   0.16576   0.02282   0.06603   0.00937   0.01817   0.01133   0.01673   0.00000   0.00000   0.03389   0.05272   0.03050   0.01413   0.14200   0.07234   0.01702   0.06371   0.01965   0.00000   0.02447   0.01973   0.09494   0.00000   0.18998   0.01466   0.03333   0.05927   0.01663   0.00000   0.05272   0.01723   0.00333   0.00798   0.07217   0.00972   0.00395   0.14358   0.06518   0.00000   0.06486   0.03367   0.00000   0.01934   0.01667   0.09965   0.39560   1.98953   0.97178   0.90602   1.10273   0.89526  
 21 335.5493   2518.510330  x:  0.00000   0.17815   0.02316   0.06616   0.01114   0.01731   0.00504   0.01949   0.00000   0.00000   0.03687   0.05268   0.03427   0.01614   0.15679   0.06628   0.01673   0.06363   0.01984   0.00000   0.02500   0.01946   0.09339   0.00000   0.17083   0.02590   0.03497   0.05920   0.01368   0.00000   0.05143   0.01503   0.00723   0.01050   0.07093   0.01677   0.00568   0.15348   0.06464   0.00000   0.06379   0.03576   0.00000   0.01935   0.01373   0.10004   0.49371   1.98909   0.96729   0.91426   1.10707   0.89548  
 22 138.5395   2517.382457  x:  0.00000   0.18195   0.02327   0.06617   0.00754   0.01685   0.01257   0.01954   0.00000   0.00000   0.03689   0.05266   0.03405   0.01641   0.16120   0.06502   0.01697   0.06368   0.02020   0.00000   0.02506   0.01966   0.09299   0.00000   0.16474   0.02601   0.03497   0.05919   0.01388   0.00000   0.05124   0.01488   0.00950   0.00922   0.07062   0.01339   0.00805   0.15650   0.06447   0.00000   0.06363   0.03573   0.00000   0.01935   0.01392   0.10012   0.52723   1.98892   0.96571   0.91724   1.10864   0.89554  
 23 573.9911   2516.783433  x:  0.00000   0.18284   0.02344   0.06614   0.01214   0.01580   0.01255   0.01900   0.00000   0.00000   0.03495   0.05265   0.03071   0.01628   0.16193   0.06613   0.01758   0.06384   0.02095   0.00000   0.02491   0.02023   0.09306   0.00000   0.16293   0.02092   0.03391   0.05921   0.01479   0.00000   0.05163   0.01696   0.00976   0.00685   0.07079   0.00863   0.00898   0.15709   0.06442   0.00000   0.06393   0.03428   0.00000   0.01936   0.01480   0.10004   0.54328   1.98884   0.96489   0.91899   1.10957   0.89554  
 24 185.7605   2516.331597  x:  0.00000   0.18238   0.02366   0.06606   0.01113   0.01459   0.01225   0.01844   0.00000   0.00000   0.03190   0.05264   0.02551   0.01608   0.16085   0.06872   0.01781   0.06407   0.02168   0.00000   0.02464   0.02082   0.09340   0.00000   0.16295   0.01286   0.03228   0.05926   0.01515   0.00000   0.05238   0.02000   0.00917   0.00706   0.07136   0.01172   0.00906   0.15649   0.06450   0.00000   0.06456   0.03207   0.00000   0.01936   0.01515   0.09984   0.55611   1.98875   0.96415   0.92080   1.11054   0.89553  
 25 135.7543   2516.239606  x:  0.00000   0.18072   0.02371   0.06603   0.01089   0.01533   0.01222   0.01911   0.00000   0.00000   0.03119   0.05268   0.02489   0.01616   0.15838   0.07084   0.01723   0.06415   0.02134   0.00000   0.02456   0.02056   0.09379   0.00000   0.16502   0.01273   0.03194   0.05929   0.01407   0.00000   0.05288   0.02133   0.00907   0.00950   0.07183   0.01062   0.00894   0.15486   0.06487   0.00000   0.06502   0.03169   0.00000   0.01936   0.01410   0.09965   0.55983   1.98873   0.96383   0.92191   1.11119   0.89548  
 26 38.1166   2516.077292  x:  0.00000   0.17600   0.02365   0.06597   0.01064   0.01672   0.01225   0.01966   0.00000   0.00000   0.03089   0.05278   0.02572   0.01611   0.15155   0.07543   0.01760   0.06435   0.02065   0.00000   0.02462   0.01996   0.09478   0.00000   0.17100   0.01410   0.03184   0.05932   0.01377   0.00000   0.05385   0.02205   0.00911   0.00708   0.07281   0.01107   0.00882   0.15031   0.06575   0.00000   0.06599   0.03170   0.00000   0.01936   0.01381   0.09919   0.56708   1.98867   0.96308   0.92473   1.11290   0.89535  
 27 53.9424   2516.013963  x:  0.00000   0.17352   0.02351   0.06598   0.01104   0.01529   0.01237   0.01887   0.00000   0.00000   0.03167   0.05279   0.02645   0.01607   0.14813   0.07633   0.01733   0.06440   0.02104   0.00000   0.02477   0.02034   0.09510   0.00000   0.17410   0.01394   0.03220   0.05928   0.01490   0.00000   0.05388   0.02036   0.00932   0.00807   0.07303   0.01122   0.00912   0.14806   0.06594   0.00000   0.06611   0.03217   0.00000   0.01936   0.01491   0.09903   0.57020   1.98865   0.96272   0.92640   1.11396   0.89526  
 28 43.8840   2515.995969  x:  0.00000   0.17243   0.02350   0.06601   0.01097   0.01492   0.01235   0.01893   0.00000   0.00000   0.03214   0.05274   0.02597   0.01625   0.14696   0.07481   0.01767   0.06434   0.02153   0.00000   0.02473   0.02066   0.09497   0.00000   0.17540   0.01359   0.03242   0.05921   0.01408   0.00000   0.05334   0.01974   0.00924   0.00784   0.07268   0.01107   0.00907   0.14731   0.06564   0.00000   0.06568   0.03233   0.00000   0.01936   0.01412   0.09909   0.57105   1.98863   0.96258   0.92760   1.11479   0.89517  
 29 14.1067   2515.982342  x:  0.00000   0.17141   0.02355   0.06604   0.01096   0.01541   0.01235   0.01903   0.00000   0.00000   0.03207   0.05268   0.02555   0.01622   0.14612   0.07257   0.01747   0.06421   0.02142   0.00000   0.02457   0.02059   0.09468   0.00000   0.17660   0.01374   0.03240   0.05917   0.01453   0.00000   0.05276   0.02044   0.00926   0.00791   0.07218   0.01112   0.00908   0.14679   0.06523   0.00000   0.06515   0.03222   0.00000   0.01936   0.01454   0.09921   0.57163   1.98861   0.96247   0.92926   1.11600   0.89505  
 30 13.9319   2515.976810  x:  0.00000   0.17105   0.02367   0.06604   0.01102   0.01517   0.01237   0.01889   0.00000   0.00000   0.03149   0.05270   0.02632   0.01620   0.14623   0.07192   0.01753   0.06417   0.02098   0.00000   0.02474   0.02028   0.09450   0.00000   0.17698   0.01346   0.03215   0.05924   0.01437   0.00000   0.05294   0.02052   0.00927   0.00792   0.07209   0.01115   0.00913   0.14688   0.06520   0.00000   0.06514   0.03203   0.00000   0.01936   0.01442   0.09931   0.57165   1.98860   0.96250   0.93095   1.11732   0.89492  
 31  6.1649   2515.952482  x:  0.00000   0.17012   0.02366   0.06600   0.01094   0.01531   0.01234   0.01938   0.00000   0.00000   0.03112   0.05290   0.02616   0.01633   0.14806   0.07182   0.01745   0.06432   0.02188   0.00000   0.02518   0.02097   0.09388   0.00000   0.17794   0.01380   0.03187   0.05958   0.01460   0.00000   0.05445   0.02021   0.00921   0.00791   0.07230   0.01112   0.00901   0.14809   0.06566   0.00000   0.06587   0.03199   0.00000   0.01936   0.01448   0.09970   0.57101   1.98850   0.96311   0.94153   1.12581   0.89411  
 32  9.6033   2515.936692  x:  0.00000   0.16994   0.02357   0.06601   0.01103   0.01532   0.01237   0.01865   0.00000   0.00000   0.03197   0.05288   0.02563   0.01611   0.14899   0.07236   0.01747   0.06434   0.02122   0.00000   0.02442   0.02036   0.09383   0.00000   0.17811   0.01378   0.03229   0.05946   0.01431   0.00000   0.05434   0.02026   0.00927   0.00793   0.07244   0.01117   0.00908   0.14871   0.06576   0.00000   0.06596   0.03223   0.00000   0.01936   0.01452   0.09976   0.57054   1.98844   0.96388   0.94856   1.13165   0.89356  
 33 29.6929   2515.926650  x:  0.00000   0.17047   0.02369   0.06604   0.01101   0.01511   0.01236   0.01936   0.00000   0.00000   0.03223   0.05269   0.02598   0.01631   0.14892   0.07308   0.01748   0.06425   0.02105   0.00000   0.02459   0.02045   0.09430   0.00000   0.17757   0.01351   0.03254   0.05905   0.01466   0.00000   0.05298   0.02052   0.00922   0.00791   0.07240   0.01116   0.00905   0.14865   0.06548   0.00000   0.06544   0.03226   0.00000   0.01936   0.01433   0.09952   0.57019   1.98840   0.96509   0.95301   1.13577   0.89321  
 34 15.7938   2515.920652  x:  0.00000   0.17112   0.02361   0.06606   0.01102   0.01536   0.01236   0.01889   0.00000   0.00000   0.03183   0.05261   0.02610   0.01616   0.14843   0.07336   0.01741   0.06419   0.02147   0.00000   0.02485   0.02061   0.09472   0.00000   0.17690   0.01368   0.03236   0.05890   0.01427   0.00000   0.05231   0.02047   0.00924   0.00794   0.07232   0.01119   0.00906   0.14832   0.06527   0.00000   0.06507   0.03216   0.00000   0.01936   0.01460   0.09929   0.57001   1.98838   0.96639   0.95547   1.13841   0.89300  
 35 14.3690   2515.913600  x:  0.00000   0.17221   0.02350   0.06605   0.01100   0.01525   0.01234   0.01883   0.00000   0.00000   0.03141   0.05271   0.02577   0.01617   0.14729   0.07314   0.01742   0.06414   0.02138   0.00000   0.02453   0.02039   0.09515   0.00000   0.17577   0.01399   0.03204   0.05915   0.01469   0.00000   0.05274   0.02006   0.00923   0.00793   0.07221   0.01117   0.00903   0.14756   0.06518   0.00000   0.06496   0.03211   0.00000   0.01936   0.01419   0.09905   0.56987   1.98836   0.96900   0.95792   1.14176   0.89279  
 36 10.3168   2515.907996  x:  0.00000   0.17299   0.02358   0.06604   0.01100   0.01521   0.01235   0.01920   0.00000   0.00000   0.03174   0.05281   0.02583   0.01630   0.14639   0.07280   0.01742   0.06414   0.02116   0.00000   0.02451   0.02050   0.09525   0.00000   0.17494   0.01382   0.03217   0.05938   0.01429   0.00000   0.05342   0.02017   0.00920   0.00793   0.07218   0.01117   0.00903   0.14697   0.06526   0.00000   0.06514   0.03219   0.00000   0.01936   0.01467   0.09899   0.56983   1.98835   0.97166   0.95957   1.14454   0.89265  
 37 14.9834   2515.903862  x:  0.00000   0.17323   0.02362   0.06603   0.01104   0.01536   0.01236   0.01888   0.00000   0.00000   0.03216   0.05281   0.02610   0.01618   0.14605   0.07262   0.01737   0.06419   0.02137   0.00000   0.02481   0.02061   0.09500   0.00000   0.17467   0.01362   0.03247   0.05937   0.01448   0.00000   0.05368   0.02061   0.00921   0.00795   0.07225   0.01122   0.00906   0.14676   0.06542   0.00000   0.06543   0.03224   0.00000   0.01936   0.01432   0.09912   0.56991   1.98835   0.97421   0.96044   1.14664   0.89258  
 38 10.4114   2515.891012  x:  0.00000   0.17267   0.02351   0.06600   0.01099   0.01506   0.01234   0.01907   0.00000   0.00000   0.03180   0.05255   0.02593   0.01621   0.14636   0.07266   0.01741   0.06436   0.02160   0.00000   0.02468   0.02014   0.09361   0.00000   0.17517   0.01384   0.03251   0.05872   0.01440   0.00000   0.05291   0.02048   0.00917   0.00793   0.07261   0.01118   0.00898   0.14701   0.06589   0.00000   0.06611   0.03210   0.00000   0.01936   0.01450   0.09987   0.57040   1.98837   0.98370   0.96215   1.15328   0.89248  
 39 10.7667   2515.886697  x:  0.00000   0.17229   0.02359   0.06601   0.01108   0.01542   0.01237   0.01900   0.00000   0.00000   0.03175   0.05259   0.02591   0.01626   0.14672   0.07278   0.01734   0.06431   0.02112   0.00000   0.02459   0.02072   0.09356   0.00000   0.17554   0.01376   0.03229   0.05879   0.01443   0.00000   0.05281   0.02017   0.00920   0.00795   0.07257   0.01123   0.00903   0.14724   0.06576   0.00000   0.06587   0.03216   0.00000   0.01936   0.01442   0.09990   0.57062   1.98838   0.98696   0.96262   1.15546   0.89248  
 40 15.8607   2515.882775  x:  0.00000   0.17177   0.02367   0.06603   0.01103   0.01515   0.01236   0.01898   0.00000   0.00000   0.03191   0.05279   0.02593   0.01618   0.14729   0.07297   0.01738   0.06414   0.02129   0.00000   0.02461   0.02062   0.09424   0.00000   0.17608   0.01386   0.03213   0.05929   0.01440   0.00000   0.05310   0.02042   0.00918   0.00793   0.07229   0.01121   0.00900   0.14761   0.06527   0.00000   0.06511   0.03225   0.00000   0.01936   0.01443   0.09954   0.57083   1.98841   0.98989   0.96294   1.15730   0.89252  
 41  8.9389   2515.882091  x:  0.00000   0.17169   0.02359   0.06603   0.01107   0.01533   0.01238   0.01904   0.00000   0.00000   0.03187   0.05277   0.02596   0.01622   0.14741   0.07293   0.01731   0.06411   0.02137   0.00000   0.02464   0.02044   0.09451   0.00000   0.17617   0.01375   0.03232   0.05931   0.01442   0.00000   0.05315   0.02029   0.00919   0.00795   0.07224   0.01124   0.00903   0.14768   0.06525   0.00000   0.06510   0.03219   0.00000   0.01936   0.01444   0.09939   0.57087   1.98843   0.99029   0.96299   1.15753   0.89256  
 42  2.7371   2515.880951  x:  0.00000   0.17162   0.02351   0.06602   0.01105   0.01521   0.01237   0.01898   0.00000   0.00000   0.03174   0.05264   0.02590   0.01627   0.14756   0.07275   0.01733   0.06414   0.02126   0.00000   0.02466   0.02059   0.09509   0.00000   0.17630   0.01385   0.03258   0.05915   0.01441   0.00000   0.05315   0.02035   0.00918   0.00794   0.07224   0.01122   0.00900   0.14775   0.06542   0.00000   0.06539   0.03207   0.00000   0.01936   0.01444   0.09907   0.57094   1.98848   0.99063   0.96305   1.15766   0.89268  
 43  1.5556   2515.878322  x:  0.00000   0.17162   0.02380   0.06600   0.01108   0.01527   0.01238   0.01905   0.00000   0.00000   0.03195   0.05255   0.02597   0.01609   0.14773   0.07248   0.01727   0.06423   0.02138   0.00000   0.02454   0.02052   0.09575   0.00000   0.17643   0.01378   0.03202   0.05884   0.01440   0.00000   0.05303   0.02034   0.00917   0.00795   0.07233   0.01125   0.00900   0.14779   0.06572   0.00000   0.06588   0.03231   0.00000   0.01936   0.01442   0.09867   0.57107   1.98865   0.99093   0.96320   1.15764   0.89305  
 44  1.5761   2515.841027  x:  0.00000   0.17247   0.02307   0.06598   0.01120   0.01531   0.01241   0.01847   0.00000   0.00000   0.03255   0.05382   0.02571   0.01851   0.14827   0.07204   0.01683   0.06458   0.02112   0.00000   0.02559   0.01998   0.09591   0.00000   0.17685   0.01405   0.03104   0.05892   0.01440   0.00000   0.05255   0.02044   0.00892   0.00798   0.07324   0.01140   0.00879   0.14759   0.06610   0.00000   0.06597   0.03257   0.00000   0.01938   0.01442   0.09821   0.57292   1.99136   0.99219   0.96533   1.15537   0.89876  
 45  1.5430   2515.666424  x:  0.00000   0.17599   0.02126   0.06596   0.01220   0.01489   0.01274   0.01981   0.00000   0.00000   0.03260   0.05680   0.02604   0.01550   0.15004   0.07095   0.01516   0.06550   0.02071   0.00000   0.02564   0.02037   0.09483   0.00000   0.17801   0.01519   0.03188   0.05997   0.01387   0.00000   0.05163   0.01999   0.00820   0.00828   0.07560   0.01247   0.00839   0.14684   0.06634   0.00000   0.06497   0.03237   0.00000   0.01932   0.01388   0.09763   0.58138   2.00375   0.99720   0.97475   1.14506   0.92439  
 46 37.5150   2515.569588  x:  0.00000   0.17718   0.02502   0.06601   0.01261   0.01491   0.01285   0.01938   0.00000   0.00000   0.03189   0.05498   0.02648   0.01661   0.15054   0.07110   0.01417   0.06513   0.02156   0.00000   0.02401   0.02057   0.09402   0.00000   0.17788   0.01614   0.03345   0.06008   0.01371   0.00000   0.05211   0.01975   0.00766   0.00845   0.07477   0.01300   0.00797   0.14687   0.06573   0.00000   0.06453   0.03226   0.00000   0.01939   0.01372   0.09814   0.58617   2.01084   0.99956   0.97955   1.13977   0.93831  
 47 59.4613   2515.512575  x:  0.00000   0.17627   0.02377   0.06610   0.01292   0.01482   0.01294   0.01957   0.00000   0.00000   0.03246   0.05102   0.02627   0.01661   0.15014   0.07159   0.01364   0.06384   0.02112   0.00000   0.02511   0.02030   0.09379   0.00000   0.17645   0.01658   0.03262   0.05930   0.01357   0.00000   0.05312   0.01958   0.00740   0.00857   0.07178   0.01334   0.00781   0.14773   0.06486   0.00000   0.06487   0.03281   0.00000   0.01934   0.01358   0.09930   0.58886   2.01485   0.99998   0.98106   1.13809   0.94469  
 48 22.3433   2515.466426  x:  0.00000   0.17278   0.02283   0.06599   0.01313   0.01481   0.01300   0.01964   0.00000   0.00000   0.03274   0.05300   0.02718   0.01713   0.14882   0.07175   0.01320   0.06359   0.02171   0.00000   0.02353   0.02076   0.09448   0.00000   0.17297   0.01685   0.03239   0.05852   0.01342   0.00000   0.05293   0.01979   0.00716   0.00869   0.06977   0.01365   0.00762   0.14971   0.06498   0.00000   0.06562   0.03211   0.00000   0.01956   0.01343   0.10048   0.59100   2.01806   0.99797   0.97903   1.14030   0.94571  
 49  7.7118   2515.420147  x:  0.00000   0.16957   0.02437   0.06593   0.01335   0.01473   0.01305   0.01974   0.00000   0.00000   0.03249   0.05434   0.02619   0.01649   0.14774   0.07151   0.01271   0.06382   0.02097   0.00000   0.02544   0.02016   0.09499   0.00000   0.16975   0.01746   0.03297   0.05861   0.01334   0.00000   0.05257   0.01921   0.00694   0.00875   0.07007   0.01387   0.00742   0.15136   0.06532   0.00000   0.06569   0.03273   0.00000   0.01901   0.01335   0.10088   0.59318   2.02125   0.99504   0.97570   1.14392   0.94484  
 50 18.3142   2515.357447  x:  0.00000   0.16816   0.02374   0.06610   0.01366   0.01467   0.01315   0.01984   0.00000   0.00000   0.03238   0.05204   0.02661   0.01684   0.14780   0.07068   0.01205   0.06484   0.02117   0.00000   0.02486   0.02030   0.09468   0.00000   0.16800   0.01777   0.03297   0.05995   0.01317   0.00000   0.05254   0.01939   0.00662   0.00883   0.07384   0.01423   0.00720   0.15177   0.06546   0.00000   0.06448   0.03344   0.00000   0.02073   0.01318   0.09958   0.59626   2.02541   0.98994   0.96951   1.15052   0.94049  
 51 16.1540   2515.321112  x:  0.00000   0.16902   0.02345   0.06614   0.01383   0.01464   0.01320   0.01988   0.00000   0.00000   0.03275   0.05134   0.02693   0.01706   0.14847   0.07045   0.01169   0.06487   0.02134   0.00000   0.02439   0.02044   0.09424   0.00000   0.16847   0.01801   0.03274   0.06007   0.01308   0.00000   0.05264   0.01938   0.00645   0.00889   0.07460   0.01443   0.00707   0.15121   0.06531   0.00000   0.06422   0.03278   0.00000   0.01827   0.01309   0.09879   0.59805   2.02761   0.98693   0.96576   1.15443   0.93692  
 52 24.9948   2515.253959  x:  0.00000   0.17348   0.02396   0.06606   0.01417   0.01453   0.01331   0.02000   0.00000   0.00000   0.03338   0.05251   0.02670   0.01680   0.15070   0.07062   0.01100   0.06370   0.02116   0.00000   0.02498   0.02029   0.09327   0.00000   0.17182   0.01862   0.03262   0.05879   0.01296   0.00000   0.05290   0.01893   0.00614   0.00901   0.07232   0.01482   0.00686   0.14902   0.06480   0.00000   0.06492   0.03153   0.00000   0.01960   0.01296   0.09795   0.60157   2.03155   0.98118   0.95847   1.16178   0.92804  
 53 26.5617   2515.241333  x:  0.00000   0.17456   0.02366   0.06602   0.01425   0.01451   0.01335   0.02000   0.00000   0.00000   0.03262   0.05288   0.02676   0.01695   0.15102   0.07065   0.01087   0.06377   0.02124   0.00000   0.02478   0.02035   0.09348   0.00000   0.17265   0.01849   0.03303   0.05877   0.01291   0.00000   0.05283   0.01919   0.00608   0.00904   0.07158   0.01491   0.00684   0.14880   0.06498   0.00000   0.06504   0.03333   0.00000   0.01942   0.01293   0.09852   0.60225   2.03211   0.98036   0.95741   1.16266   0.92555  
 54 12.8725   2515.224318  x:  0.00000   0.17588   0.02373   0.06605   0.01433   0.01448   0.01337   0.02003   0.00000   0.00000   0.03290   0.05251   0.02676   0.01694   0.15062   0.07050   0.01063   0.06487   0.02118   0.00000   0.02488   0.02029   0.09507   0.00000   0.17365   0.01862   0.03290   0.05983   0.01289   0.00000   0.05241   0.01910   0.00601   0.00906   0.07145   0.01500   0.00676   0.14978   0.06600   0.00000   0.06468   0.03279   0.00000   0.01945   0.01289   0.10136   0.60319   2.03196   0.98069   0.95772   1.16116   0.91877  
 55  5.5766   2515.190276  x:  0.00000   0.17611   0.02370   0.06608   0.01449   0.01445   0.01343   0.02009   0.00000   0.00000   0.03290   0.05288   0.02681   0.01699   0.14967   0.07025   0.01025   0.06326   0.02123   0.00000   0.02485   0.02033   0.09500   0.00000   0.17361   0.01894   0.03297   0.05835   0.01281   0.00000   0.05301   0.01904   0.00586   0.00910   0.07311   0.01518   0.00666   0.15171   0.06437   0.00000   0.06488   0.03298   0.00000   0.01944   0.01282   0.10102   0.60499   2.03031   0.98312   0.96060   1.15481   0.90159  
 56  9.0395   2515.176644  x:  0.00000   0.17530   0.02372   0.06607   0.01455   0.01443   0.01344   0.02011   0.00000   0.00000   0.03293   0.05276   0.02683   0.01700   0.15013   0.07040   0.01008   0.06425   0.02119   0.00000   0.02490   0.02028   0.09388   0.00000   0.17280   0.01901   0.03297   0.05932   0.01279   0.00000   0.05257   0.01902   0.00580   0.00913   0.07181   0.01526   0.00661   0.15109   0.06536   0.00000   0.06491   0.03297   0.00000   0.01945   0.01279   0.09903   0.60567   2.02905   0.98428   0.96202   1.15191   0.89438  
 57 10.8395   2515.173789  x:  0.00000   0.17460   0.02374   0.06609   0.01456   0.01443   0.01345   0.02011   0.00000   0.00000   0.03294   0.05278   0.02683   0.01699   0.15120   0.07036   0.01004   0.06425   0.02118   0.00000   0.02490   0.02028   0.09419   0.00000   0.17217   0.01902   0.03297   0.05910   0.01278   0.00000   0.05266   0.01902   0.00579   0.00913   0.07196   0.01527   0.00662   0.14940   0.06525   0.00000   0.06484   0.03297   0.00000   0.01944   0.01279   0.09963   0.60578   2.02769   0.98446   0.96225   1.15140   0.89322  
 58  2.0531   2515.162025  x:  0.00000   0.17452   0.02375   0.06580   0.01458   0.01441   0.01345   0.02011   0.00000   0.00000   0.03294   0.05274   0.02683   0.01697   0.15137   0.07034   0.00989   0.06255   0.02125   0.00000   0.02483   0.02034   0.09428   0.00000   0.17205   0.01905   0.03296   0.06084   0.01278   0.00000   0.05180   0.01902   0.00577   0.00911   0.07216   0.01529   0.00662   0.14917   0.06512   0.00000   0.06603   0.03297   0.00000   0.01944   0.01279   0.09980   0.60615   2.01308   0.98408   0.96190   1.15133   0.89250  
 59  1.2213   2515.115557  x:  0.00000   0.17490   0.02379   0.06605   0.01462   0.01434   0.01345   0.02008   0.00000   0.00000   0.03293   0.05277   0.02681   0.01686   0.15092   0.07039   0.00914   0.06419   0.02119   0.00000   0.02489   0.02029   0.09408   0.00000   0.17219   0.01915   0.03296   0.05920   0.01280   0.00000   0.05260   0.01899   0.00569   0.00905   0.07194   0.01537   0.00662   0.15003   0.06525   0.00000   0.06493   0.03296   0.00000   0.01943   0.01281   0.09945   0.60761   1.95356   0.98244   0.96029   1.15134   0.89025  
 60 26.4025   2515.091258  x:  0.00000   0.17485   0.02377   0.06738   0.01456   0.01428   0.01342   0.02002   0.00000   0.00000   0.03284   0.05282   0.02674   0.01682   0.15088   0.07041   0.00870   0.06181   0.02127   0.00000   0.02479   0.02039   0.09402   0.00000   0.17218   0.01888   0.03292   0.05861   0.01286   0.00000   0.05293   0.01909   0.00575   0.00893   0.07207   0.01532   0.00674   0.15000   0.06830   0.00000   0.06321   0.03292   0.00000   0.01943   0.01288   0.09937   0.60807   1.95611   0.98257   0.96051   1.15137   0.89078  
 61  0.1187   2514.843646  x:  0.00000   0.17448   0.02363   0.06657   0.01401   0.01381   0.01322   0.01948   0.00000   0.00000   0.03238   0.05280   0.02627   0.01648   0.15048   0.07143   0.00414   0.06346   0.02127   0.00000   0.02471   0.02047   0.09418   0.00000   0.17254   0.01742   0.03262   0.05907   0.01344   0.00000   0.05292   0.01951   0.00626   0.00793   0.07214   0.01486   0.00831   0.14969   0.06627   0.00000   0.06455   0.03262   0.00000   0.01936   0.01348   0.09923   0.61215   1.98212   0.98373   0.96251   1.15180   0.89565  
 62  6.3015   2514.843410  x:  0.00000   0.17448   0.02362   0.06613   0.01401   0.01381   0.01322   0.01948   0.00000   0.00000   0.03238   0.05279   0.02627   0.01648   0.15048   0.07143   0.00415   0.06341   0.02128   0.00000   0.02471   0.02048   0.09418   0.00000   0.17254   0.01741   0.03262   0.05902   0.01344   0.00000   0.05294   0.01951   0.00626   0.00793   0.07215   0.01486   0.00831   0.14969   0.06635   0.00000   0.06447   0.03261   0.00000   0.01936   0.01348   0.09922   0.61212   1.98215   0.98373   0.96251   1.15180   0.89564  
 63  0.2388   2514.771220  x:  0.00000   0.17377   0.02365   0.06603   0.01314   0.01273   0.01292   0.01938   0.00000   0.00000   0.03205   0.05275   0.02575   0.01650   0.14958   0.07198   0.00516   0.06419   0.02133   0.00000   0.02467   0.02055   0.09433   0.00000   0.17360   0.01613   0.03243   0.05921   0.01301   0.00000   0.05296   0.01998   0.00693   0.00676   0.07213   0.01392   0.00930   0.14907   0.06535   0.00000   0.06520   0.03236   0.00000   0.01935   0.01305   0.09920   0.60256   1.99200   0.98372   0.96147   1.15178   0.89410  
 64  0.0816   2514.760476  x:  0.00000   0.17369   0.02368   0.06603   0.01279   0.01291   0.01280   0.01955   0.00000   0.00000   0.03210   0.05274   0.02574   0.01662   0.14944   0.07181   0.00459   0.06423   0.02133   0.00000   0.02470   0.02054   0.09431   0.00000   0.17375   0.01598   0.03246   0.05919   0.01275   0.00000   0.05293   0.02001   0.00673   0.00690   0.07205   0.01349   0.00942   0.14901   0.06529   0.00000   0.06523   0.03236   0.00000   0.01936   0.01278   0.09923   0.59719   1.99263   0.98369   0.96085   1.15151   0.89418  
 65  0.0056   2514.759231  x:  0.00000   0.17365   0.02369   0.06604   0.01280   0.01290   0.01284   0.01956   0.00000   0.00000   0.03214   0.05271   0.02582   0.01660   0.14938   0.07182   0.00470   0.06418   0.02133   0.00000   0.02469   0.02054   0.09430   0.00000   0.17382   0.01613   0.03250   0.05917   0.01289   0.00000   0.05294   0.01994   0.00653   0.00696   0.07203   0.01345   0.00938   0.14899   0.06535   0.00000   0.06519   0.03240   0.00000   0.01936   0.01292   0.09925   0.59580   1.99149   0.98348   0.96055   1.15155   0.89348  
 66  0.0017   2514.758973  x:  0.00000   0.17361   0.02368   0.06605   0.01286   0.01290   0.01291   0.01953   0.00000   0.00000   0.03212   0.05271   0.02580   0.01657   0.14935   0.07186   0.00468   0.06417   0.02132   0.00000   0.02469   0.02054   0.09430   0.00000   0.17386   0.01614   0.03249   0.05918   0.01285   0.00000   0.05295   0.01995   0.00646   0.00690   0.07204   0.01348   0.00949   0.14896   0.06535   0.00000   0.06519   0.03240   0.00000   0.01936   0.01288   0.09924   0.59590   1.99117   0.98348   0.96057   1.15159   0.89333  
 67  0.0002   2514.758912  x:  0.00000   0.17364   0.02368   0.06604   0.01284   0.01291   0.01293   0.01953   0.00000   0.00000   0.03212   0.05272   0.02580   0.01659   0.14937   0.07184   0.00470   0.06418   0.02132   0.00000   0.02469   0.02054   0.09430   0.00000   0.17383   0.01610   0.03248   0.05918   0.01286   0.00000   0.05294   0.01996   0.00647   0.00694   0.07204   0.01346   0.00956   0.14897   0.06534   0.00000   0.06520   0.03239   0.00000   0.01936   0.01289   0.09924   0.59607   1.99155   0.98353   0.96064   1.15156   0.89355  
 68  0.0004   2514.758909  x:  0.00000   0.17364   0.02368   0.06605   0.01283   0.01290   0.01292   0.01954   0.00000   0.00000   0.03212   0.05271   0.02580   0.01659   0.14938   0.07184   0.00469   0.06418   0.02133   0.00000   0.02469   0.02054   0.09430   0.00000   0.17382   0.01610   0.03249   0.05918   0.01287   0.00000   0.05294   0.01996   0.00646   0.00693   0.07204   0.01346   0.00956   0.14898   0.06535   0.00000   0.06519   0.03239   0.00000   0.01936   0.01289   0.09924   0.59612   1.99149   0.98351   0.96062   1.15156   0.89352  
 69  0.0001   2514.758908  x:  0.00000   0.17364   0.02368   0.06605   0.01283   0.01291   0.01292   0.01954   0.00000   0.00000   0.03212   0.05271   0.02580   0.01659   0.14938   0.07184   0.00470   0.06418   0.02133   0.00000   0.02469   0.02054   0.09430   0.00000   0.17382   0.01610   0.03249   0.05918   0.01286   0.00000   0.05294   0.01995   0.00646   0.00693   0.07204   0.01347   0.00956   0.14898   0.06535   0.00000   0.06519   0.03239   0.00000   0.01936   0.01289   0.09924   0.59613   1.99147   0.98350   0.96062   1.15156   0.89350  
 70  0.0000   2514.758908  x:  0.00000   0.17364   0.02368   0.06605   0.01283   0.01291   0.01292   0.01954   0.00000   0.00000   0.03212   0.05271   0.02580   0.01659   0.14938   0.07184   0.00470   0.06418   0.02133   0.00000   0.02469   0.02054   0.09430   0.00000   0.17382   0.01610   0.03249   0.05918   0.01286   0.00000   0.05294   0.01996   0.00646   0.00693   0.07204   0.01347   0.00956   0.14898   0.06534   0.00000   0.06519   0.03239   0.00000   0.01936   0.01289   0.09924   0.59613   1.99149   0.98351   0.96062   1.15156   0.89351  
 71  0.0000   2514.758908  x:  0.00000   0.17364   0.02368   0.06605   0.01283   0.01291   0.01292   0.01954   0.00000   0.00000   0.03212   0.05271   0.02580   0.01659   0.14938   0.07184   0.00470   0.06418   0.02133   0.00000   0.02469   0.02054   0.09430   0.00000   0.17382   0.01610   0.03249   0.05918   0.01286   0.00000   0.05294   0.01996   0.00646   0.00693   0.07204   0.01347   0.00956   0.14898   0.06534   0.00000   0.06519   0.03239   0.00000   0.01936   0.01289   0.09924   0.59612   1.99148   0.98351   0.96062   1.15156   0.89351  
 72  0.0000   2514.758908  x:  0.00000   0.17364   0.02368   0.06605   0.01283   0.01291   0.01292   0.01954   0.00000   0.00000   0.03212   0.05271   0.02580   0.01659   0.14938   0.07184   0.00470   0.06418   0.02133   0.00000   0.02469   0.02054   0.09430   0.00000   0.17382   0.01610   0.03249   0.05918   0.01286   0.00000   0.05294   0.01996   0.00646   0.00693   0.07204   0.01347   0.00956   0.14898   0.06534   0.00000   0.06519   0.03239   0.00000   0.01936   0.01289   0.09924   0.59613   1.99148   0.98351   0.96062   1.15156   0.89351  
 73  0.0000   2514.758908  x:  0.00000   0.17364   0.02368   0.06605   0.01283   0.01291   0.01292   0.01954   0.00000   0.00000   0.03212   0.05271   0.02580   0.01659   0.14938   0.07184   0.00470   0.06418   0.02133   0.00000   0.02469   0.02054   0.09430   0.00000   0.17382   0.01610   0.03249   0.05918   0.01286   0.00000   0.05294   0.01996   0.00646   0.00693   0.07204   0.01347   0.00956   0.14898   0.06534   0.00000   0.06519   0.03239   0.00000   0.01936   0.01289   0.09924   0.59613   1.99148   0.98351   0.96062   1.15156   0.89351  