-6.889228632250969930e-01
-8.268526526458719328e-01
-4.991089923230235814e-01
6.165241882020476849e-01
-1.130442382095807385e+00
-5.003841112526622448e-01
-7.221362725902769064e+00
1.658266188206427794e+00
-7.423516666118178398e-01
-1.340601649186280164e-01
-1.025467954136604520e+00
-2.205257606940891790e+00
-5.522559269424759387e-01
-1.255082064849108558e+00
-1.929740827792681301e+00
-3.482252355798336918e+00
-9.785701336744011547e-01
-4.634241882842365934e-01
-2.253074881325441758e+00
-3.499423556423797876e+00
-4.558229784998776846e-01
-1.285519416184421448e+00
-5.065057225682429998e-01
-7.080581390946861786e-01
-9.337360752833535615e-01
-3.316797725617949277e-01
-7.072712140948711479e-01
-7.733728502116438142e-01
-2.329897150307015607e+00
-3.387683680116544860e+00
-2.392494943708985744e+00
-3.551143738990190091e+00
-2.170669836754741233e+00
-1.909872060851178110e+00
-9.618165036952197600e-01
-1.558354486621642776e+00
