

TREE # 1

  0  0.0000  16714.687381  x:  0.39559   0.70912   0.61397   0.69486   0.51375   0.52532   0.14045   0.47872   0.18991   0.07875   0.19386   0.06553   0.13400   0.18856   0.08754   0.09791   0.02577   0.03920   0.06921   0.84841   0.60767   0.77275   0.49755   0.59770   0.75287   0.04358   0.32398   0.26412   0.03391   0.26057   0.00000   0.08202   0.23558   0.07287   0.08280   0.08916   0.02103   0.04193   5.39540   8.40433   0.65321   0.91257   0.72274   1.00000  
  1 99.0000  16577.426341  x:  0.40945   0.71967   0.63214   0.70761   0.52743   0.53854   0.16463   0.49075   0.23715   0.19567   0.16999   0.03063   0.14504   0.20278   0.09761   0.09751   0.11188   0.06991   0.04947   0.85877   0.62038   0.78479   0.51497   0.61241   0.76400   0.12287   0.34136   0.30375   0.24598   0.24049   0.24594   0.14630   0.22665   0.06891   0.09875   0.08374   0.04648   0.03591   5.40171   8.37898   0.65228   0.93423   0.71800   0.98890  
  2 2147.2070  16522.003610  x:  0.42322   0.72954   0.64949   0.71993   0.54103   0.54919   0.18343   0.50049   0.26882   0.22533   0.14119   0.00000   0.15131   0.21319   0.10174   0.09682   0.10154   0.06455   0.03966   0.86917   0.63140   0.79629   0.53130   0.62489   0.77039   0.16106   0.35356   0.32850   0.26017   0.21060   0.21960   0.15723   0.21682   0.06781   0.10377   0.07105   0.03041   0.03481   5.40814   8.35325   0.65552   0.94947   0.72017   0.97811  
  3 639.2266  16415.138963  x:  0.47797   0.76835   0.71765   0.76855   0.59466   0.58917   0.25252   0.53721   0.38367   0.33093   0.03154   0.06875   0.17839   0.25331   0.11352   0.09527   0.07383   0.05098   0.02461   0.91062   0.67431   0.84151   0.59511   0.67362   0.79349   0.29809   0.39858   0.42029   0.31663   0.09275   0.11673   0.19562   0.17972   0.06416   0.11935   0.03434   0.00432   0.03695   5.43414   8.24903   0.66912   1.00535   0.73197   0.93622  
  4 2551.6231  16394.576354  x:  0.49284   0.77882   0.73603   0.78166   0.60916   0.59971   0.27063   0.54689   0.41364   0.35796   0.00416   0.08059   0.18479   0.26340   0.11627   0.09480   0.06648   0.04852   0.02339   0.92190   0.68585   0.85370   0.61228   0.68676   0.79946   0.33383   0.41036   0.44438   0.33032   0.06157   0.08678   0.20496   0.17021   0.06334   0.12296   0.02913   0.02389   0.03775   5.44128   8.22043   0.67318   1.01972   0.73561   0.92498  
  5 7278.5248  16354.868722  x:  0.52643   0.80171   0.77602   0.81027   0.64115   0.61990   0.30408   0.56557   0.46953   0.40917   0.04026   0.09454   0.19061   0.27813   0.11714   0.09366   0.06623   0.06100   0.05342   0.94757   0.71066   0.88016   0.64913   0.71539   0.80965   0.40027   0.43200   0.49023   0.36158   0.00652   0.02318   0.21793   0.15652   0.06345   0.12470   0.07832   0.03318   0.03818   5.45820   8.15227   0.68592   1.04300   0.74865   0.90133  
  6 1359.7989  16341.308494  x:  0.54254   0.81187   0.79346   0.82288   0.65568   0.62597   0.31259   0.57074   0.48294   0.41781   0.04160   0.09821   0.18601   0.27752   0.11316   0.09337   0.07388   0.06631   0.05204   0.96017   0.72120   0.89145   0.66494   0.72824   0.81088   0.41825   0.43828   0.50461   0.37403   0.03643   0.00213   0.21517   0.16007   0.06491   0.12005   0.08863   0.03466   0.03733   5.46722   8.11563   0.69642   1.04491   0.75850   0.89196  
  7 567.6474  16295.048967  x:  0.66290   0.88634   0.92036   0.91488   0.76249   0.66354   0.36003   0.60146   0.55121   0.39472   0.04486   0.11383   0.14041   0.25957   0.07880   0.09247   0.05210   0.06731   0.04500   1.05452   0.79715   0.97381   0.77818   0.82082   0.81250   0.50184   0.46862   0.58289   0.30175   0.11636   0.05665   0.14913   0.20280   0.07570   0.07609   0.14169   0.03926   0.03859   5.53698   7.83210   0.77774   1.04429   0.83812   0.82594  
  8 722.9028  16238.773452  x:  0.84076   0.98868   1.08552   1.03427   0.90808   0.68249   0.35951   0.60877   0.54085   0.28927   0.07413   0.11020   0.11866   0.19996   0.14784   0.11195   0.22648   0.08100   0.05277   1.19592   0.89868   1.08055   0.91774   0.94887   0.79004   0.52745   0.45168   0.61217   0.23676   0.11701   0.06685   0.12034   0.24847   0.05914   0.16335   0.08046   0.04499   0.02373   5.65605   7.34098   0.81120   1.05921   0.87916   0.76362  
  9 576.5740  16183.244415  x:  1.04181   1.09647   1.25132   1.15209   1.06118   0.67744   0.31015   0.59167   0.45793   0.17455   0.09635   0.09707   0.16653   0.17951   0.11918   0.08549   0.29169   0.06323   0.02402   1.35736   1.00345   1.18487   1.05013   1.08582   0.74682   0.49234   0.39534   0.58869   0.25755   0.10241   0.06267   0.20033   0.25644   0.06591   0.13525   0.05695   0.04518   0.17479   5.80679   6.70627   0.79024   1.08450   0.85605   0.72720  
 10 848.4141  16093.211711  x:  1.29981   1.22448   1.43962   1.28205   1.24427   0.64834   0.20489   0.55037   0.29668   0.14626   0.02244   0.06955   0.19409   0.21334   0.07084   0.09021   0.28014   0.07542   0.14585   1.56596   1.12495   1.29723   1.19044   1.25131   0.67527   0.38446   0.30142   0.50725   0.32408   0.08201   0.05555   0.24493   0.22495   0.06349   0.06466   0.05921   0.02556   0.11727   6.01909   5.79158   0.75639   1.07170   0.80136   0.71274  
 11 1234.4366  16002.759911  x:  1.52513   1.32810   1.58673   1.37951   1.39481   0.61666   0.10135   0.51241   0.16004   0.22846   0.05704   0.07356   0.20394   0.24823   0.08382   0.09381   0.19011   0.03098   0.08389   1.74869   1.22095   1.37893   1.29185   1.38760   0.60960   0.25975   0.23236   0.41703   0.37932   0.07053   0.04815   0.26345   0.18537   0.08182   0.08801   0.05229   0.03283   0.03191   6.21686   4.92173   0.72918   1.02230   0.77462   0.70898  
 12 2041.7655  15966.829776  x:  1.63487   1.36901   1.63765   1.40794   1.45715   0.60352   0.05041   0.49528   0.15195   0.25360   0.03960   0.07250   0.19367   0.25275   0.11039   0.09995   0.13318   0.13399   0.03175   1.83827   1.25547   1.39947   1.31565   1.44380   0.58174   0.17165   0.22968   0.35788   0.41024   0.04899   0.04119   0.25342   0.16913   0.06157   0.11307   0.07383   0.02876   0.03258   6.32700   4.41949   0.70431   0.97046   0.77852   0.71046  
 13 1380.5322  15903.825303  x:  1.77305   1.39608   1.64927   1.39490   1.50820   0.60619   0.00757   0.47800   0.27341   0.27125   0.04424   0.06674   0.15836   0.23174   0.12399   0.09858   0.08639   0.10631   0.07515   1.95230   1.26783   1.37617   1.28114   1.48888   0.57707   0.03286   0.30893   0.27650   0.48189   0.03712   0.03344   0.21084   0.17271   0.05014   0.13305   0.03336   0.02775   0.07287   6.49926   3.59446   0.64959   0.87015   0.78852   0.70783  
 14 955.8108  15876.256464  x:  1.80948   1.39755   1.64070   1.38037   1.51538   0.61107   0.00000   0.47216   0.29593   0.26024   0.02854   0.06602   0.15651   0.22297   0.12510   0.09726   0.09345   0.08645   0.06357   1.98252   1.26431   1.35925   1.25792   1.49535   0.59133   0.00942   0.33369   0.26465   0.49513   0.02832   0.03083   0.20226   0.17687   0.05620   0.13593   0.06268   0.02507   0.06448   6.55164   3.33707   0.63415   0.85361   0.77946   0.70203  
 15 1594.5134  15876.256464  x:  1.80948   1.39755   1.64070   1.38037   1.51538   0.61107   0.00000   0.47216   0.29593   0.26024   0.02854   0.06602   0.15651   0.22297   0.12510   0.09726   0.09345   0.08645   0.06357   1.98252   1.26431   1.35925   1.25792   1.49535   0.59133   0.00942   0.33369   0.26465   0.49513   0.02832   0.03083   0.20226   0.17687   0.05620   0.13593   0.06268   0.02507   0.06448   6.55164   3.33707   0.63415   0.85361   0.77946   0.70203  
 16 1972.6328  15825.561324  x:  1.80685   1.39193   1.63163   1.37086   1.50960   0.62522   0.02334   0.48107   0.31297   0.27037   0.04495   0.02681   0.15583   0.22655   0.11549   0.09557   0.08137   0.06918   0.04210   1.97999   1.25863   1.35024   1.24799   1.49022   0.61710   0.05698   0.34991   0.30077   0.47290   0.03081   0.00000   0.19278   0.17894   0.06378   0.12465   0.07369   0.03737   0.03861   6.55295   3.32210   0.65305   0.86788   0.78312   0.68688  
 17 602.3031  15805.063846  x:  1.80484   1.38764   1.62474   1.36363   1.50518   0.63532   0.03998   0.48757   0.32522   0.27736   0.05397   0.00000   0.15564   0.22916   0.10887   0.09461   0.07369   0.05812   0.02982   1.97804   1.25426   1.34339   1.24046   1.48622   0.63512   0.08991   0.36147   0.32629   0.45628   0.03221   0.01502   0.18662   0.18109   0.06816   0.11685   0.08051   0.04226   0.02339   6.55394   3.31079   0.66617   0.87850   0.78622   0.67553  
 18 2464.3278  15762.416078  x:  1.79408   1.36489   1.58857   1.32586   1.48159   0.68028   0.11409   0.51836   0.38110   0.30572   0.06947   0.06865   0.16486   0.24532   0.08344   0.09401   0.05922   0.03152   0.04022   1.96769   1.23063   1.30760   1.20108   1.46428   0.71162   0.22719   0.41249   0.43717   0.37236   0.03126   0.03986   0.15971   0.18969   0.07589   0.08657   0.09414   0.02897   0.03820   6.55920   3.25210   0.71928   0.93111   0.80627   0.61855  
 19 912.0040  15741.542127  x:  1.78471   1.34537   1.55832   1.29444   1.46121   0.70231   0.15254   0.53629   0.41002   0.31647   0.04493   0.05987   0.16623   0.25052   0.09287   0.09768   0.07467   0.10988   0.06418   1.95874   1.21003   1.27808   1.16862   1.44483   0.74711   0.29193   0.43636   0.49146   0.31420   0.02697   0.04046   0.15321   0.19144   0.06615   0.09502   0.07830   0.02021   0.05496   6.56377   3.20319   0.73764   0.96594   0.82585   0.58075  
 20 653.7739  15732.404074  x:  1.77690   1.32942   1.53436   1.26976   1.44446   0.70593   0.16283   0.54330   0.41811   0.31546   0.01318   0.05919   0.16509   0.24914   0.10757   0.09946   0.08423   0.09963   0.06352   1.95133   1.19300   1.25528   1.14355   1.42858   0.75158   0.30245   0.43880   0.50228   0.28680   0.03272   0.04098   0.16212   0.18917   0.05748   0.11246   0.06219   0.04737   0.06166   6.56759   3.16386   0.73618   0.98042   0.83843   0.56605  
 21 326.5149  15715.319012  x:  1.75929   1.29381   1.48146   1.21543   1.40700   0.70491   0.17275   0.55422   0.42861   0.31402   0.00551   0.05076   0.16088   0.24320   0.13135   0.10019   0.09896   0.07355   0.05743   1.93466   1.15487   1.20556   1.08876   1.39208   0.74692   0.30061   0.43349   0.50545   0.24287   0.04627   0.03659   0.18314   0.18307   0.05019   0.14130   0.04770   0.01466   0.06364   6.57620   3.07581   0.72958   0.99956   0.85919   0.54859  
 22 469.4035  15688.661303  x:  1.71409   1.20305   1.34757   1.07811   1.31145   0.69562   0.18835   0.57760   0.45042   0.31452   0.07003   0.04892   0.15314   0.22950   0.16744   0.09827   0.12482   0.06144   0.06464   1.89194   1.05773   1.08091   0.95102   1.29894   0.72547   0.27800   0.41264   0.49802   0.15584   0.07085   0.03815   0.22283   0.17121   0.05234   0.18596   0.06586   0.02870   0.07464   6.59816   2.85070   0.72289   1.03150   0.89720   0.52566  
 23 1091.7714  15593.795760  x:  1.57840   0.93607   0.95949   0.68192   1.02952   0.66169   0.22564   0.62661   0.48894   0.29162   0.02458   0.05793   0.15421   0.21436   0.14200   0.07983   0.08699   0.07880   0.06495   1.76367   0.77296   0.72959   0.55966   1.02589   0.67401   0.22736   0.35401   0.47498   0.11322   0.11373   0.03584   0.24107   0.16857   0.09038   0.16613   0.10399   0.02439   0.04467   6.66259   2.18299   0.80424   1.06019   0.91817   0.57578  
 24 1006.3888  15572.557313  x:  1.53608   0.85838   0.85785   0.58194   0.94724   0.65122   0.23524   0.63300   0.49475   0.29931   0.04723   0.04801   0.15496   0.22014   0.13285   0.09795   0.09349   0.07171   0.05897   1.72358   0.69202   0.65325   0.47273   0.94867   0.67141   0.23343   0.35078   0.47909   0.15936   0.10277   0.03485   0.22809   0.17014   0.05114   0.14996   0.06774   0.02781   0.06721   6.68095   1.99206   0.78930   1.07629   0.92749   0.59346  
 25 866.5859  15562.242489  x:  1.49814   0.80201   0.81319   0.55030   0.88694   0.63618   0.23046   0.62032   0.48069   0.30598   0.04163   0.04595   0.15569   0.22814   0.13513   0.09509   0.11068   0.06313   0.06848   1.68751   0.63712   0.65870   0.47668   0.89702   0.67448   0.24813   0.36308   0.48008   0.15964   0.05355   0.03468   0.20554   0.17561   0.08221   0.14894   0.06998   0.02725   0.05873   6.69420   1.86372   0.74314   1.07552   0.93459   0.59985  
 26 246.2611  15551.363526  x:  1.44070   0.72801   0.77792   0.54304   0.80753   0.61524   0.22252   0.59666   0.45691   0.31110   0.03511   0.05218   0.15355   0.22959   0.14351   0.08327   0.10810   0.06650   0.06275   1.63281   0.56741   0.69874   0.51973   0.83208   0.67621   0.26777   0.38409   0.47915   0.14857   0.06502   0.03558   0.19163   0.17318   0.04673   0.15638   0.09866   0.02510   0.04965   6.71234   1.70651   0.72910   1.04965   0.92693   0.58952  
 27 278.2000  15545.742224  x:  1.39894   0.68188   0.76489   0.55291   0.75792   0.60504   0.22256   0.58316   0.44554   0.31260   0.04200   0.05128   0.15168   0.22605   0.14709   0.09164   0.09931   0.06961   0.05749   1.59303   0.52474   0.72636   0.54957   0.79265   0.67550   0.27920   0.39356   0.47813   0.14595   0.08933   0.03623   0.19854   0.17149   0.06835   0.16368   0.07801   0.02627   0.06391   6.72487   1.61502   0.74241   1.03094   0.91614   0.58065  
 28 329.0272  15543.805922  x:  1.37005   0.66336   0.76937   0.57436   0.73784   0.60616   0.23221   0.58238   0.44823   0.30709   0.04613   0.05041   0.15416   0.22109   0.13885   0.09353   0.09802   0.06687   0.07139   1.56554   0.50856   0.73199   0.55494   0.77830   0.67107   0.27959   0.38694   0.47535   0.13832   0.08033   0.03570   0.21584   0.17061   0.06196   0.15887   0.06498   0.02755   0.05366   6.73295   1.58936   0.75211   1.03286   0.91285   0.58607  
 29 96.7881  15540.919365  x:  1.30468   0.63175   0.78335   0.62423   0.70356   0.61359   0.25848   0.58651   0.46055   0.29498   0.04077   0.04576   0.15702   0.21522   0.13039   0.09653   0.10438   0.06577   0.06834   1.50336   0.48263   0.73301   0.55419   0.75630   0.66218   0.28113   0.36966   0.47322   0.14974   0.07335   0.03430   0.24323   0.17070   0.06308   0.15414   0.08234   0.02603   0.06526   6.75081   1.56037   0.75413   1.05191   0.92109   0.59115  
 30 130.1468  15538.482007  x:  1.23137   0.60692   0.79152   0.66405   0.67692   0.61607   0.27538   0.58990   0.46930   0.29442   0.04380   0.05638   0.15382   0.22209   0.13711   0.08495   0.10076   0.07368   0.05215   1.43370   0.46549   0.72632   0.54575   0.74324   0.65153   0.27809   0.35714   0.46953   0.15404   0.07708   0.03621   0.23103   0.17200   0.06524   0.15316   0.07376   0.02745   0.05127   6.77066   1.55369   0.74950   1.06280   0.93664   0.59128  
 31 116.2282  15535.130916  x:  1.10911   0.57610   0.79345   0.70778   0.64441   0.61179   0.28691   0.59087   0.47355   0.30177   0.04205   0.04781   0.14784   0.23290   0.14841   0.09407   0.09237   0.06539   0.06802   1.31772   0.44895   0.71326   0.53087   0.73276   0.63654   0.27301   0.34898   0.46360   0.14665   0.08121   0.03489   0.18919   0.17269   0.06374   0.15365   0.07630   0.02652   0.05786   6.80392   1.55921   0.75653   1.06492   0.94792   0.59462  
 32 175.9053  15530.292924  x:  0.90184   0.54796   0.76887   0.72797   0.61722   0.59275   0.27879   0.58453   0.46397   0.31726   0.04187   0.04672   0.16415   0.22209   0.13392   0.08472   0.11973   0.06423   0.05483   1.12170   0.44617   0.69846   0.51704   0.73712   0.62861   0.27949   0.36833   0.46402   0.13773   0.07628   0.03494   0.18303   0.17151   0.06254   0.16058   0.07482   0.02651   0.06411   6.86215   1.58118   0.76877   1.06203   0.93361   0.60370  
 33 148.5567  15526.990131  x:  0.75335   0.53736   0.74561   0.72845   0.60954   0.58226   0.27365   0.58140   0.45843   0.31950   0.04090   0.05103   0.15876   0.21804   0.13510   0.09566   0.11029   0.06668   0.06518   0.98178   0.45118   0.69298   0.51397   0.74510   0.63033   0.28987   0.38379   0.46899   0.14774   0.08547   0.03535   0.20287   0.17159   0.06538   0.16324   0.07864   0.02666   0.05055   6.90598   1.59245   0.75610   1.06506   0.93325   0.60599  
 34 291.6345  15525.816790  x:  0.69866   0.54050   0.73652   0.72372   0.61572   0.58187   0.27469   0.58160   0.45818   0.31207   0.04167   0.04906   0.15179   0.22130   0.13778   0.08827   0.09442   0.06789   0.06103   0.93091   0.45695   0.69526   0.51799   0.74940   0.63228   0.29052   0.38221   0.46863   0.14160   0.07881   0.03493   0.21000   0.17189   0.06349   0.15731   0.07666   0.02656   0.06058   6.92504   1.58941   0.75200   1.06346   0.93589   0.61076  
 35 137.5063  15524.488276  x:  0.63683   0.55888   0.72827   0.71240   0.64222   0.59128   0.28619   0.58588   0.46380   0.29387   0.04354   0.04871   0.15514   0.23046   0.14472   0.09104   0.10800   0.06629   0.06015   0.87544   0.47084   0.70593   0.53148   0.75473   0.63779   0.28510   0.36421   0.46593   0.14303   0.08051   0.03496   0.20315   0.17145   0.06372   0.15076   0.07624   0.02666   0.05829   6.95569   1.56753   0.76032   1.06021   0.94111   0.61055  
 36 65.6095  15523.955638  x:  0.61628   0.56977   0.73000   0.71167   0.65795   0.59522   0.29033   0.58705   0.46510   0.29988   0.04313   0.04745   0.15749   0.22223   0.13474   0.08647   0.10404   0.06558   0.06359   0.85890   0.47805   0.71001   0.53460   0.75461   0.64001   0.27909   0.35707   0.46468   0.14534   0.08269   0.03469   0.19551   0.17186   0.06391   0.15983   0.07522   0.02671   0.05868   6.97441   1.55346   0.75845   1.06767   0.93987   0.60611  
 37 38.4511  15523.629980  x:  0.60707   0.57630   0.73407   0.71468   0.66803   0.59556   0.29027   0.58648   0.46415   0.30892   0.04186   0.04946   0.15671   0.21904   0.13297   0.09564   0.10152   0.06730   0.05795   0.85325   0.48280   0.71112   0.53350   0.75272   0.64138   0.27440   0.35677   0.46436   0.14241   0.07948   0.03490   0.19392   0.17240   0.06303   0.16126   0.07613   0.02668   0.05743   6.99065   1.54468   0.75903   1.06985   0.93972   0.60725  
 38 34.3578  15522.645170  x:  0.58855   0.59115   0.75041   0.73019   0.69427   0.59133   0.28442   0.58247   0.45867   0.33472   0.03906   0.04806   0.15217   0.22255   0.14206   0.08836   0.10568   0.06585   0.06123   0.84817   0.49663   0.71040   0.52292   0.74249   0.64824   0.26591   0.36945   0.46813   0.14585   0.07984   0.03441   0.20012   0.17289   0.06401   0.15202   0.07700   0.02671   0.05776   7.05117   1.52419   0.76430   1.06774   0.94489   0.61101  
 39 39.3616  15520.319818  x:  0.56229   0.59981   0.77484   0.75925   0.72844   0.57284   0.26302   0.57305   0.44750   0.31227   0.04024   0.04471   0.17190   0.24023   0.13033   0.09191   0.09918   0.06635   0.06075   0.85787   0.52404   0.70945   0.50191   0.71364   0.66238   0.25936   0.39465   0.46953   0.14554   0.07879   0.03358   0.19856   0.16828   0.06364   0.14442   0.07531   0.02691   0.05844   7.21213   1.51348   0.75578   1.06191   0.94500   0.58873  
 40 48.1774  15515.645798  x:  0.52231   0.59449   0.79919   0.79578   0.76920   0.55269   0.24460   0.56536   0.44009   0.26455   0.04719   0.04736   0.14396   0.22763   0.12702   0.09211   0.10513   0.06589   0.05909   0.89144   0.57488   0.72058   0.48729   0.66278   0.69176   0.27299   0.42012   0.47417   0.15072   0.07856   0.03419   0.18101   0.17869   0.06228   0.16398   0.07334   0.02710   0.05730   7.54115   1.52276   0.75106   1.05381   0.92631   0.61440  
 41 146.4263  15499.778265  x:  0.40152   0.51841   0.79865   0.83595   0.83107   0.54542   0.24983   0.56357   0.43651   0.29062   0.04457   0.04379   0.18998   0.18569   0.16796   0.09279   0.08143   0.06580   0.05791   1.03285   0.73018   0.80030   0.53409   0.51832   0.73812   0.30809   0.38391   0.44837   0.18221   0.05660   0.03318   0.16984   0.17037   0.06078   0.14117   0.06993   0.02779   0.05763   8.71591   1.64831   0.72557   0.99905   0.87884   0.62267  
 42 238.8447  15490.046787  x:  0.33266   0.47465   0.79210   0.84913   0.85151   0.55220   0.25612   0.55911   0.42944   0.32847   0.03495   0.03709   0.15821   0.23647   0.11356   0.09827   0.09646   0.06678   0.05663   1.12009   0.81129   0.85194   0.57865   0.45975   0.73809   0.31128   0.36012   0.43414   0.17968   0.07082   0.03051   0.17644   0.17921   0.05962   0.12180   0.06447   0.02898   0.06039   9.41638   1.72565   0.69994   0.97815   0.85935   0.62437  
 43 647.7606  15485.545073  x:  0.30412   0.47675   0.79461   0.84807   0.83229   0.57229   0.25635   0.54768   0.42002   0.33041   0.03745   0.03658   0.15664   0.26500   0.10883   0.09727   0.08569   0.06535   0.05460   1.16512   0.81977   0.87177   0.61293   0.50459   0.69215   0.29520   0.38673   0.45870   0.20349   0.04382   0.02984   0.17743   0.17729   0.05779   0.14930   0.06686   0.02894   0.05692   9.74921   1.74549   0.73129   0.98803   0.87082   0.62233  
 44 156.0438  15480.385787  x:  0.27368   0.49677   0.80654   0.84864   0.79876   0.59611   0.24855   0.53096   0.40689   0.31976   0.03712   0.03168   0.16931   0.25174   0.10598   0.09992   0.08386   0.06537   0.05421   1.21815   0.80758   0.89071   0.65542   0.59349   0.62695   0.27738   0.42478   0.48909   0.20241   0.05467   0.02798   0.16286   0.18138   0.05886   0.11839   0.06208   0.02971   0.05806  10.12804   1.75709   0.73151   1.02252   0.88373   0.64073  
 45 291.5821  15477.524073  x:  0.25654   0.53571   0.82843   0.85437   0.77225   0.59994   0.23209   0.52713   0.40877   0.31847   0.03481   0.03200   0.14768   0.23180   0.10169   0.10088   0.08918   0.06489   0.05283   1.24663   0.75847   0.88530   0.66491   0.67628   0.61541   0.29727   0.41645   0.47952   0.21034   0.04429   0.02770   0.15833   0.18208   0.05806   0.10247   0.06044   0.03013   0.05773  10.33610   1.75813   0.72844   1.00015   0.87912   0.61269  
 46 108.5637  15473.713591  x:  0.23338   0.60573   0.86735   0.86641   0.73687   0.60185   0.21351   0.52749   0.41784   0.32674   0.03422   0.03117   0.16579   0.24949   0.10101   0.10154   0.08459   0.06603   0.05372   1.28668   0.66336   0.87437   0.67357   0.80506   0.62396   0.34337   0.39425   0.45854   0.21108   0.04913   0.02806   0.16025   0.18604   0.05693   0.11636   0.05994   0.03002   0.05923  10.62456   1.75584   0.70531   0.96634   0.85474   0.63148  
 47 210.6578  15473.208828  x:  0.23009   0.61711   0.86973   0.86477   0.73761   0.59578   0.21766   0.52861   0.41430   0.32682   0.03432   0.03135   0.16274   0.25489   0.10605   0.10083   0.08437   0.06591   0.05320   1.29172   0.63302   0.87832   0.67549   0.81676   0.63531   0.33733   0.39489   0.45536   0.21204   0.04801   0.02818   0.15946   0.17805   0.05750   0.11403   0.06023   0.03004   0.05874  10.66206   1.76273   0.70578   0.97731   0.83921   0.63017  
 48 40.4835  15472.022756  x:  0.22228   0.64485   0.86954   0.85589   0.74926   0.57311   0.23994   0.53365   0.40252   0.32580   0.03458   0.02997   0.16397   0.25140   0.10024   0.10165   0.08363   0.06562   0.05287   1.30367   0.53500   0.89640   0.68163   0.83591   0.67900   0.30646   0.40553   0.45390   0.21407   0.04785   0.02744   0.15887   0.17951   0.05745   0.11295   0.05963   0.03019   0.05853  10.74982   1.79197   0.71114   0.97884   0.85307   0.63503  
 49 56.2286  15471.970098  x:  0.22193   0.64307   0.86838   0.85637   0.75225   0.57167   0.23938   0.53266   0.40518   0.32585   0.03460   0.02979   0.16457   0.25177   0.10142   0.10155   0.08344   0.06546   0.05284   1.30439   0.53032   0.89797   0.68110   0.83817   0.68003   0.30353   0.40481   0.45643   0.21420   0.04758   0.02723   0.15935   0.18645   0.05713   0.11273   0.05971   0.03017   0.05852  10.75386   1.79283   0.71098   0.97878   0.85066   0.63359  
 50  9.6007  15471.806869  x:  0.22118   0.62729   0.86154   0.86123   0.76964   0.56838   0.23456   0.52691   0.42027   0.32624   0.03378   0.02950   0.16400   0.25114   0.10079   0.10157   0.08364   0.06547   0.05279   1.30750   0.51703   0.90456   0.67700   0.85081   0.68182   0.29540   0.40079   0.47060   0.21454   0.04757   0.02713   0.15944   0.18203   0.05741   0.11273   0.05984   0.03017   0.05833  10.76650   1.79301   0.70775   0.97294   0.84721   0.63446  
 51  9.7697  15471.267611  x:  0.21948   0.55285   0.83618   0.88009   0.84207   0.57759   0.22689   0.51711   0.40739   0.32570   0.03365   0.02911   0.16422   0.25098   0.10090   0.10131   0.08252   0.06542   0.05254   1.32021   0.48442   0.92051   0.65958   0.90554   0.68934   0.30138   0.39504   0.45993   0.21570   0.04775   0.02680   0.16000   0.18282   0.05765   0.11186   0.06079   0.03007   0.05739  10.80889   1.78685   0.71276   0.97784   0.85123   0.63494  
 52 10.7129  15471.028608  x:  0.21749   0.52891   0.83447   0.88254   0.86943   0.58110   0.23282   0.53941   0.40848   0.32507   0.03303   0.02851   0.16394   0.25042   0.10073   0.10136   0.08216   0.06518   0.05233   1.32533   0.47292   0.91864   0.66143   0.91878   0.68053   0.30146   0.40846   0.45329   0.21682   0.04719   0.02646   0.15978   0.18298   0.05778   0.11165   0.06110   0.03004   0.05692  10.82838   1.78340   0.70813   0.96936   0.84442   0.63427  
 53 11.1108  15470.223467  x:  0.20685   0.50397   0.85982   0.86044   0.91721   0.55125   0.22389   0.55014   0.40239   0.32389   0.03177   0.02737   0.16436   0.25062   0.09958   0.10096   0.08030   0.06511   0.05192   1.34049   0.45070   0.88046   0.69963   0.91047   0.64831   0.32413   0.39567   0.46142   0.22024   0.04662   0.02569   0.16138   0.18296   0.05847   0.10984   0.06287   0.02988   0.05498  10.89471   1.78262   0.71461   0.97519   0.84838   0.63764  
 54  6.5580  15469.218163  x:  0.19302   0.50131   0.88006   0.83761   0.93665   0.56668   0.24884   0.50650   0.40132   0.31892   0.03076   0.02554   0.16364   0.24812   0.09971   0.10042   0.07862   0.06452   0.05131   1.35994   0.44581   0.84491   0.71902   0.89644   0.63593   0.32552   0.40388   0.45566   0.22295   0.04716   0.02441   0.16373   0.18301   0.05943   0.10954   0.06523   0.02956   0.05235  10.97881   1.78248   0.70807   0.96010   0.83703   0.63880  
 55 15.3266  15465.851599  x:  0.14995   0.54218   0.88305   0.80131   0.87820   0.59079   0.20643   0.51072   0.43837   0.31257   0.02370   0.01694   0.16363   0.24612   0.09451   0.09871   0.07047   0.06187   0.04838   1.42931   0.50477   0.85118   0.73049   0.87583   0.68885   0.28643   0.41547   0.41992   0.23534   0.04919   0.01892   0.16803   0.18445   0.06272   0.10073   0.07319   0.02879   0.04252  11.26042   1.76247   0.72618   0.96868   0.84337   0.64832  
 56 19.8632  15464.610616  x:  0.13453   0.57257   0.87128   0.80137   0.85161   0.59646   0.21138   0.53025   0.39505   0.30715   0.02331   0.01475   0.16318   0.24412   0.09435   0.09794   0.06818   0.06145   0.04752   1.45627   0.52904   0.86939   0.70882   0.86776   0.69172   0.27446   0.39222   0.45420   0.23847   0.05081   0.01730   0.17141   0.18446   0.06393   0.09949   0.07617   0.02844   0.03918  11.36615   1.75437   0.72124   0.95267   0.83259   0.64978  
 57 36.2364  15464.258120  x:  0.13071   0.59859   0.84951   0.80723   0.85006   0.57164   0.22916   0.52550   0.39972   0.30708   0.02250   0.01420   0.16314   0.24433   0.09396   0.09777   0.06731   0.06145   0.04732   1.46571   0.53332   0.89842   0.68716   0.86072   0.66311   0.29198   0.39346   0.44668   0.23990   0.05107   0.01694   0.17235   0.18454   0.06423   0.09913   0.07696   0.02835   0.03830  11.39869   1.75256   0.72269   0.95274   0.83300   0.65040  
 58 11.2952  15464.193812  x:  0.12679   0.60598   0.84450   0.80898   0.85382   0.58671   0.21732   0.52619   0.40031   0.30665   0.02283   0.01396   0.16309   0.24405   0.09412   0.09774   0.06766   0.06134   0.04712   1.46776   0.52410   0.90304   0.68465   0.85052   0.65511   0.29722   0.39392   0.44682   0.24041   0.05105   0.01682   0.17243   0.18446   0.06427   0.09946   0.07695   0.02834   0.03820  11.41178   1.75581   0.72302   0.95318   0.83322   0.65112  
 59  1.4777  15462.982747  x:  0.04877   0.61901   0.81319   0.83227   0.84474   0.57591   0.22343   0.52519   0.39948   0.30298   0.03052   0.00842   0.16081   0.23839   0.10000   0.09743   0.07704   0.05896   0.04245   1.52729   0.52728   0.88299   0.70608   0.86301   0.66357   0.29701   0.39438   0.44914   0.25084   0.05118   0.01387   0.17032   0.18450   0.06425   0.10764   0.07567   0.02826   0.03714  11.70945   1.74342   0.72383   0.95705   0.83707   0.65134  
 60  1.9293  15462.828244  x:  0.03511   0.60859   0.84494   0.80726   0.84042   0.57605   0.22498   0.52517   0.40019   0.30255   0.03150   0.00783   0.16058   0.23764   0.10081   0.09733   0.07827   0.05872   0.04182   1.53280   0.52731   0.90504   0.68812   0.86609   0.66079   0.29892   0.39270   0.44958   0.25201   0.05144   0.01352   0.17033   0.18444   0.06425   0.10876   0.07551   0.02827   0.03695  11.75074   1.74389   0.72428   0.95760   0.83789   0.65173  
 61  6.0592  15462.570486  x:  0.00000   0.61063   0.84321   0.80767   0.83451   0.57600   0.22672   0.52595   0.40060   0.30280   0.03325   0.01045   0.15987   0.23688   0.10166   0.09694   0.07787   0.06006   0.04061   1.55842   0.52759   0.90449   0.68508   0.86564   0.66241   0.30364   0.39107   0.45218   0.25452   0.05123   0.01380   0.16964   0.18450   0.06421   0.10979   0.07476   0.02915   0.03519  11.87819   1.74138   0.72297   0.95957   0.83915   0.65192  
 62  0.4017  15462.320158  x:  0.00000   0.61196   0.83822   0.81135   0.82698   0.57744   0.23057   0.52739   0.40207   0.30457   0.03573   0.01027   0.15988   0.23631   0.10040   0.09639   0.07514   0.06196   0.04284   1.57491   0.52911   0.90003   0.67849   0.85885   0.66577   0.31532   0.38813   0.45827   0.26043   0.04957   0.01290   0.16846   0.18493   0.06402   0.10922   0.07346   0.03117   0.03765  12.28366   1.73835   0.71901   0.96344   0.84017   0.65266  
 63  0.5457  15462.301587  x:  0.00000   0.61163   0.83812   0.81158   0.82715   0.57749   0.23063   0.52742   0.40215   0.30470   0.03574   0.01019   0.15996   0.23634   0.10028   0.09639   0.07511   0.06195   0.04299   1.54625   0.52934   0.89967   0.67813   0.85821   0.66595   0.31579   0.38825   0.45848   0.26077   0.04948   0.01280   0.16844   0.18495   0.06402   0.10909   0.07347   0.03126   0.03780  12.32063   1.73862   0.71889   0.96344   0.84011   0.65268  
 64  0.7778  15462.157242  x:  0.00000   0.60623   0.83820   0.81266   0.83205   0.57689   0.23088   0.52764   0.40303   0.30643   0.03513   0.01149   0.16098   0.23710   0.09988   0.09641   0.07765   0.06088   0.04188   1.55255   0.53129   0.89412   0.67421   0.85311   0.66814   0.31901   0.39244   0.45954   0.26607   0.04903   0.01123   0.16881   0.18505   0.06441   0.10781   0.07488   0.03211   0.03579  13.00313   1.74458   0.72004   0.96166   0.83891   0.65229  
 65  0.5468  15462.059195  x:  0.00000   0.60373   0.84127   0.81136   0.83813   0.57673   0.22997   0.52773   0.40209   0.30462   0.03518   0.01222   0.15959   0.23794   0.10107   0.09694   0.07451   0.05990   0.04154   1.55398   0.53221   0.89550   0.67434   0.85383   0.66693   0.31541   0.39231   0.45839   0.26575   0.04981   0.01058   0.17016   0.18480   0.06435   0.10907   0.07550   0.03104   0.03810  13.73824   1.74657   0.72158   0.96092   0.84001   0.65050  
 66  0.3625  15461.966127  x:  0.00000   0.60248   0.84180   0.81051   0.84094   0.57684   0.22891   0.52670   0.40149   0.30343   0.03473   0.01183   0.16021   0.23782   0.09956   0.09689   0.07543   0.06034   0.04463   1.55471   0.53123   0.89753   0.67645   0.85574   0.66554   0.31138   0.39072   0.45660   0.26297   0.04867   0.01017   0.16908   0.18539   0.06424   0.10836   0.07539   0.03008   0.03697  14.64288   1.74308   0.72055   0.96134   0.83953   0.65179  
 67  0.6065  15461.889778  x:  0.00000   0.60636   0.83863   0.81243   0.83707   0.57697   0.22860   0.52686   0.40175   0.30485   0.03373   0.01162   0.16120   0.23667   0.09932   0.09658   0.07751   0.06176   0.04192   1.55273   0.53187   0.89871   0.67723   0.85510   0.66583   0.31147   0.39047   0.45633   0.26069   0.04902   0.01049   0.16913   0.18539   0.06411   0.10721   0.07443   0.03042   0.03824  15.66670   1.74069   0.71950   0.96102   0.83865   0.65345  
 68  0.6754  15461.819089  x:  0.00000   0.60740   0.83801   0.81320   0.83610   0.57713   0.22887   0.52779   0.40281   0.30618   0.03396   0.01136   0.15965   0.23639   0.10203   0.09654   0.07620   0.06143   0.04237   1.55111   0.53158   0.89755   0.67776   0.85483   0.66746   0.31335   0.39163   0.45676   0.26016   0.05086   0.01103   0.16920   0.18469   0.06393   0.10942   0.07355   0.03124   0.03662  17.12056   1.74377   0.71974   0.96063   0.83981   0.65209  
 69  0.8788  15461.778335  x:  0.00000   0.60313   0.84035   0.81093   0.83841   0.57665   0.22979   0.52750   0.40128   0.30406   0.03499   0.01143   0.16032   0.23752   0.09928   0.09676   0.07618   0.06059   0.04242   1.55254   0.53347   0.89825   0.67419   0.85248   0.66665   0.31417   0.39055   0.45737   0.26022   0.04946   0.01165   0.16970   0.18507   0.06405   0.10928   0.07444   0.03107   0.03704  18.72556   1.74479   0.71993   0.96117   0.83909   0.65155  
 70  0.8251  15461.764845  x:  0.00000   0.60315   0.83958   0.81180   0.83877   0.57690   0.22932   0.52725   0.40200   0.30443   0.03494   0.01115   0.16071   0.23751   0.10075   0.09670   0.07602   0.06075   0.04240   1.55291   0.53202   0.89730   0.67496   0.85338   0.66685   0.31395   0.39109   0.45753   0.26087   0.04913   0.01171   0.16866   0.18495   0.06427   0.10771   0.07486   0.03094   0.03703  19.84849   1.74351   0.72010   0.96058   0.83969   0.65234  
 71  0.8435  15461.756178  x:  0.00000   0.60428   0.83878   0.81290   0.83878   0.57719   0.22878   0.52733   0.40259   0.30553   0.03459   0.01105   0.15988   0.23664   0.10009   0.09669   0.07625   0.06091   0.04238   1.55255   0.53144   0.89669   0.67632   0.85492   0.66716   0.31345   0.39182   0.45745   0.26160   0.04989   0.01166   0.16901   0.18503   0.06433   0.10858   0.07480   0.03094   0.03699  21.28042   1.74335   0.72029   0.96094   0.83927   0.65235  
 72  0.8632  15461.750753  x:  0.00000   0.60399   0.83985   0.81157   0.83916   0.57705   0.22937   0.52744   0.40175   0.30457   0.03470   0.01123   0.16047   0.23718   0.10042   0.09668   0.07627   0.06067   0.04246   1.55229   0.53211   0.89773   0.67548   0.85378   0.66669   0.31333   0.39105   0.45717   0.26208   0.04933   0.01163   0.16955   0.18490   0.06412   0.10857   0.07440   0.03091   0.03705  23.00741   1.74377   0.71983   0.96080   0.83948   0.65227  
 73  0.7947  15461.749014  x:  0.00000   0.60379   0.83943   0.81203   0.83871   0.57688   0.22907   0.52728   0.40197   0.30480   0.03452   0.01126   0.16032   0.23725   0.10023   0.09667   0.07614   0.06097   0.04242   1.55256   0.53223   0.89754   0.67542   0.85386   0.66671   0.31314   0.39113   0.45718   0.26195   0.04946   0.01159   0.16864   0.18507   0.06413   0.10856   0.07454   0.03089   0.03706  24.28585   1.74380   0.71996   0.96071   0.83933   0.65224  
 74  0.7257  15461.747990  x:  0.00000   0.60396   0.83919   0.81234   0.83866   0.57702   0.22897   0.52738   0.40220   0.30494   0.03457   0.01126   0.16022   0.23696   0.10033   0.09669   0.07625   0.06095   0.04247   1.55249   0.53208   0.89729   0.67574   0.85429   0.66688   0.31328   0.39140   0.45727   0.26163   0.04960   0.01157   0.16939   0.18496   0.06417   0.10839   0.07459   0.03091   0.03704  25.64638   1.74377   0.71998   0.96087   0.83944   0.65232  
 75  0.7295  15461.747515  x:  0.00000   0.60380   0.83946   0.81196   0.83890   0.57706   0.22918   0.52737   0.40198   0.30483   0.03465   0.01123   0.16030   0.23711   0.10031   0.09668   0.07619   0.06079   0.04239   1.55244   0.53192   0.89739   0.67561   0.85393   0.66677   0.31350   0.39116   0.45725   0.26147   0.04948   0.01155   0.16910   0.18499   0.06417   0.10856   0.07452   0.03094   0.03702  26.84008   1.74364   0.71994   0.96079   0.83942   0.65229  
 76  0.6611  15461.747401  x:  0.00000   0.60390   0.83944   0.81203   0.83873   0.57698   0.22916   0.52737   0.40202   0.30482   0.03466   0.01125   0.16030   0.23712   0.10032   0.09668   0.07623   0.06086   0.04245   1.55245   0.53206   0.89754   0.67556   0.85402   0.66681   0.31351   0.39122   0.45730   0.26138   0.04956   0.01156   0.16910   0.18499   0.06418   0.10851   0.07457   0.03094   0.03706  27.63524   1.74373   0.72003   0.96076   0.83941   0.65226  
 77  0.4970  15461.747350  x:  0.00000   0.60388   0.83936   0.81208   0.83881   0.57701   0.22911   0.52735   0.40207   0.30484   0.03465   0.01124   0.16029   0.23710   0.10029   0.09669   0.07618   0.06087   0.04242   1.55244   0.53202   0.89747   0.67568   0.85409   0.66683   0.31346   0.39125   0.45729   0.26142   0.04954   0.01155   0.16915   0.18499   0.06418   0.10848   0.07457   0.03093   0.03703  28.36585   1.74371   0.71998   0.96080   0.83942   0.65228  
 78  0.4566  15461.747328  x:  0.00000   0.60387   0.83940   0.81204   0.83882   0.57702   0.22914   0.52737   0.40203   0.30485   0.03463   0.01124   0.16029   0.23710   0.10031   0.09668   0.07622   0.06084   0.04243   1.55245   0.53200   0.89747   0.67563   0.85404   0.66681   0.31347   0.39121   0.45727   0.26148   0.04952   0.01156   0.16912   0.18499   0.06418   0.10852   0.07456   0.03094   0.03704  28.96029   1.74370   0.71997   0.96079   0.83942   0.65228  
 79  0.3715  15461.747326  x:  0.00000   0.60386   0.83941   0.81204   0.83882   0.57701   0.22913   0.52736   0.40203   0.30484   0.03464   0.01124   0.16029   0.23711   0.10031   0.09668   0.07621   0.06085   0.04243   1.55245   0.53202   0.89747   0.67561   0.85403   0.66681   0.31345   0.39122   0.45727   0.26150   0.04953   0.01156   0.16913   0.18499   0.06417   0.10851   0.07456   0.03093   0.03704  29.13475   1.74371   0.71998   0.96078   0.83941   0.65228  
 80  0.1468  15461.747325  x:  0.00000   0.60386   0.83940   0.81205   0.83882   0.57701   0.22913   0.52736   0.40203   0.30484   0.03464   0.01124   0.16029   0.23710   0.10031   0.09668   0.07621   0.06085   0.04243   1.55245   0.53202   0.89746   0.67561   0.85404   0.66681   0.31345   0.39123   0.45727   0.26150   0.04953   0.01156   0.16913   0.18499   0.06417   0.10851   0.07456   0.03093   0.03704  29.18177   1.74371   0.71998   0.96079   0.83941   0.65228  
 81  0.0424  15461.747325  x:  0.00000   0.60386   0.83940   0.81205   0.83882   0.57701   0.22913   0.52736   0.40203   0.30484   0.03464   0.01124   0.16029   0.23710   0.10031   0.09668   0.07621   0.06085   0.04243   1.55245   0.53202   0.89746   0.67561   0.85403   0.66681   0.31345   0.39122   0.45727   0.26150   0.04953   0.01156   0.16913   0.18499   0.06417   0.10851   0.07456   0.03093   0.03704  29.19330   1.74371   0.71998   0.96079   0.83941   0.65228  
 82  0.0090  15461.747325  x:  0.00000   0.60386   0.83940   0.81205   0.83882   0.57701   0.22913   0.52736   0.40203   0.30484   0.03464   0.01124   0.16029   0.23710   0.10031   0.09668   0.07621   0.06085   0.04243   1.55245   0.53202   0.89746   0.67561   0.85403   0.66681   0.31345   0.39122   0.45727   0.26149   0.04953   0.01156   0.16913   0.18499   0.06417   0.10851   0.07456   0.03093   0.03704  29.19516   1.74371   0.71998   0.96079   0.83941   0.65228  

TREE # 2

  0  0.0000  16082.069763  x:  3.42412   0.55594   0.38771   0.52317   0.34866   0.41348   0.48469   0.07399   0.20951   0.18946   0.03708   0.17440   0.00000   0.07552   0.14007   0.07539   0.06795   0.04890   0.05179   0.07986   0.30091   0.47669   0.40367   0.44297   0.36951   0.38048   0.09674   0.30005   0.16990   0.08286   0.14284   0.08100   0.11751   0.12755   0.07640   0.09160   0.02996   0.04309   0.04017   1.74371   0.69130   0.94871   0.79519   0.65228  
  1 99.0000  15873.686420  x:  3.43309   0.57806   0.41801   0.55801   0.39255   0.44670   0.51789   0.16004   0.26489   0.26977   0.29869   0.16025   0.40376   0.16583   0.16442   0.06780   0.10678   0.08853   0.02362   0.04247   0.32357   0.50190   0.45167   0.48306   0.40268   0.41443   0.15474   0.34529   0.24229   0.22239   0.11811   0.03584   0.14047   0.17927   0.09844   0.09666   0.11215   0.07273   0.04672   1.73217   0.69144   0.94668   0.80736   0.68393  
  2 2671.7824  15788.333688  x:  3.44183   0.59778   0.44137   0.58712   0.42730   0.47291   0.53871   0.19952   0.29562   0.30730   0.30452   0.13167   0.37599   0.17080   0.16983   0.06606   0.10917   0.07495   0.04114   0.03181   0.34376   0.52230   0.49034   0.51594   0.43054   0.43745   0.18524   0.37580   0.27914   0.24714   0.08891   0.00000   0.14908   0.20061   0.10178   0.09715   0.09684   0.06412   0.03984   1.72270   0.69438   0.94690   0.81434   0.70054  
  3 749.9585  15664.953716  x:  3.47236   0.66364   0.51737   0.68281   0.53973   0.55870   0.60475   0.31981   0.38942   0.42336   0.32722   0.03767   0.28279   0.18610   0.18577   0.06196   0.11592   0.04236   0.04324   0.02276   0.41110   0.58922   0.61603   0.62320   0.52199   0.51008   0.27688   0.47141   0.39199   0.32473   0.00000   0.10483   0.18071   0.26723   0.10908   0.09890   0.06130   0.04572   0.03566   1.69163   0.70446   0.94899   0.83584   0.74810  
  4 2778.0944  15633.387488  x:  3.48812   0.69159   0.54580   0.71991   0.58094   0.59206   0.62574   0.35467   0.41576   0.45892   0.34179   0.02373   0.23314   0.18777   0.18748   0.06381   0.11539   0.08189   0.01479   0.06279   0.43953   0.61478   0.66328   0.66365   0.55785   0.53307   0.30055   0.50156   0.42682   0.35554   0.05593   0.11173   0.17984   0.27761   0.10689   0.09693   0.07459   0.07040   0.04903   1.67990   0.70959   0.95351   0.83932   0.75001  
  5 864.8775  15626.217781  x:  3.49879   0.70533   0.55647   0.73501   0.59557   0.60596   0.63009   0.35935   0.41742   0.46566   0.36154   0.03799   0.21303   0.18755   0.18488   0.06549   0.11405   0.10149   0.04688   0.05720   0.45335   0.62503   0.68127   0.67917   0.57289   0.53762   0.29934   0.50647   0.42938   0.36289   0.06670   0.12187   0.17071   0.26955   0.10328   0.09516   0.09171   0.07897   0.05058   1.67590   0.71295   0.95837   0.83651   0.73603  
  6 400.7348  15613.116292  x:  3.52093   0.72985   0.57268   0.75917   0.61672   0.62865   0.63311   0.35815   0.41091   0.46846   0.40239   0.06106   0.17871   0.18642   0.17844   0.06689   0.11161   0.11720   0.03055   0.02243   0.47785   0.64128   0.70890   0.70300   0.59745   0.54033   0.28708   0.50719   0.42208   0.36771   0.06062   0.12259   0.14978   0.24618   0.09801   0.09288   0.11481   0.08049   0.04299   1.67034   0.71885   0.96787   0.82975   0.70163  
  7 420.5697  15604.195179  x:  3.54998   0.75804   0.58873   0.78420   0.63633   0.65288   0.63312   0.35007   0.39634   0.46480   0.45611   0.07295   0.15073   0.18740   0.17246   0.06600   0.11120   0.11499   0.02257   0.05143   0.50580   0.65798   0.73640   0.72660   0.62355   0.53949   0.26582   0.50219   0.40556   0.36897   0.03250   0.11753   0.13153   0.21838   0.09744   0.09314   0.12999   0.07256   0.03783   1.66509   0.72366   0.97673   0.82489   0.66253  
  8 434.1842  15596.427863  x:  3.59775   0.79482   0.60345   0.80999   0.65055   0.68013   0.62734   0.32657   0.36699   0.44722   0.52221   0.03801   0.12443   0.19070   0.17365   0.06355   0.11526   0.09071   0.02651   0.04666   0.54165   0.67467   0.76192   0.74780   0.65257   0.53275   0.22802   0.48832   0.37666   0.36811   0.04342   0.11362   0.14705   0.20270   0.10862   0.09865   0.12001   0.07589   0.07244   1.65936   0.72237   0.97729   0.83423   0.64294  
  9 213.4867  15592.043507  x:  3.63687   0.81942   0.60921   0.82278   0.65341   0.69588   0.62171   0.30695   0.35145   0.43612   0.56356   0.01821   0.11074   0.19145   0.17776   0.06595   0.11539   0.09077   0.02988   0.04607   0.56512   0.68253   0.77274   0.75602   0.66907   0.52906   0.20401   0.47891   0.35888   0.36407   0.05695   0.11499   0.15813   0.20958   0.10571   0.09635   0.10568   0.07362   0.04253   1.65612   0.72185   0.97374   0.84148   0.65347  
 10 200.6435  15589.776478  x:  3.68191   0.84042   0.60815   0.82758   0.64707   0.70602   0.61652   0.28916   0.35185   0.43468   0.59142   0.03060   0.09914   0.18880   0.18190   0.06323   0.11270   0.10079   0.02750   0.04732   0.58436   0.68442   0.77375   0.75488   0.67924   0.53069   0.19181   0.47429   0.35059   0.35416   0.04988   0.11312   0.15939   0.22920   0.09943   0.09431   0.09288   0.07541   0.05128   1.65524   0.72304   0.96946   0.84307   0.67984  
 11 109.0932  15586.699980  x:  3.79823   0.87941   0.59230   0.82479   0.61712   0.71726   0.61212   0.26244   0.37507   0.44169   0.61861   0.01721   0.08351   0.18400   0.18104   0.07162   0.11668   0.09128   0.02752   0.04742   0.61784   0.67627   0.75904   0.73577   0.68896   0.54655   0.19231   0.47714   0.35859   0.33747   0.05147   0.11228   0.14197   0.24484   0.11316   0.10422   0.11585   0.07420   0.05183   1.66211   0.72295   0.96978   0.83066   0.69472  
 12 79.5480  15583.421183  x:  3.93966   0.91978   0.57036   0.82010   0.58408   0.72734   0.61361   0.24591   0.39976   0.45284   0.63667   0.00756   0.07478   0.18560   0.17930   0.04994   0.11375   0.08997   0.02830   0.04716   0.65094   0.66275   0.74090   0.71270   0.69534   0.56420   0.19780   0.48336   0.37226   0.32920   0.05340   0.11239   0.14911   0.23901   0.10313   0.09014   0.11472   0.07462   0.05085   1.67383   0.71794   0.96815   0.82705   0.68133  
 13 176.1834  15580.855506  x:  4.07371   0.95376   0.54942   0.81696   0.55862   0.73598   0.61871   0.24013   0.41593   0.46276   0.64550   0.00886   0.07097   0.18913   0.18024   0.07161   0.11368   0.09402   0.02820   0.04730   0.67767   0.64886   0.72642   0.69393   0.69904   0.57695   0.20177   0.48841   0.38268   0.32871   0.05265   0.11258   0.16226   0.22735   0.09637   0.08674   0.09979   0.07482   0.05189   1.68508   0.71393   0.96391   0.83016   0.66452  
 14 319.6204  15578.456249  x:  4.21687   0.98060   0.52830   0.81814   0.54742   0.74407   0.62955   0.25129   0.41343   0.46658   0.63644   0.01791   0.07318   0.19054   0.18217   0.06371   0.11274   0.10137   0.02836   0.04671   0.69598   0.63287   0.71927   0.68329   0.69893   0.57959   0.19996   0.48923   0.38391   0.34065   0.05282   0.11405   0.16428   0.21680   0.11096   0.11251   0.08587   0.07458   0.04724   1.69487   0.71682   0.95801   0.83650   0.65889  
 15 174.6620  15570.427730  x:  4.72890   1.05158   0.45796   0.83314   0.54729   0.77003   0.67054   0.31517   0.36057   0.45656   0.56468   0.01857   0.09671   0.18830   0.18603   0.06546   0.11637   0.10107   0.02796   0.04630   0.73443   0.57546   0.71590   0.67077   0.69088   0.56446   0.18301   0.48140   0.36584   0.39393   0.04328   0.11327   0.14420   0.20910   0.09854   0.09602   0.10541   0.07416   0.05172   1.72171   0.73004   0.95573   0.84457   0.67629  
 16 247.4623  15567.250874  x:  4.94528   1.06282   0.43496   0.84152   0.56708   0.77884   0.66925   0.32515   0.34532   0.44896   0.53473   0.03848   0.11338   0.18822   0.17665   0.06609   0.11183   0.08834   0.02694   0.04750   0.73047   0.55720   0.72827   0.68269   0.68910   0.55511   0.18864   0.48031   0.36370   0.39065   0.04772   0.11298   0.16114   0.23288   0.10998   0.08974   0.10845   0.07717   0.04758   1.72690   0.71469   0.98049   0.82923   0.66522  
 17 199.8170  15562.889520  x:  5.25532   1.04810   0.41370   0.84989   0.61420   0.78703   0.64003   0.31093   0.34310   0.43247   0.49680   0.02780   0.14618   0.19094   0.17085   0.06610   0.11658   0.10546   0.02826   0.04591   0.69144   0.54226   0.75863   0.71886   0.68959   0.53971   0.21445   0.48160   0.36870   0.35059   0.04740   0.11196   0.15460   0.24580   0.09261   0.10538   0.10287   0.06837   0.05216   1.72652   0.72021   0.97942   0.82271   0.64463  
 18 186.2701  15559.848486  x:  5.47888   1.02268   0.40660   0.85041   0.64873   0.79221   0.61450   0.29635   0.35612   0.42735   0.47997   0.03571   0.16162   0.19079   0.17781   0.06663   0.11371   0.09668   0.02804   0.04605   0.64705   0.53832   0.77975   0.74717   0.69228   0.52755   0.23228   0.48270   0.37186   0.32688   0.04894   0.11264   0.14814   0.22717   0.10726   0.09126   0.10182   0.08390   0.04784   1.72182   0.72480   0.96135   0.83826   0.64849  
 19 258.7524  15557.982947  x:  5.61542   0.99205   0.41207   0.84254   0.66292   0.79435   0.60261   0.29082   0.37123   0.43084   0.48381   0.04197   0.15855   0.18763   0.18109   0.06630   0.11170   0.09102   0.02789   0.04641   0.60318   0.54306   0.78572   0.76036   0.69591   0.51939   0.23511   0.48198   0.36964   0.33398   0.05635   0.11323   0.15497   0.20937   0.10290   0.09384   0.10775   0.06356   0.04970   1.71495   0.71762   0.96262   0.84017   0.66112  
 20 147.6805  15555.113152  x:  5.84086   0.92522   0.43210   0.81977   0.67462   0.79519   0.59205   0.28898   0.39151   0.43859   0.50318   0.03135   0.13833   0.18366   0.17898   0.06642   0.11464   0.09449   0.02733   0.04648   0.51246   0.55829   0.78408   0.77381   0.70312   0.50760   0.23010   0.47907   0.36100   0.36077   0.04572   0.11221   0.16207   0.20047   0.09397   0.10336   0.10789   0.08423   0.04719   1.70221   0.71236   0.97382   0.82789   0.66706  
 21 203.6605  15552.906471  x:  6.01209   0.86883   0.45506   0.79977   0.67745   0.79409   0.59267   0.29431   0.39507   0.44365   0.52601   0.02527   0.11846   0.18760   0.17668   0.06677   0.11434   0.10291   0.02780   0.04585   0.43643   0.57458   0.77621   0.77914   0.71021   0.50430   0.22589   0.47919   0.35841   0.37924   0.04539   0.11285   0.15498   0.21816   0.10849   0.09069   0.10100   0.07462   0.04973   1.69400   0.72134   0.96985   0.82742   0.65313  
 22 230.1012  15552.056888  x:  6.07799   0.84699   0.47233   0.79349   0.67554   0.79225   0.60068   0.30175   0.38326   0.44374   0.53783   0.03066   0.11064   0.19141   0.17863   0.06630   0.11329   0.09217   0.02756   0.04639   0.40539   0.58578   0.76883   0.77833   0.71537   0.51039   0.22834   0.48274   0.36383   0.37437   0.04942   0.11310   0.15117   0.22749   0.09903   0.09644   0.10373   0.07675   0.04880   1.69201   0.71996   0.96508   0.83851   0.64768  
 23 91.7821  15551.423966  x:  6.12668   0.83340   0.49565   0.79268   0.67154   0.78799   0.61303   0.31007   0.36407   0.44150   0.54434   0.02907   0.10838   0.19031   0.17997   0.06617   0.11480   0.09840   0.02717   0.04629   0.38268   0.60024   0.75932   0.77549   0.72160   0.52093   0.23288   0.48724   0.37127   0.35676   0.04715   0.11258   0.15680   0.22022   0.10301   0.09525   0.10684   0.07606   0.04910   1.69134   0.71776   0.96958   0.83823   0.65377  
 24 54.6832  15551.210202  x:  6.14186   0.83307   0.51054   0.79663   0.66949   0.78275   0.61752   0.31087   0.36292   0.44356   0.54226   0.03037   0.11279   0.18780   0.17806   0.06657   0.11278   0.09445   0.02765   0.04628   0.37714   0.60928   0.75528   0.77472   0.72417   0.52370   0.23134   0.48706   0.37132   0.35309   0.05067   0.11312   0.15359   0.21722   0.10168   0.09470   0.10127   0.07611   0.04913   1.69269   0.72327   0.97118   0.83133   0.65541  
 25 22.5957  15550.563750  x:  6.18473   0.84230   0.56746   0.81616   0.66100   0.75573   0.62683   0.30309   0.37258   0.45132   0.52035   0.03155   0.12544   0.18469   0.17608   0.06628   0.11606   0.09620   0.02763   0.04594   0.36503   0.64362   0.74278   0.77353   0.72985   0.52719   0.21817   0.48155   0.36236   0.34991   0.05010   0.11249   0.15238   0.22012   0.10219   0.09448   0.10317   0.07579   0.04884   1.70157   0.71662   0.96966   0.83687   0.65120  
 26 28.9966  15550.318757  x:  6.19893   0.84875   0.58546   0.82176   0.65675   0.74099   0.62611   0.29722   0.37220   0.44786   0.51431   0.03250   0.12561   0.19159   0.18045   0.06665   0.11002   0.09651   0.02724   0.04606   0.36149   0.65458   0.74167   0.77459   0.72760   0.52812   0.21795   0.48258   0.36354   0.35469   0.04808   0.11178   0.15770   0.22120   0.10212   0.09575   0.10781   0.07595   0.04864   1.70425   0.72189   0.96732   0.83456   0.65066  
 27 26.6913  15549.878542  x:  6.22156   0.86435   0.61049   0.82790   0.64872   0.70952   0.62123   0.28835   0.36746   0.43591   0.51204   0.03605   0.12231   0.19734   0.18092   0.06569   0.12003   0.09549   0.02715   0.04603   0.35610   0.66963   0.74614   0.77863   0.71604   0.52877   0.22455   0.48867   0.37218   0.36833   0.04728   0.11191   0.15441   0.22034   0.10230   0.09442   0.10441   0.07591   0.04841   1.70697   0.72017   0.96906   0.83338   0.65266  
 28 29.8588  15549.428258  x:  6.24152   0.88162   0.62850   0.83042   0.64273   0.67896   0.61874   0.28907   0.36565   0.42886   0.51698   0.03347   0.11979   0.18829   0.17494   0.06691   0.10905   0.09691   0.02724   0.04588   0.35056   0.67973   0.75438   0.78263   0.69923   0.52634   0.23031   0.49261   0.37756   0.37490   0.04564   0.11182   0.15055   0.22051   0.10272   0.09462   0.10244   0.07608   0.04906   1.70772   0.71501   0.96977   0.83755   0.65338  
 29 37.4602  15548.502992  x:  6.27842   0.91900   0.65456   0.83008   0.63687   0.62405   0.61940   0.30717   0.37135   0.43181   0.53197   0.03364   0.10917   0.17299   0.17692   0.06615   0.11645   0.09552   0.02661   0.04615   0.33789   0.69262   0.77449   0.78794   0.65884   0.51605   0.23482   0.49237   0.37604   0.36785   0.04607   0.11124   0.16012   0.22373   0.10200   0.09510   0.10617   0.07576   0.04820   1.70563   0.72392   0.96508   0.83760   0.65078  
 30 43.4953  15547.568617  x:  6.31318   0.95736   0.67538   0.82706   0.63728   0.58150   0.62088   0.32695   0.37822   0.44313   0.54419   0.02950   0.09740   0.19194   0.18486   0.06609   0.11383   0.09597   0.02685   0.04569   0.32339   0.70224   0.79249   0.78811   0.62004   0.50776   0.23581   0.48832   0.36870   0.35436   0.04846   0.11152   0.15326   0.22252   0.10225   0.09472   0.10250   0.07563   0.04854   1.70123   0.71762   0.97105   0.83559   0.65262  
 31 64.7670  15545.806892  x:  6.36327   1.02360   0.69385   0.81373   0.66419   0.57904   0.61116   0.32745   0.36952   0.46503   0.54644   0.02842   0.08589   0.20658   0.15245   0.06654   0.11584   0.09524   0.02623   0.04555   0.28935   0.71412   0.80385   0.76411   0.58451   0.52293   0.23948   0.48499   0.36293   0.35587   0.04757   0.11045   0.15864   0.22088   0.10224   0.09519   0.10484   0.07550   0.04774   1.69212   0.72134   0.96212   0.83779   0.65814  
 32 22.0419  15539.941447  x:  6.53039   1.25029   0.74091   0.76460   0.75788   0.61099   0.58050   0.31428   0.33874   0.51673   0.54401   0.02190   0.06249   0.18333   0.18850   0.06572   0.11360   0.09518   0.02532   0.04421   0.16395   0.75607   0.83386   0.67831   0.49409   0.57825   0.24384   0.48496   0.36267   0.37713   0.04392   0.10779   0.15313   0.22654   0.10244   0.09425   0.09940   0.07449   0.04666   1.66659   0.71397   0.96124   0.83178   0.64615  
 33 119.1752  15529.599425  x:  6.71792   1.50418   0.73603   0.71075   0.79546   0.67496   0.61128   0.33015   0.37664   0.46906   0.53245   0.02241   0.04290   0.18733   0.18606   0.06560   0.11387   0.09387   0.02355   0.04310   0.00000   0.81768   0.87000   0.64462   0.48608   0.57140   0.19821   0.51021   0.40622   0.37221   0.03939   0.10368   0.15399   0.23068   0.10254   0.09442   0.09728   0.07320   0.04529   1.67142   0.72395   0.97397   0.84083   0.64560  
 34 83.4033  15529.599425  x:  6.71792   1.50418   0.73603   0.71075   0.79546   0.67496   0.61128   0.33015   0.37664   0.46906   0.53245   0.02241   0.04290   0.18733   0.18606   0.06560   0.11387   0.09387   0.02355   0.04310   0.00000   0.81768   0.87000   0.64462   0.48608   0.57140   0.19821   0.51021   0.40622   0.37221   0.03939   0.10368   0.15399   0.23068   0.10254   0.09442   0.09728   0.07320   0.04529   1.67142   0.72395   0.97397   0.84083   0.64560  
 35 110.0551  15508.407495  x:  6.71895   1.50609   0.73490   0.71604   0.79376   0.67667   0.61381   0.33007   0.37991   0.46987   0.50289   0.01700   0.00000   0.17925   0.18412   0.06406   0.11045   0.07944   0.04484   0.03355   0.00232   0.81895   0.87179   0.65074   0.49319   0.57315   0.20312   0.51179   0.40620   0.36078   0.02812   0.05054   0.15329   0.23139   0.10211   0.09493   0.07959   0.06227   0.03759   1.67300   0.72439   0.97255   0.84131   0.65074  
 36 389.0169  15499.451325  x:  6.71978   1.50760   0.73398   0.72021   0.79239   0.67803   0.61578   0.32999   0.38246   0.47057   0.47983   0.01458   0.00747   0.17434   0.18370   0.06314   0.10822   0.07067   0.05264   0.02933   0.00414   0.81991   0.87318   0.65554   0.49879   0.57448   0.20690   0.51304   0.40630   0.35216   0.02147   0.01040   0.15304   0.23194   0.10172   0.09537   0.06815   0.05580   0.03447   1.67427   0.72461   0.97147   0.84175   0.65455  
 37 750.3338  15496.598924  x:  6.72053   1.50891   0.73308   0.72385   0.79111   0.67922   0.61742   0.32983   0.38458   0.47125   0.46039   0.01679   0.00537   0.17154   0.18366   0.06327   0.10752   0.06970   0.04362   0.03548   0.00574   0.82063   0.87432   0.65966   0.50364   0.57549   0.20991   0.51413   0.40683   0.34597   0.02384   0.00126   0.15457   0.23285   0.10113   0.09598   0.06783   0.05661   0.04043   1.67544   0.72443   0.97072   0.84224   0.65697  
 38 257.4686  15484.789514  x:  6.72537   1.51737   0.72732   0.74748   0.78281   0.68688   0.62817   0.32888   0.39809   0.47511   0.33377   0.02355   0.00532   0.15220   0.18284   0.06240   0.10145   0.05340   0.02433   0.03962   0.01604   0.82538   0.88172   0.68642   0.53508   0.58208   0.22952   0.52105   0.40945   0.30421   0.02451   0.00881   0.16480   0.24017   0.09796   0.09935   0.05218   0.04829   0.04978   1.68312   0.72367   0.96570   0.84511   0.67339  
 39 526.1594  15478.406936  x:  6.72905   1.52323   0.72265   0.76447   0.77622   0.69228   0.63566   0.32774   0.40595   0.47662   0.25116   0.03985   0.00659   0.14738   0.18286   0.06361   0.10189   0.06747   0.03745   0.03795   0.02329   0.82806   0.88649   0.70512   0.55729   0.58572   0.24140   0.52536   0.41074   0.28104   0.03486   0.00819   0.16909   0.24353   0.09703   0.10006   0.06796   0.05824   0.04674   1.68895   0.72278   0.96352   0.84586   0.67996  
 40 509.4835  15477.566052  x:  6.73057   1.52481   0.72044   0.77023   0.77316   0.69389   0.63811   0.32690   0.40556   0.47480   0.24126   0.04741   0.00564   0.15462   0.18316   0.06388   0.10505   0.06900   0.03082   0.03307   0.02543   0.82804   0.88735   0.71071   0.56420   0.58554   0.24255   0.52582   0.40973   0.28111   0.03402   0.00714   0.16646   0.24256   0.09848   0.09840   0.06915   0.05641   0.03903   1.69131   0.72250   0.96432   0.84456   0.67644  
 41 99.8366  15476.693201  x:  6.73404   1.52790   0.71533   0.78259   0.76605   0.69724   0.64344   0.32494   0.40273   0.46948   0.23229   0.05546   0.00562   0.16860   0.18378   0.06345   0.10943   0.06583   0.03432   0.03962   0.02978   0.82732   0.88866   0.72213   0.57860   0.58436   0.24340   0.52627   0.40696   0.28549   0.03036   0.00828   0.16034   0.23990   0.10110   0.09550   0.06628   0.05359   0.04106   1.69647   0.72201   0.96612   0.84179   0.66731  
 42 92.8038  15476.004412  x:  6.73858   1.53145   0.70879   0.79770   0.75693   0.70142   0.65007   0.32264   0.39859   0.46281   0.22924   0.05287   0.00553   0.17354   0.18423   0.06275   0.10825   0.06379   0.03426   0.03268   0.03497   0.82575   0.88973   0.73553   0.59595   0.58259   0.24377   0.52675   0.40404   0.29191   0.03160   0.00827   0.15696   0.23752   0.10130   0.09563   0.06537   0.05803   0.04816   1.70243   0.72173   0.96673   0.84032   0.65966  
 43 90.4190  15474.656960  x:  6.74996   1.53962   0.69269   0.83354   0.73468   0.71170   0.66569   0.31740   0.38965   0.44848   0.23087   0.04144   0.00567   0.16922   0.18476   0.06293   0.10130   0.06672   0.03284   0.03768   0.04721   0.82080   0.89140   0.76645   0.63700   0.57832   0.24436   0.52802   0.39809   0.30384   0.03382   0.00839   0.15635   0.23426   0.09881   0.09912   0.06663   0.05867   0.04071   1.71583   0.72144   0.96576   0.83980   0.64973  
 44 141.0445  15473.608760  x:  6.76149   1.54667   0.67686   0.86597   0.71350   0.72197   0.67900   0.31277   0.38539   0.44013   0.24198   0.05082   0.00585   0.15739   0.18460   0.06511   0.10282   0.06980   0.03323   0.03593   0.05833   0.81392   0.89122   0.79304   0.67444   0.57461   0.24472   0.52940   0.39444   0.30677   0.02866   0.00826   0.16207   0.23498   0.09760   0.09990   0.06945   0.05292   0.04425   1.72673   0.72122   0.96349   0.84154   0.65223  
 45 139.4785  15473.200362  x:  6.76797   1.54912   0.66844   0.87993   0.70304   0.72736   0.68377   0.31078   0.38647   0.44061   0.24870   0.05288   0.00592   0.15699   0.18400   0.06331   0.10762   0.06589   0.03364   0.03687   0.06300   0.80790   0.88904   0.80278   0.69078   0.57303   0.24425   0.53011   0.39490   0.30375   0.03146   0.00826   0.16417   0.23744   0.09946   0.09743   0.06698   0.05975   0.04147   1.73043   0.72115   0.96295   0.84224   0.65895  
 46 81.4646  15472.775354  x:  6.77773   1.55050   0.65634   0.89481   0.68943   0.73482   0.68702   0.30844   0.39127   0.44684   0.25526   0.04570   0.00582   0.16526   0.18328   0.06221   0.11013   0.06874   0.03368   0.03616   0.06765   0.79573   0.88285   0.81018   0.70866   0.57132   0.24224   0.53062   0.39766   0.29573   0.03408   0.00812   0.16318   0.24125   0.10175   0.09479   0.06900   0.05560   0.04294   1.73318   0.72149   0.96393   0.84161   0.66827  
 47 61.4216  15472.481057  x:  6.78780   1.54978   0.64442   0.90435   0.67800   0.74191   0.68653   0.30636   0.39679   0.45532   0.25856   0.04558   0.00569   0.16854   0.18384   0.06588   0.10464   0.06892   0.03322   0.03657   0.07019   0.78056   0.87435   0.81170   0.72110   0.57038   0.23919   0.53025   0.40049   0.29011   0.02949   0.00836   0.16023   0.24174   0.09948   0.09796   0.06967   0.05892   0.04262   1.73417   0.72219   0.96568   0.84029   0.66830  
 48 48.3800  15472.118871  x:  6.80358   1.54715   0.62660   0.91497   0.66290   0.75275   0.68336   0.30365   0.40334   0.46696   0.26007   0.04860   0.00583   0.16634   0.18491   0.06354   0.10185   0.06719   0.03405   0.03623   0.07260   0.75542   0.86040   0.81033   0.73646   0.56993   0.23455   0.52921   0.40464   0.28915   0.03590   0.00835   0.15813   0.23971   0.09716   0.10018   0.06850   0.05617   0.04232   1.73434   0.72292   0.96733   0.83973   0.66214  
 49 70.5416  15471.731527  x:  6.82339   1.54264   0.60576   0.92456   0.64790   0.76642   0.67817   0.30147   0.40683   0.47620   0.25752   0.04497   0.00589   0.16110   0.18523   0.06224   0.10929   0.06891   0.03339   0.03641   0.07434   0.72377   0.84392   0.80660   0.75258   0.57080   0.23002   0.52752   0.40754   0.29280   0.03157   0.00842   0.16018   0.23646   0.09992   0.09674   0.06886   0.05727   0.04261   1.73300   0.72329   0.96704   0.84143   0.65521  
 50 81.4346  15471.410748  x:  6.84557   1.53632   0.58663   0.92953   0.64039   0.78247   0.67227   0.30252   0.40164   0.47420   0.25376   0.04584   0.00597   0.16361   0.18340   0.06841   0.10665   0.06626   0.03367   0.03634   0.07487   0.69095   0.83077   0.80226   0.76709   0.57474   0.22963   0.52622   0.40743   0.30222   0.03237   0.00818   0.16448   0.23702   0.10222   0.09542   0.06983   0.05652   0.04249   1.72824   0.72245   0.96428   0.84417   0.66118  
 51 44.3003  15471.164178  x:  6.86452   1.53060   0.57190   0.93193   0.63726   0.79625   0.66782   0.30475   0.39583   0.46949   0.25162   0.04761   0.00587   0.16545   0.18248   0.06216   0.10407   0.06898   0.03333   0.03652   0.07497   0.66471   0.82224   0.79938   0.77873   0.57844   0.23046   0.52548   0.40641   0.30664   0.03014   0.00826   0.16480   0.23852   0.10056   0.09691   0.06801   0.05734   0.04280   1.72366   0.72210   0.96313   0.84389   0.66696  
 52 88.1239  15470.924048  x:  6.88740   1.52327   0.55722   0.93149   0.63935   0.81253   0.66421   0.30973   0.38946   0.46105   0.25168   0.04698   0.00594   0.16347   0.18445   0.06350   0.10898   0.06743   0.03321   0.03661   0.07456   0.63755   0.81785   0.79844   0.79183   0.58227   0.23249   0.52551   0.40456   0.30266   0.03110   0.00839   0.15914   0.24028   0.09619   0.09949   0.06974   0.05700   0.04275   1.71815   0.72220   0.96478   0.83880   0.66840  
 53 49.6402  15470.717413  x:  6.91128   1.51555   0.54451   0.92820   0.64574   0.82863   0.66202   0.31583   0.38715   0.45429   0.25395   0.04740   0.00593   0.16217   0.18575   0.06485   0.10616   0.06973   0.03312   0.03661   0.07398   0.61440   0.81861   0.80011   0.80504   0.58438   0.23404   0.52616   0.40270   0.29422   0.03293   0.00852   0.15853   0.23984   0.10198   0.09640   0.06750   0.05736   0.04294   1.71348   0.72143   0.96498   0.83738   0.66395  
 54 47.7620  15470.586495  x:  6.92913   1.50998   0.53653   0.92423   0.65214   0.83969   0.66104   0.31986   0.38878   0.45239   0.25551   0.04695   0.00600   0.16375   0.18495   0.06249   0.10502   0.06667   0.03307   0.03664   0.07368   0.60083   0.82185   0.80272   0.81464   0.58439   0.23426   0.52676   0.40158   0.29056   0.03233   0.00836   0.16149   0.23847   0.10164   0.09567   0.07137   0.05715   0.04268   1.71097   0.72102   0.96347   0.83956   0.66054  
 55 49.6322  15470.407650  x:  6.95686   1.50175   0.52576   0.91658   0.66302   0.85540   0.65986   0.32455   0.39439   0.45347   0.25700   0.04622   0.00599   0.16662   0.18301   0.06415   0.10751   0.06893   0.03326   0.03652   0.07358   0.58429   0.82915   0.80785   0.82916   0.58270   0.23355   0.52768   0.40067   0.29095   0.03314   0.00834   0.16484   0.23664   0.09720   0.09799   0.06844   0.05740   0.04285   1.70823   0.72142   0.96121   0.84322   0.65812  
 56 57.1042  15470.171323  x:  6.99938   1.49022   0.51156   0.90314   0.67881   0.87614   0.65765   0.32716   0.40355   0.45989   0.25736   0.04577   0.00609   0.16419   0.18321   0.06364   0.10719   0.06864   0.03291   0.03676   0.07437   0.56642   0.84133   0.81561   0.85006   0.57829   0.23135   0.52853   0.40076   0.30012   0.03194   0.00860   0.16010   0.23719   0.10127   0.09912   0.06980   0.05746   0.04290   1.70618   0.72365   0.96367   0.84093   0.66126  
 57 48.6389  15470.108318  x:  7.01379   1.48713   0.50781   0.89830   0.68192   0.88050   0.65632   0.32467   0.40289   0.46170   0.25740   0.04570   0.00607   0.16382   0.18470   0.06385   0.10613   0.06886   0.03284   0.03679   0.07536   0.56426   0.84369   0.81658   0.85542   0.57705   0.23097   0.52833   0.40192   0.30141   0.03170   0.00859   0.16039   0.23828   0.09851   0.09464   0.06971   0.05759   0.04290   1.70735   0.72258   0.96561   0.83989   0.66159  
 58 24.3054  15469.934534  x:  7.06201   1.47853   0.49757   0.88256   0.68758   0.88972   0.65184   0.31167   0.39396   0.46578   0.25782   0.04542   0.00605   0.16505   0.18760   0.06365   0.10702   0.06882   0.03290   0.03674   0.08018   0.56419   0.84711   0.81608   0.86924   0.57417   0.23085   0.52679   0.40715   0.30014   0.03174   0.00835   0.16407   0.24143   0.10009   0.09827   0.06971   0.05756   0.04291   1.71458   0.72024   0.96789   0.83954   0.66042  
 59 29.8277  15469.811101  x:  7.10109   1.47267   0.49158   0.87268   0.68992   0.89459   0.65166   0.30508   0.38894   0.46728   0.25832   0.04570   0.00619   0.16461   0.18329   0.06383   0.10678   0.06898   0.03265   0.03688   0.08501   0.56686   0.84668   0.81362   0.87670   0.57348   0.23159   0.52546   0.40916   0.29821   0.03210   0.00860   0.16016   0.23900   0.09981   0.09679   0.07007   0.05769   0.04302   1.72030   0.72509   0.96306   0.84098   0.66076  
 60 36.2606  15469.491611  x:  7.21766   1.45849   0.48272   0.85735   0.69177   0.90236   0.66487   0.30680   0.39071   0.46607   0.25913   0.04583   0.00640   0.16412   0.17962   0.06389   0.10710   0.06944   0.03220   0.03713   0.10209   0.57997   0.83659   0.80171   0.88499   0.57613   0.23414   0.52267   0.40474   0.29763   0.03269   0.00902   0.15758   0.22866   0.10007   0.09731   0.07057   0.05794   0.04322   1.73151   0.71597   0.96628   0.84173   0.66394  
 61 30.8392  15469.037753  x:  7.39108   1.43803   0.47375   0.84319   0.69411   0.91086   0.68338   0.31299   0.39722   0.46243   0.25970   0.04604   0.00639   0.16635   0.18739   0.06384   0.10706   0.06982   0.03186   0.03732   0.12774   0.59870   0.82166   0.78607   0.89004   0.57964   0.23555   0.52098   0.39779   0.29985   0.03331   0.00884   0.16411   0.23276   0.09991   0.09736   0.07089   0.05833   0.04343   1.74333   0.72429   0.96413   0.83498   0.66192  
 62 110.9918  15468.612689  x:  7.56662   1.41755   0.47184   0.84501   0.69791   0.91487   0.68922   0.31434   0.40139   0.45793   0.25978   0.04670   0.00664   0.16557   0.18531   0.06390   0.10728   0.07033   0.03123   0.03763   0.15310   0.61268   0.81351   0.78002   0.88302   0.57996   0.23168   0.52515   0.39772   0.30195   0.03325   0.00880   0.15770   0.25136   0.09991   0.09681   0.07172   0.05862   0.04365   1.74466   0.72005   0.96209   0.84466   0.65523  
 63 82.0096  15466.893233  x:  8.27574   1.33422   0.48152   0.88745   0.71270   0.91823   0.67585   0.30225   0.40247   0.44471   0.25988   0.04861   0.00778   0.16694   0.17011   0.06449   0.10777   0.07199   0.02920   0.03871   0.25263   0.65405   0.80563   0.78530   0.82720   0.57591   0.21124   0.54766   0.41315   0.30305   0.03424   0.00927   0.16509   0.24398   0.09993   0.09710   0.07379   0.05999   0.04463   1.72296   0.72683   0.97490   0.83773   0.64974  
 64 137.3410  15466.133469  x:  8.59143   1.29599   0.48817   0.90581   0.71330   0.91497   0.66728   0.29864   0.40009   0.44568   0.26090   0.04913   0.00759   0.16864   0.19133   0.06402   0.10797   0.07280   0.02839   0.03915   0.29501   0.66779   0.80919   0.79345   0.79938   0.57730   0.21003   0.54910   0.41501   0.30329   0.03473   0.00996   0.15994   0.23196   0.10005   0.09712   0.07484   0.06051   0.04505   1.71386   0.72623   0.96750   0.84690   0.65250  
 65 293.5335  15465.183259  x:  8.98370   1.24356   0.50265   0.91802   0.68951   0.89304   0.65573   0.30663   0.38997   0.46737   0.26416   0.04951   0.00812   0.16975   0.18660   0.06426   0.10846   0.07397   0.02731   0.03974   0.33999   0.66849   0.83434   0.81664   0.75970   0.58746   0.23388   0.52019   0.39748   0.30457   0.03655   0.01022   0.16105   0.23596   0.10011   0.09697   0.07618   0.06135   0.04552   1.71140   0.71925   0.95912   0.83771   0.64709  
 66 115.0479  15464.816790  x:  9.13915   1.21814   0.52097   0.90860   0.66193   0.86318   0.65790   0.32205   0.38641   0.45959   0.26139   0.05095   0.00827   0.16990   0.18701   0.06431   0.10840   0.07412   0.02694   0.03992   0.34891   0.65050   0.85285   0.82215   0.75085   0.57139   0.23078   0.52175   0.40641   0.30445   0.03649   0.01028   0.16108   0.23568   0.10009   0.09703   0.07645   0.06152   0.04572   1.72605   0.72354   0.96553   0.84280   0.64955  
 67 33.3370  15464.615598  x:  9.23098   1.20403   0.55253   0.91024   0.65952   0.83055   0.65439   0.31510   0.39496   0.45487   0.26298   0.05079   0.00836   0.17031   0.18718   0.06434   0.10851   0.07444   0.02683   0.03998   0.34940   0.63141   0.85826   0.81371   0.76811   0.57188   0.23893   0.53332   0.40479   0.30599   0.03637   0.01036   0.16098   0.23545   0.10014   0.09699   0.07680   0.06171   0.04573   1.73497   0.71862   0.95863   0.83720   0.64920  
 68 15.9057  15464.504428  x:  9.28523   1.19794   0.57650   0.91433   0.66526   0.80957   0.65662   0.31409   0.39049   0.45847   0.26210   0.05113   0.00841   0.17021   0.18722   0.06435   0.10853   0.07444   0.02681   0.04000   0.34868   0.62069   0.85758   0.80738   0.78561   0.57075   0.23198   0.52606   0.39823   0.30449   0.03695   0.01040   0.16104   0.23544   0.10012   0.09700   0.07678   0.06172   0.04574   1.73316   0.72160   0.96283   0.84083   0.64970  
 69 16.2282  15464.474984  x:  9.30259   1.19804   0.58241   0.91344   0.66610   0.80393   0.65941   0.31739   0.38784   0.46076   0.26243   0.05117   0.00843   0.17024   0.18723   0.06434   0.10854   0.07446   0.02690   0.03995   0.34781   0.61957   0.85600   0.80837   0.79204   0.57522   0.23192   0.52455   0.40565   0.30548   0.03646   0.01040   0.16102   0.23535   0.10015   0.09698   0.07682   0.06171   0.04567   1.72838   0.72137   0.96237   0.84061   0.64872  
 70  6.3053  15464.437892  x:  9.33250   1.20219   0.58374   0.90627   0.66282   0.79840   0.65738   0.31728   0.38966   0.45827   0.26197   0.05113   0.00847   0.17010   0.18718   0.06431   0.10851   0.07438   0.02710   0.03984   0.34388   0.62030   0.85128   0.81583   0.79710   0.57902   0.22422   0.52376   0.40423   0.30487   0.03651   0.01039   0.16099   0.23546   0.10011   0.09700   0.07669   0.06163   0.04555   1.72129   0.71911   0.95891   0.83825   0.64884  
 71  3.3602  15464.369433  x:  9.39508   1.21285   0.58280   0.89975   0.66252   0.79394   0.65370   0.31674   0.39161   0.45766   0.26280   0.05067   0.00854   0.17005   0.18707   0.06429   0.10849   0.07432   0.02763   0.03955   0.33350   0.61981   0.84282   0.82668   0.80051   0.58570   0.22761   0.52799   0.40056   0.30493   0.03639   0.01039   0.16086   0.23538   0.10014   0.09696   0.07656   0.06151   0.04521   1.71984   0.72404   0.96634   0.84373   0.64877  
 72  7.2165  15464.032909  x:  9.71554   1.26938   0.57693   0.89825   0.68205   0.79408   0.65369   0.32497   0.38576   0.46425   0.26173   0.04969   0.00888   0.16902   0.18680   0.06412   0.10826   0.07358   0.03044   0.03800   0.27520   0.61006   0.81376   0.85331   0.80102   0.57207   0.23247   0.53037   0.40066   0.30426   0.03497   0.01017   0.16062   0.23570   0.10023   0.09686   0.07531   0.06058   0.04347   1.74180   0.71994   0.96062   0.83875   0.65102  
 73 18.7768  15463.644478  x: 10.09204   1.33891   0.56861   0.90702   0.67342   0.81509   0.65782   0.31329   0.39890   0.44998   0.26057   0.04841   0.00932   0.16785   0.18639   0.06389   0.10794   0.07273   0.03371   0.03617   0.20520   0.60917   0.83313   0.83476   0.81054   0.56903   0.23941   0.50969   0.40890   0.30365   0.03313   0.00995   0.16007   0.23595   0.10029   0.09676   0.07390   0.05952   0.04146   1.74019   0.72140   0.96225   0.84034   0.65168  
 74 30.2509  15463.457046  x: 10.27577   1.37420   0.56250   0.91105   0.66248   0.82728   0.66536   0.31350   0.39014   0.45907   0.25952   0.04803   0.00952   0.16726   0.18623   0.06377   0.10781   0.07228   0.03527   0.03531   0.17071   0.61072   0.85309   0.81773   0.81677   0.57231   0.23552   0.52562   0.40055   0.30294   0.03254   0.00988   0.15991   0.23606   0.10030   0.09672   0.07314   0.05901   0.04050   1.73380   0.72067   0.96056   0.83957   0.65131  
 75 41.8035  15463.437559  x: 10.30057   1.38428   0.55671   0.91311   0.66529   0.82400   0.66047   0.31761   0.39040   0.45875   0.25956   0.04797   0.00956   0.16726   0.18621   0.06377   0.10781   0.07231   0.03529   0.03529   0.16558   0.61080   0.85717   0.81499   0.81823   0.57965   0.23042   0.52518   0.40140   0.30295   0.03255   0.00989   0.15991   0.23610   0.10031   0.09672   0.07317   0.05902   0.04048   1.74000   0.72064   0.96062   0.83944   0.65185  
 76  1.9739  15463.252044  x: 10.57526   1.51628   0.53944   0.90079   0.67304   0.82226   0.65234   0.32457   0.39007   0.45844   0.26073   0.04794   0.01014   0.16784   0.18597   0.06385   0.10808   0.07313   0.03458   0.03559   0.10254   0.60015   0.85907   0.80532   0.83018   0.56615   0.23833   0.52550   0.40030   0.30386   0.03293   0.01025   0.15988   0.23622   0.10032   0.09667   0.07414   0.05956   0.04079   1.73385   0.72034   0.96044   0.83917   0.65086  
 77  3.2014  15462.951006  x: 10.86471   1.62143   0.53579   0.89360   0.67640   0.83916   0.66676   0.31395   0.39060   0.45814   0.26098   0.04850   0.01074   0.16838   0.18569   0.06397   0.10834   0.07398   0.03375   0.03596   0.00000   0.58955   0.85552   0.80873   0.83222   0.57543   0.23182   0.52576   0.40124   0.30441   0.03353   0.01060   0.15997   0.23671   0.10033   0.09662   0.07516   0.06013   0.04117   1.74059   0.72046   0.96123   0.83909   0.65144  
 78 24.2640  15462.856025  x: 11.09638   1.63364   0.53414   0.89568   0.67163   0.85595   0.65372   0.32341   0.39001   0.45789   0.26158   0.04892   0.01124   0.16887   0.18545   0.06406   0.10856   0.07470   0.03300   0.03629   0.00000   0.60238   0.84613   0.80782   0.84773   0.57107   0.23390   0.52628   0.40057   0.30482   0.03413   0.01091   0.16000   0.23687   0.10034   0.09660   0.07604   0.06062   0.04151   1.74273   0.72021   0.96128   0.83900   0.65163  
 79  5.0223  15462.661017  x: 11.33226   1.55983   0.51142   0.90081   0.67479   0.85152   0.65762   0.32271   0.39009   0.45667   0.26137   0.04970   0.01175   0.16938   0.18526   0.06417   0.10877   0.07540   0.03215   0.03666   0.00000   0.61216   0.83965   0.80711   0.85812   0.56443   0.23822   0.52688   0.39963   0.30503   0.03478   0.01124   0.16007   0.23702   0.10032   0.09660   0.07690   0.06112   0.04192   1.73625   0.71986   0.96133   0.83909   0.65227  
 80 13.2972  15462.649732  x: 11.31334   1.54471   0.51851   0.89975   0.67304   0.85523   0.65467   0.32418   0.38999   0.45700   0.26147   0.04957   0.01169   0.16931   0.18528   0.06416   0.10875   0.07531   0.03221   0.03663   0.00000   0.61134   0.83987   0.80750   0.85695   0.56602   0.23709   0.52678   0.39984   0.30501   0.03471   0.01121   0.16007   0.23700   0.10032   0.09660   0.07680   0.06106   0.04189   1.73855   0.71991   0.96129   0.83907   0.65214  
 81  2.0151  15462.183369  x: 13.12783   1.55529   0.53526   0.89388   0.67880   0.86066   0.67909   0.30394   0.39223   0.45744   0.25992   0.05026   0.01342   0.16915   0.18443   0.06428   0.10861   0.07527   0.02925   0.03715   0.00000   0.60219   0.83486   0.81593   0.83243   0.58517   0.22400   0.52784   0.40345   0.30456   0.03506   0.01208   0.16047   0.23736   0.10032   0.09669   0.07715   0.06127   0.04276   1.74624   0.72057   0.96170   0.83976   0.65220  
 82  1.4888  15461.957511  x: 14.74156   1.55240   0.53114   0.89914   0.67353   0.85201   0.66203   0.31759   0.39020   0.45690   0.26324   0.04900   0.01302   0.16937   0.18501   0.06412   0.10839   0.07395   0.03262   0.03673   0.00000   0.60704   0.84535   0.80579   0.83647   0.57282   0.23148   0.52742   0.40118   0.30571   0.03418   0.01185   0.15991   0.23682   0.10034   0.09664   0.07554   0.06057   0.04212   1.74126   0.72002   0.96110   0.83899   0.65124  
 83  0.6527  15461.828968  x: 16.78908   1.55147   0.53319   0.89700   0.67697   0.85129   0.66581   0.31385   0.39242   0.45797   0.25918   0.04954   0.01194   0.16803   0.18509   0.06417   0.10843   0.07421   0.02991   0.03715   0.00000   0.60365   0.83539   0.81886   0.84056   0.57723   0.23015   0.52695   0.40242   0.30313   0.03470   0.01129   0.16081   0.23744   0.10025   0.09675   0.07577   0.06063   0.04238   1.74429   0.72016   0.96063   0.83979   0.65339  
 84  0.7368  15461.783489  x: 18.25779   1.55388   0.53302   0.89753   0.67536   0.85411   0.66825   0.31195   0.39066   0.45695   0.26297   0.04955   0.01125   0.16981   0.18504   0.06419   0.10857   0.07473   0.03103   0.03712   0.00000   0.60433   0.83976   0.81027   0.83593   0.57809   0.22775   0.52730   0.40204   0.30590   0.03469   0.01115   0.16001   0.23685   0.10035   0.09664   0.07641   0.06102   0.04255   1.74352   0.72002   0.96103   0.83930   0.65149  
 85  0.8232  15461.766289  x: 19.76504   1.55128   0.53037   0.89751   0.67565   0.85519   0.66589   0.31477   0.39157   0.45740   0.26048   0.04959   0.01116   0.16872   0.18491   0.06416   0.10848   0.07455   0.03105   0.03700   0.00000   0.60416   0.84037   0.81174   0.84089   0.57577   0.23040   0.52768   0.40199   0.30414   0.03466   0.01103   0.16052   0.23736   0.10026   0.09672   0.07619   0.06078   0.04241   1.74385   0.71999   0.96073   0.83941   0.65264  
 86  0.6395  15461.753285  x: 22.08270   1.55315   0.53269   0.89694   0.67603   0.85335   0.66724   0.31264   0.39105   0.45721   0.26215   0.04951   0.01153   0.16944   0.18505   0.06418   0.10855   0.07469   0.03070   0.03705   0.00000   0.60365   0.83769   0.81301   0.83788   0.57777   0.22841   0.52699   0.40209   0.30529   0.03464   0.01127   0.16011   0.23692   0.10034   0.09664   0.07636   0.06093   0.04235   1.74380   0.72002   0.96088   0.83944   0.65200  
 87  0.7382  15461.749624  x: 23.52158   1.55233   0.53208   0.89779   0.67536   0.85414   0.66681   0.31362   0.39127   0.45731   0.26122   0.04955   0.01162   0.16901   0.18498   0.06417   0.10849   0.07450   0.03107   0.03704   0.00000   0.60410   0.84039   0.81145   0.83873   0.57684   0.22931   0.52752   0.40201   0.30466   0.03465   0.01128   0.16038   0.23718   0.10029   0.09670   0.07614   0.06083   0.04251   1.74364   0.71997   0.96076   0.83940   0.65236  
 88  0.7490  15461.748112  x: 25.31481   1.55243   0.53176   0.89718   0.67582   0.85406   0.66661   0.31354   0.39121   0.45723   0.26167   0.04948   0.01159   0.16918   0.18498   0.06417   0.10851   0.07457   0.03083   0.03701   0.00000   0.60372   0.83865   0.81256   0.83909   0.57695   0.22917   0.52727   0.40204   0.30495   0.03460   0.01125   0.16022   0.23705   0.10032   0.09667   0.07621   0.06085   0.04231   1.74374   0.72000   0.96083   0.83942   0.65220  
 89  0.6366  15461.747534  x: 26.78749   1.55252   0.53224   0.89760   0.67551   0.85396   0.66697   0.31332   0.39122   0.45731   0.26143   0.04955   0.01156   0.16911   0.18500   0.06418   0.10851   0.07456   0.03097   0.03706   0.00000   0.60394   0.83975   0.81179   0.83857   0.57712   0.22906   0.52738   0.40203   0.30480   0.03466   0.01123   0.16032   0.23712   0.10030   0.09669   0.07621   0.06086   0.04250   1.74370   0.71997   0.96077   0.83942   0.65230  
 90  0.6845  15461.747377  x: 27.87868   1.55239   0.53187   0.89740   0.67567   0.85410   0.66671   0.31355   0.39124   0.45725   0.26152   0.04952   0.01156   0.16913   0.18499   0.06417   0.10851   0.07456   0.03092   0.03703   0.00000   0.60385   0.83925   0.81216   0.83896   0.57693   0.22919   0.52737   0.40204   0.30485   0.03463   0.01123   0.16028   0.23710   0.10031   0.09668   0.07621   0.06085   0.04239   1.74371   0.71999   0.96080   0.83941   0.65226  
 91  0.5031  15461.747333  x: 28.71829   1.55248   0.53209   0.89749   0.67559   0.85400   0.66686   0.31339   0.39122   0.45729   0.26149   0.04953   0.01156   0.16913   0.18499   0.06418   0.10851   0.07456   0.03093   0.03704   0.00000   0.60387   0.83945   0.81200   0.83875   0.57706   0.22910   0.52735   0.40203   0.30484   0.03465   0.01124   0.16030   0.23710   0.10030   0.09668   0.07621   0.06086   0.04245   1.74371   0.71997   0.96078   0.83942   0.65228  
 92  0.3976  15461.747326  x: 29.06420   1.55244   0.53200   0.89746   0.67562   0.85404   0.66680   0.31346   0.39123   0.45727   0.26150   0.04953   0.01156   0.16912   0.18499   0.06417   0.10851   0.07456   0.03093   0.03704   0.00000   0.60387   0.83939   0.81206   0.83883   0.57700   0.22914   0.52737   0.40203   0.30484   0.03464   0.01124   0.16029   0.23710   0.10031   0.09668   0.07621   0.06085   0.04242   1.74371   0.71998   0.96079   0.83941   0.65228  
 93  0.2166  15461.747325  x: 29.18329   1.55245   0.53202   0.89746   0.67561   0.85403   0.66681   0.31345   0.39122   0.45727   0.26149   0.04953   0.01156   0.16913   0.18499   0.06417   0.10851   0.07456   0.03093   0.03704   0.00000   0.60386   0.83940   0.81205   0.83882   0.57701   0.22913   0.52736   0.40203   0.30484   0.03464   0.01124   0.16029   0.23710   0.10031   0.09668   0.07621   0.06085   0.04243   1.74371   0.71998   0.96079   0.83941   0.65228  
 94  0.0839  15461.747325  x: 29.19565   1.55245   0.53202   0.89746   0.67561   0.85403   0.66681   0.31345   0.39122   0.45727   0.26149   0.04953   0.01156   0.16913   0.18499   0.06417   0.10851   0.07456   0.03093   0.03704   0.00000   0.60386   0.83940   0.81205   0.83882   0.57701   0.22913   0.52736   0.40203   0.30484   0.03464   0.01124   0.16029   0.23710   0.10031   0.09668   0.07621   0.06085   0.04243   1.74371   0.71998   0.96079   0.83941   0.65228  
 95  0.0105  15461.747325  x: 29.19459   1.55245   0.53202   0.89746   0.67561   0.85403   0.66681   0.31345   0.39122   0.45727   0.26149   0.04953   0.01156   0.16913   0.18499   0.06417   0.10851   0.07456   0.03093   0.03704   0.00000   0.60386   0.83940   0.81205   0.83882   0.57701   0.22913   0.52736   0.40203   0.30484   0.03464   0.01124   0.16029   0.23710   0.10031   0.09668   0.07621   0.06085   0.04243   1.74371   0.71998   0.96079   0.83941   0.65228  