

TREE # 1

  0  0.0000   2362.450327  x:  0.01972   0.20925   0.02571   0.03211   0.02495   0.05815   0.02188   0.05666   0.08536   0.02661   0.17168   0.01972   0.20925   0.02571   0.03211   0.02495   0.05815   0.02188   0.05666   0.08536   0.02661   0.17168   0.21568   8.40433   1.47780   1.08197   1.62226   1.00000  
  1 99.0000   2113.946171  x:  0.01678   0.21156   0.17913   0.11509   0.01667   0.04565   0.01015   0.04646   0.07388   0.08803   0.14909   0.00000   0.19696   0.37613   0.15376   0.02925   0.05786   0.03362   0.04938   0.07867   0.23770   0.15116   0.19351   8.40413   1.47897   1.08290   1.62224   1.00028  
  2 2731.0754   2078.206420  x:  0.01655   0.21868   0.17986   0.12999   0.01707   0.00865   0.03801   0.01393   0.02500   0.07769   0.05159   0.00000   0.13523   0.37339   0.17527   0.00911   0.05711   0.02489   0.02937   0.01725   0.23163   0.06798   0.09788   8.40349   1.48361   1.08910   1.62013   1.00104  
  3 271.8314   2068.610324  x:  0.01747   0.22092   0.18009   0.13426   0.01829   0.01839   0.04042   0.01464   0.01407   0.07486   0.02132   0.00000   0.11588   0.37222   0.18183   0.01354   0.05700   0.02464   0.02745   0.00000   0.22981   0.04290   0.06736   8.40328   1.48512   1.09097   1.61960   1.00129  
  4 1240.5985   2068.610324  x:  0.01747   0.22092   0.18009   0.13426   0.01829   0.01839   0.04042   0.01464   0.01407   0.07486   0.02132   0.00000   0.11588   0.37222   0.18183   0.01354   0.05700   0.02464   0.02745   0.00000   0.22981   0.04290   0.06736   8.40328   1.48512   1.09097   1.61960   1.00129  
  5 427.7186   2060.698974  x:  0.02116   0.22233   0.18442   0.13763   0.01989   0.03919   0.01983   0.04784   0.03833   0.07668   0.01709   0.00000   0.10524   0.37923   0.18880   0.03377   0.05734   0.03311   0.04212   0.00924   0.23425   0.03951   0.04912   8.40312   1.48623   1.09167   1.61997   1.00143  
  6 334.1987   2058.557895  x:  0.02056   0.22363   0.18737   0.13901   0.01636   0.03719   0.00679   0.04511   0.03996   0.07798   0.01746   0.00000   0.09500   0.38558   0.19373   0.03014   0.05747   0.03303   0.04328   0.00993   0.23853   0.03789   0.03373   8.40295   1.48737   1.09257   1.62017   1.00156  
  7 154.7090   2057.241879  x:  0.02038   0.22521   0.19093   0.14068   0.01502   0.03618   0.01115   0.04367   0.04229   0.07936   0.01742   0.00000   0.08250   0.39349   0.19964   0.02754   0.05760   0.03328   0.04491   0.01043   0.24385   0.03648   0.01800   8.40273   1.48882   1.09372   1.62045   1.00172  
  8 216.9055   2055.048863  x:  0.02122   0.23095   0.20332   0.14596   0.02326   0.03453   0.01177   0.04011   0.04569   0.08284   0.01671   0.00000   0.03683   0.42444   0.22025   0.02379   0.05785   0.03343   0.04764   0.00723   0.26462   0.03609   0.02481   8.40182   1.49481   1.09850   1.62168   1.00236  
  9 108.4575   2054.747103  x:  0.02095   0.23173   0.20481   0.14622   0.02011   0.03515   0.01210   0.04021   0.04446   0.08261   0.01719   0.00692   0.03381   0.43053   0.22297   0.02551   0.05780   0.03331   0.04703   0.00574   0.26884   0.03681   0.02575   8.40163   1.49614   1.09964   1.62195   1.00248  
 10 96.8896   2054.286967  x:  0.02040   0.23344   0.20784   0.14635   0.01314   0.03678   0.01281   0.04126   0.04023   0.08125   0.01766   0.00549   0.03116   0.44599   0.22886   0.02966   0.05761   0.03290   0.04469   0.00161   0.28037   0.03191   0.02769   8.40109   1.49990   1.10284   1.62263   1.00285  
 11 83.7292   2054.026380  x:  0.02040   0.23402   0.20868   0.14618   0.01501   0.03704   0.01260   0.04200   0.03823   0.08024   0.01755   0.00574   0.03301   0.45320   0.23090   0.03044   0.05753   0.03273   0.04347   0.00000   0.28565   0.03107   0.02715   8.40082   1.50185   1.10451   1.62299   1.00303  
 12 91.3536   2053.782168  x:  0.02202   0.23460   0.20899   0.14583   0.01305   0.03591   0.01296   0.04241   0.04107   0.07840   0.01660   0.00362   0.03789   0.46924   0.23371   0.02618   0.05767   0.03388   0.04555   0.00000   0.29513   0.03747   0.02833   8.40005   1.50749   1.10919   1.62422   1.00348  
 13 48.7034   2053.717662  x:  0.01939   0.23421   0.20748   0.14521   0.01321   0.03570   0.01308   0.04101   0.04244   0.07832   0.01921   0.00299   0.03831   0.47466   0.23248   0.02718   0.05773   0.03315   0.04654   0.00000   0.29567   0.03857   0.02862   8.39961   1.51074   1.11192   1.62510   1.00366  
 14 22.2202   2053.570096  x:  0.01970   0.23217   0.20135   0.14272   0.01307   0.03555   0.01319   0.03687   0.04330   0.07900   0.01621   0.00275   0.03757   0.48790   0.22610   0.03017   0.05778   0.03142   0.04656   0.00000   0.29269   0.03831   0.02902   8.39817   1.52122   1.12074   1.62818   1.00416  
 15 30.5699   2053.465927  x:  0.02240   0.23054   0.19679   0.14097   0.01262   0.03560   0.01335   0.03735   0.04184   0.07981   0.01866   0.00288   0.03634   0.49715   0.22099   0.02909   0.05773   0.03257   0.04480   0.00000   0.28924   0.03718   0.02950   8.39690   1.53030   1.12830   1.63108   1.00459  
 16 52.4801   2053.414045  x:  0.02012   0.22987   0.19533   0.14065   0.01210   0.03547   0.01349   0.03932   0.04007   0.08022   0.01782   0.00302   0.03572   0.50073   0.21908   0.02719   0.05766   0.03344   0.04369   0.00000   0.28724   0.03681   0.02992   8.39612   1.53569   1.13266   1.63306   1.00485  
 17 35.8397   2053.326041  x:  0.02056   0.23006   0.19911   0.14419   0.01136   0.03414   0.01369   0.04027   0.03524   0.08002   0.01811   0.00248   0.03631   0.50084   0.22127   0.02809   0.05750   0.03044   0.04477   0.00000   0.28418   0.03818   0.03048   8.39375   1.55080   1.14411   1.64023   1.00561  
 18 13.4683   2053.221757  x:  0.02019   0.23081   0.20477   0.14824   0.01096   0.03514   0.01399   0.03664   0.03381   0.07893   0.01817   0.00285   0.03864   0.49866   0.22476   0.02884   0.05756   0.03393   0.04303   0.00000   0.28164   0.03703   0.03155   8.39041   1.57133   1.15937   1.65075   1.00668  
 19 43.9368   2053.168535  x:  0.02020   0.23154   0.20646   0.14746   0.01066   0.03494   0.01420   0.03649   0.03637   0.07798   0.01831   0.00382   0.03974   0.49592   0.22569   0.02751   0.05760   0.03154   0.04086   0.00000   0.28242   0.03463   0.03224   8.38832   1.58322   1.16786   1.65786   1.00740  
 20 27.4379   2053.028898  x:  0.02024   0.23404   0.20571   0.13778   0.01072   0.03186   0.01424   0.03675   0.03624   0.07628   0.01820   0.00453   0.03810   0.48614   0.22534   0.02833   0.05771   0.03302   0.04272   0.00000   0.29060   0.03365   0.03237   8.38165   1.61841   1.19190   1.68154   1.00985  
 21 29.8852   2052.970192  x:  0.02020   0.23473   0.20427   0.13590   0.01086   0.03581   0.01411   0.03604   0.03530   0.07692   0.01826   0.00410   0.03670   0.48248   0.22462   0.02754   0.05760   0.03213   0.04247   0.00000   0.29454   0.03531   0.03194   8.37845   1.63430   1.20240   1.69319   1.01108  
 22 51.1208   2052.866200  x:  0.02030   0.23381   0.19911   0.14365   0.01123   0.03438   0.01385   0.03731   0.03690   0.08126   0.01812   0.00376   0.03543   0.47912   0.22178   0.02863   0.05742   0.03261   0.04081   0.00000   0.29979   0.03665   0.03110   8.37180   1.66333   1.22035   1.71823   1.01371  
 23 28.4251   2052.824208  x:  0.02038   0.23246   0.19783   0.14629   0.01158   0.03508   0.01379   0.03734   0.03706   0.08046   0.01805   0.00453   0.03594   0.47937   0.22123   0.02709   0.05773   0.03262   0.04450   0.00000   0.29908   0.03445   0.03100   8.36867   1.67495   1.22702   1.73023   1.01488  
 24 26.3434   2052.750982  x:  0.02046   0.22938   0.20007   0.14535   0.01220   0.03525   0.01340   0.03858   0.03849   0.07546   0.01792   0.00350   0.03493   0.48390   0.22360   0.02760   0.05781   0.03285   0.04368   0.00000   0.29165   0.03657   0.02973   8.36218   1.69415   1.23682   1.75505   1.01713  
 25 19.0565   2052.722186  x:  0.02049   0.22996   0.20251   0.14299   0.01247   0.03534   0.01332   0.03879   0.03902   0.07975   0.01787   0.00331   0.03609   0.48649   0.22516   0.02751   0.05737   0.03291   0.04410   0.00000   0.28793   0.03666   0.02953   8.35897   1.70087   1.23976   1.76684   1.01799  
 26 15.1779   2052.705659  x:  0.02048   0.23405   0.20182   0.14325   0.01238   0.03527   0.01335   0.03867   0.03858   0.07923   0.01786   0.00324   0.03616   0.48736   0.22479   0.02754   0.05967   0.03282   0.04383   0.00000   0.28764   0.03666   0.02961   8.35498   1.70079   1.23846   1.77841   1.01807  
 27  3.4692   2052.690969  x:  0.02045   0.23651   0.20120   0.14360   0.01227   0.03517   0.01338   0.03842   0.03821   0.07836   0.01787   0.00324   0.03611   0.48790   0.22432   0.02749   0.05713   0.03279   0.04373   0.00000   0.28795   0.03652   0.02972   8.35102   1.70005   1.23702   1.78903   1.01802  
 28 14.1725   2052.673024  x:  0.02036   0.23083   0.20197   0.14326   0.01213   0.03500   0.01345   0.03799   0.03754   0.07879   0.01794   0.00332   0.03590   0.48774   0.22390   0.02748   0.05752   0.03267   0.04338   0.00000   0.29054   0.03626   0.02997   8.34435   1.69745   1.23541   1.80198   1.01740  
 29  4.9450   2052.607396  x:  0.02031   0.23048   0.19654   0.14295   0.01263   0.03469   0.01334   0.03751   0.03711   0.07939   0.01796   0.00316   0.03581   0.48966   0.23155   0.02711   0.05752   0.03254   0.04295   0.00000   0.29071   0.03615   0.02966   8.28983   1.68340   1.25490   1.80729   1.00609  
 30  1.1483   2052.528469  x:  0.02034   0.23282   0.20510   0.14394   0.01332   0.03438   0.01309   0.03717   0.03675   0.07856   0.01791   0.00287   0.03435   0.49342   0.22353   0.02650   0.05754   0.03252   0.04307   0.00000   0.29362   0.03650   0.02888   8.22206   1.67228   1.27184   1.80963   0.99441  
 31 17.3718   2052.055874  x:  0.02005   0.23373   0.20622   0.14437   0.01660   0.03167   0.01218   0.03296   0.03198   0.07862   0.01791   0.00294   0.03065   0.51030   0.23001   0.02338   0.05747   0.03154   0.04049   0.00000   0.30538   0.03471   0.02637   7.80115   1.70286   1.24145   1.78570   0.96801  
 32 10.7826   2052.004063  x:  0.02002   0.23399   0.20666   0.14443   0.01699   0.03134   0.01209   0.03242   0.03145   0.07855   0.01791   0.00306   0.03029   0.51153   0.23040   0.02301   0.05748   0.03143   0.04026   0.00000   0.30657   0.03445   0.02611   7.75010   1.69794   1.24562   1.78220   1.00526  
 33  3.7942   2051.969228  x:  0.02005   0.23283   0.20499   0.14379   0.01742   0.03108   0.01232   0.03236   0.03273   0.07837   0.01780   0.00233   0.03382   0.50553   0.22836   0.02340   0.05750   0.03135   0.04115   0.00000   0.30203   0.03575   0.02529   7.57960   1.69613   1.24325   1.78061   1.00180  
 34  0.1604   2051.968361  x:  0.02008   0.23278   0.20478   0.14380   0.01751   0.03121   0.01243   0.03253   0.03248   0.07839   0.01778   0.00237   0.03410   0.50420   0.22823   0.02322   0.05750   0.03141   0.04104   0.00000   0.30133   0.03557   0.02539   7.58195   1.69453   1.24196   1.77983   1.00171  
 35  0.0040   2051.968318  x:  0.02007   0.23280   0.20476   0.14382   0.01754   0.03121   0.01242   0.03248   0.03250   0.07843   0.01778   0.00237   0.03405   0.50405   0.22826   0.02324   0.05750   0.03142   0.04104   0.00000   0.30128   0.03554   0.02533   7.58511   1.69414   1.24169   1.77966   1.00172  
 36  0.0032   2051.968317  x:  0.02007   0.23280   0.20477   0.14383   0.01755   0.03119   0.01243   0.03248   0.03250   0.07843   0.01778   0.00236   0.03404   0.50407   0.22826   0.02323   0.05750   0.03141   0.04104   0.00000   0.30129   0.03554   0.02533   7.58547   1.69414   1.24170   1.77966   1.00173  
 37  0.0003   2051.968316  x:  0.02007   0.23280   0.20477   0.14383   0.01755   0.03120   0.01243   0.03248   0.03250   0.07843   0.01778   0.00236   0.03404   0.50408   0.22826   0.02323   0.05750   0.03141   0.04104   0.00000   0.30129   0.03555   0.02533   7.58547   1.69415   1.24172   1.77967   1.00173  
 38  0.0000   2051.968316  x:  0.02007   0.23280   0.20477   0.14383   0.01755   0.03120   0.01243   0.03248   0.03250   0.07843   0.01778   0.00236   0.03404   0.50408   0.22826   0.02323   0.05750   0.03141   0.04104   0.00000   0.30129   0.03554   0.02533   7.58547   1.69415   1.24172   1.77967   1.00173  
 39  0.0000   2051.968316  x:  0.02007   0.23280   0.20477   0.14383   0.01755   0.03120   0.01243   0.03248   0.03250   0.07843   0.01778   0.00236   0.03404   0.50408   0.22826   0.02323   0.05750   0.03141   0.04104   0.00000   0.30129   0.03554   0.02533   7.58546   1.69415   1.24172   1.77967   1.00173  
 40  0.0000   2051.968316  x:  0.02007   0.23280   0.20477   0.14383   0.01755   0.03120   0.01243   0.03248   0.03250   0.07843   0.01778   0.00236   0.03404   0.50408   0.22826   0.02323   0.05750   0.03141   0.04104   0.00000   0.30129   0.03554   0.02533   7.58546   1.69415   1.24172   1.77967   1.00173  

TREE # 2

  0  0.0000   2456.257597  x:  0.02007   0.23280   0.20477   0.14383   0.01755   0.03120   0.01243   0.03248   0.03250   0.07843   0.01778   0.00236   0.03404   0.50408   0.22826   0.02323   0.05750   0.03141   0.04104   0.00000   0.30129   0.03554   0.02533   7.58546   1.63814   1.18064   1.65641   1.00173  
  1 99.0000   2270.015414  x:  0.02246   0.21958   0.19230   0.13827   0.21021   0.20306   0.04926   0.10199   0.03655   0.06989   0.05610   0.16614   0.02878   0.49090   0.22859   0.05874   0.09270   0.03574   0.08774   0.32660   0.28913   0.03330   0.01768   7.58544   1.63808   1.18088   1.65658   1.00187  
  2 4661.5073   2216.302710  x:  0.02563   0.16940   0.14352   0.11252   0.23453   0.26098   0.03492   0.15423   0.03984   0.03604   0.05659   0.12585   0.01282   0.44037   0.22948   0.08379   0.15206   0.03963   0.10369   0.29219   0.24227   0.02916   0.00000   7.58549   1.63802   1.18375   1.65536   1.00183  
  3 430.9174   2181.089090  x:  0.02820   0.12765   0.10296   0.09114   0.25481   0.30899   0.02304   0.19726   0.04254   0.00811   0.05705   0.09251   0.00000   0.39833   0.23022   0.10430   0.20083   0.04275   0.11690   0.26382   0.20331   0.02622   0.00490   7.58552   1.63796   1.18612   1.65435   1.00179  
  4 19867.0042   2162.260406  x:  0.02936   0.10130   0.07773   0.07834   0.26749   0.33728   0.01606   0.22064   0.04425   0.00000   0.05782   0.07305   0.01843   0.37183   0.23102   0.11426   0.22649   0.04356   0.12455   0.24735   0.17851   0.02589   0.00684   7.58553   1.63792   1.18754   1.65377   1.00180  
  5 3262.1780   2124.051715  x:  0.03063   0.03705   0.01692   0.04831   0.29799   0.40355   0.00000   0.27359   0.05105   0.03238   0.06074   0.02846   0.04158   0.30661   0.23245   0.13495   0.28314   0.04409   0.14214   0.20828   0.11761   0.02661   0.01099   7.58556   1.63781   1.19088   1.65248   1.00177  
  6 4268.4919   2104.572354  x:  0.02083   0.00000   0.01571   0.04082   0.31637   0.43026   0.00000   0.27432   0.04157   0.03137   0.06142   0.03971   0.04085   0.24799   0.23126   0.11851   0.27571   0.03102   0.14502   0.18158   0.06402   0.03786   0.01063   7.58560   1.63782   1.19263   1.65236   1.00160  
  7 390.6885   2104.572354  x:  0.02083   0.00000   0.01571   0.04082   0.31637   0.43026   0.00000   0.27432   0.04157   0.03137   0.06142   0.03971   0.04085   0.24799   0.23126   0.11851   0.27571   0.03102   0.14502   0.18158   0.06402   0.03786   0.01063   7.58560   1.63782   1.19263   1.65236   1.00160  
  8 1256.6264   2098.640802  x:  0.02666   0.04795   0.04639   0.04032   0.31517   0.43315   0.00000   0.27109   0.04089   0.02634   0.06006   0.03515   0.03011   0.22875   0.23085   0.11228   0.27098   0.03064   0.14482   0.16429   0.04867   0.03409   0.01386   7.58561   1.63772   1.19310   1.65261   1.00150  
  9 472.9131   2082.372303  x:  0.02798   0.04619   0.04342   0.03806   0.31323   0.44006   0.00000   0.26169   0.04028   0.01738   0.05704   0.02656   0.00486   0.16999   0.23006   0.09476   0.25713   0.03027   0.14470   0.11225   0.00521   0.02711   0.01040   7.58565   1.63762   1.19435   1.65320   1.00133  
 10 295.3636   2079.232196  x:  0.02826   0.04618   0.04308   0.03756   0.31275   0.44185   0.00000   0.25932   0.04034   0.01668   0.05647   0.02560   0.00927   0.15449   0.23000   0.09053   0.25361   0.03042   0.14490   0.09904   0.00000   0.02635   0.01099   7.58565   1.63760   1.19463   1.65341   1.00129  
 11 764.1932   2061.818715  x:  0.02970   0.04611   0.04093   0.03447   0.30972   0.45313   0.00000   0.24446   0.04074   0.01314   0.05305   0.02042   0.01330   0.05631   0.22953   0.06417   0.23151   0.03202   0.14721   0.01801   0.00817   0.02232   0.01375   7.58570   1.63745   1.19638   1.65474   1.00095  
 12 1640.6716   2058.570461  x:  0.02882   0.04679   0.04131   0.03408   0.30884   0.45737   0.00000   0.23964   0.04163   0.02201   0.05368   0.02859   0.01209   0.01916   0.22971   0.06069   0.22431   0.03136   0.14656   0.01739   0.00708   0.02813   0.01149   7.58570   1.63736   1.19679   1.65558   1.00094  
 13 276.1470   2058.253901  x:  0.02870   0.04657   0.04117   0.03400   0.30859   0.45880   0.00000   0.23810   0.04116   0.01889   0.05385   0.02655   0.01262   0.01350   0.22981   0.06055   0.22212   0.03123   0.14619   0.02043   0.00737   0.02695   0.01243   7.58570   1.63733   1.19691   1.65592   1.00095  
 14 103.7968   2057.900353  x:  0.02747   0.04646   0.04168   0.03373   0.30660   0.47091   0.00000   0.22599   0.04068   0.01777   0.05587   0.02649   0.01331   0.01455   0.23102   0.06250   0.20454   0.03103   0.14334   0.02134   0.00781   0.02782   0.00859   7.58571   1.63706   1.19777   1.65905   1.00106  
 15 29.2642   2057.671514  x:  0.02695   0.04589   0.04188   0.03349   0.30508   0.48053   0.00000   0.21684   0.04058   0.01856   0.05705   0.02705   0.01290   0.01568   0.23192   0.06433   0.19119   0.03127   0.14122   0.02185   0.00772   0.02834   0.01223   7.58571   1.63684   1.19845   1.66163   1.00115  
 16 201.1505   2057.631766  x:  0.02883   0.04538   0.04228   0.03320   0.30482   0.48383   0.00000   0.21600   0.04097   0.01990   0.05558   0.02661   0.01294   0.01559   0.23186   0.06576   0.18980   0.03291   0.14111   0.02207   0.00774   0.02656   0.01199   7.58570   1.63679   1.19868   1.66296   1.00121  
 17 19.7468   2057.590362  x:  0.02929   0.04441   0.04357   0.03250   0.30462   0.49020   0.00000   0.21670   0.04103   0.01857   0.05315   0.02733   0.01290   0.01543   0.23133   0.06798   0.19023   0.03451   0.14126   0.02175   0.00770   0.02806   0.01207   7.58569   1.63673   1.19920   1.66602   1.00133  
 18 15.3744   2057.506264  x:  0.02626   0.04234   0.04685   0.03074   0.30441   0.50641   0.00000   0.22010   0.04104   0.01967   0.05294   0.02609   0.01294   0.01528   0.22954   0.06915   0.19316   0.03287   0.14155   0.02155   0.00774   0.02732   0.01209   7.58564   1.63668   1.20077   1.67453   1.00164  
 19 23.4226   2057.454746  x:  0.02863   0.04104   0.04819   0.02981   0.30449   0.51678   0.00000   0.22230   0.04078   0.01904   0.05517   0.02737   0.01298   0.01553   0.22843   0.06725   0.19525   0.03152   0.14180   0.02181   0.00778   0.02696   0.01217   7.58561   1.63676   1.20208   1.68072   1.00184  
 20 34.9954   2057.441892  x:  0.02886   0.04121   0.04783   0.02988   0.30481   0.51867   0.00000   0.22247   0.04095   0.01941   0.05554   0.02643   0.01298   0.01570   0.22853   0.06572   0.19581   0.03261   0.14199   0.02215   0.00775   0.02791   0.01217   7.58562   1.63697   1.20279   1.68300   1.00187  
 21 10.0097   2057.421697  x:  0.02773   0.04227   0.04632   0.03023   0.30578   0.52003   0.00000   0.22207   0.04105   0.01913   0.05511   0.02755   0.01302   0.01593   0.22947   0.06408   0.19672   0.03400   0.14217   0.02254   0.00774   0.02706   0.01217   7.58564   1.63769   1.20461   1.68785   1.00189  
 22  9.1146   2057.330828  x:  0.02841   0.04674   0.03910   0.03069   0.31072   0.52149   0.00000   0.21961   0.04077   0.01954   0.05339   0.02711   0.01318   0.01597   0.23487   0.06511   0.20042   0.03115   0.14176   0.02264   0.00789   0.02760   0.01219   7.58580   1.64197   1.21413   1.71188   1.00192  
 23 17.6039   2057.230084  x:  0.02795   0.04661   0.03925   0.02733   0.31504   0.51798   0.00000   0.21849   0.04103   0.01931   0.05838   0.02715   0.01321   0.01556   0.23800   0.06907   0.20199   0.03372   0.14206   0.02213   0.00786   0.02747   0.01220   7.58603   1.64866   1.22581   1.74001   1.00192  
 24 24.4499   2057.002975  x:  0.02819   0.04005   0.04864   0.02309   0.32162   0.50584   0.00000   0.21874   0.04095   0.01978   0.05449   0.02754   0.01367   0.01649   0.23779   0.06633   0.19884   0.03170   0.14218   0.02377   0.00814   0.02789   0.01223   7.58666   1.66687   1.25296   1.80222   1.00177  
 25 45.4308   2056.890525  x:  0.02817   0.03839   0.05068   0.03322   0.31950   0.50077   0.00000   0.22167   0.04029   0.01988   0.05542   0.02757   0.01387   0.01642   0.23253   0.06844   0.19666   0.03210   0.14177   0.02371   0.00824   0.02793   0.01225   7.58705   1.67955   1.26632   1.82995   1.00163  
 26 29.4457   2056.732296  x:  0.02786   0.04109   0.04578   0.03234   0.30267   0.49500   0.00000   0.22621   0.04302   0.01981   0.05543   0.02800   0.01434   0.01687   0.22202   0.07021   0.19475   0.03215   0.14072   0.02453   0.00851   0.02824   0.01229   7.58767   1.70302   1.28301   1.85985   1.00143  
 27 22.7905   2056.690161  x:  0.02784   0.04101   0.04567   0.03211   0.29869   0.49431   0.00000   0.22608   0.03871   0.02046   0.05533   0.02806   0.01444   0.01700   0.22213   0.07039   0.19557   0.03260   0.14093   0.02472   0.00856   0.02830   0.01230   7.58785   1.71093   1.28646   1.86462   1.00145  
 28 16.8491   2056.489604  x:  0.02792   0.03655   0.05141   0.03602   0.28520   0.49446   0.00000   0.22022   0.04123   0.02054   0.05565   0.02843   0.01479   0.01753   0.23487   0.07063   0.20426   0.03165   0.14312   0.02586   0.00877   0.02861   0.01242   7.58883   1.75924   1.30031   1.87656   1.00197  
 29 18.5189   2056.187812  x:  0.02762   0.03815   0.04792   0.03129   0.30717   0.49928   0.00000   0.23031   0.04114   0.02116   0.05621   0.02920   0.01569   0.01837   0.23408   0.07353   0.20131   0.03278   0.13734   0.02738   0.00946   0.02922   0.01256   7.59049   1.83524   1.31473   1.87400   1.00445  
 30 12.7513   2056.142960  x:  0.02755   0.03848   0.04725   0.03070   0.31076   0.49980   0.00000   0.22734   0.04112   0.02131   0.05631   0.02936   0.01584   0.01862   0.22980   0.07453   0.20230   0.03197   0.14544   0.02796   0.00934   0.02934   0.01255   7.59086   1.83978   1.31593   1.87094   1.00555  
 31  5.7956   2055.990367  x:  0.02746   0.03669   0.04884   0.03060   0.31392   0.49932   0.00000   0.21683   0.04108   0.02183   0.05659   0.02981   0.01648   0.01908   0.22018   0.07589   0.21215   0.03241   0.13809   0.02866   0.00997   0.02973   0.01271   7.59268   1.82070   1.31491   1.85058   1.01231  
 32  3.5576   2055.242426  x:  0.02680   0.03233   0.04967   0.03271   0.30984   0.49579   0.00000   0.23464   0.04130   0.02354   0.05801   0.03194   0.01894   0.02148   0.23399   0.08295   0.21290   0.03256   0.14284   0.03353   0.01170   0.03150   0.01314   7.60218   1.69752   1.29595   1.74696   1.04481  
 33 17.5085   2054.918561  x:  0.02645   0.03088   0.04912   0.03473   0.30752   0.48810   0.00000   0.23469   0.04120   0.02409   0.05827   0.03258   0.01988   0.02206   0.23324   0.08501   0.21431   0.03242   0.14248   0.03497   0.01234   0.03201   0.01324   7.60655   1.65635   1.20525   1.73245   1.03014  
 34  6.9092   2054.800820  x:  0.02642   0.02920   0.04949   0.03443   0.30799   0.48994   0.00000   0.23494   0.04122   0.02424   0.05839   0.03278   0.02031   0.02212   0.23344   0.08553   0.21485   0.03255   0.14268   0.03541   0.01255   0.03218   0.01330   7.60787   1.64649   1.20869   1.72468   0.97073  
 35  1.5776   2052.379572  x:  0.02656   0.00000   0.04985   0.03359   0.30079   0.50597   0.00000   0.22904   0.04091   0.02468   0.05807   0.03289   0.02533   0.01782   0.23412   0.08072   0.20407   0.03307   0.14552   0.03404   0.01741   0.03252   0.01384   7.59127   1.68886   1.23805   1.77743   0.98406  
 36  0.1996   2052.143191  x:  0.02608   0.00000   0.04017   0.03362   0.30579   0.49668   0.00000   0.23140   0.04113   0.02416   0.05806   0.03249   0.02277   0.01954   0.23318   0.08218   0.20824   0.03278   0.14391   0.03428   0.01520   0.03205   0.01338   7.59670   1.67448   1.22623   1.75552   0.98381  
 37  0.1296   2052.129998  x:  0.02602   0.00169   0.03916   0.03363   0.30631   0.49570   0.00000   0.23165   0.04115   0.02410   0.05806   0.03245   0.02250   0.01972   0.23308   0.08234   0.20868   0.03275   0.14374   0.03430   0.01497   0.03200   0.01333   7.59727   1.67297   1.22499   1.75322   0.98379  
 38 39.3101   2052.000443  x:  0.02508   0.00217   0.03526   0.03458   0.29948   0.50773   0.00000   0.22868   0.04111   0.02304   0.05742   0.03123   0.02161   0.01807   0.23249   0.07869   0.20569   0.03235   0.14273   0.03273   0.01548   0.03096   0.01255   7.58793   1.68970   1.24161   1.77924   1.00151  
 39  0.0417   2051.983524  x:  0.02545   0.00230   0.03611   0.03414   0.30095   0.50400   0.00000   0.22753   0.04101   0.02328   0.05744   0.03141   0.02129   0.01723   0.23316   0.07775   0.20382   0.03256   0.14397   0.03234   0.01626   0.03119   0.01234   7.58173   1.69920   1.24398   1.78344   1.00394  
 40  0.0086   2051.971403  x:  0.02542   0.00267   0.03468   0.03357   0.30226   0.50239   0.00000   0.22824   0.04098   0.02320   0.05755   0.03139   0.02047   0.01771   0.23304   0.07840   0.20424   0.03262   0.14437   0.03264   0.01721   0.03126   0.01240   7.58125   1.69572   1.24128   1.78031   1.00161  
 41  0.0029   2051.968558  x:  0.02526   0.00241   0.03552   0.03390   0.30154   0.50408   0.00000   0.22825   0.04104   0.02321   0.05750   0.03140   0.02026   0.01777   0.23279   0.07843   0.20474   0.03250   0.14377   0.03258   0.01763   0.03122   0.01247   7.58445   1.69414   1.24205   1.77973   1.00217  
 42  0.0032   2051.968328  x:  0.02535   0.00237   0.03551   0.03406   0.30131   0.50407   0.00000   0.22824   0.04105   0.02324   0.05749   0.03142   0.02008   0.01777   0.23279   0.07840   0.20478   0.03249   0.14378   0.03249   0.01758   0.03120   0.01243   7.58553   1.69433   1.24185   1.77970   1.00185  
 43  0.0010   2051.968317  x:  0.02533   0.00236   0.03554   0.03405   0.30129   0.50406   0.00000   0.22826   0.04104   0.02323   0.05750   0.03141   0.02007   0.01779   0.23280   0.07842   0.20477   0.03250   0.14383   0.03248   0.01755   0.03119   0.01243   7.58550   1.69419   1.24172   1.77969   1.00173  
 44  0.0002   2051.968316  x:  0.02533   0.00236   0.03555   0.03404   0.30129   0.50408   0.00000   0.22826   0.04104   0.02323   0.05750   0.03141   0.02007   0.01778   0.23280   0.07842   0.20477   0.03250   0.14383   0.03248   0.01755   0.03120   0.01243   7.58547   1.69414   1.24171   1.77967   1.00172  
 45  0.0001   2051.968316  x:  0.02533   0.00236   0.03554   0.03404   0.30129   0.50408   0.00000   0.22826   0.04104   0.02323   0.05750   0.03141   0.02007   0.01778   0.23280   0.07843   0.20477   0.03250   0.14383   0.03248   0.01755   0.03120   0.01243   7.58546   1.69415   1.24172   1.77967   1.00173  
 46  0.0000   2051.968316  x:  0.02533   0.00236   0.03554   0.03404   0.30129   0.50408   0.00000   0.22826   0.04104   0.02323   0.05750   0.03141   0.02007   0.01778   0.23280   0.07843   0.20477   0.03250   0.14383   0.03248   0.01755   0.03120   0.01243   7.58546   1.69415   1.24172   1.77967   1.00173  