

TREE # 1

  0  0.0000   2781.699597  x:  0.27532   0.00000   0.08396   0.03452   0.03328   0.05235   0.07039   0.01534   0.04526   0.05612   0.04957   0.07131   0.06064   0.03772   0.06439   0.08384   0.04314   0.06098   0.07059   0.06477   0.04680   0.02873   0.04053   0.11266   0.04577   0.08073   0.06053   0.07460   0.06040   0.04301   0.03413   0.02160   0.01693   0.04885   0.03183   0.07423   0.07996   0.03713   0.11086   0.08326   0.07739   0.05196   0.05409   0.02311   0.07197   0.01739   0.06541   8.40433   0.74603   1.00871   1.25758   1.00000  
  1 99.0000   2781.697424  x:  0.27532   0.00000   0.08396   0.03452   0.03328   0.05235   0.07039   0.01534   0.04526   0.05612   0.04957   0.07131   0.06064   0.03772   0.06439   0.08384   0.04314   0.06098   0.07059   0.06477   0.04680   0.02873   0.04053   0.11266   0.04577   0.08073   0.06052   0.07460   0.06040   0.04301   0.03413   0.02160   0.01693   0.04885   0.03183   0.07423   0.07996   0.03713   0.11086   0.08326   0.07739   0.05196   0.05409   0.02311   0.07197   0.01739   0.06541   8.40433   0.74603   1.00871   1.25758   1.00000  
  2 637.8439   2751.155678  x:  0.28764   0.00000   0.08752   0.02510   0.03080   0.04238   0.05907   0.00366   0.04320   0.03535   0.03968   0.06114   0.05767   0.03614   0.05806   0.08208   0.04065   0.04957   0.07232   0.05703   0.02962   0.02960   0.01697   0.11726   0.02234   0.08437   0.04625   0.07354   0.04162   0.04035   0.03501   0.02255   0.02030   0.03154   0.02898   0.07559   0.07079   0.03247   0.11671   0.07613   0.06413   0.04826   0.04362   0.00000   0.06071   0.01549   0.05608   8.40232   0.74811   1.00886   1.25807   1.00037  
  3 1131.3548   2732.844997  x:  0.29589   0.00000   0.08987   0.01901   0.02881   0.03597   0.05151   0.00752   0.04217   0.02050   0.03310   0.05426   0.05605   0.03468   0.05391   0.07908   0.03842   0.04166   0.07310   0.05199   0.01773   0.03083   0.00000   0.11995   0.00545   0.08686   0.03637   0.07305   0.02841   0.03897   0.03585   0.02324   0.02359   0.01945   0.02764   0.07630   0.06471   0.02973   0.11979   0.07135   0.05480   0.04492   0.03671   0.00000   0.05311   0.01538   0.04813   8.40085   0.74943   1.00899   1.25846   1.00056  
  4 6101.7049   2730.001664  x:  0.29714   0.00000   0.09026   0.01956   0.03000   0.03584   0.05062   0.00747   0.04264   0.01624   0.03284   0.05325   0.05673   0.03557   0.05373   0.07737   0.03841   0.04004   0.07266   0.05184   0.01641   0.03154   0.00000   0.11958   0.00000   0.08746   0.03452   0.07350   0.02549   0.03951   0.03608   0.02306   0.02487   0.01715   0.02823   0.07614   0.06421   0.03019   0.11883   0.07080   0.05260   0.04502   0.03646   0.00000   0.05216   0.01701   0.05013   8.40037   0.74957   1.00923   1.25865   1.00055  
  5 625.4771   2726.457029  x:  0.29981   0.00000   0.09143   0.02117   0.02686   0.03787   0.05040   0.00740   0.04354   0.00000   0.03381   0.05052   0.06073   0.03823   0.05460   0.08136   0.04098   0.03593   0.07186   0.05326   0.02004   0.03112   0.00000   0.11774   0.00000   0.08951   0.03105   0.07560   0.01968   0.04063   0.03564   0.02311   0.02528   0.01439   0.02861   0.07591   0.06524   0.03134   0.11577   0.07043   0.04530   0.04758   0.03816   0.00000   0.05143   0.01770   0.04827   8.39832   0.75000   1.01070   1.25949   1.00054  
  6 293.0839   2725.037758  x:  0.30600   0.00000   0.09546   0.02131   0.03582   0.04173   0.05263   0.00743   0.04307   0.00000   0.03349   0.03726   0.07461   0.03815   0.05658   0.08463   0.03498   0.02594   0.07285   0.05671   0.02718   0.02852   0.00000   0.11429   0.00000   0.09553   0.02719   0.07996   0.01622   0.03998   0.03516   0.02470   0.02201   0.01528   0.02712   0.07601   0.07105   0.02986   0.11334   0.07067   0.02575   0.04040   0.04146   0.00000   0.05218   0.01237   0.04641   8.39058   0.75188   1.01649   1.26277   1.00038  
  7 103.6032   2724.147534  x:  0.31134   0.00000   0.10052   0.01632   0.02864   0.04202   0.05483   0.00751   0.04163   0.00000   0.03186   0.03052   0.08305   0.03429   0.05713   0.07872   0.03502   0.01652   0.07419   0.05792   0.02802   0.02893   0.00000   0.11324   0.00000   0.10152   0.02801   0.08174   0.02126   0.03841   0.03591   0.02381   0.02001   0.01693   0.02701   0.07603   0.07642   0.02733   0.11528   0.07106   0.01277   0.04238   0.04169   0.00000   0.05347   0.01313   0.05153   8.38099   0.75404   1.02344   1.26696   1.00006  
  8 73.9331   2722.800965  x:  0.32018   0.00000   0.11025   0.01652   0.03286   0.03984   0.05676   0.00751   0.04059   0.00000   0.03140   0.03473   0.08974   0.03968   0.05671   0.07539   0.03984   0.00000   0.07505   0.05735   0.02411   0.03053   0.00000   0.11389   0.00000   0.11176   0.03117   0.08211   0.02815   0.03678   0.03665   0.02202   0.01894   0.01631   0.02839   0.07579   0.08306   0.02515   0.11999   0.07128   0.00611   0.04614   0.03924   0.00000   0.05454   0.01677   0.04696   8.36198   0.75812   1.03669   1.27533   0.99939  
  9 72.0284   2722.212676  x:  0.32442   0.00000   0.11533   0.01732   0.03462   0.03853   0.05758   0.00752   0.04035   0.00000   0.03139   0.03850   0.09169   0.04181   0.05629   0.07464   0.04160   0.00000   0.07520   0.05676   0.02161   0.03136   0.00000   0.11446   0.00000   0.11697   0.03314   0.08190   0.03172   0.03629   0.03692   0.02146   0.01884   0.01574   0.02928   0.07559   0.08609   0.02450   0.12220   0.07144   0.00000   0.04718   0.03782   0.00000   0.05507   0.01845   0.04516   8.35162   0.76018   1.04375   1.27990   0.99901  
 10 573.1422   2717.066586  x:  0.35103   0.00000   0.14034   0.02192   0.02547   0.03560   0.05561   0.00765   0.04323   0.00000   0.02952   0.04045   0.10222   0.03582   0.05354   0.08409   0.03289   0.00000   0.07270   0.05466   0.01317   0.03241   0.00000   0.11329   0.00000   0.14476   0.02734   0.08472   0.02397   0.03917   0.03663   0.02559   0.02359   0.00000   0.03282   0.07402   0.09607   0.02601   0.12056   0.06920   0.00000   0.03582   0.03389   0.00000   0.05167   0.01862   0.05274   8.29798   0.77005   1.07860   1.30335   0.99728  
 11 92.1146   2711.202838  x:  0.36841   0.00000   0.14698   0.02011   0.02944   0.03351   0.04662   0.00779   0.04549   0.00000   0.02786   0.03390   0.09743   0.02954   0.05027   0.07859   0.03249   0.00000   0.06981   0.05060   0.01041   0.03218   0.00000   0.11338   0.00000   0.15498   0.01431   0.08715   0.00261   0.04260   0.03595   0.02452   0.02919   0.00000   0.03229   0.07380   0.09455   0.02095   0.11369   0.06446   0.00000   0.04761   0.03205   0.00000   0.04374   0.01598   0.05161   8.25497   0.77690   1.10327   1.32183   0.99593  
 12 170.3539   2708.826682  x:  0.38036   0.00000   0.14638   0.01863   0.02969   0.03242   0.03754   0.00796   0.04719   0.00000   0.02653   0.02585   0.09367   0.03645   0.04806   0.07755   0.03522   0.00000   0.06771   0.04783   0.00980   0.03245   0.00000   0.11221   0.00000   0.15712   0.00362   0.08981   0.00696   0.04538   0.03615   0.02508   0.03458   0.00000   0.03155   0.07391   0.08853   0.02089   0.10752   0.05953   0.00000   0.04793   0.03084   0.00000   0.03547   0.01749   0.05107   8.23090   0.78104   1.11574   1.33196   0.99530  
 13 297.6800   2707.060798  x:  0.39373   0.00000   0.14333   0.01589   0.02923   0.03130   0.02802   0.00814   0.04802   0.00000   0.02428   0.01644   0.09130   0.04535   0.04597   0.07694   0.03906   0.00000   0.06668   0.04535   0.01011   0.03280   0.00000   0.11064   0.00000   0.15721   0.01063   0.09333   0.00575   0.04705   0.03655   0.02518   0.04006   0.00000   0.03026   0.07436   0.07994   0.02332   0.10261   0.05381   0.00000   0.04552   0.02952   0.00000   0.02675   0.02029   0.05092   8.20828   0.78535   1.12657   1.34127   0.99488  
 14 384.9249   2705.452833  x:  0.41556   0.00000   0.13143   0.01055   0.02894   0.03151   0.02682   0.00828   0.04487   0.00000   0.01960   0.02531   0.09661   0.05005   0.04541   0.07548   0.04186   0.00000   0.07039   0.04563   0.01446   0.03294   0.00000   0.10732   0.00000   0.15000   0.00915   0.09983   0.00247   0.04398   0.03777   0.02330   0.04433   0.00000   0.02534   0.07666   0.06281   0.02495   0.10440   0.04759   0.00000   0.03976   0.02961   0.00000   0.02663   0.02577   0.05254   8.18065   0.79229   1.13674   1.35185   0.99494  
 15 131.8441   2704.021038  x:  0.44308   0.00000   0.11876   0.01714   0.03053   0.03152   0.02905   0.00836   0.04316   0.00000   0.01808   0.02585   0.10247   0.04460   0.04472   0.07884   0.03986   0.00000   0.07195   0.04590   0.01055   0.03316   0.00000   0.10466   0.00000   0.14165   0.01061   0.10661   0.00539   0.04196   0.03832   0.02353   0.05120   0.00000   0.02208   0.07863   0.04358   0.02719   0.10590   0.04376   0.00000   0.04516   0.02935   0.00000   0.02880   0.03066   0.05174   8.14601   0.80120   1.14859   1.36489   0.99518  
 16 222.1874   2703.092839  x:  0.46528   0.00000   0.11013   0.01687   0.02962   0.02962   0.03387   0.00842   0.04355   0.00000   0.02901   0.02229   0.09990   0.04740   0.04538   0.07951   0.04045   0.00000   0.07085   0.04533   0.00748   0.03342   0.00000   0.10923   0.00000   0.13017   0.00984   0.10577   0.00370   0.04028   0.03732   0.02374   0.05607   0.00000   0.02513   0.07918   0.04271   0.02617   0.11201   0.05293   0.00000   0.04291   0.02828   0.00000   0.03280   0.03220   0.05198   8.10758   0.81094   1.15823   1.37857   0.99586  
 17 99.9132   2702.054403  x:  0.49743   0.00000   0.10748   0.01510   0.03262   0.02775   0.03150   0.00869   0.04595   0.00000   0.02910   0.02443   0.09312   0.04340   0.04576   0.07904   0.03832   0.00000   0.06781   0.04372   0.01795   0.03381   0.00000   0.11571   0.00000   0.11915   0.01094   0.10129   0.00584   0.04132   0.03638   0.02455   0.06352   0.00000   0.02829   0.07836   0.05221   0.02463   0.11509   0.05993   0.00000   0.04449   0.02681   0.00000   0.02978   0.03208   0.05305   8.04103   0.82714   1.17484   1.40197   0.99699  
 18 169.9926   2700.518128  x:  0.52329   0.00000   0.10815   0.01428   0.03293   0.03652   0.03232   0.00853   0.04558   0.00000   0.01923   0.02625   0.08066   0.04423   0.04998   0.07615   0.04135   0.00000   0.06959   0.04804   0.00886   0.03091   0.00000   0.11647   0.00000   0.10710   0.01223   0.09164   0.00684   0.04319   0.03644   0.02194   0.06455   0.00000   0.02406   0.07651   0.06563   0.02390   0.10912   0.05953   0.00000   0.04277   0.03596   0.00000   0.03331   0.02481   0.05296   7.94190   0.84946   1.19312   1.43475   0.99911  
 19 156.4214   2697.568315  x:  0.53732   0.00000   0.11576   0.01996   0.03015   0.03545   0.03855   0.00854   0.03764   0.00000   0.02747   0.02462   0.05899   0.05062   0.04940   0.06384   0.03411   0.00000   0.07832   0.05199   0.01450   0.03358   0.00000   0.10795   0.00000   0.10872   0.01245   0.07470   0.00598   0.03918   0.04014   0.02856   0.05214   0.00000   0.02029   0.07653   0.06420   0.02534   0.10592   0.04496   0.00000   0.04401   0.03207   0.00000   0.03714   0.01349   0.05352   7.72634   0.89262   1.22157   1.50130   1.00428  
 20 186.0310   2689.481960  x:  0.52781   0.00000   0.11999   0.00414   0.04088   0.02782   0.03906   0.00791   0.03711   0.00000   0.03124   0.02065   0.03583   0.03423   0.04795   0.06986   0.04335   0.00000   0.07965   0.05381   0.01168   0.03946   0.00000   0.09273   0.00000   0.11873   0.01228   0.05717   0.00834   0.03785   0.03889   0.01868   0.01801   0.00000   0.03345   0.07759   0.05330   0.02455   0.10538   0.04151   0.00000   0.03649   0.02356   0.00000   0.03505   0.02141   0.05288   7.18756   0.99092   1.28237   1.66187   1.01672  
 21 572.1195   2683.890232  x:  0.51114   0.00000   0.11694   0.01151   0.03924   0.02228   0.03139   0.00773   0.03707   0.00000   0.02435   0.02202   0.03492   0.03525   0.04518   0.06714   0.04242   0.00000   0.07915   0.04889   0.00879   0.03817   0.00000   0.09637   0.00000   0.11842   0.01239   0.05537   0.00765   0.03542   0.03712   0.01966   0.00208   0.00000   0.03463   0.07827   0.05064   0.01806   0.11330   0.04682   0.00000   0.03401   0.02166   0.00000   0.02927   0.02021   0.05362   6.86413   1.04704   1.31457   1.75573   1.02423  
 22 1637.4071   2672.505893  x:  0.46163   0.00000   0.11404   0.01144   0.03966   0.01186   0.02028   0.00745   0.03276   0.00000   0.01166   0.02474   0.03626   0.04111   0.03837   0.06860   0.03834   0.00000   0.08253   0.03781   0.00178   0.03153   0.00000   0.10508   0.00000   0.12340   0.01369   0.05232   0.00792   0.02666   0.03312   0.02337   0.01201   0.00000   0.03294   0.08004   0.04494   0.00329   0.13555   0.05364   0.00000   0.03523   0.01792   0.00000   0.02240   0.00760   0.05748   6.09477   1.17912   1.38947   1.97751   1.04235  
 23 4983.3333   2669.198729  x:  0.44139   0.00000   0.11520   0.00995   0.04082   0.01261   0.01752   0.00728   0.03118   0.00000   0.00537   0.02273   0.03582   0.04233   0.03387   0.06752   0.03676   0.00000   0.08433   0.02965   0.00080   0.02768   0.00000   0.11641   0.00000   0.12455   0.01176   0.05197   0.00755   0.02425   0.03218   0.02286   0.01378   0.00000   0.02785   0.08064   0.04214   0.01611   0.14937   0.05676   0.00000   0.03680   0.01652   0.00000   0.02203   0.00396   0.05789   5.79451   1.22945   1.41697   2.06262   1.04949  
 24 4435.8254   2667.526511  x:  0.43147   0.00000   0.11884   0.01188   0.04129   0.01518   0.01714   0.00723   0.03057   0.00000   0.00266   0.01932   0.03352   0.04172   0.03097   0.06762   0.03749   0.00000   0.08607   0.02442   0.00300   0.02476   0.00000   0.12603   0.00000   0.12563   0.01083   0.05120   0.00697   0.02441   0.03219   0.02014   0.01574   0.00000   0.02182   0.08065   0.03864   0.01689   0.15762   0.05646   0.00000   0.03505   0.01776   0.00000   0.02395   0.00692   0.05829   5.64247   1.25432   1.43034   2.10502   1.05311  
 25 3769.5313   2665.682572  x:  0.42234   0.00000   0.12321   0.01140   0.04213   0.01969   0.01372   0.00716   0.03063   0.00000   0.00787   0.01860   0.03383   0.03909   0.02803   0.06734   0.03762   0.00000   0.08762   0.01958   0.00291   0.02095   0.00000   0.13802   0.00000   0.12589   0.01054   0.05287   0.00717   0.02647   0.03278   0.01757   0.01639   0.00000   0.01195   0.08057   0.03657   0.01718   0.16510   0.05246   0.00000   0.03367   0.02030   0.00000   0.02208   0.00932   0.05868   5.48448   1.27943   1.44414   2.14835   1.05674  
 26 3827.5651   2663.881755  x:  0.41441   0.00000   0.12850   0.00708   0.04313   0.02090   0.02226   0.00699   0.03408   0.00000   0.00723   0.01726   0.03414   0.03981   0.02752   0.06862   0.03635   0.00000   0.08629   0.02547   0.00225   0.02109   0.00000   0.15840   0.00000   0.12240   0.01066   0.05963   0.00696   0.03365   0.03525   0.02110   0.01458   0.00000   0.00844   0.08048   0.03386   0.01561   0.17126   0.04220   0.00000   0.03396   0.01991   0.00000   0.01785   0.01086   0.05903   5.33869   1.29817   1.45417   2.18450   1.05959  
 27 799.6509   2662.963090  x:  0.41147   0.00000   0.13207   0.00622   0.04336   0.02143   0.01984   0.00698   0.03375   0.00000   0.00788   0.01615   0.03591   0.03909   0.02944   0.06906   0.03730   0.00000   0.08694   0.02778   0.00268   0.02167   0.00000   0.17162   0.00000   0.11931   0.01044   0.06378   0.00697   0.03528   0.03683   0.02019   0.01369   0.00000   0.01503   0.08086   0.03162   0.01515   0.17368   0.03297   0.00000   0.03331   0.02050   0.00000   0.02193   0.00755   0.05946   5.26294   1.30518   1.45734   2.20029   1.06080  
 28 583.3949   2662.138970  x:  0.41138   0.00000   0.13424   0.00609   0.04388   0.01593   0.01789   0.00699   0.02925   0.00000   0.00817   0.01478   0.03801   0.03808   0.03487   0.07189   0.03799   0.00000   0.08861   0.02995   0.00281   0.02598   0.00000   0.17971   0.00000   0.11625   0.01003   0.06557   0.00685   0.02914   0.03728   0.01914   0.01345   0.00000   0.01070   0.08205   0.03401   0.01614   0.16837   0.03045   0.00000   0.03312   0.01714   0.00000   0.02554   0.00892   0.05993   5.19928   1.30278   1.45481   2.20487   1.06073  
 29 166.5056   2661.699068  x:  0.41276   0.00000   0.13538   0.00545   0.04395   0.01681   0.01889   0.00695   0.02780   0.00000   0.00829   0.01480   0.03879   0.03807   0.03492   0.07239   0.03780   0.00000   0.09022   0.02890   0.00286   0.02605   0.00000   0.18188   0.00000   0.11627   0.01009   0.06569   0.00697   0.02633   0.03742   0.01887   0.01312   0.00758   0.01117   0.08286   0.03347   0.01583   0.16593   0.03131   0.00000   0.03341   0.01715   0.00000   0.02450   0.00844   0.06010   5.17185   1.29990   1.45262   2.20462   1.06047  
 30 281.1166   2660.075548  x:  0.41932   0.00000   0.14128   0.00289   0.04427   0.01825   0.02235   0.00682   0.02320   0.00000   0.00902   0.01480   0.04359   0.03771   0.03512   0.07399   0.03807   0.00000   0.09804   0.02674   0.00343   0.02494   0.00000   0.19089   0.00000   0.11586   0.01029   0.06297   0.00748   0.01621   0.03773   0.01776   0.01201   0.00454   0.01232   0.08649   0.02949   0.01510   0.15622   0.03601   0.00000   0.03454   0.01803   0.00000   0.02011   0.00530   0.06087   5.04300   1.28554   1.44095   2.20163   1.05931  
 31 443.3730   2657.053604  x:  0.43149   0.00000   0.14150   0.00313   0.04438   0.01495   0.02285   0.00673   0.02173   0.00000   0.00936   0.01357   0.04961   0.03650   0.03075   0.07614   0.04230   0.00000   0.11884   0.02913   0.00412   0.01514   0.00000   0.19086   0.00000   0.11645   0.01014   0.05530   0.00769   0.02536   0.03692   0.01720   0.01189   0.00493   0.01181   0.09546   0.03232   0.01540   0.15597   0.03859   0.00000   0.03546   0.01228   0.00000   0.01964   0.00154   0.06169   4.83165   1.25508   1.41368   2.18418   1.05710  
 32 543.0281   2655.699897  x:  0.43779   0.00000   0.14115   0.00183   0.04465   0.01446   0.02159   0.00666   0.02038   0.00000   0.00928   0.01268   0.05179   0.03696   0.02849   0.07921   0.04123   0.00000   0.13169   0.03035   0.00376   0.00923   0.00000   0.19046   0.00000   0.11593   0.00992   0.05045   0.00757   0.02766   0.03599   0.02007   0.01106   0.00468   0.01334   0.10062   0.03588   0.01547   0.15764   0.03804   0.00000   0.03764   0.01162   0.00000   0.01987   0.00457   0.06179   4.71155   1.23774   1.39743   2.17340   1.05598  
 33 3687.6237   2651.426304  x:  0.45678   0.00000   0.13687   0.00243   0.04542   0.01822   0.01861   0.00654   0.02509   0.00000   0.00918   0.00834   0.05234   0.03630   0.02250   0.09098   0.04242   0.00000   0.17000   0.03274   0.00355   0.02199   0.00000   0.18457   0.00000   0.11614   0.00832   0.04014   0.00675   0.02822   0.03177   0.02543   0.01028   0.00339   0.01487   0.11519   0.04888   0.01531   0.17645   0.03252   0.00000   0.04193   0.01985   0.00000   0.01392   0.00521   0.06292   4.33993   1.18260   1.34287   2.13363   1.05280  
 34 1961.2412   2647.904219  x:  0.47319   0.00000   0.13759   0.00048   0.04504   0.02315   0.01727   0.00643   0.03446   0.00000   0.00858   0.00707   0.03946   0.03919   0.03236   0.09575   0.03867   0.00000   0.18044   0.02794   0.00328   0.01878   0.00000   0.17527   0.00000   0.12171   0.00829   0.05444   0.00683   0.02347   0.02912   0.02609   0.00818   0.00085   0.01333   0.11494   0.05615   0.01280   0.19000   0.02886   0.00000   0.04560   0.01818   0.00000   0.01652   0.00363   0.06374   4.07942   1.14541   1.30393   2.09922   1.05068  
 35 920.9831   2646.841354  x:  0.47742   0.00000   0.13753   0.00152   0.04490   0.02452   0.01785   0.00640   0.03554   0.00000   0.00861   0.00652   0.03510   0.03906   0.03529   0.09711   0.03896   0.00000   0.18350   0.02768   0.00323   0.01623   0.00000   0.17263   0.00000   0.12255   0.00798   0.05879   0.00673   0.02040   0.02871   0.02537   0.00823   0.00000   0.01380   0.11479   0.05922   0.01266   0.19453   0.02670   0.00000   0.04585   0.01711   0.00000   0.01484   0.00347   0.06409   4.00247   1.13450   1.29164   2.08823   1.05015  
 36 4826.9056   2643.932341  x:  0.48776   0.00000   0.14073   0.00133   0.04495   0.02157   0.01687   0.00647   0.01833   0.00000   0.00861   0.00663   0.02358   0.04153   0.02921   0.10344   0.03661   0.00000   0.17512   0.03052   0.00325   0.01502   0.00000   0.16797   0.00000   0.12234   0.00769   0.06599   0.00637   0.02232   0.03425   0.02278   0.00712   0.00000   0.01414   0.10277   0.06220   0.01247   0.20376   0.02585   0.00000   0.04836   0.02503   0.00000   0.01407   0.00264   0.06510   3.79953   1.10826   1.25400   2.04643   1.04942  
 37 584.8668   2640.673992  x:  0.49400   0.00000   0.14651   0.00128   0.04459   0.02330   0.01660   0.00650   0.02323   0.00000   0.00847   0.00806   0.02271   0.04486   0.02028   0.11045   0.03900   0.00000   0.15680   0.02992   0.00322   0.01238   0.00000   0.16636   0.00000   0.11090   0.00800   0.04966   0.00566   0.01571   0.03820   0.02521   0.00616   0.00000   0.01220   0.08269   0.06023   0.01178   0.20805   0.01721   0.00000   0.05086   0.02096   0.00000   0.01788   0.00156   0.06660   3.58267   1.08559   1.20419   1.98463   1.05013  
 38 540.3077   2638.860672  x:  0.49522   0.00000   0.15425   0.00122   0.04403   0.02814   0.01513   0.00651   0.02020   0.00000   0.00833   0.00944   0.02149   0.04725   0.03247   0.11497   0.03819   0.00000   0.15348   0.02791   0.00308   0.01439   0.00000   0.16841   0.00000   0.10177   0.00801   0.03709   0.00499   0.02039   0.03740   0.02781   0.00627   0.00000   0.01255   0.07589   0.05299   0.01138   0.21008   0.01796   0.00000   0.05332   0.01627   0.00000   0.01464   0.00185   0.06735   3.45563   1.07709   1.17062   1.94112   1.05184  
 39 623.6706   2637.245503  x:  0.49581   0.00000   0.16616   0.00129   0.04394   0.02118   0.01368   0.00667   0.02647   0.00000   0.00902   0.01124   0.01490   0.04802   0.03216   0.11634   0.03972   0.00000   0.15983   0.02981   0.00352   0.01374   0.00000   0.17352   0.00000   0.09361   0.00819   0.03770   0.00490   0.02091   0.03086   0.03151   0.00689   0.00000   0.01255   0.08385   0.04643   0.01313   0.20310   0.02222   0.00000   0.05460   0.02063   0.00000   0.01505   0.00181   0.06804   3.34929   1.08006   1.14046   1.89684   1.05497  
 40 297.5542   2636.854022  x:  0.49593   0.00000   0.16820   0.00131   0.04390   0.02004   0.01372   0.00669   0.02737   0.00000   0.00912   0.01158   0.01376   0.04823   0.03188   0.11672   0.03992   0.00000   0.16102   0.02952   0.00356   0.01382   0.00000   0.17448   0.00000   0.09200   0.00825   0.03801   0.00489   0.02116   0.02956   0.03200   0.00696   0.00434   0.01263   0.08557   0.04558   0.01336   0.20153   0.02272   0.00000   0.05485   0.02112   0.00000   0.01520   0.00184   0.06818   3.32814   1.08102   1.13469   1.88821   1.05561  
 41 1281.6865   2636.372614  x:  0.49620   0.00000   0.16962   0.00136   0.04357   0.01928   0.01683   0.00668   0.02638   0.00000   0.00897   0.01210   0.01332   0.04933   0.02995   0.11841   0.03904   0.00000   0.16222   0.02302   0.00335   0.01557   0.00000   0.17545   0.00000   0.08875   0.00855   0.03996   0.00492   0.02288   0.02728   0.03034   0.00657   0.00373   0.01356   0.09043   0.04775   0.01293   0.19737   0.02050   0.00000   0.05531   0.01949   0.00000   0.01587   0.00220   0.06841   3.28447   1.08720   1.12468   1.87174   1.05740  
 42 213.1433   2635.042214  x:  0.49818   0.00000   0.16796   0.00149   0.04257   0.02638   0.01455   0.00662   0.02635   0.00000   0.00859   0.01256   0.01283   0.05184   0.02644   0.12152   0.03490   0.00000   0.15992   0.02784   0.00309   0.01772   0.00000   0.17719   0.00000   0.09195   0.00882   0.04148   0.00480   0.02174   0.03479   0.02514   0.00650   0.00347   0.01345   0.10322   0.05000   0.01171   0.19582   0.02299   0.00000   0.05722   0.01316   0.00000   0.01745   0.00255   0.06856   3.16180   1.12461   1.09967   1.82024   1.06512  
 43 150.7950   2632.884622  x:  0.50312   0.00000   0.16298   0.00143   0.04200   0.02099   0.01659   0.00665   0.02803   0.00000   0.00875   0.01240   0.01670   0.05281   0.03296   0.12254   0.03473   0.00000   0.15104   0.02644   0.00350   0.01410   0.00000   0.17668   0.00000   0.10189   0.00876   0.03731   0.00461   0.02169   0.04091   0.02379   0.00660   0.00428   0.01309   0.11580   0.05178   0.01324   0.19912   0.02079   0.00000   0.05847   0.02196   0.00000   0.01663   0.00190   0.06861   2.96301   1.19360   1.06205   1.73420   1.07866  
 44 621.7648   2631.910292  x:  0.50540   0.00000   0.16371   0.00144   0.04333   0.02446   0.01575   0.00663   0.02352   0.00000   0.00880   0.01221   0.01794   0.04983   0.03113   0.12117   0.04218   0.00000   0.15200   0.02753   0.00356   0.01497   0.00000   0.17560   0.00000   0.10410   0.00862   0.04089   0.00462   0.02161   0.03044   0.03442   0.00665   0.00412   0.01292   0.10971   0.05214   0.01317   0.20029   0.02174   0.00000   0.05723   0.02019   0.00000   0.01803   0.00178   0.06904   2.86574   1.22450   1.04912   1.69554   1.08492  
 45 287.0023   2631.369692  x:  0.50495   0.00000   0.16551   0.00140   0.04273   0.02212   0.01597   0.00661   0.02536   0.00000   0.00908   0.01183   0.01936   0.05104   0.02949   0.12206   0.03855   0.00000   0.16172   0.02967   0.00370   0.01535   0.00000   0.17405   0.00000   0.10102   0.00835   0.04304   0.00478   0.02192   0.02564   0.02839   0.00638   0.00426   0.01389   0.09487   0.05179   0.01368   0.20090   0.02268   0.00000   0.05833   0.01964   0.00000   0.01618   0.00209   0.06880   2.81233   1.23824   1.04906   1.67560   1.08824  
 46 106.7739   2631.116522  x:  0.50421   0.00000   0.16555   0.00142   0.04327   0.02093   0.01627   0.00663   0.02663   0.00000   0.00909   0.01157   0.01935   0.05009   0.02944   0.12314   0.04019   0.00000   0.16854   0.02738   0.00369   0.01581   0.00000   0.17383   0.00000   0.09958   0.00819   0.04511   0.00459   0.02211   0.03274   0.03040   0.00619   0.00418   0.01450   0.08815   0.05239   0.01369   0.20001   0.02408   0.00000   0.05825   0.01938   0.00000   0.01605   0.00220   0.06900   2.78057   1.24169   1.05381   1.66617   1.08954  
 47 85.8777   2629.530702  x:  0.50162   0.00000   0.14841   0.00137   0.04394   0.02133   0.01741   0.00671   0.02637   0.00000   0.00910   0.01150   0.01548   0.04900   0.03081   0.12162   0.04000   0.00000   0.17524   0.02775   0.00350   0.01587   0.00000   0.18694   0.00000   0.11401   0.00842   0.04051   0.00508   0.02152   0.03050   0.02961   0.00586   0.00347   0.01445   0.08629   0.05345   0.01306   0.19675   0.02231   0.00000   0.05667   0.01906   0.00000   0.01692   0.00222   0.07008   2.55959   1.22489   1.13044   1.62040   1.09131  
 48 59.0042   2628.387368  x:  0.49836   0.00000   0.16637   0.00132   0.04471   0.02143   0.01651   0.00679   0.02550   0.00000   0.00892   0.01044   0.01791   0.04885   0.03018   0.12003   0.04007   0.00000   0.16575   0.02822   0.00343   0.01524   0.00000   0.17314   0.00000   0.09644   0.00838   0.04066   0.00500   0.02125   0.03157   0.02897   0.00615   0.00400   0.01331   0.09923   0.04992   0.01287   0.20772   0.02292   0.00000   0.05612   0.01928   0.00000   0.01684   0.00214   0.07046   2.40883   1.20627   1.17670   1.60266   1.09021  
 49 100.1879   2624.400682  x:  0.51580   0.00000   0.16524   0.00166   0.04721   0.01982   0.01822   0.00784   0.02668   0.00000   0.00887   0.01222   0.02064   0.05116   0.02923   0.11800   0.04165   0.00000   0.16098   0.02808   0.00323   0.01701   0.00000   0.17716   0.00000   0.11024   0.00929   0.04046   0.00586   0.02291   0.03122   0.02496   0.00593   0.00422   0.01227   0.09595   0.04578   0.01247   0.20808   0.02724   0.00000   0.05662   0.01984   0.00000   0.02213   0.00290   0.07537   1.96357   1.11732   1.08880   1.66757   1.05988  
 50 31.6151   2619.442024  x:  0.51272   0.00000   0.16329   0.00199   0.04707   0.02008   0.01991   0.00866   0.02701   0.00000   0.00995   0.01548   0.02304   0.05752   0.03017   0.13054   0.04294   0.00000   0.15541   0.02857   0.00390   0.01796   0.00000   0.17062   0.00000   0.11665   0.01009   0.04321   0.00571   0.02365   0.03072   0.02546   0.00565   0.00373   0.01236   0.09676   0.04612   0.01418   0.21481   0.02969   0.00000   0.06282   0.01955   0.00000   0.02480   0.00302   0.08048   1.98722   1.10568   1.12511   1.64309   0.78105  
 51  4.0631   2607.357325  x:  0.51729   0.00000   0.14415   0.00310   0.04283   0.01887   0.02614   0.01051   0.02931   0.00000   0.01383   0.02779   0.03335   0.07419   0.03192   0.15866   0.04695   0.00000   0.11529   0.03180   0.00629   0.02240   0.00000   0.14459   0.00000   0.13805   0.01230   0.05330   0.00524   0.02710   0.02984   0.02702   0.00580   0.00399   0.01289   0.10230   0.04548   0.02071   0.21842   0.04054   0.00000   0.07866   0.01896   0.00000   0.03420   0.00397   0.09034   2.41949   0.91325   1.19408   1.52966   1.03157  
 52 10.8804   2606.001888  x:  0.54217   0.00000   0.14722   0.00301   0.04656   0.01727   0.02666   0.01139   0.02996   0.00000   0.01329   0.02630   0.03273   0.07087   0.03122   0.15007   0.05060   0.00000   0.10763   0.03242   0.00581   0.02262   0.00000   0.15100   0.00000   0.13964   0.01227   0.05200   0.00608   0.02681   0.03148   0.02210   0.00605   0.00404   0.01256   0.10303   0.04104   0.01987   0.22251   0.04038   0.00000   0.07489   0.01804   0.00000   0.03351   0.00458   0.09459   2.43811   0.81819   1.10012   1.36269   1.00634  
 53  2.7775   2603.777687  x:  0.53055   0.00000   0.13082   0.00276   0.04848   0.01636   0.02593   0.01299   0.03114   0.00000   0.01432   0.02842   0.03370   0.06863   0.03157   0.15444   0.05715   0.00000   0.07466   0.03405   0.00660   0.02115   0.00000   0.15878   0.00000   0.13847   0.01120   0.06031   0.00537   0.02578   0.03252   0.02162   0.00779   0.00386   0.01571   0.10318   0.04055   0.02242   0.21203   0.03745   0.00000   0.07567   0.01490   0.00000   0.02372   0.00486   0.10181   2.34642   0.85298   1.07949   1.37785   0.98518  
 54  0.3945   2602.140245  x:  0.52190   0.00000   0.12597   0.00338   0.04979   0.02242   0.02420   0.01468   0.03230   0.00000   0.01310   0.02841   0.03729   0.06738   0.03343   0.16587   0.05943   0.00000   0.08435   0.03236   0.00548   0.01915   0.00000   0.17515   0.00000   0.13478   0.01087   0.06586   0.00501   0.02975   0.03077   0.01767   0.00735   0.00352   0.01509   0.08995   0.03386   0.01895   0.18824   0.04034   0.00000   0.07804   0.02005   0.00000   0.02780   0.00503   0.11000   2.36249   0.87939   1.05767   1.35254   0.96582  
 55  0.1736   2601.455901  x:  0.50928   0.00000   0.12441   0.00347   0.05312   0.02210   0.02480   0.01614   0.03307   0.00000   0.01432   0.03110   0.03890   0.06444   0.03632   0.16772   0.06122   0.00000   0.09832   0.03355   0.00600   0.01912   0.00000   0.16972   0.00000   0.13248   0.01062   0.07164   0.00636   0.02805   0.03161   0.02149   0.00842   0.00297   0.01702   0.08716   0.04043   0.02023   0.19450   0.03969   0.00000   0.07667   0.01931   0.00000   0.02465   0.00531   0.11784   2.30853   0.86761   1.03032   1.33699   0.94642  
 56  0.1395   2601.009641  x:  0.50328   0.00000   0.13381   0.00385   0.05509   0.01990   0.02739   0.01749   0.03288   0.00000   0.01561   0.02871   0.04057   0.06368   0.03643   0.17143   0.06135   0.00000   0.09054   0.03292   0.00623   0.01912   0.00000   0.16197   0.00000   0.13037   0.01011   0.06937   0.00637   0.02795   0.02990   0.02366   0.00901   0.00316   0.01676   0.08184   0.03745   0.02035   0.19849   0.04399   0.00000   0.07762   0.01968   0.00000   0.02887   0.00567   0.12520   2.32435   0.87374   1.02421   1.35665   0.93204  
 57  0.0673   2600.628811  x:  0.50905   0.00000   0.13260   0.00438   0.05507   0.01795   0.02559   0.01908   0.03333   0.00000   0.01616   0.02965   0.04440   0.06085   0.03565   0.17596   0.06028   0.00000   0.08862   0.03130   0.00629   0.01935   0.00000   0.16380   0.00000   0.12958   0.00960   0.07273   0.00639   0.02819   0.03036   0.02178   0.00856   0.00253   0.01574   0.09080   0.03762   0.01935   0.19557   0.04499   0.00000   0.07839   0.02001   0.00000   0.02727   0.00614   0.13500   2.30463   0.86066   1.05308   1.37616   0.92887  
 58  0.0405   2600.486883  x:  0.51514   0.00000   0.13086   0.00471   0.05367   0.01911   0.02641   0.01980   0.03289   0.00000   0.01669   0.02857   0.04543   0.06028   0.03528   0.17689   0.05962   0.00000   0.08840   0.03193   0.00629   0.01929   0.00000   0.16220   0.00000   0.12956   0.00965   0.07178   0.00647   0.02765   0.03071   0.01957   0.00846   0.00225   0.01542   0.09110   0.04006   0.01859   0.20027   0.04618   0.00000   0.07759   0.01946   0.00000   0.02728   0.00639   0.13995   2.31221   0.87134   1.04895   1.35224   0.94130  
 59  0.0322   2600.415593  x:  0.51826   0.00000   0.12887   0.00502   0.05231   0.01923   0.02589   0.02018   0.03256   0.00000   0.01706   0.02723   0.04622   0.06020   0.03440   0.17658   0.05809   0.00000   0.09005   0.03201   0.00634   0.01945   0.00000   0.16567   0.00000   0.13011   0.00987   0.07040   0.00618   0.02789   0.03051   0.02223   0.00833   0.00224   0.01544   0.09027   0.03832   0.01804   0.19888   0.04626   0.00000   0.07694   0.01881   0.00000   0.02684   0.00653   0.14296   2.31890   0.87090   1.04342   1.35088   0.94771  
 60  0.0154   2600.376304  x:  0.51653   0.00000   0.13071   0.00526   0.05107   0.01977   0.02573   0.02030   0.03236   0.00000   0.01719   0.02647   0.04629   0.06036   0.03470   0.17592   0.05805   0.00000   0.09095   0.03278   0.00628   0.01923   0.00000   0.16533   0.00000   0.13058   0.01018   0.07008   0.00620   0.02785   0.03076   0.02107   0.00837   0.00210   0.01555   0.08867   0.03868   0.01758   0.20034   0.04554   0.00000   0.07609   0.01896   0.00000   0.02595   0.00663   0.14466   2.32177   0.86902   1.04438   1.36718   0.94799  
 61  0.0183   2600.345871  x:  0.51264   0.00000   0.13220   0.00565   0.04993   0.01920   0.02519   0.02014   0.03221   0.00000   0.01725   0.02579   0.04609   0.06142   0.03539   0.17566   0.05763   0.00000   0.08980   0.03270   0.00632   0.01917   0.00000   0.16359   0.00000   0.13143   0.01045   0.06974   0.00606   0.02807   0.03072   0.02154   0.00831   0.00204   0.01564   0.08876   0.03943   0.01757   0.20022   0.04436   0.00000   0.07605   0.01974   0.00000   0.02575   0.00666   0.14534   2.31312   0.86898   1.04904   1.35947   0.94345  
 62  0.0084   2600.306343  x:  0.51325   0.00000   0.12879   0.00645   0.05011   0.01916   0.02567   0.01952   0.03271   0.00000   0.01718   0.02517   0.04564   0.06140   0.03592   0.17366   0.05874   0.00000   0.08984   0.03217   0.00630   0.01936   0.00000   0.16374   0.00000   0.13187   0.01023   0.06935   0.00606   0.02790   0.03042   0.02102   0.00849   0.00208   0.01583   0.09046   0.03960   0.01780   0.19739   0.04311   0.00000   0.07571   0.01944   0.00000   0.02597   0.00664   0.14498   2.32714   0.86704   1.04231   1.35818   0.93874  
 63  0.0051   2600.264888  x:  0.51682   0.00000   0.13166   0.00756   0.05091   0.02014   0.02601   0.01882   0.03274   0.00000   0.01707   0.02567   0.04557   0.06081   0.03563   0.17346   0.05906   0.00000   0.09012   0.03186   0.00629   0.01941   0.00000   0.16379   0.00000   0.13122   0.01012   0.07081   0.00625   0.02783   0.03058   0.02150   0.00832   0.00205   0.01585   0.08922   0.03906   0.01779   0.19738   0.04263   0.00000   0.07646   0.01918   0.00000   0.02595   0.00649   0.14467   2.31738   0.86901   1.04940   1.35980   0.94647  
 64  0.0065   2600.243521  x:  0.51435   0.00000   0.13026   0.00836   0.05058   0.01897   0.02616   0.01856   0.03237   0.00000   0.01709   0.02577   0.04570   0.06146   0.03470   0.17441   0.05853   0.00000   0.09028   0.03232   0.00640   0.01952   0.00000   0.16413   0.00000   0.13047   0.01007   0.07059   0.00628   0.02763   0.03081   0.02113   0.00818   0.00214   0.01574   0.08855   0.03904   0.01801   0.19916   0.04332   0.00000   0.07678   0.01944   0.00000   0.02621   0.00644   0.14497   2.31527   0.86942   1.04610   1.36089   0.94744  
 65  0.0037   2600.234686  x:  0.51375   0.00000   0.13060   0.00885   0.05033   0.01962   0.02594   0.01849   0.03237   0.00000   0.01681   0.02602   0.04567   0.06166   0.03465   0.17484   0.05840   0.00000   0.08956   0.03230   0.00634   0.01922   0.00000   0.16439   0.00000   0.13069   0.01013   0.07039   0.00620   0.02766   0.03060   0.02135   0.00818   0.00216   0.01566   0.08948   0.03934   0.01782   0.19975   0.04393   0.00000   0.07660   0.01948   0.00000   0.02594   0.00636   0.14466   2.31839   0.86673   1.04269   1.35834   0.94312  
 66  0.0049   2600.230541  x:  0.51402   0.00000   0.13100   0.00909   0.05027   0.01933   0.02569   0.01859   0.03257   0.00000   0.01660   0.02616   0.04557   0.06159   0.03485   0.17478   0.05861   0.00000   0.09032   0.03247   0.00632   0.01922   0.00000   0.16429   0.00000   0.13108   0.01015   0.07019   0.00614   0.02777   0.03059   0.02124   0.00836   0.00220   0.01564   0.08963   0.03878   0.01791   0.19973   0.04418   0.00000   0.07636   0.01929   0.00000   0.02566   0.00636   0.14408   2.32033   0.86937   1.04484   1.35921   0.94251  
 67  0.0030   2600.228200  x:  0.51464   0.00000   0.13052   0.00920   0.05020   0.01932   0.02563   0.01883   0.03252   0.00000   0.01643   0.02620   0.04551   0.06158   0.03508   0.17488   0.05854   0.00000   0.09007   0.03248   0.00630   0.01925   0.00000   0.16441   0.00000   0.13093   0.01017   0.06992   0.00612   0.02783   0.03061   0.02129   0.00844   0.00221   0.01569   0.08899   0.03913   0.01795   0.19916   0.04458   0.00000   0.07619   0.01929   0.00000   0.02583   0.00635   0.14365   2.31881   0.86884   1.04599   1.36000   0.94395  
 68  0.0020   2600.227097  x:  0.51448   0.00000   0.13071   0.00923   0.05020   0.01933   0.02567   0.01910   0.03243   0.00000   0.01636   0.02613   0.04544   0.06153   0.03512   0.17476   0.05858   0.00000   0.08990   0.03251   0.00629   0.01933   0.00000   0.16393   0.00000   0.13083   0.01016   0.06986   0.00618   0.02784   0.03075   0.02129   0.00844   0.00220   0.01568   0.08934   0.03893   0.01799   0.19921   0.04455   0.00000   0.07608   0.01933   0.00000   0.02584   0.00639   0.14354   2.31704   0.86819   1.04401   1.35908   0.94464  
 69  0.0017   2600.226432  x:  0.51408   0.00000   0.13070   0.00928   0.05017   0.01936   0.02575   0.01930   0.03241   0.00000   0.01631   0.02610   0.04540   0.06159   0.03498   0.17472   0.05859   0.00000   0.09006   0.03242   0.00630   0.01935   0.00000   0.16420   0.00000   0.13083   0.01012   0.06995   0.00618   0.02780   0.03060   0.02128   0.00834   0.00219   0.01572   0.08931   0.03907   0.01802   0.19912   0.04435   0.00000   0.07621   0.01930   0.00000   0.02580   0.00642   0.14337   2.31756   0.86861   1.04493   1.35954   0.94398  
 70  0.0007   2600.226331  x:  0.51439   0.00000   0.13063   0.00930   0.05016   0.01936   0.02576   0.01933   0.03245   0.00000   0.01631   0.02611   0.04539   0.06162   0.03498   0.17475   0.05856   0.00000   0.09003   0.03243   0.00631   0.01932   0.00000   0.16418   0.00000   0.13087   0.01013   0.07003   0.00617   0.02780   0.03064   0.02129   0.00834   0.00220   0.01570   0.08924   0.03901   0.01802   0.19933   0.04429   0.00000   0.07628   0.01933   0.00000   0.02582   0.00642   0.14329   2.31799   0.86846   1.04482   1.35938   0.94394  
 71  0.0005   2600.226315  x:  0.51437   0.00000   0.13068   0.00930   0.05016   0.01936   0.02577   0.01934   0.03247   0.00000   0.01632   0.02610   0.04540   0.06163   0.03498   0.17478   0.05856   0.00000   0.09002   0.03244   0.00631   0.01930   0.00000   0.16424   0.00000   0.13086   0.01014   0.07002   0.00617   0.02779   0.03065   0.02129   0.00836   0.00221   0.01570   0.08927   0.03902   0.01802   0.19931   0.04429   0.00000   0.07629   0.01932   0.00000   0.02583   0.00642   0.14328   2.31806   0.86849   1.04475   1.35938   0.94408  
 72  0.0001   2600.226308  x:  0.51433   0.00000   0.13065   0.00930   0.05016   0.01936   0.02576   0.01935   0.03247   0.00000   0.01632   0.02610   0.04541   0.06162   0.03498   0.17480   0.05856   0.00000   0.09003   0.03242   0.00632   0.01929   0.00000   0.16420   0.00000   0.13086   0.01014   0.07002   0.00617   0.02779   0.03064   0.02128   0.00836   0.00221   0.01570   0.08927   0.03901   0.01801   0.19931   0.04428   0.00000   0.07628   0.01932   0.00000   0.02582   0.00642   0.14326   2.31785   0.86846   1.04475   1.35938   0.94406  
 73  0.0001   2600.226304  x:  0.51436   0.00000   0.13067   0.00930   0.05017   0.01936   0.02576   0.01934   0.03246   0.00000   0.01633   0.02610   0.04542   0.06161   0.03497   0.17480   0.05856   0.00000   0.09003   0.03243   0.00633   0.01930   0.00000   0.16421   0.00000   0.13086   0.01014   0.07002   0.00617   0.02779   0.03065   0.02128   0.00836   0.00221   0.01569   0.08926   0.03902   0.01800   0.19930   0.04428   0.00000   0.07626   0.01932   0.00000   0.02583   0.00642   0.14322   2.31800   0.86848   1.04478   1.35939   0.94403  
 74  0.0001   2600.226303  x:  0.51435   0.00000   0.13067   0.00930   0.05017   0.01936   0.02576   0.01934   0.03246   0.00000   0.01633   0.02610   0.04543   0.06161   0.03498   0.17481   0.05856   0.00000   0.09003   0.03243   0.00633   0.01930   0.00000   0.16421   0.00000   0.13087   0.01014   0.07002   0.00617   0.02779   0.03065   0.02128   0.00836   0.00220   0.01570   0.08926   0.03902   0.01800   0.19931   0.04428   0.00000   0.07626   0.01932   0.00000   0.02583   0.00642   0.14322   2.31795   0.86846   1.04476   1.35936   0.94403  
 75  0.0000   2600.226302  x:  0.51436   0.00000   0.13067   0.00930   0.05017   0.01936   0.02576   0.01934   0.03246   0.00000   0.01633   0.02610   0.04543   0.06161   0.03498   0.17480   0.05856   0.00000   0.09002   0.03243   0.00633   0.01930   0.00000   0.16421   0.00000   0.13087   0.01014   0.07002   0.00617   0.02779   0.03065   0.02128   0.00836   0.00220   0.01570   0.08926   0.03903   0.01800   0.19931   0.04428   0.00000   0.07626   0.01932   0.00000   0.02582   0.00642   0.14322   2.31798   0.86847   1.04477   1.35938   0.94404  
 76  0.0000   2600.226302  x:  0.51435   0.00000   0.13067   0.00930   0.05017   0.01936   0.02576   0.01934   0.03246   0.00000   0.01633   0.02610   0.04543   0.06161   0.03498   0.17479   0.05857   0.00000   0.09003   0.03243   0.00633   0.01930   0.00000   0.16421   0.00000   0.13086   0.01014   0.07002   0.00617   0.02779   0.03065   0.02128   0.00836   0.00220   0.01570   0.08926   0.03902   0.01800   0.19931   0.04428   0.00000   0.07626   0.01932   0.00000   0.02583   0.00642   0.14322   2.31797   0.86847   1.04478   1.35937   0.94403  
 77  0.0000   2600.226302  x:  0.51435   0.00000   0.13067   0.00930   0.05017   0.01936   0.02576   0.01934   0.03246   0.00000   0.01633   0.02610   0.04543   0.06161   0.03498   0.17479   0.05857   0.00000   0.09003   0.03243   0.00633   0.01930   0.00000   0.16421   0.00000   0.13087   0.01014   0.07002   0.00617   0.02779   0.03065   0.02128   0.00836   0.00220   0.01570   0.08926   0.03902   0.01800   0.19930   0.04428   0.00000   0.07627   0.01932   0.00000   0.02583   0.00642   0.14322   2.31796   0.86846   1.04476   1.35937   0.94403  
 78  0.0000   2600.226302  x:  0.51435   0.00000   0.13067   0.00930   0.05017   0.01936   0.02576   0.01934   0.03246   0.00000   0.01633   0.02610   0.04542   0.06161   0.03498   0.17479   0.05857   0.00000   0.09003   0.03243   0.00634   0.01930   0.00000   0.16421   0.00000   0.13087   0.01014   0.07002   0.00617   0.02779   0.03065   0.02128   0.00836   0.00220   0.01570   0.08926   0.03902   0.01800   0.19931   0.04428   0.00000   0.07627   0.01932   0.00000   0.02583   0.00642   0.14323   2.31797   0.86847   1.04477   1.35938   0.94403  
 79  0.0000   2600.226302  x:  0.51435   0.00000   0.13067   0.00930   0.05017   0.01936   0.02576   0.01934   0.03246   0.00000   0.01633   0.02610   0.04542   0.06161   0.03498   0.17479   0.05857   0.00000   0.09003   0.03243   0.00634   0.01930   0.00000   0.16421   0.00000   0.13087   0.01014   0.07002   0.00617   0.02779   0.03065   0.02128   0.00836   0.00220   0.01570   0.08926   0.03902   0.01800   0.19931   0.04428   0.00000   0.07627   0.01932   0.00000   0.02583   0.00642   0.14323   2.31797   0.86847   1.04477   1.35937   0.94403  
 80  0.0000   2600.226302  x:  0.51435   0.00000   0.13067   0.00930   0.05017   0.01936   0.02576   0.01934   0.03246   0.00000   0.01633   0.02610   0.04542   0.06161   0.03498   0.17479   0.05857   0.00000   0.09003   0.03243   0.00634   0.01930   0.00000   0.16421   0.00000   0.13087   0.01014   0.07002   0.00617   0.02779   0.03065   0.02128   0.00836   0.00220   0.01570   0.08926   0.03902   0.01800   0.19931   0.04428   0.00000   0.07627   0.01932   0.00000   0.02583   0.00642   0.14323   2.31797   0.86847   1.04477   1.35937   0.94403  
 81  0.0000   2600.226302  x:  0.51435   0.00000   0.13067   0.00930   0.05017   0.01936   0.02576   0.01934   0.03246   0.00000   0.01633   0.02610   0.04542   0.06161   0.03498   0.17479   0.05857   0.00000   0.09003   0.03243   0.00634   0.01930   0.00000   0.16421   0.00000   0.13087   0.01014   0.07002   0.00617   0.02779   0.03065   0.02128   0.00836   0.00220   0.01570   0.08926   0.03902   0.01800   0.19931   0.04428   0.00000   0.07627   0.01932   0.00000   0.02583   0.00642   0.14323   2.31797   0.86847   1.04477   1.35937   0.94403  
 82  0.0000   2600.226302  x:  0.51435   0.00000   0.13067   0.00930   0.05017   0.01936   0.02576   0.01934   0.03246   0.00000   0.01633   0.02610   0.04542   0.06161   0.03498   0.17479   0.05857   0.00000   0.09003   0.03243   0.00634   0.01930   0.00000   0.16421   0.00000   0.13087   0.01014   0.07002   0.00617   0.02779   0.03065   0.02128   0.00836   0.00220   0.01570   0.08926   0.03902   0.01800   0.19931   0.04428   0.00000   0.07627   0.01932   0.00000   0.02583   0.00642   0.14323   2.31797   0.86847   1.04477   1.35937   0.94403  

TREE # 2

  0  0.0000   2671.046531  x:  0.00000   0.04240   0.01406   0.05372   0.04166   0.04663   0.04143   0.02417   0.01579   0.01247   0.04587   0.06629   0.03846   0.01972   0.13795   0.06657   0.06535   0.08280   0.05171   0.02955   0.05372   0.03742   0.09983   0.00741   0.03415   0.02782   0.05001   0.05332   0.05252   0.04710   0.05917   0.00552   0.04809   0.03749   0.05857   0.07741   0.07009   0.10591   0.04802   0.07887   0.08531   0.05244   0.01409   0.01859   0.02249   0.13215   0.32974   2.31797   0.85803   0.97084   1.26611   0.94403  
  1 99.0000   2671.044620  x:  0.00000   0.04240   0.01406   0.05372   0.04166   0.04663   0.04143   0.02417   0.01579   0.01247   0.04587   0.06629   0.03846   0.01972   0.13795   0.06657   0.06535   0.08280   0.05171   0.02954   0.05372   0.03742   0.09983   0.00741   0.03415   0.02782   0.05001   0.05332   0.05252   0.04709   0.05917   0.00552   0.04809   0.03749   0.05857   0.07741   0.07009   0.10591   0.04802   0.07887   0.08531   0.05244   0.01409   0.01859   0.02249   0.13215   0.32974   2.31797   0.85803   0.97084   1.26611   0.94403  
  2 602.7688   2662.922382  x:  0.00000   0.04478   0.01373   0.05438   0.03718   0.04506   0.04055   0.02406   0.01533   0.01190   0.04296   0.06725   0.03855   0.01953   0.13976   0.06523   0.06172   0.08247   0.04869   0.02369   0.05136   0.03306   0.10145   0.00150   0.03124   0.02523   0.05004   0.05025   0.05023   0.04439   0.05714   0.00000   0.04501   0.03634   0.05782   0.07659   0.06788   0.10820   0.04835   0.07490   0.08555   0.05087   0.01338   0.01854   0.01653   0.13317   0.33183   2.31789   0.85759   0.97089   1.26618   0.94376  
  3 1279.2841   2661.615183  x:  0.00000   0.04413   0.01381   0.05438   0.03629   0.04495   0.04060   0.02412   0.01568   0.01221   0.04256   0.06720   0.03860   0.01946   0.13998   0.06507   0.06083   0.08242   0.04824   0.02220   0.05107   0.03225   0.10158   0.00000   0.03156   0.02501   0.05018   0.04977   0.04996   0.04405   0.05689   0.00000   0.04449   0.03627   0.05786   0.07662   0.06750   0.10829   0.04828   0.07388   0.08559   0.05075   0.01374   0.01853   0.01501   0.13329   0.33217   2.31787   0.85745   0.97086   1.26619   0.94367  
  4 1217.6452   2654.721512  x:  0.00000   0.04746   0.01441   0.05312   0.03108   0.04632   0.04221   0.02400   0.01641   0.01198   0.04180   0.06595   0.03746   0.02104   0.13957   0.06559   0.05489   0.08246   0.04757   0.00745   0.05159   0.02852   0.10059   0.00000   0.03289   0.02640   0.05156   0.04872   0.05065   0.04451   0.05728   0.00000   0.04256   0.03755   0.05924   0.07846   0.06609   0.10573   0.04773   0.06527   0.08575   0.05189   0.01356   0.01886   0.00000   0.13321   0.33347   2.31760   0.85596   0.97044   1.26634   0.94265  
  5 789.7204   2652.901275  x:  0.00000   0.04800   0.01337   0.05326   0.02982   0.04657   0.04212   0.02406   0.01574   0.01190   0.04185   0.06622   0.03752   0.01960   0.13925   0.06581   0.05247   0.08248   0.04780   0.00000   0.05200   0.02796   0.10046   0.00000   0.03340   0.02664   0.05141   0.04882   0.05106   0.04494   0.05760   0.00000   0.04218   0.03753   0.05936   0.07907   0.06598   0.10540   0.04813   0.06162   0.08586   0.05218   0.01308   0.01850   0.00000   0.13307   0.33345   2.31747   0.85527   0.97021   1.26642   0.94217  
  6 974.3971   2649.282289  x:  0.00000   0.05180   0.02308   0.06026   0.02569   0.04472   0.03479   0.02462   0.01027   0.00834   0.04582   0.07297   0.04449   0.02443   0.13674   0.06727   0.02508   0.08253   0.05339   0.00000   0.05583   0.03104   0.10352   0.00000   0.03867   0.02458   0.04469   0.05359   0.05427   0.04926   0.06061   0.00000   0.04090   0.03224   0.05577   0.08238   0.06846   0.11098   0.05359   0.01927   0.08791   0.05182   0.01316   0.02259   0.00000   0.13136   0.32708   2.31557   0.84593   0.96703   1.26781   0.93580  
  7 239.1346   2648.743001  x:  0.00000   0.05812   0.02041   0.06006   0.02696   0.04273   0.03512   0.02382   0.01752   0.01302   0.04779   0.07216   0.04453   0.02521   0.13733   0.06655   0.01738   0.08239   0.05475   0.00000   0.05540   0.03381   0.10664   0.00000   0.04117   0.02305   0.04527   0.05515   0.05346   0.04895   0.06025   0.00000   0.04064   0.03243   0.05401   0.08144   0.06943   0.11467   0.05137   0.01448   0.08954   0.04995   0.01432   0.01867   0.00000   0.13202   0.32219   2.31427   0.83988   0.96491   1.26869   0.93145  
  8 58.3081   2647.946784  x:  0.00000   0.05811   0.01601   0.05640   0.02630   0.04080   0.03922   0.02402   0.01536   0.00789   0.04862   0.06860   0.03994   0.02513   0.13919   0.06467   0.01009   0.08225   0.05547   0.00000   0.05343   0.03628   0.11132   0.00000   0.04268   0.02157   0.04912   0.05636   0.05100   0.04703   0.05865   0.00000   0.03899   0.03495   0.05354   0.07969   0.06951   0.11789   0.04605   0.01343   0.09236   0.04743   0.01618   0.02438   0.00000   0.13400   0.31256   2.31059   0.82315   0.95900   1.27084   0.91911  
  9 44.8762   2646.829959  x:  0.00000   0.05867   0.01611   0.05379   0.02210   0.04007   0.04230   0.02409   0.01103   0.00944   0.04813   0.06566   0.03713   0.02544   0.14169   0.06236   0.01812   0.08257   0.05490   0.00000   0.05059   0.03658   0.11573   0.00000   0.04410   0.02025   0.05238   0.05631   0.04786   0.04405   0.05631   0.00000   0.03586   0.03663   0.05440   0.07822   0.06817   0.11938   0.04378   0.00638   0.09496   0.04574   0.01603   0.02325   0.00000   0.13645   0.30069   2.30422   0.79543   0.94893   1.27402   0.89814  
 10 110.6371   2644.609335  x:  0.00000   0.06032   0.02315   0.05470   0.00905   0.04211   0.04207   0.02417   0.00576   0.01235   0.04579   0.06594   0.03930   0.02556   0.14421   0.06028   0.01653   0.08295   0.05293   0.00000   0.04775   0.03174   0.11822   0.00000   0.04683   0.02006   0.05303   0.05449   0.04520   0.04082   0.05386   0.00000   0.02950   0.03590   0.05727   0.07926   0.06413   0.11724   0.04928   0.01406   0.09824   0.04667   0.01173   0.01725   0.00000   0.13992   0.28347   2.29068   0.73929   0.92778   1.27968   0.85453  
 11 229.9157   2642.944038  x:  0.00000   0.06229   0.02265   0.05760   0.01095   0.04404   0.03846   0.02390   0.01829   0.00553   0.04128   0.06954   0.04158   0.02297   0.14583   0.05964   0.02033   0.08323   0.04827   0.00000   0.04590   0.02262   0.11620   0.00000   0.04895   0.02062   0.05063   0.04959   0.04417   0.03842   0.05215   0.00000   0.02547   0.03341   0.05880   0.08110   0.05915   0.11387   0.05512   0.01490   0.09769   0.04856   0.00739   0.02319   0.00000   0.14154   0.27827   2.27820   0.69384   0.90906   1.28288   0.81664  
 12 235.1919   2641.472359  x:  0.00000   0.06766   0.01698   0.05982   0.02164   0.04376   0.03469   0.02318   0.01390   0.00880   0.03409   0.07434   0.04034   0.02641   0.14646   0.06107   0.01979   0.08299   0.04187   0.00000   0.04539   0.01292   0.11101   0.00000   0.05168   0.02149   0.04771   0.04254   0.04469   0.03751   0.05152   0.00000   0.02625   0.03197   0.05743   0.08275   0.05484   0.11234   0.05509   0.01566   0.09391   0.04951   0.01898   0.02544   0.00000   0.14122   0.28702   2.26604   0.66145   0.89255   1.28242   0.78422  
 13 156.6052   2639.265624  x:  0.00000   0.06345   0.01584   0.05852   0.02544   0.03943   0.03609   0.02404   0.01234   0.00477   0.02651   0.07488   0.03675   0.03325   0.14714   0.06248   0.01636   0.08192   0.03386   0.00000   0.04538   0.01793   0.10477   0.00000   0.05350   0.02040   0.04747   0.03334   0.04531   0.03736   0.05135   0.00000   0.03243   0.03358   0.05257   0.08188   0.05307   0.11648   0.04631   0.01359   0.08652   0.04672   0.00976   0.01539   0.00000   0.13859   0.31719   2.24835   0.63923   0.87227   1.27454   0.74714  
 14 99.3537   2637.924059  x:  0.00000   0.06501   0.01665   0.05744   0.02105   0.03746   0.03779   0.02359   0.01184   0.01283   0.02588   0.07403   0.03612   0.03205   0.14765   0.06227   0.01575   0.08154   0.03225   0.00000   0.04515   0.02149   0.10407   0.00000   0.05502   0.01886   0.04842   0.03126   0.04497   0.03721   0.05118   0.00000   0.03493   0.03423   0.05082   0.07974   0.05399   0.12029   0.04488   0.01358   0.08395   0.04474   0.00395   0.02417   0.00000   0.13715   0.33943   2.23570   0.63281   0.85976   1.26638   0.72543  
 15 161.5617   2635.733785  x:  0.00000   0.07114   0.01983   0.05576   0.00686   0.03577   0.04015   0.02257   0.01467   0.01089   0.02814   0.07211   0.03634   0.02563   0.14865   0.06085   0.01814   0.08137   0.03285   0.00000   0.04443   0.02776   0.10592   0.00000   0.05761   0.01613   0.05019   0.03152   0.04368   0.03668   0.05067   0.00000   0.03683   0.03445   0.04982   0.07530   0.05671   0.12640   0.04753   0.01375   0.08241   0.04226   0.01257   0.02923   0.00000   0.13547   0.37492   2.21467   0.62935   0.84067   1.25091   0.69356  
 16 303.7170   2631.909248  x:  0.00000   0.07399   0.02743   0.05293   0.01750   0.04313   0.04497   0.02271   0.01138   0.00782   0.03561   0.06349   0.03835   0.02206   0.15467   0.05366   0.01345   0.08222   0.04039   0.00000   0.03711   0.01104   0.12218   0.00000   0.06076   0.01638   0.05973   0.04132   0.03487   0.02893   0.04486   0.00000   0.02174   0.03405   0.06174   0.06695   0.05704   0.12718   0.05760   0.01104   0.09529   0.04374   0.01003   0.02421   0.00000   0.14041   0.41953   2.17602   0.64647   0.81469   1.21623   0.65450  
 17 127.6701   2627.869685  x:  0.00000   0.07252   0.01272   0.05976   0.00547   0.04330   0.03646   0.02373   0.01253   0.00684   0.03201   0.07115   0.03827   0.03695   0.16240   0.05202   0.01390   0.08365   0.03662   0.00000   0.03405   0.00361   0.13251   0.00000   0.06258   0.01956   0.05787   0.03957   0.03426   0.02730   0.04052   0.00000   0.01419   0.03202   0.06559   0.07242   0.04722   0.11649   0.05232   0.00966   0.10678   0.04715   0.00781   0.02476   0.00000   0.15136   0.42471   2.13859   0.67823   0.80298   1.17911   0.64438  
 18 89.9076   2626.478826  x:  0.00000   0.07438   0.01115   0.06093   0.00486   0.04546   0.03466   0.02357   0.01245   0.00747   0.02496   0.07326   0.03787   0.03833   0.16723   0.05054   0.01174   0.08407   0.02981   0.00000   0.03118   0.01237   0.13512   0.00000   0.06403   0.02052   0.05825   0.03294   0.03244   0.02404   0.03747   0.00000   0.00772   0.03141   0.06968   0.07709   0.03834   0.10801   0.05483   0.00779   0.11140   0.04956   0.00843   0.02578   0.00000   0.15776   0.42552   2.12054   0.69292   0.79974   1.16164   0.64351  
 19 265.1096   2624.534051  x:  0.00000   0.07832   0.01909   0.05828   0.00571   0.04480   0.03762   0.02292   0.01257   0.00755   0.01556   0.07294   0.03590   0.03144   0.17337   0.04875   0.00820   0.08384   0.01992   0.00000   0.02956   0.01044   0.13556   0.00000   0.06637   0.01812   0.05973   0.02123   0.03062   0.02209   0.03570   0.00000   0.01778   0.03262   0.07118   0.08373   0.03052   0.10253   0.05929   0.00520   0.11316   0.04868   0.00865   0.02616   0.00000   0.16511   0.41959   2.09886   0.70981   0.80006   1.14171   0.65006  
 20 188.2650   2623.277594  x:  0.00000   0.08019   0.02418   0.05471   0.00658   0.04224   0.04054   0.02265   0.01252   0.00764   0.01454   0.07236   0.03301   0.02734   0.17720   0.04987   0.00713   0.08244   0.01781   0.00000   0.03028   0.00729   0.12652   0.00000   0.06758   0.01438   0.05989   0.01474   0.03090   0.02283   0.03680   0.00000   0.00750   0.03288   0.06866   0.08632   0.03205   0.10375   0.06054   0.00461   0.10522   0.04593   0.00877   0.02599   0.00000   0.16758   0.41605   2.08655   0.71466   0.80588   1.13304   0.66283  
 21 92.8847   2622.274344  x:  0.00000   0.08132   0.02523   0.05262   0.00554   0.04146   0.04151   0.02248   0.01252   0.00781   0.01243   0.07164   0.03173   0.02660   0.18375   0.04934   0.00504   0.08024   0.01777   0.00000   0.02542   0.00613   0.11396   0.00000   0.06835   0.01736   0.06254   0.02255   0.02653   0.01640   0.03364   0.00000   0.00587   0.03137   0.06794   0.08738   0.02882   0.10493   0.06426   0.00298   0.09325   0.04358   0.00862   0.02592   0.00000   0.17030   0.41734   2.07533   0.71255   0.81664   1.12862   0.68250  
 22 97.9365   2621.496282  x:  0.00000   0.08159   0.02244   0.05344   0.00456   0.04408   0.04086   0.02289   0.01181   0.00759   0.01868   0.07005   0.03307   0.02910   0.19206   0.04597   0.00335   0.07878   0.01995   0.00000   0.02197   0.00645   0.10870   0.00000   0.06875   0.01781   0.06729   0.01760   0.02285   0.01889   0.02891   0.00000   0.00815   0.03012   0.07186   0.08431   0.02721   0.10501   0.06899   0.00145   0.08651   0.04360   0.00846   0.02586   0.00000   0.17374   0.42303   2.06669   0.70523   0.82939   1.12878   0.70403  
 23 100.0704   2620.409734  x:  0.00000   0.08199   0.01900   0.05645   0.00329   0.04814   0.03993   0.02311   0.01172   0.00724   0.01237   0.06667   0.03771   0.03213   0.20553   0.04063   0.00192   0.07817   0.01756   0.00000   0.02880   0.00658   0.11166   0.00000   0.06929   0.01485   0.07456   0.01848   0.02839   0.02046   0.03042   0.00000   0.00909   0.03162   0.07966   0.07532   0.03049   0.10527   0.07319   0.00000   0.08435   0.04488   0.00839   0.02607   0.00000   0.17876   0.43659   2.05464   0.68881   0.85263   1.13426   0.74247  
 24 119.1970   2619.671460  x:  0.00000   0.08255   0.02225   0.05811   0.00328   0.04694   0.03941   0.02341   0.01197   0.00730   0.01680   0.07057   0.03487   0.02951   0.21080   0.04507   0.00165   0.08003   0.01620   0.00000   0.02736   0.00639   0.12005   0.00000   0.06966   0.01510   0.07366   0.01851   0.03002   0.01673   0.03653   0.00000   0.00883   0.03329   0.08190   0.07497   0.02645   0.10245   0.06877   0.00000   0.09026   0.04624   0.00838   0.02593   0.00000   0.17940   0.45020   2.04769   0.67497   0.87019   1.14267   0.77146  
 25 89.5327   2619.345613  x:  0.00000   0.08285   0.02411   0.05745   0.00324   0.04582   0.03972   0.02311   0.01249   0.00745   0.01302   0.07198   0.03381   0.02799   0.21076   0.04693   0.00175   0.08122   0.01980   0.00000   0.02486   0.00626   0.12441   0.00000   0.06972   0.01638   0.07140   0.01853   0.02734   0.02006   0.03479   0.00000   0.00821   0.03286   0.08189   0.07737   0.02706   0.10082   0.06586   0.00000   0.09470   0.04670   0.00843   0.02594   0.00000   0.17863   0.45669   2.04529   0.66909   0.87783   1.14828   0.78442  
 26 94.6179   2619.178773  x:  0.00000   0.08289   0.02406   0.05584   0.00320   0.04566   0.04034   0.02290   0.01242   0.00741   0.01394   0.07133   0.03426   0.02805   0.20768   0.04609   0.00185   0.08181   0.01710   0.00000   0.02610   0.00618   0.12620   0.00000   0.06967   0.01688   0.06882   0.01892   0.02588   0.01941   0.03034   0.00000   0.00796   0.03173   0.08126   0.08076   0.02972   0.10004   0.06514   0.00000   0.09796   0.04688   0.00843   0.02597   0.00000   0.17718   0.45988   2.04486   0.66695   0.88140   1.15362   0.79111  
 27 44.6836   2619.058548  x:  0.00000   0.08269   0.02289   0.05465   0.00310   0.04597   0.04102   0.02318   0.01236   0.00737   0.01362   0.06908   0.03518   0.02921   0.20252   0.04334   0.00217   0.08173   0.01898   0.00000   0.02603   0.00606   0.12675   0.00000   0.06965   0.01567   0.06706   0.01777   0.02698   0.01724   0.03000   0.00000   0.00791   0.03134   0.08027   0.08354   0.02783   0.10096   0.06614   0.00000   0.10014   0.04617   0.00841   0.02602   0.00000   0.17553   0.46166   2.04577   0.66720   0.88317   1.16081   0.79541  
 28 28.7061   2618.959376  x:  0.00000   0.08242   0.02214   0.05481   0.00307   0.04624   0.04120   0.02326   0.01239   0.00738   0.01360   0.06767   0.03514   0.03006   0.19792   0.04166   0.00237   0.08130   0.01695   0.00000   0.02435   0.00591   0.12721   0.00000   0.06957   0.01553   0.06718   0.01846   0.02645   0.01933   0.03156   0.00000   0.00741   0.03168   0.07965   0.08441   0.02602   0.10238   0.06769   0.00000   0.10132   0.04517   0.00841   0.02603   0.00000   0.17468   0.46261   2.04737   0.66878   0.88410   1.16895   0.79836  
 29 36.1029   2618.753069  x:  0.00000   0.08188   0.02156   0.05732   0.00271   0.04661   0.04025   0.02286   0.01281   0.00755   0.01227   0.06878   0.03311   0.03101   0.19083   0.04331   0.00210   0.08010   0.01659   0.00000   0.02420   0.00594   0.12786   0.00000   0.06933   0.01761   0.07115   0.01634   0.02405   0.01744   0.03258   0.00000   0.00745   0.03293   0.07983   0.08263   0.02796   0.10345   0.07029   0.00000   0.10156   0.04399   0.00841   0.02596   0.00000   0.17528   0.46355   2.05240   0.67483   0.88524   1.18998   0.80301  
 30 35.5174   2618.436606  x:  0.00000   0.08203   0.02265   0.05796   0.00299   0.04514   0.03976   0.02320   0.01306   0.00763   0.01223   0.07256   0.03236   0.03029   0.18598   0.04573   0.00171   0.07907   0.01677   0.00000   0.02535   0.00578   0.12814   0.00000   0.06949   0.01437   0.07682   0.01734   0.02626   0.01826   0.02747   0.00000   0.00730   0.03268   0.08045   0.07971   0.02493   0.10164   0.06984   0.00000   0.09959   0.04356   0.00843   0.02578   0.00000   0.17866   0.46532   2.06160   0.68579   0.88667   1.22402   0.80764  
 31 69.8139   2618.036297  x:  0.00000   0.08309   0.02306   0.05371   0.00313   0.04327   0.03917   0.02324   0.01255   0.00736   0.01239   0.07396   0.03736   0.02913   0.19046   0.04288   0.00086   0.08010   0.01636   0.00000   0.02251   0.00577   0.12736   0.00000   0.06975   0.01393   0.07683   0.01701   0.02603   0.01756   0.03098   0.00000   0.00781   0.02841   0.08151   0.07856   0.02749   0.09780   0.06558   0.00000   0.09639   0.04605   0.00848   0.02586   0.00000   0.18455   0.46758   2.07507   0.70115   0.89018   1.26785   0.81078  
 32 70.7128   2617.661101  x:  0.00000   0.08329   0.02388   0.05435   0.00325   0.04369   0.03824   0.02301   0.01251   0.00754   0.01298   0.07081   0.03570   0.02796   0.20222   0.04094   0.00032   0.08183   0.01720   0.00000   0.02744   0.00564   0.12634   0.00000   0.06982   0.01722   0.06932   0.01701   0.02331   0.01834   0.03132   0.00000   0.00741   0.03108   0.08134   0.07992   0.02496   0.09994   0.06474   0.00000   0.09495   0.04672   0.00854   0.02582   0.00000   0.18858   0.46973   2.08931   0.71606   0.89636   1.30688   0.81069  
 33 77.3117   2617.451482  x:  0.00000   0.08310   0.02346   0.05558   0.00318   0.04542   0.03881   0.02325   0.01266   0.00771   0.01285   0.06902   0.03358   0.02830   0.20821   0.04261   0.00000   0.08217   0.01695   0.00000   0.02480   0.00572   0.12560   0.00000   0.06986   0.01660   0.06573   0.01721   0.02593   0.01820   0.03037   0.00000   0.00775   0.03243   0.08154   0.08128   0.02659   0.10103   0.06620   0.00000   0.09545   0.04652   0.00852   0.02574   0.00000   0.18878   0.47045   2.09602   0.72224   0.90092   1.32210   0.80973  
 34 79.2160   2617.177761  x:  0.00000   0.08321   0.02144   0.05587   0.00334   0.04751   0.04282   0.02388   0.01253   0.00731   0.01268   0.07022   0.03686   0.02972   0.21536   0.04823   0.00000   0.07833   0.01693   0.00000   0.02633   0.00587   0.12392   0.00000   0.07002   0.01433   0.06874   0.01744   0.02376   0.01832   0.03188   0.00000   0.00798   0.03007   0.08075   0.08650   0.02599   0.10370   0.06755   0.00000   0.09948   0.04433   0.00855   0.02586   0.00000   0.18438   0.47095   2.10699   0.72940   0.91343   1.33596   0.80480  
 35 31.4565   2616.764198  x:  0.00000   0.08357   0.02224   0.05581   0.00393   0.04525   0.04073   0.02127   0.01243   0.00693   0.01290   0.07383   0.03760   0.02878   0.22138   0.04400   0.00000   0.07414   0.01686   0.00000   0.02577   0.00582   0.12322   0.00000   0.07020   0.01971   0.07594   0.01628   0.02803   0.01860   0.03074   0.00000   0.00714   0.02973   0.07730   0.08985   0.02584   0.10615   0.06727   0.00000   0.10343   0.04246   0.00857   0.02583   0.00000   0.17515   0.47107   2.12600   0.73928   0.93879   1.35133   0.79495  
 36 46.3317   2616.142964  x:  0.00000   0.08456   0.02246   0.05718   0.00423   0.04268   0.03438   0.02603   0.01284   0.00703   0.01236   0.07458   0.03305   0.02858   0.22394   0.03867   0.00000   0.07520   0.01707   0.00000   0.02558   0.00594   0.12247   0.00000   0.07131   0.01357   0.07910   0.01738   0.02447   0.01794   0.03139   0.00000   0.00795   0.03235   0.07428   0.08933   0.02762   0.10284   0.06746   0.00000   0.10371   0.04562   0.00850   0.02565   0.00000   0.16414   0.47124   2.15594   0.75327   0.97884   1.37175   0.78042  
 37 86.8748   2615.198939  x:  0.00000   0.08509   0.02057   0.05638   0.00417   0.04174   0.03511   0.01913   0.01238   0.00609   0.01121   0.06909   0.03534   0.02906   0.21822   0.04482   0.00000   0.08423   0.01564   0.00000   0.02473   0.00571   0.12745   0.00000   0.07268   0.01333   0.07209   0.01615   0.02343   0.01724   0.02986   0.00000   0.00896   0.02919   0.07227   0.07587   0.02464   0.10297   0.06690   0.00000   0.09707   0.04712   0.00827   0.02568   0.00000   0.15930   0.47052   2.20229   0.77225   1.03913   1.39609   0.76091  
 38 94.0415   2614.763989  x:  0.00000   0.08664   0.02035   0.05653   0.00450   0.04168   0.03974   0.02764   0.01262   0.00598   0.01076   0.07162   0.03687   0.02902   0.21249   0.04451   0.00000   0.08463   0.01522   0.00000   0.02454   0.00579   0.13009   0.00000   0.07344   0.01702   0.06723   0.01546   0.02436   0.01723   0.02915   0.00000   0.00910   0.02875   0.07327   0.07161   0.02445   0.10520   0.06604   0.00000   0.09412   0.04380   0.00852   0.02585   0.00000   0.16617   0.47143   2.22417   0.77889   1.06442   1.40215   0.75336  
 39 86.7460   2614.091755  x:  0.00000   0.08663   0.02023   0.05670   0.00505   0.04378   0.04166   0.02176   0.01290   0.00564   0.01129   0.07779   0.03479   0.02940   0.20332   0.04045   0.00000   0.07868   0.01630   0.00000   0.02491   0.00620   0.13106   0.00000   0.07438   0.01381   0.06169   0.01707   0.02330   0.01726   0.03069   0.00000   0.01016   0.03126   0.07710   0.07401   0.02666   0.10818   0.06398   0.00000   0.09227   0.03831   0.00845   0.02566   0.00000   0.18653   0.47536   2.25414   0.78464   1.09199   1.40444   0.74705  
 40 73.2872   2613.474762  x:  0.00000   0.08764   0.02064   0.05628   0.00561   0.03846   0.03332   0.02340   0.01252   0.00512   0.01157   0.06987   0.03396   0.02810   0.19702   0.04470   0.00000   0.07455   0.01643   0.00000   0.02546   0.00649   0.13015   0.00000   0.07528   0.01423   0.06509   0.01719   0.02424   0.01752   0.03101   0.00000   0.01064   0.02730   0.07414   0.07771   0.02692   0.11564   0.06239   0.00000   0.09561   0.04429   0.00833   0.02594   0.00000   0.20357   0.47851   2.27871   0.78580   1.10023   1.39767   0.74985  
 41 37.7905   2611.902414  x:  0.00000   0.08957   0.01815   0.06143   0.00764   0.03373   0.03573   0.02212   0.01087   0.00309   0.01254   0.07075   0.04466   0.02840   0.19701   0.04484   0.00000   0.08660   0.01699   0.00000   0.02295   0.00658   0.12741   0.00000   0.07811   0.01319   0.07004   0.01758   0.02278   0.01651   0.02957   0.00000   0.01061   0.04015   0.05033   0.07441   0.02881   0.11916   0.06412   0.00000   0.10355   0.04651   0.00835   0.02656   0.00000   0.21375   0.48357   2.34199   0.78780   1.08657   1.37909   0.77836  
 42 36.6142   2608.762361  x:  0.00000   0.09258   0.01563   0.06363   0.00894   0.03622   0.03726   0.02143   0.01096   0.00253   0.01184   0.07481   0.03003   0.02939   0.20361   0.03892   0.00000   0.09684   0.01755   0.00000   0.02579   0.00751   0.13096   0.00000   0.08310   0.01197   0.06761   0.01863   0.02326   0.01687   0.03173   0.00000   0.01343   0.02067   0.03735   0.06245   0.02988   0.12687   0.06390   0.00000   0.10955   0.03496   0.00783   0.02600   0.00000   0.20507   0.48830   2.45800   0.79472   1.04808   1.35013   0.83608  
 43 134.4287   2605.956035  x:  0.00000   0.09768   0.01241   0.05798   0.01059   0.02681   0.02855   0.02181   0.00997   0.00066   0.01065   0.08002   0.03366   0.02893   0.20694   0.04112   0.00000   0.09188   0.01641   0.00000   0.02351   0.00812   0.13999   0.00000   0.08899   0.01001   0.05713   0.01843   0.02145   0.01547   0.03005   0.00000   0.01561   0.02637   0.05666   0.05490   0.03025   0.14552   0.05675   0.00000   0.10477   0.02873   0.00747   0.02633   0.00000   0.18004   0.48906   2.57074   0.80205   1.00451   1.31880   0.89545  
 44 240.8040   2605.555460  x:  0.00000   0.09869   0.01246   0.06048   0.01082   0.02994   0.03191   0.02123   0.00983   0.00035   0.01020   0.08212   0.03350   0.02837   0.20667   0.03958   0.00000   0.08525   0.01609   0.00000   0.02266   0.00809   0.14702   0.00000   0.09000   0.00959   0.05546   0.01831   0.02077   0.01490   0.02934   0.00000   0.01563   0.02637   0.05490   0.05528   0.03001   0.15075   0.05377   0.00000   0.09812   0.03786   0.00745   0.02642   0.00000   0.17497   0.48844   2.58572   0.80318   0.99745   1.31337   0.90425  
 45 73.0648   2605.442096  x:  0.00000   0.09887   0.01203   0.06099   0.01114   0.02971   0.03092   0.02151   0.00958   0.00017   0.01050   0.07984   0.03418   0.02853   0.20730   0.04042   0.00000   0.08159   0.01631   0.00000   0.02268   0.00802   0.15381   0.00000   0.09018   0.00994   0.05565   0.01836   0.02074   0.01491   0.02949   0.00000   0.01529   0.02684   0.05197   0.05805   0.03036   0.14772   0.05480   0.00000   0.09216   0.03550   0.00745   0.02641   0.00000   0.17392   0.48871   2.58722   0.80350   0.99554   1.31217   0.90606  
 46 20.0600   2605.368822  x:  0.00000   0.09856   0.01124   0.06048   0.01120   0.02569   0.03283   0.02103   0.00970   0.00037   0.01060   0.08051   0.03321   0.02949   0.20762   0.04030   0.00000   0.08112   0.01650   0.00000   0.02301   0.00808   0.15478   0.00000   0.09019   0.01005   0.05510   0.01851   0.02088   0.01511   0.02983   0.00000   0.01536   0.02658   0.05216   0.05819   0.03052   0.14754   0.05743   0.00000   0.09173   0.03680   0.00738   0.02623   0.00000   0.17380   0.48880   2.57578   0.80451   0.99603   1.31329   0.90601  
 47  4.3046   2604.030426  x:  0.00000   0.10006   0.00929   0.04793   0.01105   0.02940   0.02655   0.02230   0.01014   0.00265   0.01082   0.08767   0.03243   0.03003   0.20565   0.04310   0.00000   0.08098   0.01675   0.00000   0.02361   0.00842   0.16072   0.00000   0.09307   0.00928   0.05102   0.01905   0.02162   0.01594   0.03038   0.00000   0.01693   0.02913   0.04414   0.05499   0.03123   0.15935   0.05824   0.00000   0.08813   0.03753   0.00702   0.02521   0.00000   0.16859   0.48580   2.34131   0.82620   1.00745   1.33519   0.90324  
 48 46.2621   2603.200649  x:  0.00000   0.10379   0.01032   0.06200   0.01170   0.02625   0.02848   0.02138   0.00905   0.00279   0.01163   0.08382   0.03557   0.02647   0.20186   0.04133   0.00000   0.08280   0.01709   0.00000   0.02305   0.00852   0.16037   0.00000   0.09543   0.00829   0.05051   0.01946   0.02147   0.01549   0.03011   0.00000   0.01730   0.02691   0.04566   0.05669   0.03255   0.16342   0.04863   0.00000   0.08532   0.03412   0.00716   0.02520   0.00000   0.16383   0.48346   2.19247   0.83945   1.01378   1.34702   0.90103  
 49 276.9317   2603.190154  x:  0.00000   0.10392   0.01040   0.06220   0.01164   0.02612   0.02853   0.02136   0.00899   0.00278   0.01167   0.08330   0.03577   0.02629   0.20193   0.04138   0.00000   0.08070   0.01708   0.00000   0.02300   0.00849   0.15973   0.00000   0.09552   0.00830   0.04965   0.01946   0.02138   0.01548   0.03004   0.00000   0.01736   0.02704   0.04510   0.05525   0.03250   0.16251   0.04842   0.00000   0.08621   0.03399   0.00715   0.02521   0.00000   0.16369   0.48348   2.19236   0.83960   1.01393   1.34721   0.90130  
 50  3.3769   2601.782279  x:  0.00000   0.11302   0.01513   0.06584   0.00667   0.02686   0.03062   0.02195   0.00843   0.00523   0.01515   0.08549   0.03997   0.01887   0.20341   0.04250   0.00000   0.07533   0.01828   0.00000   0.02351   0.00726   0.15671   0.00000   0.10195   0.00773   0.05011   0.01980   0.02352   0.01801   0.02949   0.00000   0.01653   0.02689   0.04583   0.06102   0.03233   0.16761   0.04918   0.00000   0.08255   0.03201   0.00596   0.02235   0.00000   0.15886   0.49525   2.43271   0.85609   1.02199   1.33273   0.93529  
 51  1.7373   2600.861526  x:  0.00000   0.12066   0.01375   0.06549   0.00415   0.02860   0.03225   0.02213   0.00765   0.00201   0.01771   0.08980   0.04059   0.01680   0.20040   0.04380   0.00000   0.07619   0.01975   0.00000   0.02532   0.00657   0.14407   0.00000   0.10863   0.00878   0.04948   0.02005   0.02586   0.02044   0.03086   0.00000   0.01664   0.02632   0.04508   0.06107   0.03335   0.17313   0.05765   0.00000   0.08837   0.03286   0.00471   0.02039   0.00000   0.16195   0.50642   2.29939   0.88071   1.05415   1.35794   0.93770  
 52  0.5110   2600.563595  x:  0.00000   0.12429   0.00971   0.06934   0.00648   0.03048   0.03183   0.02146   0.00719   0.00272   0.01747   0.08833   0.04030   0.01821   0.20021   0.04369   0.00000   0.07496   0.01986   0.00000   0.02536   0.00606   0.14189   0.00000   0.11203   0.00971   0.04979   0.01932   0.02564   0.02006   0.03157   0.00000   0.01649   0.02570   0.04769   0.06074   0.03431   0.17325   0.06157   0.00000   0.08897   0.03254   0.00567   0.01969   0.00000   0.16343   0.51403   2.30927   0.87924   1.05336   1.35619   0.95435  
 53  0.0939   2600.374954  x:  0.00000   0.12900   0.00930   0.07014   0.00617   0.02717   0.02994   0.02119   0.00889   0.00241   0.01596   0.08998   0.03918   0.01781   0.20088   0.04426   0.00000   0.07624   0.01913   0.00000   0.02591   0.00633   0.14082   0.00000   0.11760   0.00924   0.05065   0.01915   0.02609   0.01960   0.03244   0.00000   0.01692   0.02650   0.04380   0.06291   0.03436   0.17615   0.05871   0.00000   0.09109   0.03231   0.00684   0.01874   0.00000   0.16622   0.51743   2.31701   0.87958   1.05196   1.36182   0.95565  
 54  0.0190   2600.296695  x:  0.00000   0.13228   0.01137   0.07046   0.00642   0.02694   0.02998   0.02119   0.00845   0.00246   0.01545   0.08981   0.03816   0.01835   0.19994   0.04452   0.00000   0.07677   0.01936   0.00000   0.02604   0.00653   0.14303   0.00000   0.12264   0.00931   0.05065   0.01937   0.02575   0.01917   0.03284   0.00000   0.01646   0.02579   0.04522   0.06124   0.03519   0.17695   0.05948   0.00000   0.08934   0.03222   0.00659   0.01880   0.00000   0.16472   0.51907   2.31791   0.87446   1.04849   1.36465   0.95551  
 55  0.0105   2600.253877  x:  0.00000   0.13417   0.00979   0.07035   0.00602   0.02763   0.03102   0.02135   0.00812   0.00235   0.01540   0.08945   0.03837   0.01850   0.19907   0.04447   0.00000   0.07648   0.01934   0.00000   0.02600   0.00658   0.14373   0.00000   0.12633   0.00910   0.05001   0.01938   0.02575   0.01915   0.03277   0.00000   0.01621   0.02577   0.04572   0.06123   0.03532   0.17645   0.05823   0.00000   0.08977   0.03204   0.00623   0.01953   0.00000   0.16352   0.51684   2.32517   0.87044   1.04570   1.36335   0.94949  
 56  0.0142   2600.237541  x:  0.00000   0.13423   0.01017   0.07018   0.00611   0.02796   0.03065   0.02123   0.00839   0.00212   0.01551   0.08916   0.03914   0.01775   0.19924   0.04406   0.00000   0.07597   0.01925   0.00000   0.02570   0.00633   0.14350   0.00000   0.12832   0.00956   0.05014   0.01932   0.02567   0.01928   0.03233   0.00000   0.01620   0.02631   0.04538   0.06160   0.03512   0.17540   0.05846   0.00000   0.09024   0.03259   0.00619   0.01946   0.00000   0.16440   0.51458   2.31477   0.86677   1.04338   1.35827   0.94361  
 57  0.0121   2600.232131  x:  0.00000   0.13335   0.01017   0.07004   0.00616   0.02786   0.03054   0.02126   0.00830   0.00197   0.01582   0.08919   0.03932   0.01796   0.19924   0.04422   0.00000   0.07635   0.01935   0.00000   0.02580   0.00639   0.14323   0.00000   0.12927   0.00905   0.05004   0.01931   0.02578   0.01943   0.03241   0.00000   0.01622   0.02617   0.04531   0.06157   0.03501   0.17473   0.05871   0.00000   0.09019   0.03259   0.00638   0.01931   0.00000   0.16438   0.51363   2.31422   0.86672   1.04419   1.35788   0.94127  
 58  0.0028   2600.228716  x:  0.00000   0.13227   0.01015   0.07009   0.00620   0.02770   0.03066   0.02126   0.00825   0.00201   0.01586   0.08928   0.03929   0.01785   0.19926   0.04433   0.00000   0.07642   0.01935   0.00000   0.02589   0.00649   0.14325   0.00000   0.13004   0.00945   0.05016   0.01944   0.02585   0.01939   0.03252   0.00000   0.01637   0.02601   0.04541   0.06169   0.03488   0.17438   0.05855   0.00000   0.09003   0.03233   0.00642   0.01920   0.00000   0.16393   0.51343   2.31940   0.86770   1.04462   1.35849   0.94170  
 59  0.0048   2600.226981  x:  0.00000   0.13142   0.01015   0.07025   0.00623   0.02774   0.03066   0.02126   0.00832   0.00211   0.01573   0.08930   0.03915   0.01778   0.19959   0.04429   0.00000   0.07617   0.01931   0.00000   0.02583   0.00643   0.14329   0.00000   0.13053   0.00924   0.05029   0.01937   0.02575   0.01932   0.03248   0.00000   0.01641   0.02604   0.04551   0.06167   0.03486   0.17445   0.05867   0.00000   0.08990   0.03233   0.00630   0.01923   0.00000   0.16431   0.51410   2.32063   0.86837   1.04492   1.35921   0.94343  
 60  0.0023   2600.226424  x:  0.00000   0.13098   0.01016   0.07018   0.00620   0.02779   0.03066   0.02129   0.00835   0.00213   0.01571   0.08933   0.03908   0.01794   0.19932   0.04428   0.00000   0.07625   0.01933   0.00000   0.02583   0.00641   0.14324   0.00000   0.13063   0.00931   0.05011   0.01935   0.02576   0.01934   0.03247   0.00000   0.01635   0.02612   0.04545   0.06165   0.03495   0.17470   0.05856   0.00000   0.08999   0.03246   0.00633   0.01935   0.00000   0.16421   0.51438   2.31925   0.86874   1.04500   1.35963   0.94416  
 61  0.0018   2600.226330  x:  0.00000   0.13090   0.01014   0.07010   0.00617   0.02780   0.03065   0.02128   0.00836   0.00216   0.01570   0.08928   0.03907   0.01797   0.19931   0.04427   0.00000   0.07625   0.01933   0.00000   0.02581   0.00642   0.14326   0.00000   0.13066   0.00930   0.05021   0.01936   0.02576   0.01934   0.03245   0.00000   0.01632   0.02610   0.04543   0.06159   0.03498   0.17479   0.05854   0.00000   0.09002   0.03243   0.00634   0.01930   0.00000   0.16420   0.51440   2.31820   0.86857   1.04483   1.35942   0.94413  
 62  0.0010   2600.226311  x:  0.00000   0.13087   0.01015   0.07006   0.00616   0.02779   0.03064   0.02128   0.00835   0.00218   0.01569   0.08925   0.03905   0.01797   0.19930   0.04428   0.00000   0.07626   0.01932   0.00000   0.02582   0.00642   0.14324   0.00000   0.13066   0.00930   0.05015   0.01936   0.02576   0.01934   0.03245   0.00000   0.01632   0.02609   0.04543   0.06163   0.03498   0.17480   0.05855   0.00000   0.09003   0.03242   0.00634   0.01930   0.00000   0.16421   0.51438   2.31804   0.86844   1.04475   1.35931   0.94410  
 63  0.0003   2600.226304  x:  0.00000   0.13086   0.01014   0.07003   0.00617   0.02779   0.03065   0.02128   0.00836   0.00219   0.01570   0.08925   0.03903   0.01799   0.19930   0.04429   0.00000   0.07627   0.01932   0.00000   0.02583   0.00642   0.14323   0.00000   0.13066   0.00930   0.05017   0.01936   0.02577   0.01934   0.03247   0.00000   0.01632   0.02610   0.04543   0.06162   0.03498   0.17480   0.05857   0.00000   0.09002   0.03243   0.00633   0.01930   0.00000   0.16421   0.51435   2.31803   0.86841   1.04474   1.35932   0.94406  
 64  0.0001   2600.226303  x:  0.00000   0.13086   0.01014   0.07002   0.00617   0.02779   0.03064   0.02128   0.00836   0.00220   0.01570   0.08926   0.03903   0.01800   0.19931   0.04428   0.00000   0.07626   0.01932   0.00000   0.02583   0.00642   0.14322   0.00000   0.13066   0.00930   0.05017   0.01936   0.02576   0.01934   0.03246   0.00000   0.01633   0.02610   0.04543   0.06161   0.03498   0.17480   0.05857   0.00000   0.09002   0.03243   0.00634   0.01931   0.00000   0.16422   0.51435   2.31800   0.86843   1.04476   1.35935   0.94404  
 65  0.0001   2600.226302  x:  0.00000   0.13086   0.01014   0.07002   0.00617   0.02779   0.03065   0.02128   0.00836   0.00220   0.01570   0.08926   0.03902   0.01800   0.19931   0.04428   0.00000   0.07626   0.01932   0.00000   0.02582   0.00642   0.14323   0.00000   0.13067   0.00930   0.05017   0.01936   0.02576   0.01934   0.03246   0.00000   0.01633   0.02610   0.04542   0.06161   0.03498   0.17480   0.05857   0.00000   0.09003   0.03243   0.00634   0.01930   0.00000   0.16421   0.51435   2.31797   0.86846   1.04477   1.35937   0.94404  
 66  0.0000   2600.226302  x:  0.00000   0.13087   0.01014   0.07002   0.00617   0.02779   0.03065   0.02128   0.00836   0.00220   0.01570   0.08926   0.03902   0.01800   0.19930   0.04428   0.00000   0.07627   0.01932   0.00000   0.02583   0.00642   0.14323   0.00000   0.13067   0.00930   0.05017   0.01936   0.02576   0.01934   0.03246   0.00000   0.01633   0.02610   0.04542   0.06161   0.03498   0.17480   0.05857   0.00000   0.09003   0.03243   0.00634   0.01930   0.00000   0.16421   0.51435   2.31797   0.86847   1.04477   1.35937   0.94403  
 67  0.0000   2600.226302  x:  0.00000   0.13087   0.01014   0.07002   0.00617   0.02779   0.03065   0.02128   0.00836   0.00220   0.01570   0.08926   0.03902   0.01800   0.19931   0.04428   0.00000   0.07627   0.01932   0.00000   0.02583   0.00642   0.14323   0.00000   0.13067   0.00930   0.05017   0.01936   0.02576   0.01934   0.03246   0.00000   0.01633   0.02610   0.04542   0.06161   0.03498   0.17479   0.05857   0.00000   0.09003   0.03243   0.00634   0.01930   0.00000   0.16421   0.51435   2.31797   0.86847   1.04477   1.35937   0.94403  
 68  0.0000   2600.226302  x:  0.00000   0.13087   0.01014   0.07002   0.00617   0.02779   0.03065   0.02128   0.00836   0.00220   0.01570   0.08926   0.03902   0.01800   0.19931   0.04428   0.00000   0.07627   0.01932   0.00000   0.02583   0.00642   0.14323   0.00000   0.13067   0.00930   0.05017   0.01936   0.02576   0.01934   0.03246   0.00000   0.01633   0.02610   0.04542   0.06161   0.03498   0.17479   0.05857   0.00000   0.09003   0.03243   0.00634   0.01930   0.00000   0.16421   0.51435   2.31797   0.86847   1.04477   1.35937   0.94403  
 69  0.0000   2600.226302  x:  0.00000   0.13087   0.01014   0.07002   0.00617   0.02779   0.03065   0.02128   0.00836   0.00220   0.01570   0.08926   0.03902   0.01800   0.19931   0.04428   0.00000   0.07627   0.01932   0.00000   0.02583   0.00642   0.14323   0.00000   0.13067   0.00930   0.05017   0.01936   0.02576   0.01934   0.03246   0.00000   0.01633   0.02610   0.04542   0.06161   0.03498   0.17479   0.05857   0.00000   0.09003   0.03243   0.00634   0.01930   0.00000   0.16421   0.51435   2.31797   0.86847   1.04477   1.35937   0.94403  