

TREE # 1

  0  0.0000   2242.852767  x:  0.01972   0.20925   0.02571   0.03211   0.02495   0.05815   0.02188   0.05666   0.08536   0.02661   0.17168   0.01972   0.20925   0.02571   0.03211   0.02495   0.05815   0.02188   0.05666   0.08536   0.02661   0.17168   0.21568   8.40433   1.66912   1.29435   1.78427   1.00000  
  1 99.0000   2096.181183  x:  0.00048   0.20462   0.22919   0.09527   0.00802   0.06555   0.04225   0.06953   0.07639   0.10010   0.15282   0.00000   0.20503   0.16334   0.12859   0.02587   0.07096   0.05745   0.05581   0.08670   0.09239   0.15093   0.19247   8.40426   1.67043   1.29283   1.78452   1.00117  
  2 1808.0164   2094.334729  x:  0.00000   0.20385   0.22900   0.09577   0.00489   0.06593   0.04209   0.07043   0.07472   0.09978   0.15018   0.00000   0.20431   0.16325   0.12933   0.02521   0.07180   0.05693   0.05580   0.08612   0.09238   0.14799   0.18901   8.40425   1.67064   1.29264   1.78447   1.00131  
  3 282.6256   2092.018563  x:  0.00000   0.20343   0.22884   0.09583   0.00000   0.06541   0.04247   0.07017   0.07309   0.09982   0.14698   0.00000   0.20361   0.16315   0.12948   0.02724   0.07062   0.05752   0.05601   0.08579   0.09250   0.14375   0.18328   8.40424   1.67096   1.29225   1.78447   1.00149  
  4 985.4531   2073.558917  x:  0.00000   0.21627   0.23365   0.08545   0.00000   0.05110   0.04555   0.06631   0.07496   0.11282   0.11519   0.00000   0.20467   0.16308   0.10758   0.00274   0.04255   0.07575   0.04601   0.09803   0.09678   0.07741   0.06041   8.40378   1.67616   1.28212   1.78712   1.00516  
  5 526.7580   2067.370853  x:  0.00000   0.22439   0.23626   0.08152   0.00000   0.05103   0.04276   0.07139   0.08226   0.11835   0.10927   0.00000   0.20802   0.16304   0.09727   0.00563   0.04712   0.07819   0.04129   0.10556   0.09780   0.05676   0.01134   8.40356   1.67789   1.27772   1.78877   1.00672  
  6 858.6489   2066.535941  x:  0.00000   0.23336   0.23635   0.08067   0.00000   0.05564   0.04461   0.06727   0.08932   0.12060   0.10298   0.00000   0.21194   0.16214   0.09661   0.00422   0.05174   0.07856   0.05431   0.11156   0.09631   0.04091   0.01141   8.40325   1.68036   1.27141   1.79122   1.00895  
  7 57.5149   2066.238723  x:  0.00000   0.23574   0.23636   0.08053   0.00000   0.05667   0.04492   0.06653   0.09109   0.12112   0.10111   0.00407   0.21297   0.16191   0.09659   0.00397   0.05264   0.07851   0.05688   0.11310   0.09590   0.03706   0.01164   8.40316   1.68106   1.26963   1.79191   1.00960  
  8 347.3303   2065.745967  x:  0.00000   0.24408   0.23619   0.08132   0.00000   0.05700   0.04306   0.06986   0.09606   0.12168   0.09269   0.00437   0.21545   0.16119   0.09874   0.00512   0.05064   0.07604   0.05178   0.11754   0.09428   0.02709   0.01626   8.40276   1.68410   1.26197   1.79481   1.01244  
  9 56.6622   2065.582746  x:  0.00421   0.24632   0.23597   0.08174   0.00000   0.05696   0.04312   0.06985   0.09684   0.12139   0.08987   0.00434   0.21585   0.16102   0.09998   0.00515   0.05041   0.07528   0.05143   0.11826   0.09378   0.02724   0.01622   8.40262   1.68515   1.25938   1.79577   1.01342  
 10 83.0970   2064.381647  x:  0.00380   0.26810   0.23380   0.08581   0.00000   0.05617   0.04467   0.06788   0.10380   0.11766   0.05860   0.00374   0.21953   0.15962   0.11246   0.00492   0.04927   0.06791   0.05003   0.12448   0.08893   0.03494   0.01351   8.40114   1.69643   1.23182   1.80606   1.02406  
 11 99.1326   2062.050038  x:  0.00468   0.28657   0.23762   0.08085   0.00000   0.04835   0.04246   0.07306   0.07561   0.10189   0.04180   0.00376   0.20925   0.16672   0.09831   0.00427   0.06116   0.07458   0.04844   0.10336   0.10018   0.03403   0.01696   8.39696   1.72701   1.16249   1.83121   1.05383  
 12 38.0339   2059.858974  x:  0.00388   0.29501   0.23749   0.08714   0.00000   0.06607   0.04072   0.07941   0.04928   0.08923   0.05121   0.00414   0.19684   0.16823   0.10389   0.00365   0.05211   0.06884   0.04923   0.08577   0.10199   0.02905   0.01179   8.39268   1.75672   1.09693   1.85548   1.08365  
 13 145.0364   2058.488715  x:  0.00364   0.27536   0.23486   0.09571   0.00000   0.04996   0.04076   0.07693   0.04473   0.09630   0.06031   0.00469   0.18219   0.16213   0.11540   0.00267   0.05757   0.06128   0.04874   0.08412   0.09614   0.02234   0.00915   8.38978   1.77362   1.06695   1.86762   1.10206  
 14 59.5948   2055.747544  x:  0.00626   0.19699   0.23368   0.09670   0.00000   0.06108   0.04218   0.08374   0.04957   0.12752   0.04478   0.00499   0.14863   0.15030   0.10981   0.00275   0.05763   0.06040   0.04822   0.09311   0.09257   0.02304   0.01023   8.38361   1.80426   1.02980   1.88535   1.13791  
 15 75.9865   2054.707487  x:  0.00729   0.16426   0.23014   0.08983   0.00000   0.06054   0.03171   0.08426   0.05029   0.12024   0.03914   0.00496   0.16398   0.15754   0.11653   0.00246   0.05568   0.05794   0.05094   0.09518   0.09856   0.02073   0.00864   8.38091   1.81227   1.03937   1.88631   1.14982  
 16 36.6845   2054.186870  x:  0.00773   0.15107   0.22788   0.09018   0.00000   0.06132   0.04402   0.08644   0.04853   0.11509   0.03689   0.00495   0.17375   0.16045   0.11800   0.00228   0.05761   0.05728   0.04770   0.09525   0.09919   0.01841   0.00810   8.37929   1.81572   1.05291   1.88456   1.15572  
 17 57.2438   2053.055995  x:  0.00830   0.15021   0.22945   0.10984   0.00000   0.06055   0.04076   0.09353   0.03270   0.11810   0.02968   0.00500   0.17707   0.15717   0.11216   0.00212   0.05743   0.06119   0.05130   0.09201   0.08859   0.01814   0.00784   8.37563   1.82016   1.10786   1.87222   1.16516  
 18 36.4546   2052.257955  x:  0.00838   0.15954   0.22986   0.10122   0.00000   0.06464   0.03939   0.08813   0.03118   0.11780   0.02639   0.00541   0.15534   0.15369   0.12050   0.00172   0.06073   0.05710   0.04711   0.08276   0.09715   0.01540   0.00735   8.37278   1.82507   1.15530   1.85857   1.17077  
 19 42.4565   2052.104316  x:  0.00837   0.16121   0.22908   0.10009   0.00000   0.06206   0.04087   0.09563   0.03391   0.11482   0.02626   0.00554   0.14851   0.15457   0.12226   0.00179   0.05851   0.05625   0.05156   0.08195   0.10049   0.01562   0.00702   8.37209   1.82809   1.16380   1.85486   1.17191  
 20 27.1054   2051.924629  x:  0.00828   0.16111   0.22535   0.10176   0.00000   0.06295   0.04017   0.09620   0.03318   0.10987   0.02756   0.00558   0.14273   0.15896   0.12583   0.00165   0.06053   0.06404   0.05067   0.08884   0.10048   0.01589   0.00718   8.37076   1.83997   1.16829   1.84704   1.17292  
 21  8.3593   2051.030059  x:  0.00834   0.15644   0.22570   0.10701   0.00000   0.06287   0.04037   0.08858   0.02978   0.10657   0.02960   0.00550   0.13582   0.17603   0.12004   0.00249   0.06108   0.04928   0.05054   0.09365   0.10034   0.01718   0.00882   8.36359   1.90579   1.18283   1.80626   1.17698  
 22 22.2940   2049.861903  x:  0.00837   0.14936   0.23115   0.10835   0.00000   0.06437   0.03964   0.08888   0.03814   0.11174   0.03152   0.00522   0.14281   0.17139   0.12985   0.00277   0.06438   0.05711   0.05046   0.06781   0.09687   0.01877   0.00998   8.35399   1.98798   1.19813   1.75809   1.18165  
 23 65.2309   2049.554520  x:  0.00828   0.14882   0.23621   0.10240   0.00000   0.06348   0.04084   0.09215   0.03042   0.11618   0.03291   0.00507   0.14728   0.16168   0.13540   0.00305   0.06504   0.05746   0.05208   0.07115   0.10096   0.02040   0.01070   8.35129   2.00354   1.20188   1.75132   1.18203  
 24 31.1637   2049.140454  x:  0.00833   0.14376   0.24806   0.11177   0.00000   0.06381   0.04018   0.08761   0.03190   0.10458   0.03319   0.00509   0.14581   0.14731   0.13521   0.00337   0.06584   0.05739   0.05148   0.07223   0.11221   0.02051   0.01117   8.34700   1.99925   1.20692   1.76612   1.17928  
 25 10.6832   2047.017413  x:  0.00831   0.12828   0.26772   0.10368   0.00000   0.06336   0.04086   0.08378   0.02622   0.09367   0.03476   0.00543   0.13025   0.15998   0.14789   0.00486   0.06974   0.05862   0.05406   0.05592   0.09386   0.02203   0.01379   8.32394   1.92287   1.23345   1.88984   1.15802  
 26 23.9720   2046.463969  x:  0.00821   0.12721   0.25342   0.11298   0.00000   0.06404   0.04128   0.08289   0.02388   0.10628   0.03523   0.00541   0.13052   0.16804   0.15246   0.00521   0.07129   0.05960   0.05445   0.04903   0.11038   0.02300   0.01456   8.31761   1.89961   1.23949   1.92361   1.15176  
 27 44.8159   2044.968112  x:  0.00703   0.13791   0.27476   0.12042   0.00000   0.06807   0.04152   0.08609   0.02430   0.10349   0.03257   0.00559   0.13781   0.18284   0.16218   0.00628   0.07789   0.05827   0.05466   0.05573   0.11037   0.02325   0.01345   8.28580   1.67916   1.14374   1.71992   1.07205  
 28  1.7509   2044.292419  x:  0.00687   0.14668   0.28751   0.12244   0.00000   0.07034   0.04146   0.08580   0.02779   0.10672   0.03455   0.00533   0.14540   0.19025   0.16637   0.00712   0.08099   0.05725   0.05373   0.06245   0.10933   0.02427   0.01239   8.25852   1.70842   1.19170   1.77160   1.20117  
 29  2.1538   2043.827870  x:  0.00631   0.15049   0.29566   0.12430   0.00000   0.07246   0.04083   0.08796   0.02933   0.10922   0.03496   0.00531   0.14924   0.19447   0.16982   0.00746   0.08363   0.05529   0.05326   0.06582   0.10842   0.02424   0.01116   8.23834   1.81172   1.23877   1.87073   1.11385  
 30  3.6515   2043.283251  x:  0.00473   0.15081   0.28015   0.12835   0.00000   0.07493   0.04054   0.08675   0.02812   0.10326   0.03868   0.00531   0.15413   0.18968   0.18254   0.01005   0.09045   0.05000   0.05751   0.06185   0.10205   0.02391   0.01044   8.12167   1.81571   1.23876   1.81607   1.11469  
 31  0.1236   2043.114813  x:  0.00507   0.14536   0.28662   0.12881   0.00000   0.07363   0.04166   0.08333   0.02756   0.10640   0.03604   0.00528   0.14971   0.19389   0.18722   0.01195   0.09033   0.05402   0.05979   0.06313   0.10444   0.02359   0.01157   8.06194   1.83002   1.23290   1.80868   1.11799  
 32  0.0721   2043.004016  x:  0.00540   0.14248   0.28975   0.12850   0.00000   0.07271   0.04129   0.08890   0.02871   0.10711   0.03785   0.00505   0.14732   0.19410   0.18895   0.01316   0.09138   0.05158   0.05919   0.06211   0.10604   0.02575   0.01334   8.04980   1.82137   1.24151   1.81562   1.11072  
 33  0.0289   2042.875841  x:  0.00570   0.14831   0.29087   0.12705   0.00000   0.07192   0.04113   0.08765   0.02726   0.10595   0.03940   0.00490   0.14611   0.19290   0.18510   0.01665   0.09017   0.05288   0.05608   0.06018   0.10658   0.02618   0.01153   8.08300   1.81600   1.24056   1.82600   1.10859  
 34  0.0274   2042.824317  x:  0.00543   0.14731   0.28622   0.12694   0.00000   0.07199   0.04096   0.08738   0.02840   0.10471   0.03790   0.00488   0.15022   0.19224   0.18299   0.01852   0.08880   0.05114   0.05583   0.06238   0.10543   0.02612   0.01246   8.11174   1.81953   1.23531   1.82607   1.11340  
 35  0.0245   2042.815744  x:  0.00528   0.14581   0.28850   0.12735   0.00000   0.07231   0.04085   0.08768   0.02831   0.10596   0.03851   0.00497   0.14983   0.19273   0.18152   0.01908   0.08820   0.05112   0.05608   0.06254   0.10529   0.02571   0.01231   8.10783   1.81865   1.23490   1.81700   1.11301  
 36  0.0135   2042.814299  x:  0.00529   0.14655   0.28868   0.12758   0.00000   0.07266   0.04097   0.08774   0.02823   0.10568   0.03827   0.00501   0.14936   0.19276   0.18112   0.01932   0.08801   0.05136   0.05626   0.06230   0.10531   0.02595   0.01236   8.10138   1.81930   1.23627   1.81747   1.11237  
 37  0.0063   2042.814230  x:  0.00531   0.14641   0.28848   0.12762   0.00000   0.07274   0.04096   0.08772   0.02821   0.10574   0.03829   0.00503   0.14935   0.19270   0.18103   0.01935   0.08803   0.05137   0.05627   0.06240   0.10530   0.02594   0.01235   8.10012   1.81908   1.23659   1.81826   1.11230  
 38  0.0018   2042.814224  x:  0.00531   0.14641   0.28851   0.12763   0.00000   0.07276   0.04096   0.08773   0.02821   0.10572   0.03829   0.00504   0.14939   0.19270   0.18102   0.01934   0.08804   0.05135   0.05629   0.06237   0.10532   0.02593   0.01235   8.09953   1.81916   1.23655   1.81834   1.11241  
 39  0.0006   2042.814223  x:  0.00531   0.14641   0.28850   0.12763   0.00000   0.07276   0.04096   0.08773   0.02821   0.10573   0.03829   0.00504   0.14938   0.19269   0.18102   0.01934   0.08805   0.05134   0.05628   0.06237   0.10532   0.02594   0.01235   8.09947   1.81915   1.23653   1.81830   1.11239  
 40  0.0001   2042.814223  x:  0.00531   0.14641   0.28850   0.12763   0.00000   0.07276   0.04096   0.08773   0.02821   0.10573   0.03829   0.00504   0.14938   0.19269   0.18102   0.01934   0.08805   0.05135   0.05628   0.06237   0.10532   0.02594   0.01235   8.09950   1.81914   1.23653   1.81829   1.11238  
 41  0.0000   2042.814223  x:  0.00531   0.14641   0.28851   0.12763   0.00000   0.07276   0.04096   0.08773   0.02821   0.10573   0.03829   0.00504   0.14938   0.19269   0.18102   0.01934   0.08805   0.05135   0.05628   0.06237   0.10532   0.02594   0.01235   8.09952   1.81915   1.23653   1.81829   1.11239  
 42  0.0000   2042.814223  x:  0.00531   0.14641   0.28851   0.12763   0.00000   0.07276   0.04096   0.08773   0.02821   0.10573   0.03829   0.00504   0.14938   0.19269   0.18102   0.01934   0.08805   0.05135   0.05628   0.06237   0.10532   0.02594   0.01235   8.09952   1.81915   1.23653   1.81830   1.11239  
 43  0.0000   2042.814223  x:  0.00531   0.14641   0.28851   0.12763   0.00000   0.07276   0.04096   0.08773   0.02821   0.10573   0.03829   0.00504   0.14938   0.19269   0.18102   0.01934   0.08805   0.05135   0.05628   0.06237   0.10532   0.02594   0.01235   8.09953   1.81915   1.23653   1.81830   1.11239  
 44  0.0000   2042.814223  x:  0.00531   0.14641   0.28851   0.12763   0.00000   0.07276   0.04096   0.08773   0.02821   0.10573   0.03829   0.00504   0.14938   0.19269   0.18102   0.01934   0.08805   0.05135   0.05628   0.06237   0.10532   0.02594   0.01235   8.09953   1.81915   1.23653   1.81830   1.11239  

TREE # 2

  0  0.0000   2263.928364  x:  0.00531   0.14641   0.28851   0.12763   0.00000   0.07276   0.04096   0.08773   0.02821   0.10573   0.03829   0.00504   0.14938   0.19269   0.18102   0.01934   0.08805   0.05135   0.05628   0.06237   0.10532   0.02594   0.01235   8.09953   1.66561   1.15180   1.67110   1.11239  
  1 99.0000   2201.041810  x:  0.00510   0.14458   0.28661   0.12947   0.21182   0.07871   0.04345   0.08968   0.02968   0.10423   0.04172   0.02337   0.14739   0.19095   0.18085   0.02676   0.09260   0.05116   0.05856   0.06312   0.10333   0.03030   0.01750   8.09952   1.66567   1.15180   1.67115   1.11243  
  2 14327.9731   2127.858984  x:  0.00000   0.10185   0.24347   0.13553   0.20356   0.13507   0.07258   0.13876   0.06108   0.06898   0.09953   0.08513   0.10307   0.15212   0.17605   0.14237   0.18463   0.04660   0.10579   0.07893   0.05891   0.10435   0.08605   8.09955   1.66634   1.15313   1.67193   1.11240  
  3 738.6441   2092.727948  x:  0.09026   0.04843   0.18677   0.14017   0.20315   0.16688   0.07641   0.16480   0.06152   0.02653   0.10680   0.08104   0.04822   0.10309   0.16658   0.15968   0.23011   0.03516   0.12514   0.08600   0.00000   0.10586   0.07526   8.09961   1.66719   1.15549   1.67201   1.11244  
  4 562.5784   2070.510710  x:  0.08298   0.00097   0.13924   0.14231   0.20396   0.18168   0.07305   0.17646   0.05927   0.00546   0.10419   0.07006   0.00000   0.06575   0.15896   0.15799   0.25230   0.02820   0.13192   0.08915   0.00000   0.09718   0.05825   8.09965   1.66776   1.15742   1.67212   1.11231  
  5 617.1419   2070.070491  x:  0.08288   0.00000   0.13788   0.14239   0.20398   0.18208   0.07296   0.17679   0.05929   0.00584   0.10414   0.06981   0.00024   0.06482   0.15878   0.15795   0.25292   0.02807   0.13211   0.08922   0.00000   0.09696   0.05785   8.09965   1.66778   1.15746   1.67212   1.11230  
  6 455.3909   2069.908457  x:  0.08287   0.00000   0.13695   0.14259   0.20398   0.18226   0.07289   0.17691   0.05936   0.00619   0.10409   0.06975   0.00000   0.06450   0.15867   0.15784   0.25323   0.02818   0.13218   0.08920   0.00000   0.09685   0.05778   8.09965   1.66782   1.15748   1.67213   1.11231  
  7 212.8341   2061.749505  x:  0.07618   0.00000   0.06042   0.16001   0.20424   0.19556   0.06691   0.18589   0.06392   0.00000   0.09952   0.06444   0.00023   0.04173   0.15007   0.14736   0.27720   0.03820   0.13664   0.08719   0.00000   0.08742   0.05332   8.09976   1.67122   1.15855   1.67303   1.11302  
  8 754.6335   2060.828788  x:  0.07566   0.00000   0.04902   0.16585   0.20419   0.19745   0.06706   0.18637   0.05762   0.00025   0.09824   0.06403   0.00000   0.04874   0.14768   0.14507   0.28171   0.03407   0.13623   0.08708   0.00000   0.08734   0.05578   8.09980   1.67262   1.15875   1.67331   1.11372  
  9 97.0847   2060.828788  x:  0.07566   0.00000   0.04902   0.16585   0.20419   0.19745   0.06706   0.18637   0.05762   0.00025   0.09824   0.06403   0.00000   0.04874   0.14768   0.14507   0.28171   0.03407   0.13623   0.08708   0.00000   0.08734   0.05578   8.09980   1.67262   1.15875   1.67331   1.11372  
 10 413.0928   2056.076832  x:  0.07347   0.00288   0.04807   0.16563   0.20315   0.19738   0.06684   0.18645   0.05812   0.02008   0.09810   0.06373   0.00810   0.04847   0.14766   0.14453   0.28176   0.03374   0.13606   0.08710   0.00000   0.08690   0.05512   8.09981   1.67267   1.15878   1.67333   1.11370  
 11 1315.0835   2050.922054  x:  0.04677   0.00550   0.03459   0.16242   0.19033   0.19640   0.06435   0.18589   0.05744   0.02362   0.09499   0.05794   0.00000   0.04187   0.14651   0.13786   0.28226   0.02987   0.13407   0.08732   0.00000   0.08173   0.04728   8.09982   1.67312   1.15934   1.67361   1.11360  
 12 188.2674   2046.064811  x:  0.01258   0.00755   0.01785   0.15829   0.17386   0.19516   0.06126   0.18515   0.05639   0.02230   0.09105   0.05069   0.00306   0.03424   0.14515   0.12934   0.28291   0.02516   0.13158   0.08760   0.00000   0.07526   0.03762   8.09984   1.67369   1.16005   1.67399   1.11347  
 13 1858.1949   2045.477051  x:  0.00742   0.00441   0.02343   0.15624   0.16490   0.19463   0.06059   0.18487   0.05618   0.02276   0.08983   0.04983   0.00292   0.03528   0.14467   0.12530   0.28337   0.02565   0.13085   0.08773   0.00000   0.07365   0.03772   8.09985   1.67411   1.16028   1.67434   1.11340  
 14 102.6854   2043.782341  x:  0.01163   0.00791   0.02974   0.14623   0.11976   0.19201   0.05721   0.18339   0.05499   0.02212   0.08373   0.04474   0.00345   0.03652   0.14238   0.10513   0.28563   0.02622   0.12696   0.08837   0.00000   0.06543   0.03565   8.09987   1.67626   1.16154   1.67609   1.11308  
 15 156.3101   2043.523505  x:  0.01275   0.00408   0.02700   0.14495   0.11178   0.19172   0.05770   0.18315   0.05514   0.02268   0.08369   0.04623   0.00338   0.03703   0.14245   0.10243   0.28615   0.02688   0.12654   0.08841   0.00000   0.06598   0.03742   8.09988   1.67687   1.16174   1.67663   1.11300  
 16 94.6223   2043.363561  x:  0.01146   0.00589   0.02556   0.14460   0.10472   0.19169   0.05961   0.18290   0.05564   0.02244   0.08501   0.05013   0.00322   0.03842   0.14320   0.10122   0.28680   0.02834   0.12654   0.08834   0.00000   0.06896   0.04130   8.09987   1.67781   1.16191   1.67748   1.11290  
 17 59.8914   2043.324700  x:  0.01160   0.00577   0.02622   0.14587   0.10177   0.19200   0.06184   0.18241   0.05606   0.02242   0.08693   0.05042   0.00327   0.03696   0.14479   0.10242   0.28756   0.02759   0.12665   0.08814   0.00000   0.07144   0.03907   8.09986   1.67936   1.16213   1.67888   1.11275  
 18 13.7507   2043.308421  x:  0.01154   0.00577   0.02592   0.14788   0.10051   0.19235   0.06243   0.18141   0.05575   0.02245   0.08750   0.04860   0.00320   0.03840   0.14639   0.10364   0.28864   0.02755   0.12696   0.08809   0.00000   0.07114   0.03931   8.09983   1.68216   1.16259   1.68139   1.11249  
 19  7.3026   2043.284069  x:  0.01157   0.00574   0.02617   0.15097   0.09969   0.19282   0.06182   0.17944   0.05528   0.02245   0.08682   0.04942   0.00325   0.03671   0.14828   0.10425   0.29079   0.02769   0.12739   0.08814   0.00000   0.06926   0.04022   8.09976   1.68929   1.16394   1.68777   1.11184  
 20  9.9901   2043.239845  x:  0.01156   0.00571   0.02599   0.15303   0.10033   0.19315   0.06106   0.17719   0.05613   0.02242   0.08521   0.05163   0.00319   0.03876   0.14860   0.10218   0.29405   0.02697   0.12747   0.08815   0.00000   0.06954   0.03813   8.09962   1.70560   1.16756   1.70246   1.11038  
 21 16.9004   2043.146157  x:  0.01159   0.00568   0.02610   0.15195   0.10253   0.19306   0.06182   0.17570   0.05699   0.02241   0.08483   0.04859   0.00329   0.03712   0.14656   0.09790   0.29875   0.02713   0.12723   0.08807   0.00000   0.07311   0.03987   8.09929   1.74231   1.17672   1.73576   1.10712  
 22 42.2623   2043.049699  x:  0.01157   0.00570   0.02594   0.14610   0.10278   0.19200   0.06285   0.17902   0.05377   0.02244   0.08860   0.04960   0.00330   0.03750   0.14442   0.10095   0.29876   0.02799   0.12683   0.08786   0.00000   0.07015   0.03912   8.09895   1.78098   1.18875   1.77139   1.10387  
 23 43.0322   2043.013740  x:  0.01159   0.00570   0.02607   0.14489   0.10179   0.19147   0.06113   0.18136   0.05648   0.02234   0.08737   0.04955   0.00333   0.03751   0.14456   0.10412   0.29528   0.02620   0.12659   0.08785   0.00000   0.07020   0.03984   8.09882   1.79513   1.19549   1.78499   1.10289  
 24 26.4352   2042.994084  x:  0.01158   0.00569   0.02598   0.14577   0.10129   0.19143   0.06036   0.18254   0.05632   0.02235   0.08582   0.04930   0.00333   0.03736   0.14493   0.10483   0.29130   0.02850   0.12706   0.08788   0.00000   0.07116   0.03911   8.09876   1.80246   1.20122   1.79259   1.10261  
 25 17.7971   2042.973936  x:  0.01161   0.00566   0.02609   0.14780   0.10132   0.19178   0.06107   0.18288   0.05452   0.02239   0.08567   0.04946   0.00334   0.03747   0.14532   0.10336   0.28594   0.02728   0.12683   0.08790   0.00000   0.07141   0.03947   8.09869   1.80914   1.20935   1.80027   1.10269  
 26 15.5359   2042.963745  x:  0.01160   0.00566   0.02606   0.14837   0.10163   0.19203   0.06164   0.18197   0.05606   0.02234   0.08719   0.04948   0.00335   0.03747   0.14554   0.10229   0.28398   0.02786   0.12665   0.08787   0.00000   0.07035   0.03944   8.09866   1.81192   1.21529   1.80419   1.10310  
 27  9.8109   2042.946345  x:  0.01164   0.00566   0.02612   0.14659   0.10198   0.19214   0.06063   0.17873   0.05550   0.02237   0.08748   0.04955   0.00337   0.03752   0.14612   0.10325   0.28532   0.02788   0.12605   0.08779   0.00000   0.07116   0.03951   8.09859   1.81486   1.22999   1.81078   1.10496  
 28  6.2591   2042.939425  x:  0.01166   0.00566   0.02613   0.14664   0.10211   0.19215   0.06222   0.17969   0.05571   0.02236   0.08627   0.04962   0.00338   0.03754   0.14581   0.10356   0.28717   0.02779   0.12654   0.08793   0.00000   0.07075   0.03957   8.09856   1.81569   1.23643   1.81346   1.10612  
 29  6.8761   2042.936287  x:  0.01167   0.00565   0.02615   0.14752   0.10205   0.19203   0.06142   0.18133   0.05567   0.02235   0.08691   0.04962   0.00339   0.03754   0.14539   0.10332   0.28851   0.02768   0.12703   0.08787   0.00000   0.07090   0.03957   8.09855   1.81591   1.23936   1.81473   1.10703  
 30  3.7505   2042.934671  x:  0.01168   0.00564   0.02617   0.14748   0.10228   0.19222   0.06139   0.18195   0.05567   0.02234   0.08688   0.04965   0.00339   0.03757   0.14631   0.10309   0.28870   0.02789   0.12578   0.08768   0.00000   0.07094   0.03960   8.09853   1.81573   1.23934   1.81568   1.10962  
 31  0.4461   2042.927678  x:  0.01175   0.00560   0.02624   0.14716   0.10256   0.19250   0.06144   0.18163   0.05568   0.02231   0.08705   0.04977   0.00344   0.03763   0.14671   0.10314   0.28823   0.02774   0.12710   0.08891   0.00000   0.07109   0.03970   8.09850   1.81490   1.23813   1.81973   1.12194  
 32  2.1169   2042.924991  x:  0.01177   0.00558   0.02627   0.14743   0.10253   0.19231   0.06158   0.18120   0.05569   0.02230   0.08700   0.04982   0.00347   0.03765   0.14592   0.10348   0.28801   0.02773   0.12733   0.08746   0.00000   0.07110   0.03977   8.09850   1.81471   1.23769   1.82098   1.12622  
 33  4.6092   2042.923300  x:  0.01180   0.00556   0.02631   0.14811   0.10245   0.19176   0.06172   0.18086   0.05570   0.02229   0.08704   0.04986   0.00350   0.03766   0.14476   0.10401   0.28797   0.02789   0.12642   0.08798   0.00000   0.07117   0.03980   8.09854   1.81500   1.23760   1.82091   1.12746  
 34  0.9322   2042.893762  x:  0.01223   0.00530   0.02683   0.14892   0.10465   0.18803   0.06245   0.18098   0.05586   0.02210   0.08770   0.05072   0.00375   0.03822   0.14695   0.10475   0.28817   0.02814   0.12764   0.08778   0.00000   0.07211   0.04061   8.09997   1.82533   1.23878   1.80818   1.12753  
 35  0.5112   2042.882200  x:  0.01240   0.00520   0.02703   0.14912   0.10507   0.19317   0.06233   0.18122   0.05596   0.02202   0.08792   0.05103   0.00387   0.03841   0.14605   0.10563   0.28828   0.02830   0.12758   0.08781   0.00000   0.07246   0.04092   8.10056   1.82816   1.23895   1.80441   1.12620  
 36  3.2012   2042.863141  x:  0.01268   0.00504   0.02732   0.14973   0.10627   0.19282   0.06255   0.18113   0.05603   0.02189   0.08826   0.05157   0.00403   0.03876   0.14644   0.10638   0.28824   0.02850   0.12781   0.08772   0.00000   0.07304   0.04141   8.10168   1.81626   1.23539   1.81594   1.11200  
 37  1.0012   2042.825816  x:  0.01233   0.00491   0.02503   0.14971   0.10536   0.19272   0.06259   0.18079   0.05606   0.02094   0.08820   0.05160   0.00507   0.03811   0.14655   0.10584   0.28880   0.02811   0.12767   0.08770   0.00000   0.07305   0.04106   8.09931   1.82200   1.23763   1.82106   1.11230  
 38  0.0057   2042.818061  x:  0.01243   0.00517   0.02601   0.14932   0.10512   0.19265   0.06237   0.18098   0.05610   0.02038   0.08801   0.05128   0.00548   0.03828   0.14640   0.10559   0.28857   0.02820   0.12759   0.08773   0.00000   0.07270   0.04092   8.09848   1.81975   1.23687   1.81902   1.11223  
 39  0.0029   2042.816379  x:  0.01230   0.00499   0.02587   0.14945   0.10557   0.19268   0.06240   0.18107   0.05624   0.01992   0.08808   0.05134   0.00560   0.03831   0.14644   0.10591   0.28837   0.02823   0.12768   0.08773   0.00000   0.07280   0.04098   8.09985   1.81772   1.23604   1.81669   1.11275  
 40  0.0014   2042.814362  x:  0.01224   0.00502   0.02600   0.14937   0.10517   0.19270   0.06238   0.18098   0.05625   0.01937   0.08804   0.05137   0.00534   0.03828   0.14642   0.10564   0.28860   0.02820   0.12760   0.08772   0.00000   0.07274   0.04097   8.10023   1.81967   1.23675   1.81886   1.11223  
 41  0.0008   2042.814228  x:  0.01233   0.00504   0.02595   0.14939   0.10536   0.19269   0.06237   0.18103   0.05628   0.01935   0.08805   0.05134   0.00530   0.03829   0.14641   0.10575   0.28849   0.02821   0.12764   0.08773   0.00000   0.07276   0.04096   8.09971   1.81918   1.23653   1.81835   1.11239  
 42  0.0007   2042.814223  x:  0.01235   0.00504   0.02594   0.14938   0.10532   0.19269   0.06237   0.18102   0.05628   0.01934   0.08805   0.05135   0.00531   0.03829   0.14641   0.10573   0.28850   0.02821   0.12763   0.08773   0.00000   0.07276   0.04096   8.09955   1.81913   1.23652   1.81828   1.11239  
 43  0.0002   2042.814223  x:  0.01235   0.00504   0.02594   0.14938   0.10532   0.19269   0.06237   0.18102   0.05628   0.01934   0.08805   0.05135   0.00531   0.03829   0.14641   0.10573   0.28851   0.02821   0.12763   0.08773   0.00000   0.07276   0.04096   8.09953   1.81914   1.23653   1.81829   1.11239  
 44  0.0000   2042.814223  x:  0.01235   0.00504   0.02594   0.14938   0.10532   0.19269   0.06237   0.18102   0.05628   0.01934   0.08805   0.05135   0.00531   0.03829   0.14641   0.10573   0.28851   0.02821   0.12763   0.08773   0.00000   0.07276   0.04096   8.09953   1.81915   1.23653   1.81829   1.11239  