

TREE # 1

  0  0.0000   2697.655299  x:  0.30793   0.13204   0.10263   0.00979   0.02539   0.05480   0.03145   0.02224   0.06609   0.02556   0.02483   0.04439   0.05627   0.03236   0.05956   0.03887   0.12541   0.00000   0.10006   0.01982   0.03049   0.01738   0.03267   0.10740   0.07081   0.16233   0.02806   0.04125   0.02179   0.02444   0.04388   0.04084   0.02659   0.02972   0.02443   0.06256   0.01362   0.06721   0.06597   0.12015   0.03294   0.05007   0.04621   0.02027   0.02137   0.04039   0.08188   8.40433   1.20400   1.18471   1.00688   1.00000  
  1 99.0000   2672.373439  x:  0.31296   0.13374   0.10908   0.00525   0.01889   0.04798   0.01804   0.02038   0.07411   0.01203   0.01138   0.04479   0.04599   0.02154   0.05242   0.03427   0.12728   0.11690   0.10029   0.01947   0.01725   0.02392   0.02461   0.11436   0.07698   0.16697   0.01883   0.03918   0.01230   0.02885   0.03641   0.02954   0.02502   0.01620   0.01436   0.05899   0.00000   0.06151   0.06147   0.12311   0.03421   0.04937   0.04181   0.00836   0.02002   0.02911   0.09009   8.40337   1.20389   1.18181   1.01069   1.00125  
  2 1458.0725   2655.700440  x:  0.31640   0.13445   0.11226   0.00689   0.01569   0.04362   0.00828   0.01981   0.07841   0.00218   0.00158   0.04502   0.03898   0.01459   0.04779   0.03171   0.12850   0.11578   0.09954   0.01941   0.00759   0.02500   0.01991   0.11770   0.08064   0.16999   0.01294   0.03809   0.00736   0.03024   0.03182   0.02188   0.02446   0.00637   0.00872   0.05680   0.00000   0.05790   0.05862   0.12502   0.03478   0.04872   0.03942   0.00000   0.01965   0.02145   0.09490   8.40268   1.20379   1.17972   1.01343   1.00212  
  3 600.6791   2653.835225  x:  0.31689   0.13455   0.11261   0.00597   0.01574   0.04315   0.00672   0.01985   0.07877   0.00060   0.00000   0.04504   0.03807   0.01410   0.04725   0.03156   0.12866   0.11567   0.09942   0.01943   0.00605   0.02498   0.01969   0.11810   0.08102   0.17038   0.01247   0.03802   0.00797   0.03025   0.03143   0.02100   0.02449   0.00481   0.00908   0.05658   0.00000   0.05752   0.05831   0.12525   0.03480   0.04860   0.03935   0.00000   0.01968   0.02056   0.09539   8.40257   1.20376   1.17939   1.01386   1.00225  
  4 1571.0299   2653.346809  x:  0.31705   0.13458   0.11270   0.00616   0.01585   0.04305   0.00613   0.01988   0.07882   0.00000   0.00000   0.04504   0.03780   0.01411   0.04712   0.03156   0.12870   0.11568   0.09938   0.01944   0.00546   0.02494   0.01974   0.11820   0.08111   0.17049   0.01244   0.03802   0.00813   0.03021   0.03138   0.02079   0.02452   0.00422   0.00929   0.05653   0.00000   0.05744   0.05824   0.12531   0.03479   0.04856   0.03938   0.00000   0.01970   0.02036   0.09549   8.40253   1.20375   1.17927   1.01402   1.00230  
  5 1698.0383   2651.017487  x:  0.31803   0.13475   0.11300   0.00597   0.01638   0.04274   0.00191   0.02002   0.07870   0.00000   0.00000   0.04503   0.03650   0.01488   0.04663   0.03186   0.12891   0.11567   0.09912   0.01948   0.00129   0.02473   0.02042   0.11868   0.08136   0.17108   0.01287   0.03807   0.00746   0.02991   0.03151   0.02012   0.02470   0.00000   0.00938   0.05640   0.00000   0.05721   0.05801   0.12561   0.03467   0.04828   0.03980   0.00000   0.01976   0.01975   0.09577   8.40224   1.20365   1.17841   1.01510   1.00263  
  6 1872.6148   2650.546746  x:  0.31829   0.13478   0.11304   0.00598   0.01631   0.04271   0.00060   0.02001   0.07864   0.00000   0.00000   0.04503   0.03625   0.01498   0.04656   0.03192   0.12895   0.11567   0.09905   0.01949   0.00000   0.02475   0.02048   0.11877   0.08139   0.17120   0.01297   0.03808   0.00758   0.02991   0.03157   0.02007   0.02469   0.00000   0.00922   0.05639   0.00000   0.05718   0.05798   0.12567   0.03465   0.04824   0.03986   0.00000   0.01974   0.01972   0.09578   8.40215   1.20361   1.17815   1.01542   1.00273  
  7 2652.1345   2650.429714  x:  0.31840   0.13480   0.11304   0.00598   0.01627   0.04270   0.00000   0.02000   0.07862   0.00000   0.00000   0.04503   0.03618   0.01498   0.04655   0.03192   0.12896   0.11567   0.09902   0.01949   0.00000   0.02476   0.02046   0.11879   0.08139   0.17124   0.01299   0.03808   0.00757   0.02993   0.03159   0.02008   0.02469   0.00000   0.00925   0.05639   0.00000   0.05717   0.05798   0.12569   0.03465   0.04823   0.03987   0.00000   0.01974   0.01973   0.09578   8.40211   1.20359   1.17803   1.01556   1.00278  
  8 3147.2558   2643.492925  x:  0.36985   0.13958   0.11145   0.00648   0.04116   0.04049   0.00000   0.02909   0.07838   0.00000   0.00000   0.04504   0.01866   0.00405   0.04503   0.02752   0.13245   0.11609   0.08719   0.01786   0.00000   0.01797   0.01621   0.12679   0.07966   0.18597   0.00483   0.03711   0.01005   0.02724   0.02961   0.02422   0.02713   0.00000   0.00241   0.05657   0.00000   0.05247   0.05791   0.13032   0.03544   0.05165   0.03556   0.00000   0.02389   0.02376   0.09278   8.37737   1.19313   1.11075   1.09458   1.02784  
  9 386.9807   2640.843604  x:  0.39027   0.14098   0.11092   0.00640   0.04709   0.03743   0.00000   0.02755   0.08485   0.00000   0.00000   0.04532   0.02212   0.01652   0.04428   0.02305   0.13300   0.11568   0.08438   0.01709   0.00000   0.02182   0.01419   0.12899   0.08024   0.18982   0.00000   0.03581   0.01156   0.02780   0.02251   0.02170   0.02747   0.00000   0.00184   0.05532   0.00000   0.05023   0.05692   0.13100   0.03705   0.05413   0.02958   0.00000   0.02226   0.02032   0.09495   8.36448   1.18797   1.07802   1.13151   1.04015  
 10 418.0335   2638.767234  x:  0.40727   0.14172   0.11082   0.00637   0.05142   0.03327   0.00000   0.02359   0.09471   0.00000   0.00000   0.04568   0.03102   0.01790   0.04334   0.01990   0.13280   0.11529   0.08396   0.01659   0.00000   0.02397   0.01608   0.13005   0.08184   0.19153   0.01283   0.03466   0.01288   0.02779   0.01431   0.01556   0.02819   0.00000   0.00168   0.05325   0.00000   0.04963   0.05528   0.13065   0.03918   0.05631   0.02413   0.00000   0.01964   0.01287   0.09960   8.35061   1.18268   1.04493   1.16769   1.05279  
 11 559.6104   2636.813822  x:  0.41420   0.14095   0.11181   0.00650   0.04924   0.03039   0.00000   0.01835   0.10351   0.00000   0.00000   0.04580   0.04139   0.01497   0.04221   0.02557   0.13169   0.11521   0.08757   0.01750   0.00000   0.02220   0.02401   0.12920   0.08428   0.18889   0.01012   0.03474   0.01324   0.02647   0.02135   0.00746   0.02845   0.00000   0.00186   0.05105   0.00000   0.04848   0.05310   0.12903   0.03920   0.05625   0.02919   0.00000   0.01805   0.00523   0.10535   8.33836   1.17860   1.01971   1.19324   1.06280  
 12 243.6575   2636.048149  x:  0.41294   0.13975   0.11577   0.00652   0.04624   0.02748   0.00000   0.01976   0.11005   0.00000   0.00000   0.04581   0.04389   0.01418   0.03765   0.02782   0.13114   0.11503   0.09247   0.01774   0.00000   0.02077   0.02968   0.12942   0.08888   0.18601   0.00903   0.03545   0.01363   0.02498   0.01893   0.00540   0.02922   0.00000   0.00222   0.04859   0.00000   0.04685   0.04964   0.12852   0.03796   0.05276   0.03309   0.00000   0.01960   0.01299   0.11301   8.32999   1.17655   1.00654   1.20478   1.06863  
 13 143.2634   2635.517327  x:  0.40881   0.13828   0.12016   0.00652   0.04430   0.02673   0.00000   0.02241   0.11418   0.00000   0.00000   0.04571   0.04330   0.01401   0.03341   0.02848   0.13076   0.11483   0.09735   0.01789   0.00000   0.02040   0.03331   0.12956   0.09328   0.18294   0.00853   0.03621   0.01387   0.02462   0.01740   0.01292   0.02980   0.00000   0.00245   0.04708   0.00000   0.04579   0.04685   0.12837   0.03642   0.04830   0.03537   0.00000   0.02102   0.01130   0.11976   8.32227   1.17502   0.99672   1.21224   1.07343  
 14 166.2054   2634.437117  x:  0.39007   0.13341   0.12959   0.00654   0.04545   0.03480   0.00000   0.02894   0.11252   0.00000   0.00000   0.04513   0.03304   0.01555   0.03070   0.02392   0.13015   0.11448   0.10776   0.01737   0.00000   0.02283   0.03227   0.12790   0.10024   0.17437   0.00974   0.03758   0.01439   0.02771   0.02009   0.00896   0.02969   0.00000   0.00228   0.04910   0.00000   0.04730   0.04603   0.12869   0.03305   0.03695   0.03285   0.00000   0.02235   0.00890   0.12862   8.30301   1.17230   0.98000   1.22075   1.08351  
 15 85.9338   2633.656662  x:  0.37226   0.12957   0.13622   0.00656   0.04682   0.03258   0.00000   0.02344   0.10781   0.00000   0.00000   0.04520   0.02086   0.01691   0.03271   0.02666   0.13069   0.11450   0.11334   0.01823   0.00000   0.01938   0.02942   0.12675   0.10439   0.16987   0.00957   0.03690   0.01482   0.02383   0.01609   0.00850   0.02902   0.00000   0.00240   0.05009   0.00000   0.04807   0.04698   0.13016   0.03448   0.03577   0.03150   0.00000   0.01895   0.00786   0.13287   8.28562   1.17047   0.96933   1.22334   1.09149  
 16 98.0389   2633.315332  x:  0.36256   0.12823   0.13948   0.00657   0.04984   0.02680   0.00000   0.02162   0.10535   0.00000   0.00000   0.04554   0.01708   0.01728   0.03186   0.02644   0.13208   0.11425   0.11348   0.01727   0.00000   0.02313   0.02848   0.12758   0.10616   0.17125   0.01053   0.03615   0.01501   0.02581   0.01818   0.00870   0.02952   0.00000   0.00220   0.04884   0.00000   0.04682   0.04660   0.13226   0.03615   0.03948   0.03246   0.00000   0.02149   0.00819   0.13424   8.27423   1.16980   0.96552   1.22180   1.09590  
 17 69.2965   2632.837536  x:  0.35014   0.12818   0.14390   0.00663   0.04934   0.02530   0.00000   0.02580   0.10000   0.00000   0.00000   0.04577   0.01970   0.01839   0.02794   0.02494   0.13643   0.11428   0.10747   0.01877   0.00000   0.01955   0.02741   0.13271   0.10740   0.18194   0.01125   0.03580   0.01530   0.02724   0.01756   0.00752   0.02953   0.00000   0.00209   0.04614   0.00000   0.04246   0.04507   0.13811   0.03566   0.04301   0.03470   0.00000   0.01974   0.00683   0.13344   8.25116   1.16923   0.96285   1.21434   1.10359  
 18 53.9193   2632.450269  x:  0.34269   0.12973   0.14657   0.00663   0.04958   0.02919   0.00000   0.02423   0.10071   0.00000   0.00000   0.04568   0.02050   0.01713   0.02796   0.02629   0.14005   0.11407   0.10017   0.01565   0.00000   0.02336   0.03015   0.13891   0.10855   0.19400   0.01044   0.03586   0.01562   0.02261   0.01649   0.00739   0.03067   0.00000   0.00231   0.04534   0.00000   0.03977   0.04375   0.14278   0.03389   0.04133   0.03300   0.00000   0.02036   0.00664   0.13351   8.22637   1.16888   0.96257   1.20432   1.11102  
 19 81.9709   2632.094433  x:  0.34012   0.13237   0.14703   0.00659   0.05095   0.03003   0.00000   0.02112   0.10634   0.00000   0.00000   0.04550   0.01884   0.01712   0.03008   0.02650   0.14185   0.11388   0.09422   0.02001   0.00000   0.02236   0.03300   0.14447   0.10988   0.20374   0.00987   0.03579   0.01598   0.02603   0.01705   0.00806   0.03145   0.00000   0.00235   0.04653   0.00000   0.04064   0.04368   0.14495   0.03301   0.03749   0.03042   0.00000   0.02126   0.00752   0.13503   8.20096   1.16859   0.96410   1.19288   1.11791  
 20 95.4489   2631.657119  x:  0.34298   0.13665   0.14414   0.00659   0.05042   0.02715   0.00000   0.02377   0.11368   0.00000   0.00000   0.04532   0.01535   0.01830   0.03137   0.02535   0.14134   0.11379   0.09015   0.01509   0.00000   0.01996   0.03293   0.14931   0.11108   0.21060   0.00988   0.03579   0.01626   0.02693   0.01771   0.00785   0.03018   0.00000   0.00266   0.04926   0.00000   0.04535   0.04556   0.14401   0.03374   0.03507   0.03246   0.00000   0.02014   0.00700   0.13723   8.16638   1.16800   0.96799   1.17671   1.12633  
 21 92.0748   2631.259706  x:  0.34986   0.14091   0.14056   0.00666   0.05094   0.02651   0.00000   0.02690   0.11659   0.00000   0.00000   0.04528   0.01278   0.01873   0.02914   0.02570   0.13967   0.11365   0.08914   0.01979   0.00000   0.02291   0.03077   0.15283   0.11245   0.21311   0.01020   0.03628   0.01658   0.02307   0.01701   0.00703   0.02910   0.00000   0.00245   0.05050   0.00000   0.04829   0.04635   0.14175   0.03411   0.03531   0.03551   0.00000   0.02060   0.00598   0.13954   8.13008   1.16717   0.97288   1.16017   1.13451  
 22 134.5369   2630.458887  x:  0.37091   0.14807   0.13749   0.00672   0.05519   0.02982   0.00000   0.02230   0.11142   0.00000   0.00000   0.04556   0.01142   0.01980   0.02101   0.02914   0.13660   0.11338   0.09261   0.01777   0.00000   0.02111   0.02693   0.15934   0.11804   0.21115   0.01110   0.03707   0.01708   0.02561   0.01689   0.00668   0.03078   0.00000   0.00245   0.04764   0.00000   0.04513   0.04246   0.13847   0.03272   0.03594   0.03402   0.00000   0.02108   0.00584   0.14683   8.05373   1.16503   0.98382   1.12779   1.15042  
 23 135.5977   2629.906827  x:  0.38879   0.15088   0.14067   0.00669   0.05629   0.02642   0.00000   0.02341   0.10367   0.00000   0.00000   0.04564   0.01259   0.01967   0.02918   0.02701   0.13647   0.11310   0.09581   0.01801   0.00000   0.02175   0.02761   0.16407   0.12395   0.20778   0.01145   0.03624   0.01740   0.02516   0.01744   0.00649   0.03142   0.00000   0.00262   0.04485   0.00000   0.03915   0.03982   0.13944   0.03190   0.03322   0.03298   0.00000   0.01995   0.00542   0.15385   7.99352   1.16307   0.99164   1.10556   1.16203  
 24 174.7361   2629.469672  x:  0.40165   0.14559   0.14988   0.00667   0.05556   0.02666   0.00000   0.02198   0.10043   0.00000   0.00000   0.04546   0.01384   0.01857   0.02667   0.02293   0.14077   0.11292   0.09493   0.01826   0.00000   0.02200   0.03349   0.16341   0.12670   0.20292   0.01014   0.03385   0.01757   0.02504   0.01648   0.00656   0.02982   0.00000   0.00299   0.04866   0.00000   0.04023   0.04748   0.14586   0.03526   0.03491   0.03217   0.00000   0.02064   0.00530   0.15677   7.93909   1.16058   0.99621   1.09340   1.17000  
 25 75.0904   2628.858280  x:  0.41462   0.13187   0.16271   0.00663   0.05688   0.02705   0.00000   0.02653   0.10581   0.00000   0.00000   0.04586   0.01365   0.01898   0.02756   0.03138   0.14777   0.11275   0.09107   0.01824   0.00000   0.02368   0.03093   0.15697   0.12577   0.19660   0.01066   0.03649   0.01769   0.02761   0.01608   0.00619   0.03052   0.00000   0.00315   0.04858   0.00000   0.04247   0.04687   0.15513   0.03517   0.03769   0.03022   0.00000   0.01862   0.00508   0.15545   7.85257   1.15588   1.00074   1.08256   1.17967  
 26 102.5322   2628.161695  x:  0.42407   0.11830   0.17218   0.00663   0.05770   0.02706   0.00000   0.02281   0.11282   0.00000   0.00000   0.04598   0.01310   0.02080   0.02708   0.02642   0.15262   0.11285   0.08887   0.01869   0.00000   0.02065   0.02417   0.14931   0.12258   0.19343   0.01260   0.03743   0.01777   0.02330   0.01961   0.00645   0.03043   0.00000   0.00335   0.04611   0.00000   0.04247   0.04116   0.16127   0.03289   0.03633   0.03304   0.00000   0.02152   0.00535   0.15086   7.75488   1.15042   1.00403   1.07521   1.18888  
 27 208.5587   2627.080224  x:  0.42916   0.10817   0.17559   0.00669   0.05995   0.02713   0.00000   0.01988   0.11504   0.00000   0.00000   0.04523   0.01083   0.01889   0.02686   0.02313   0.15244   0.11260   0.09407   0.01836   0.00000   0.02432   0.02616   0.14032   0.11640   0.19704   0.01135   0.03509   0.01748   0.02862   0.01287   0.00563   0.03005   0.00000   0.00371   0.04473   0.00000   0.03926   0.03733   0.16040   0.03087   0.03215   0.04172   0.00000   0.01876   0.00412   0.13970   7.59751   1.14189   1.00555   1.07202   1.20060  
 28 199.4640   2622.994662  x:  0.43570   0.09410   0.18575   0.00658   0.06151   0.01973   0.00000   0.02409   0.12265   0.00000   0.00000   0.04437   0.00920   0.01755   0.01893   0.02309   0.14534   0.11167   0.12209   0.02063   0.00000   0.02690   0.02423   0.12422   0.11072   0.22307   0.01158   0.02667   0.01724   0.02593   0.02011   0.00625   0.02813   0.00000   0.00616   0.04420   0.00000   0.02840   0.03886   0.15022   0.03653   0.02886   0.02814   0.00000   0.00928   0.00550   0.11989   7.01054   1.11230   1.00498   1.07135   1.24040  
 29 595.2522   2619.038810  x:  0.44084   0.08469   0.19622   0.00654   0.05681   0.01777   0.00000   0.02803   0.12579   0.00000   0.00000   0.04420   0.00957   0.01847   0.02086   0.02785   0.13785   0.11095   0.14992   0.02141   0.00000   0.02340   0.01831   0.11125   0.10779   0.25053   0.01156   0.02534   0.01671   0.02631   0.01807   0.00388   0.02638   0.00000   0.00852   0.04489   0.00000   0.02410   0.04282   0.13991   0.04037   0.03247   0.01947   0.00000   0.02522   0.00175   0.10454   6.37550   1.08134   1.00243   1.07327   1.28253  
 30 3595.8689   2612.604518  x:  0.44422   0.08285   0.21197   0.00645   0.06187   0.02743   0.00000   0.02497   0.13071   0.00000   0.00000   0.04622   0.01165   0.01743   0.02782   0.02368   0.13142   0.10930   0.17821   0.02279   0.00000   0.02513   0.00419   0.10573   0.11339   0.28259   0.01078   0.03492   0.01586   0.02896   0.01910   0.00447   0.02844   0.00000   0.01107   0.04473   0.00000   0.03189   0.04548   0.13213   0.04200   0.04940   0.02626   0.00000   0.02152   0.00219   0.10600   5.54593   1.04389   0.99589   1.07909   1.33548  
 31 2953.4859   2609.622795  x:  0.44337   0.08426   0.21174   0.00635   0.05883   0.03124   0.00000   0.02606   0.13121   0.00000   0.00000   0.04871   0.00656   0.01542   0.03090   0.01491   0.12820   0.10862   0.18460   0.02404   0.00000   0.02511   0.01066   0.10207   0.11153   0.28981   0.00786   0.04346   0.01534   0.02959   0.01969   0.00428   0.02523   0.00000   0.01335   0.04019   0.00000   0.04147   0.03507   0.12814   0.03719   0.06808   0.01903   0.00000   0.01878   0.00172   0.10687   5.06350   1.02451   0.99135   1.08295   1.36413  
 32 2549.1976   2603.964736  x:  0.43552   0.09548   0.19680   0.00638   0.06114   0.02107   0.00000   0.02556   0.12225   0.00000   0.00000   0.04855   0.01062   0.01203   0.02569   0.01462   0.13005   0.10783   0.16766   0.02530   0.00000   0.02824   0.00630   0.10851   0.10322   0.27665   0.00499   0.03559   0.01463   0.03010   0.01915   0.00339   0.01568   0.00000   0.01591   0.04687   0.00000   0.05500   0.02217   0.13195   0.02110   0.06715   0.01188   0.00000   0.01792   0.00062   0.11668   4.28719   1.00290   0.97910   1.09243   1.40434  
 33 1514.6886   2600.463775  x:  0.42908   0.10148   0.18126   0.00637   0.05909   0.02467   0.00000   0.02797   0.12469   0.00000   0.00000   0.04901   0.00732   0.01169   0.02600   0.01319   0.13087   0.10752   0.15060   0.02633   0.00000   0.02830   0.00451   0.11297   0.09935   0.26066   0.00542   0.02946   0.01424   0.03123   0.01961   0.00311   0.01995   0.00000   0.01750   0.03959   0.00000   0.04735   0.02397   0.13397   0.02859   0.06750   0.01152   0.00000   0.01826   0.00013   0.12219   3.85553   0.99462   0.97129   1.09752   1.42460  
 34 1915.2431   2599.004156  x:  0.42563   0.10370   0.17298   0.00634   0.05999   0.02896   0.00000   0.02928   0.12769   0.00000   0.00000   0.04924   0.00524   0.01195   0.02715   0.01352   0.13096   0.10729   0.14166   0.02667   0.00000   0.02815   0.00376   0.11616   0.09918   0.25234   0.00648   0.02462   0.01412   0.03234   0.02007   0.00325   0.01211   0.00000   0.01816   0.03632   0.00000   0.04012   0.02387   0.13487   0.03297   0.06935   0.01218   0.00000   0.01887   0.00031   0.12557   3.62758   0.99071   0.96687   1.09985   1.43584  
 35 4454.0609   2598.036755  x:  0.42354   0.10021   0.16580   0.00636   0.05968   0.02743   0.00000   0.02876   0.12960   0.00000   0.00000   0.04891   0.00487   0.01166   0.02650   0.01213   0.12853   0.10719   0.13420   0.02680   0.00000   0.02840   0.00360   0.12148   0.10653   0.24531   0.00731   0.03562   0.01385   0.03262   0.01996   0.00319   0.01045   0.00000   0.01858   0.04501   0.00000   0.02942   0.02471   0.13324   0.03335   0.07027   0.01207   0.00000   0.01834   0.00029   0.12133   3.47116   0.99255   0.96266   1.10054   1.44423  
 36 435.1175   2596.838847  x:  0.42254   0.09013   0.15882   0.00635   0.05746   0.02837   0.00000   0.02977   0.13105   0.00000   0.00000   0.04868   0.00467   0.01150   0.02719   0.01145   0.12297   0.10701   0.12674   0.02715   0.00000   0.02832   0.00357   0.13151   0.12563   0.23901   0.00758   0.02862   0.01363   0.03280   0.02001   0.00309   0.01709   0.00000   0.01908   0.04980   0.00000   0.02908   0.02185   0.12897   0.03062   0.07472   0.01224   0.00000   0.01813   0.00037   0.11069   3.27177   1.00054   0.95582   1.09986   1.45734  
 37 352.9467   2595.948002  x:  0.42243   0.08521   0.15572   0.00634   0.05780   0.02582   0.00000   0.02897   0.12936   0.00000   0.00000   0.04912   0.00594   0.01069   0.02587   0.01125   0.12037   0.10687   0.12210   0.02724   0.00000   0.02914   0.00345   0.13608   0.13646   0.23621   0.00660   0.03253   0.01338   0.03280   0.01967   0.00292   0.01556   0.00000   0.01928   0.03838   0.00000   0.03476   0.02726   0.12635   0.02958   0.07040   0.01096   0.00000   0.01788   0.00039   0.10256   3.12983   1.00946   0.95110   1.09925   1.46607  
 38 411.2549   2594.778600  x:  0.42357   0.09496   0.15953   0.00634   0.05673   0.02490   0.00000   0.02881   0.12572   0.00000   0.00000   0.05006   0.00767   0.00984   0.02433   0.01125   0.12486   0.10671   0.12204   0.02738   0.00000   0.02969   0.00349   0.12516   0.13181   0.23812   0.00517   0.03744   0.01304   0.03270   0.01931   0.00264   0.01688   0.00000   0.01937   0.03862   0.00000   0.03939   0.01975   0.12712   0.04385   0.06388   0.01058   0.00000   0.01841   0.00045   0.10267   2.93890   1.02766   0.94745   1.09866   1.47453  
 39 179.6396   2593.374778  x:  0.42492   0.10788   0.16450   0.00631   0.05462   0.02294   0.00000   0.02866   0.12724   0.00000   0.00000   0.05111   0.00617   0.00954   0.02403   0.01048   0.13050   0.10654   0.12582   0.02741   0.00000   0.02945   0.00288   0.10885   0.11522   0.24123   0.00524   0.03883   0.01265   0.03245   0.01915   0.00242   0.02162   0.00000   0.01950   0.03823   0.00000   0.03426   0.02662   0.12865   0.03552   0.06499   0.00995   0.00000   0.01832   0.00054   0.11086   2.71100   1.04985   0.94580   1.09866   1.48192  
 40 441.4228   2592.815534  x:  0.42572   0.10172   0.16895   0.00629   0.05393   0.02281   0.00000   0.02855   0.12810   0.00000   0.00000   0.04793   0.00630   0.00946   0.02416   0.01055   0.12607   0.10610   0.13357   0.02736   0.00000   0.02931   0.00305   0.12436   0.09686   0.24132   0.00501   0.04041   0.01253   0.03232   0.01914   0.00238   0.02246   0.00000   0.01942   0.03838   0.00000   0.03493   0.02659   0.13091   0.03770   0.06561   0.00987   0.00000   0.01849   0.00056   0.11510   2.62177   1.05531   0.95497   1.10511   1.47344  
 41 71.0778   2591.651549  x:  0.42779   0.10694   0.18045   0.00622   0.05356   0.02291   0.00000   0.02788   0.13181   0.00000   0.00000   0.06694   0.00661   0.00972   0.02418   0.01175   0.12461   0.10545   0.13854   0.02702   0.00000   0.02914   0.00385   0.12832   0.10335   0.24284   0.00531   0.03784   0.01252   0.03219   0.01904   0.00246   0.02063   0.00000   0.01884   0.04047   0.00000   0.03497   0.02711   0.13473   0.03504   0.06451   0.01205   0.00000   0.01845   0.00051   0.10886   2.43321   1.05610   1.00151   1.13711   1.41868  
 42 50.6332   2590.749539  x:  0.42997   0.10495   0.18302   0.00619   0.05349   0.02308   0.00000   0.02742   0.13151   0.00000   0.00000   0.04645   0.00665   0.00993   0.02450   0.01262   0.12744   0.10523   0.13830   0.02675   0.00000   0.02895   0.00438   0.12230   0.11419   0.24885   0.00538   0.03675   0.01251   0.03213   0.01915   0.00256   0.01940   0.00000   0.01843   0.04040   0.00000   0.03569   0.02699   0.13321   0.03353   0.06538   0.01292   0.00000   0.01827   0.00047   0.11158   2.30547   1.05737   1.03347   1.15922   1.37560  
 43 157.6810   2590.562773  x:  0.43156   0.09522   0.17792   0.00619   0.05339   0.02320   0.00000   0.02749   0.12824   0.00000   0.00000   0.05009   0.00684   0.00984   0.02451   0.01294   0.12912   0.10534   0.13726   0.02671   0.00000   0.02899   0.00449   0.11852   0.11555   0.25481   0.00516   0.03652   0.01248   0.03216   0.01916   0.00263   0.01921   0.00000   0.01836   0.04122   0.00000   0.03619   0.02702   0.12996   0.03414   0.06446   0.01285   0.00000   0.01834   0.00047   0.11952   2.28391   1.06102   1.03443   1.16048   1.36290  
 44 25.2067   2589.633818  x:  0.44225   0.09117   0.17614   0.00616   0.05245   0.02445   0.00000   0.02730   0.13126   0.00000   0.00000   0.04930   0.00626   0.00988   0.02556   0.01330   0.12963   0.10485   0.15364   0.02657   0.00000   0.02864   0.00460   0.11697   0.11878   0.26324   0.00539   0.03443   0.01214   0.03212   0.01930   0.00291   0.01678   0.00000   0.01826   0.04239   0.00000   0.03726   0.02598   0.14438   0.03129   0.06730   0.01346   0.00000   0.01836   0.00040   0.11394   2.23783   1.10057   0.98300   1.13416   1.27661  
 45 11.4825   2588.977579  x:  0.44705   0.09300   0.19541   0.00610   0.05158   0.02455   0.00000   0.02703   0.13024   0.00000   0.00000   0.04904   0.00623   0.00975   0.02549   0.01365   0.12799   0.10444   0.14337   0.02648   0.00000   0.02868   0.00474   0.11928   0.11470   0.26327   0.00568   0.03270   0.01186   0.03225   0.01926   0.00301   0.01576   0.00000   0.01815   0.04268   0.00000   0.03590   0.02595   0.12171   0.03031   0.06826   0.01417   0.00000   0.01807   0.00037   0.11256   2.22270   1.10349   0.95146   1.11727   1.22497  
 46 27.2900   2585.978396  x:  0.45618   0.09968   0.19123   0.00601   0.04439   0.02194   0.00000   0.02637   0.12333   0.00000   0.00000   0.04789   0.00671   0.00841   0.02333   0.01530   0.10250   0.10348   0.12359   0.02628   0.00000   0.02915   0.00544   0.11702   0.11444   0.26557   0.00494   0.03521   0.01026   0.03231   0.01884   0.00332   0.01886   0.00000   0.01779   0.04163   0.00000   0.03510   0.02834   0.13990   0.03309   0.06023   0.01576   0.00000   0.01844   0.00045   0.12272   2.22019   0.99202   0.85733   1.06309   1.04842  
 47 23.4650   2584.786678  x:  0.45894   0.10329   0.18004   0.00598   0.04108   0.02113   0.00000   0.02610   0.12371   0.00000   0.00000   0.04824   0.00659   0.00793   0.02298   0.01545   0.13381   0.10284   0.12899   0.02618   0.00000   0.02916   0.00569   0.12742   0.11510   0.26206   0.00472   0.03675   0.00955   0.03227   0.01869   0.00347   0.02040   0.00000   0.01766   0.04123   0.00000   0.03539   0.02963   0.13680   0.03377   0.05765   0.01626   0.00000   0.01873   0.00049   0.12118   2.22490   0.94704   0.82344   1.04463   0.97950  
 48 92.9433   2573.129773  x:  0.43487   0.13062   0.14395   0.00559   0.01642   0.01989   0.00000   0.02426   0.12418   0.00000   0.00000   0.04077   0.01249   0.00222   0.02146   0.01947   0.14316   0.09793   0.08871   0.02499   0.00000   0.02943   0.01011   0.13981   0.10894   0.22239   0.00195   0.03514   0.00362   0.03313   0.01732   0.00582   0.02477   0.00000   0.01627   0.04018   0.00000   0.02666   0.03862   0.14146   0.03758   0.04751   0.02387   0.00000   0.01910   0.00063   0.14539   2.57136   1.19226   0.95618   1.21551   0.90639  
 49  8.2953   2572.056699  x:  0.43021   0.13574   0.13331   0.00557   0.01156   0.02087   0.00000   0.02392   0.12001   0.00000   0.00000   0.03934   0.01381   0.00375   0.02211   0.02144   0.14633   0.09722   0.08338   0.02428   0.00000   0.02873   0.01143   0.14040   0.10364   0.21587   0.00283   0.03477   0.00325   0.03299   0.01764   0.00688   0.02534   0.00000   0.01531   0.04246   0.00000   0.02674   0.04106   0.14194   0.03764   0.04508   0.02629   0.00000   0.01942   0.00065   0.14569   2.58298   1.17842   0.92143   1.18964   1.01507  
 50  2.1232   2570.554127  x:  0.43211   0.13754   0.14008   0.00575   0.01132   0.02014   0.00000   0.02260   0.10908   0.00000   0.00000   0.04110   0.01183   0.00883   0.02182   0.02321   0.14582   0.09497   0.07903   0.02351   0.00000   0.02750   0.01070   0.14661   0.10725   0.21472   0.00519   0.03711   0.00583   0.03219   0.01847   0.00665   0.02598   0.00000   0.01481   0.04340   0.00000   0.03269   0.04130   0.14393   0.03863   0.03786   0.02568   0.00000   0.01975   0.00068   0.14607   2.63112   1.23582   0.98637   1.25435   0.93543  
 51  1.4431   2568.616140  x:  0.42573   0.14464   0.14818   0.00598   0.01242   0.02654   0.00000   0.01523   0.10122   0.00000   0.00000   0.04577   0.01267   0.00589   0.02641   0.02655   0.14587   0.08569   0.09103   0.01876   0.00000   0.02605   0.01132   0.15687   0.11179   0.21394   0.00447   0.03496   0.00799   0.03113   0.01954   0.00671   0.02586   0.00000   0.01041   0.05028   0.00000   0.04169   0.04524   0.14762   0.03781   0.03060   0.02729   0.00000   0.01794   0.00077   0.14616   2.62832   1.23662   1.00955   1.25735   1.03588  
 52  0.1790   2566.964415  x:  0.42307   0.14843   0.14549   0.00604   0.00723   0.03338   0.00000   0.01800   0.11071   0.00000   0.00000   0.04971   0.01538   0.00687   0.03038   0.02560   0.14165   0.06914   0.09346   0.01549   0.00000   0.02428   0.01205   0.16621   0.11175   0.21298   0.00730   0.03046   0.00674   0.03164   0.02006   0.00563   0.02570   0.00000   0.00676   0.04650   0.00000   0.03768   0.04554   0.14964   0.03050   0.04328   0.02966   0.00000   0.01671   0.00090   0.14493   2.52336   1.24665   1.05598   1.26380   1.00862  
 53  0.1465   2566.052186  x:  0.42309   0.15230   0.13690   0.00624   0.01716   0.03481   0.00000   0.01986   0.10934   0.00000   0.00000   0.05007   0.01647   0.00788   0.03126   0.02529   0.14021   0.05650   0.08606   0.01524   0.00000   0.02539   0.01263   0.17330   0.10900   0.21061   0.00879   0.02971   0.00619   0.03347   0.02050   0.00553   0.02582   0.00000   0.00603   0.04279   0.00000   0.03689   0.04562   0.15039   0.02665   0.04874   0.03317   0.00000   0.01683   0.00101   0.14350   2.46793   1.26383   1.07779   1.28374   1.02213  
 54  0.3056   2563.912022  x:  0.42124   0.14961   0.13783   0.00623   0.01434   0.02810   0.00000   0.02176   0.09899   0.00000   0.00000   0.04649   0.01402   0.00688   0.02963   0.02642   0.13575   0.02795   0.07758   0.01627   0.00000   0.02613   0.01291   0.17709   0.10614   0.20921   0.00691   0.03503   0.00384   0.03348   0.01903   0.00654   0.02633   0.00000   0.00260   0.03999   0.00000   0.04694   0.04466   0.14754   0.03033   0.04326   0.03889   0.00000   0.01976   0.00125   0.13441   2.39059   1.27377   1.09161   1.29739   1.02546  
 55  0.1200   2562.751031  x:  0.42113   0.14913   0.13423   0.00646   0.01334   0.02571   0.00000   0.02244   0.09981   0.00000   0.00000   0.04336   0.01419   0.00643   0.02785   0.02586   0.13512   0.01293   0.08130   0.01979   0.00000   0.02735   0.01372   0.17325   0.10449   0.21159   0.00528   0.03587   0.00761   0.03449   0.01855   0.00672   0.02670   0.00000   0.00479   0.04162   0.00000   0.04662   0.04483   0.14536   0.03452   0.04479   0.04070   0.00000   0.02158   0.00140   0.13206   2.41958   1.27684   1.06766   1.30398   1.01966  
 56  0.0992   2562.091363  x:  0.42663   0.14356   0.14766   0.00614   0.01370   0.02592   0.00000   0.01940   0.10655   0.00000   0.00000   0.04345   0.01418   0.00751   0.02655   0.02578   0.13712   0.01340   0.09430   0.02057   0.00000   0.02638   0.01383   0.16225   0.10902   0.21761   0.00512   0.03490   0.00567   0.03339   0.01909   0.00636   0.02643   0.00000   0.00532   0.04544   0.00000   0.04125   0.04473   0.14532   0.03731   0.04188   0.03736   0.00000   0.02116   0.00142   0.13446   2.52121   1.26449   1.04141   1.28921   0.98245  
 57  0.1795   2561.888225  x:  0.42591   0.14334   0.14611   0.00619   0.01243   0.02574   0.00000   0.01856   0.10652   0.00000   0.00000   0.04619   0.01351   0.00653   0.02570   0.02630   0.13975   0.01571   0.08809   0.02024   0.00000   0.02601   0.01385   0.15881   0.11056   0.21270   0.00497   0.03419   0.00663   0.03253   0.01929   0.00651   0.02612   0.00000   0.00598   0.04501   0.00000   0.03772   0.04372   0.14563   0.03560   0.03870   0.03479   0.00000   0.02021   0.00144   0.13764   2.52534   1.24604   1.02288   1.27256   0.98690  
 58  0.0458   2561.805238  x:  0.42509   0.14351   0.14381   0.00620   0.01230   0.02590   0.00000   0.01890   0.10524   0.00000   0.00000   0.04623   0.01307   0.00619   0.02594   0.02631   0.14073   0.01195   0.08981   0.01958   0.00000   0.02574   0.01381   0.15812   0.11094   0.21306   0.00508   0.03372   0.00623   0.03210   0.01937   0.00646   0.02571   0.00000   0.00608   0.04524   0.00000   0.03737   0.04295   0.14586   0.03397   0.03872   0.03355   0.00000   0.01936   0.00151   0.13938   2.52401   1.23989   1.02214   1.26883   0.99000  
 59  0.0120   2561.758997  x:  0.42416   0.14382   0.14232   0.00627   0.01254   0.02573   0.00000   0.01975   0.10423   0.00000   0.00000   0.04494   0.01265   0.00606   0.02628   0.02579   0.14126   0.01366   0.09208   0.01916   0.00000   0.02564   0.01349   0.15834   0.10972   0.21420   0.00508   0.03377   0.00605   0.03188   0.01928   0.00649   0.02528   0.00000   0.00663   0.04532   0.00000   0.03823   0.04224   0.14566   0.03364   0.03968   0.03223   0.00000   0.01873   0.00156   0.14033   2.52245   1.23867   1.02452   1.26757   0.99803  
 60  0.0112   2561.703406  x:  0.42371   0.14470   0.14500   0.00629   0.01314   0.02645   0.00000   0.01926   0.10707   0.00000   0.00000   0.04424   0.01284   0.00645   0.02662   0.02464   0.14086   0.01279   0.09010   0.01873   0.00000   0.02543   0.01320   0.16050   0.10810   0.21322   0.00536   0.03321   0.00634   0.03198   0.01944   0.00635   0.02466   0.00000   0.00674   0.04491   0.00000   0.03768   0.04193   0.14568   0.03528   0.04021   0.03066   0.00000   0.01842   0.00171   0.14054   2.51582   1.24464   1.02807   1.26702   1.00210  
 61  0.0070   2561.609471  x:  0.42512   0.14468   0.14366   0.00625   0.01254   0.02544   0.00000   0.01884   0.10475   0.00000   0.00000   0.04593   0.01261   0.00701   0.02592   0.02383   0.13959   0.01256   0.09045   0.01929   0.00000   0.02586   0.01233   0.16142   0.10623   0.21433   0.00495   0.03455   0.00632   0.03252   0.01922   0.00565   0.02401   0.00000   0.00706   0.04436   0.00000   0.03935   0.04181   0.14620   0.03440   0.03822   0.03014   0.00000   0.01954   0.00206   0.13861   2.53175   1.25591   1.02688   1.27368   0.99869  
 62  0.0090   2561.483200  x:  0.42721   0.14477   0.14278   0.00623   0.01225   0.02593   0.00000   0.01913   0.10445   0.00000   0.00000   0.04498   0.01348   0.00663   0.02620   0.02539   0.13939   0.01321   0.09131   0.01980   0.00000   0.02623   0.01152   0.15982   0.10926   0.21501   0.00558   0.03463   0.00741   0.03285   0.01902   0.00707   0.02399   0.00000   0.00621   0.04613   0.00000   0.03796   0.04324   0.14609   0.03382   0.03910   0.02897   0.00000   0.02016   0.00260   0.13674   2.54294   1.25128   1.02346   1.27318   1.00326  
 63  0.0068   2561.336264  x:  0.42415   0.14344   0.14217   0.00623   0.01253   0.02623   0.00000   0.01906   0.10449   0.00000   0.00000   0.04392   0.01378   0.00641   0.02676   0.02559   0.14089   0.01388   0.08696   0.01989   0.00000   0.02643   0.01090   0.15810   0.11198   0.21198   0.00520   0.03388   0.00607   0.03294   0.01931   0.00574   0.02387   0.00000   0.00584   0.04492   0.00000   0.03887   0.04419   0.14531   0.03434   0.04047   0.03056   0.00000   0.01909   0.00334   0.13998   2.52642   1.24127   1.02296   1.27327   0.99662  
 64  0.0097   2561.252330  x:  0.42363   0.14374   0.14411   0.00627   0.01277   0.02536   0.00000   0.01929   0.10621   0.00000   0.00000   0.04605   0.01342   0.00639   0.02629   0.02532   0.14155   0.01345   0.09143   0.01940   0.00000   0.02608   0.01085   0.15646   0.10784   0.21258   0.00493   0.03454   0.00585   0.03246   0.01928   0.00660   0.02440   0.00000   0.00567   0.04241   0.00000   0.03807   0.04402   0.14523   0.03453   0.04026   0.03133   0.00000   0.01914   0.00398   0.14017   2.51452   1.24096   1.02594   1.26993   0.99847  
 65  0.0111   2561.156231  x:  0.42472   0.14537   0.14357   0.00629   0.01280   0.02632   0.00000   0.02000   0.10427   0.00000   0.00000   0.04556   0.01289   0.00618   0.02560   0.02517   0.14099   0.01349   0.09144   0.01887   0.00000   0.02552   0.01163   0.15766   0.10614   0.21495   0.00496   0.03301   0.00621   0.03192   0.01949   0.00628   0.02434   0.00000   0.00592   0.04636   0.00000   0.03768   0.04451   0.14602   0.03479   0.03896   0.03170   0.00000   0.01939   0.00502   0.13964   2.52264   1.24463   1.02017   1.26522   0.99383  
 66  0.0070   2561.104791  x:  0.42463   0.14525   0.14311   0.00620   0.01269   0.02576   0.00000   0.01876   0.10509   0.00000   0.00000   0.04484   0.01210   0.00631   0.02616   0.02566   0.14020   0.01365   0.08970   0.01918   0.00000   0.02541   0.01219   0.16029   0.10998   0.21389   0.00510   0.03397   0.00616   0.03197   0.01934   0.00646   0.02448   0.00000   0.00639   0.04517   0.00000   0.03761   0.04376   0.14587   0.03435   0.03987   0.03204   0.00000   0.01924   0.00577   0.13924   2.52873   1.24777   1.02520   1.26979   0.99566  
 67  0.0083   2561.090386  x:  0.42483   0.14420   0.14378   0.00623   0.01262   0.02618   0.00000   0.01944   0.10591   0.00000   0.00000   0.04500   0.01251   0.00631   0.02641   0.02525   0.14039   0.01368   0.09023   0.01945   0.00000   0.02577   0.01257   0.15951   0.10963   0.21334   0.00526   0.03368   0.00636   0.03224   0.01940   0.00636   0.02429   0.00000   0.00638   0.04469   0.00000   0.03775   0.04323   0.14598   0.03421   0.03944   0.03273   0.00000   0.01920   0.00617   0.13933   2.52413   1.24466   1.02649   1.27033   0.99727  
 68  0.0049   2561.086772  x:  0.42465   0.14401   0.14377   0.00624   0.01262   0.02603   0.00000   0.01920   0.10553   0.00000   0.00000   0.04535   0.01264   0.00641   0.02633   0.02545   0.14040   0.01363   0.09037   0.01938   0.00000   0.02582   0.01273   0.15924   0.10926   0.21358   0.00516   0.03355   0.00623   0.03230   0.01929   0.00647   0.02416   0.00000   0.00646   0.04517   0.00000   0.03805   0.04280   0.14579   0.03439   0.03952   0.03249   0.00000   0.01913   0.00635   0.13923   2.51970   1.24361   1.02607   1.27009   0.99576  
 69  0.0039   2561.085864  x:  0.42474   0.14386   0.14370   0.00624   0.01262   0.02597   0.00000   0.01916   0.10542   0.00000   0.00000   0.04517   0.01273   0.00642   0.02628   0.02560   0.14048   0.01363   0.09053   0.01929   0.00000   0.02580   0.01282   0.15920   0.10934   0.21382   0.00516   0.03372   0.00631   0.03229   0.01927   0.00640   0.02416   0.00000   0.00639   0.04506   0.00000   0.03805   0.04264   0.14576   0.03438   0.03948   0.03238   0.00000   0.01912   0.00640   0.13936   2.52280   1.24387   1.02530   1.26914   0.99665  
 70  0.0035   2561.085617  x:  0.42473   0.14397   0.14372   0.00623   0.01262   0.02599   0.00000   0.01924   0.10537   0.00000   0.00000   0.04517   0.01280   0.00641   0.02624   0.02562   0.14047   0.01366   0.09033   0.01932   0.00000   0.02580   0.01284   0.15937   0.10941   0.21366   0.00519   0.03375   0.00626   0.03228   0.01930   0.00641   0.02418   0.00000   0.00638   0.04500   0.00000   0.03809   0.04257   0.14580   0.03440   0.03943   0.03225   0.00000   0.01917   0.00639   0.13933   2.52266   1.24419   1.02543   1.26956   0.99666  
 71  0.0006   2561.085568  x:  0.42469   0.14400   0.14369   0.00623   0.01262   0.02595   0.00000   0.01921   0.10542   0.00000   0.00000   0.04516   0.01282   0.00640   0.02625   0.02557   0.14046   0.01366   0.09033   0.01933   0.00000   0.02579   0.01285   0.15938   0.10937   0.21367   0.00518   0.03372   0.00627   0.03225   0.01931   0.00641   0.02420   0.00000   0.00636   0.04500   0.00000   0.03812   0.04256   0.14581   0.03435   0.03947   0.03224   0.00000   0.01918   0.00638   0.13933   2.52251   1.24418   1.02557   1.26962   0.99662  
 72  0.0002   2561.085559  x:  0.42469   0.14399   0.14370   0.00624   0.01263   0.02596   0.00000   0.01922   0.10540   0.00000   0.00000   0.04518   0.01282   0.00639   0.02627   0.02556   0.14045   0.01366   0.09035   0.01933   0.00000   0.02578   0.01286   0.15937   0.10936   0.21368   0.00517   0.03373   0.00626   0.03225   0.01931   0.00640   0.02422   0.00000   0.00636   0.04499   0.00000   0.03810   0.04256   0.14580   0.03437   0.03948   0.03222   0.00000   0.01917   0.00638   0.13930   2.52247   1.24419   1.02560   1.26968   0.99649  
 73  0.0002   2561.085558  x:  0.42469   0.14398   0.14370   0.00623   0.01263   0.02595   0.00000   0.01922   0.10540   0.00000   0.00000   0.04517   0.01281   0.00639   0.02626   0.02556   0.14045   0.01366   0.09035   0.01933   0.00000   0.02579   0.01287   0.15937   0.10937   0.21368   0.00517   0.03373   0.00626   0.03225   0.01931   0.00641   0.02423   0.00000   0.00636   0.04500   0.00000   0.03811   0.04256   0.14579   0.03437   0.03947   0.03222   0.00000   0.01917   0.00638   0.13930   2.52250   1.24420   1.02560   1.26968   0.99648  
 74  0.0000   2561.085558  x:  0.42469   0.14398   0.14370   0.00623   0.01263   0.02596   0.00000   0.01922   0.10540   0.00000   0.00000   0.04517   0.01281   0.00639   0.02626   0.02556   0.14044   0.01366   0.09035   0.01933   0.00000   0.02579   0.01287   0.15937   0.10937   0.21368   0.00517   0.03373   0.00626   0.03226   0.01930   0.00641   0.02423   0.00000   0.00636   0.04500   0.00000   0.03811   0.04256   0.14580   0.03437   0.03947   0.03222   0.00000   0.01917   0.00638   0.13930   2.52250   1.24421   1.02560   1.26969   0.99648  
 75  0.0000   2561.085558  x:  0.42469   0.14398   0.14370   0.00623   0.01263   0.02596   0.00000   0.01922   0.10540   0.00000   0.00000   0.04517   0.01281   0.00639   0.02626   0.02556   0.14045   0.01366   0.09035   0.01933   0.00000   0.02579   0.01287   0.15937   0.10937   0.21368   0.00517   0.03373   0.00626   0.03226   0.01930   0.00641   0.02423   0.00000   0.00636   0.04500   0.00000   0.03811   0.04256   0.14580   0.03437   0.03947   0.03222   0.00000   0.01917   0.00638   0.13930   2.52250   1.24421   1.02560   1.26969   0.99648  
 76  0.0000   2561.085558  x:  0.42469   0.14398   0.14370   0.00623   0.01263   0.02596   0.00000   0.01922   0.10540   0.00000   0.00000   0.04517   0.01281   0.00639   0.02626   0.02556   0.14045   0.01366   0.09035   0.01933   0.00000   0.02579   0.01287   0.15937   0.10937   0.21368   0.00517   0.03373   0.00626   0.03226   0.01930   0.00641   0.02423   0.00000   0.00636   0.04500   0.00000   0.03811   0.04256   0.14580   0.03437   0.03947   0.03222   0.00000   0.01917   0.00638   0.13930   2.52249   1.24421   1.02560   1.26969   0.99648  
 77  0.0000   2561.085558  x:  0.42469   0.14398   0.14370   0.00623   0.01263   0.02596   0.00000   0.01922   0.10540   0.00000   0.00000   0.04517   0.01281   0.00639   0.02626   0.02556   0.14045   0.01366   0.09035   0.01933   0.00000   0.02579   0.01287   0.15937   0.10937   0.21368   0.00517   0.03373   0.00626   0.03226   0.01930   0.00641   0.02423   0.00000   0.00636   0.04500   0.00000   0.03811   0.04256   0.14580   0.03437   0.03947   0.03222   0.00000   0.01917   0.00638   0.13930   2.52249   1.24421   1.02560   1.26969   0.99648  
 78  0.0000   2561.085558  x:  0.42469   0.14398   0.14370   0.00623   0.01263   0.02596   0.00000   0.01922   0.10540   0.00000   0.00000   0.04517   0.01281   0.00639   0.02626   0.02556   0.14045   0.01366   0.09035   0.01933   0.00000   0.02579   0.01287   0.15937   0.10937   0.21368   0.00517   0.03373   0.00626   0.03226   0.01930   0.00641   0.02423   0.00000   0.00636   0.04500   0.00000   0.03811   0.04256   0.14580   0.03437   0.03947   0.03222   0.00000   0.01917   0.00638   0.13930   2.52249   1.24421   1.02560   1.26969   0.99648  
 79  0.0000   2561.085558  x:  0.42469   0.14398   0.14370   0.00623   0.01263   0.02596   0.00000   0.01922   0.10540   0.00000   0.00000   0.04517   0.01281   0.00639   0.02626   0.02556   0.14045   0.01366   0.09035   0.01933   0.00000   0.02579   0.01287   0.15937   0.10937   0.21368   0.00517   0.03373   0.00626   0.03226   0.01930   0.00641   0.02423   0.00000   0.00636   0.04500   0.00000   0.03811   0.04256   0.14580   0.03437   0.03947   0.03222   0.00000   0.01917   0.00638   0.13930   2.52249   1.24421   1.02560   1.26969   0.99648  
 80  0.0012   2561.085558  x:  0.42469   0.14398   0.14370   0.00623   0.01263   0.02596   0.00000   0.01922   0.10540   0.00000   0.00000   0.04517   0.01281   0.00639   0.02626   0.02556   0.14045   0.01366   0.09035   0.01933   0.00000   0.02579   0.01287   0.15937   0.10937   0.21368   0.00517   0.03373   0.00626   0.03226   0.01930   0.00641   0.02423   0.00000   0.00636   0.04500   0.00000   0.03811   0.04256   0.14580   0.03437   0.03947   0.03222   0.00000   0.01917   0.00638   0.13930   2.52249   1.24421   1.02560   1.26969   0.99648  
 81  0.0007   2561.085558  x:  0.42469   0.14398   0.14370   0.00623   0.01263   0.02596   0.00000   0.01922   0.10540   0.00000   0.00000   0.04517   0.01281   0.00639   0.02626   0.02556   0.14045   0.01366   0.09035   0.01933   0.00000   0.02579   0.01287   0.15937   0.10937   0.21368   0.00517   0.03373   0.00626   0.03226   0.01930   0.00641   0.02423   0.00000   0.00636   0.04500   0.00000   0.03811   0.04256   0.14580   0.03437   0.03947   0.03222   0.00000   0.01917   0.00638   0.13930   2.52249   1.24421   1.02560   1.26969   0.99648  
 82  0.0005   2561.085558  x:  0.42469   0.14398   0.14370   0.00623   0.01263   0.02596   0.00000   0.01922   0.10540   0.00000   0.00000   0.04517   0.01281   0.00639   0.02626   0.02556   0.14045   0.01366   0.09035   0.01933   0.00000   0.02579   0.01287   0.15937   0.10937   0.21368   0.00517   0.03373   0.00626   0.03226   0.01930   0.00641   0.02423   0.00000   0.00636   0.04500   0.00000   0.03811   0.04256   0.14580   0.03437   0.03947   0.03222   0.00000   0.01917   0.00638   0.13930   2.52249   1.24421   1.02560   1.26969   0.99648  
 83  0.0004   2561.085558  x:  0.42469   0.14398   0.14370   0.00623   0.01263   0.02596   0.00000   0.01922   0.10540   0.00000   0.00000   0.04517   0.01281   0.00639   0.02626   0.02556   0.14045   0.01366   0.09035   0.01933   0.00000   0.02579   0.01287   0.15937   0.10937   0.21368   0.00517   0.03373   0.00626   0.03226   0.01930   0.00641   0.02423   0.00000   0.00636   0.04500   0.00000   0.03811   0.04256   0.14580   0.03437   0.03947   0.03222   0.00000   0.01917   0.00638   0.13930   2.52249   1.24421   1.02560   1.26969   0.99648  
 84  0.0003   2561.085558  x:  0.42469   0.14398   0.14370   0.00623   0.01263   0.02596   0.00000   0.01922   0.10540   0.00000   0.00000   0.04517   0.01281   0.00639   0.02626   0.02556   0.14045   0.01366   0.09035   0.01933   0.00000   0.02579   0.01287   0.15937   0.10937   0.21368   0.00517   0.03373   0.00626   0.03226   0.01930   0.00641   0.02423   0.00000   0.00636   0.04500   0.00000   0.03811   0.04256   0.14580   0.03437   0.03947   0.03222   0.00000   0.01917   0.00638   0.13930   2.52249   1.24421   1.02560   1.26969   0.99648  
 85  0.0003   2561.085558  x:  0.42469   0.14398   0.14370   0.00623   0.01263   0.02596   0.00000   0.01922   0.10540   0.00000   0.00000   0.04517   0.01281   0.00639   0.02626   0.02556   0.14045   0.01366   0.09035   0.01933   0.00000   0.02579   0.01287   0.15937   0.10937   0.21368   0.00517   0.03373   0.00626   0.03226   0.01930   0.00641   0.02423   0.00000   0.00636   0.04500   0.00000   0.03811   0.04256   0.14580   0.03437   0.03947   0.03222   0.00000   0.01917   0.00638   0.13930   2.52249   1.24421   1.02560   1.26969   0.99648  
 86  0.0019   2561.085558  x:  0.42469   0.14398   0.14370   0.00623   0.01263   0.02596   0.00000   0.01922   0.10540   0.00000   0.00000   0.04517   0.01281   0.00639   0.02626   0.02556   0.14045   0.01366   0.09035   0.01933   0.00000   0.02579   0.01287   0.15937   0.10937   0.21368   0.00517   0.03373   0.00626   0.03226   0.01930   0.00641   0.02423   0.00000   0.00636   0.04500   0.00000   0.03811   0.04256   0.14580   0.03437   0.03947   0.03222   0.00000   0.01917   0.00638   0.13930   2.52249   1.24421   1.02560   1.26969   0.99648  
 87  0.0252   2561.085558  x:  0.42469   0.14398   0.14370   0.00623   0.01263   0.02596   0.00000   0.01922   0.10540   0.00000   0.00000   0.04517   0.01281   0.00639   0.02626   0.02556   0.14045   0.01366   0.09035   0.01933   0.00000   0.02579   0.01287   0.15937   0.10937   0.21368   0.00517   0.03373   0.00626   0.03226   0.01930   0.00641   0.02423   0.00000   0.00636   0.04500   0.00000   0.03811   0.04256   0.14580   0.03437   0.03947   0.03222   0.00000   0.01917   0.00638   0.13930   2.52249   1.24421   1.02560   1.26969   0.99648  
 88  0.0006   2561.085558  x:  0.42469   0.14398   0.14370   0.00623   0.01263   0.02596   0.00000   0.01922   0.10540   0.00000   0.00000   0.04517   0.01281   0.00639   0.02626   0.02556   0.14045   0.01366   0.09035   0.01933   0.00000   0.02579   0.01287   0.15937   0.10937   0.21368   0.00517   0.03373   0.00626   0.03226   0.01930   0.00641   0.02423   0.00000   0.00636   0.04500   0.00000   0.03811   0.04256   0.14580   0.03437   0.03947   0.03222   0.00000   0.01917   0.00638   0.13930   2.52249   1.24421   1.02560   1.26969   0.99648  
check convergence!


TREE # 2

  0  0.0000   2622.788498  x:  0.08247   0.15653   0.01966   0.04228   0.01890   0.01536   0.03461   0.04248   0.02983   0.02756   0.01520   0.03507   0.00899   0.05946   0.05247   0.11773   0.04824   0.05004   0.04784   0.01628   0.01646   0.00997   0.10060   0.13292   0.11779   0.00031   0.00000   0.08380   0.02298   0.02105   0.04785   0.01868   0.01506   0.03592   0.03286   0.03384   0.06245   0.03360   0.12671   0.00000   0.11199   0.04216   0.02048   0.01465   0.03363   0.11902   0.31531   2.52249   1.15349   0.98386   1.22228   0.99648  
  1 99.0000   2610.766723  x:  0.08369   0.15821   0.01650   0.04137   0.01555   0.02090   0.03236   0.03816   0.02869   0.02244   0.01220   0.03652   0.00384   0.05769   0.05150   0.11887   0.04716   0.04925   0.04604   0.01185   0.01731   0.00813   0.10231   0.13343   0.11943   0.03364   0.06345   0.08109   0.01792   0.02055   0.05515   0.01358   0.00996   0.03722   0.02977   0.02969   0.05992   0.03233   0.12724   0.00898   0.11154   0.03942   0.01548   0.01847   0.03052   0.12073   0.31681   2.52248   1.15374   0.98386   1.22226   0.99643  
  2 2283.8425   2602.987476  x:  0.08455   0.15942   0.01432   0.04075   0.01329   0.02308   0.03082   0.03500   0.02796   0.01863   0.01033   0.03743   0.00000   0.05644   0.05082   0.11969   0.04640   0.04870   0.04481   0.00860   0.01775   0.00727   0.10352   0.13367   0.12031   0.03235   0.06363   0.07862   0.01414   0.02027   0.05856   0.00977   0.00616   0.03804   0.02760   0.02669   0.05787   0.03149   0.12762   0.01060   0.11106   0.03749   0.01174   0.02004   0.02833   0.12177   0.31791   2.52247   1.15391   0.98386   1.22225   0.99642  
  3 607.3315   2594.883827  x:  0.08558   0.16102   0.01259   0.04025   0.01220   0.02105   0.02949   0.03049   0.02766   0.01247   0.01095   0.03774   0.00000   0.05509   0.05016   0.12070   0.04558   0.04806   0.04374   0.00390   0.01739   0.00949   0.10499   0.13397   0.12130   0.03100   0.06468   0.07497   0.00804   0.02040   0.06001   0.00361   0.00000   0.03837   0.02539   0.02280   0.05514   0.03093   0.12812   0.00843   0.11027   0.03535   0.00568   0.01842   0.02603   0.12297   0.31950   2.52246   1.15420   0.98383   1.22227   0.99639  
  4 1536.5777   2591.686208  x:  0.08591   0.16165   0.01282   0.04025   0.01295   0.02065   0.02948   0.02847   0.02790   0.00887   0.01171   0.03745   0.00000   0.05477   0.05008   0.12105   0.04539   0.04792   0.04382   0.00167   0.01727   0.00831   0.10546   0.13414   0.12164   0.03036   0.06507   0.07316   0.00447   0.02059   0.05910   0.00000   0.00000   0.03814   0.02511   0.02147   0.05406   0.03106   0.12831   0.00870   0.10996   0.03487   0.00213   0.01829   0.02567   0.12344   0.32028   2.52246   1.15439   0.98378   1.22231   0.99636  
  5 1543.1913   2590.363667  x:  0.08599   0.16188   0.01312   0.04030   0.01321   0.02107   0.02965   0.02765   0.02803   0.00670   0.01162   0.03732   0.00000   0.05473   0.05012   0.12115   0.04538   0.04795   0.04410   0.00066   0.01735   0.00875   0.10556   0.13422   0.12173   0.03008   0.06523   0.07229   0.00231   0.02061   0.05862   0.00000   0.00000   0.03803   0.02526   0.02118   0.05367   0.03119   0.12837   0.00874   0.10982   0.03489   0.00000   0.01856   0.02578   0.12358   0.32066   2.52246   1.15451   0.98373   1.22236   0.99633  
  6 1916.7741   2589.562590  x:  0.08597   0.16197   0.01323   0.04032   0.01302   0.02098   0.02979   0.02728   0.02802   0.00461   0.01130   0.03737   0.00000   0.05476   0.05018   0.12115   0.04542   0.04808   0.04446   0.00000   0.01737   0.00865   0.10552   0.13426   0.12172   0.02992   0.06534   0.07169   0.00022   0.02057   0.05868   0.00000   0.00000   0.03806   0.02548   0.02130   0.05355   0.03125   0.12839   0.00864   0.10973   0.03506   0.00000   0.01846   0.02598   0.12361   0.32094   2.52246   1.15463   0.98367   1.22241   0.99629  
  7 1532.1168   2589.489741  x:  0.08597   0.16197   0.01322   0.04032   0.01302   0.02098   0.02979   0.02727   0.02802   0.00439   0.01132   0.03737   0.00000   0.05476   0.05019   0.12115   0.04543   0.04809   0.04448   0.00000   0.01737   0.00866   0.10552   0.13426   0.12171   0.02991   0.06534   0.07164   0.00000   0.02057   0.05870   0.00000   0.00000   0.03807   0.02549   0.02132   0.05355   0.03125   0.12839   0.00865   0.10973   0.03507   0.00000   0.01847   0.02599   0.12361   0.32097   2.52246   1.15464   0.98367   1.22242   0.99629  
  8 3952.2604   2588.748177  x:  0.08587   0.16198   0.01309   0.04031   0.01307   0.02115   0.02972   0.02720   0.02797   0.00000   0.01148   0.03737   0.00000   0.05479   0.05020   0.12110   0.04546   0.04824   0.04467   0.00000   0.01742   0.00855   0.10538   0.13428   0.12163   0.02980   0.06543   0.07095   0.00000   0.02065   0.05885   0.00000   0.00000   0.03809   0.02547   0.02158   0.05359   0.03119   0.12837   0.00839   0.10966   0.03517   0.00000   0.01851   0.02600   0.12358   0.32134   2.52246   1.15489   0.98354   1.22255   0.99620  
  9 3551.4549   2585.171922  x:  0.08172   0.16361   0.00965   0.03951   0.01921   0.01838   0.02473   0.02336   0.02827   0.00000   0.00426   0.03474   0.00000   0.05519   0.04924   0.11942   0.04540   0.05118   0.04441   0.00000   0.01968   0.01019   0.10071   0.13595   0.11864   0.02329   0.06922   0.03019   0.00000   0.01992   0.05666   0.00000   0.00000   0.03681   0.01891   0.02589   0.05445   0.02905   0.12781   0.01383   0.10615   0.03398   0.00000   0.01476   0.02042   0.12333   0.34465   2.52239   1.17153   0.97510   1.23160   0.99013  
 10 113.8102   2581.336684  x:  0.08283   0.16834   0.01758   0.03939   0.01010   0.01717   0.02786   0.01168   0.02990   0.00000   0.00911   0.03705   0.00000   0.05341   0.04799   0.12137   0.04378   0.04805   0.03903   0.00000   0.01783   0.00961   0.10368   0.13769   0.12005   0.01767   0.07270   0.01270   0.00000   0.01341   0.05448   0.00000   0.00000   0.03736   0.02038   0.01548   0.04839   0.03171   0.12880   0.01223   0.10285   0.02900   0.00000   0.02036   0.01964   0.12624   0.36298   2.52230   1.18555   0.96864   1.23927   0.98499  
 11 141.7270   2579.292893  x:  0.08426   0.17201   0.01818   0.03927   0.01027   0.01874   0.02852   0.00289   0.03008   0.00000   0.00918   0.03712   0.00000   0.05164   0.04778   0.12310   0.04297   0.04782   0.04057   0.00000   0.01692   0.00980   0.10584   0.13886   0.12153   0.01371   0.07482   0.01446   0.00000   0.01812   0.05482   0.00000   0.00000   0.03742   0.02081   0.01010   0.04274   0.03226   0.12975   0.01273   0.10061   0.02772   0.00000   0.01854   0.01977   0.12870   0.37234   2.52225   1.19147   0.96616   1.24229   0.98294  
 12 235.2388   2577.920087  x:  0.08710   0.17780   0.01855   0.03918   0.01087   0.01975   0.02965   0.00607   0.03024   0.00000   0.00920   0.03708   0.00000   0.04886   0.04784   0.12609   0.04190   0.04791   0.04480   0.00000   0.01633   0.00994   0.10963   0.14051   0.12431   0.00854   0.07767   0.01455   0.00000   0.02132   0.05522   0.00000   0.00000   0.03749   0.02185   0.00372   0.03339   0.03306   0.13139   0.01289   0.09746   0.02667   0.00000   0.01742   0.02048   0.13272   0.38262   2.52220   1.19652   0.96438   1.24459   0.98135  
 13 283.3648   2576.832620  x:  0.09164   0.18577   0.01864   0.03886   0.01216   0.01919   0.03016   0.00690   0.03072   0.00000   0.00927   0.03665   0.00000   0.04468   0.04748   0.13058   0.04004   0.04673   0.04746   0.00000   0.01665   0.01007   0.11572   0.14255   0.12868   0.00532   0.07949   0.01658   0.00000   0.02072   0.05440   0.00000   0.00000   0.03726   0.02136   0.00882   0.02174   0.03386   0.13377   0.01267   0.09367   0.02405   0.00000   0.01837   0.01962   0.13850   0.39398   2.52213   1.20146   0.96309   1.24661   0.97992  
 14 264.0878   2576.161043  x:  0.09664   0.19505   0.01674   0.03854   0.01460   0.01865   0.02983   0.00674   0.03075   0.00000   0.00937   0.03579   0.00000   0.04087   0.04786   0.13553   0.03879   0.04663   0.05225   0.00000   0.01778   0.01022   0.12189   0.14481   0.13337   0.01427   0.07449   0.01764   0.00000   0.01806   0.05425   0.00000   0.00000   0.03696   0.02102   0.00841   0.01861   0.03405   0.13651   0.01239   0.08968   0.02490   0.00000   0.01911   0.01988   0.14506   0.40581   2.52205   1.20523   0.96305   1.24763   0.97914  
 15 137.4825   2575.699728  x:  0.10136   0.20435   0.01592   0.03829   0.01485   0.01914   0.02926   0.00697   0.03121   0.00000   0.00959   0.03549   0.00000   0.03913   0.04833   0.14020   0.03808   0.04561   0.05374   0.00000   0.01699   0.01024   0.12764   0.14691   0.13773   0.01291   0.07518   0.01892   0.00000   0.01660   0.05312   0.00000   0.00000   0.03662   0.02053   0.00903   0.02797   0.03418   0.13915   0.01219   0.08674   0.02587   0.00000   0.01885   0.01979   0.15149   0.41684   2.52196   1.20797   0.96435   1.24781   0.97890  
 16 87.4511   2575.585252  x:  0.10191   0.20777   0.01668   0.03840   0.01415   0.01838   0.02882   0.00739   0.03148   0.00000   0.00964   0.03585   0.00000   0.04234   0.04873   0.14093   0.03899   0.04483   0.05009   0.00000   0.01831   0.01033   0.12810   0.14743   0.13800   0.01351   0.07485   0.01867   0.00000   0.01980   0.05290   0.00000   0.00000   0.03666   0.02080   0.00946   0.02836   0.03320   0.13964   0.01214   0.08754   0.02702   0.00000   0.01976   0.02015   0.15326   0.42190   2.52191   1.20870   0.96691   1.24709   0.97935  
 17 26.9407   2575.469981  x:  0.10143   0.21106   0.01667   0.03865   0.01470   0.01991   0.02847   0.00744   0.03141   0.00000   0.01019   0.03576   0.00000   0.04599   0.04903   0.14084   0.04014   0.04466   0.04590   0.00000   0.01697   0.01041   0.12719   0.14778   0.13726   0.01361   0.07474   0.01922   0.00000   0.01829   0.05311   0.00000   0.00000   0.03665   0.02109   0.00949   0.02745   0.03221   0.13974   0.01234   0.08922   0.02801   0.00000   0.01799   0.02053   0.15444   0.42823   2.52184   1.20936   0.97117   1.24575   0.98023  
 18 38.4769   2575.378718  x:  0.10009   0.21282   0.01553   0.03885   0.01611   0.01860   0.02860   0.00713   0.03104   0.00000   0.00992   0.03530   0.00000   0.04695   0.04872   0.13993   0.04036   0.04517   0.04416   0.00000   0.01709   0.01049   0.12540   0.14775   0.13587   0.01296   0.07512   0.02068   0.00000   0.01683   0.05312   0.00000   0.00000   0.03654   0.02090   0.00872   0.02737   0.03247   0.13939   0.01188   0.09081   0.02744   0.00000   0.02017   0.02029   0.15437   0.43388   2.52176   1.20981   0.97624   1.24414   0.98138  
 19 33.0438   2575.237754  x:  0.09794   0.21389   0.01561   0.03893   0.01507   0.01951   0.02986   0.00750   0.03112   0.00000   0.01057   0.03564   0.00000   0.04416   0.04722   0.13823   0.03883   0.04463   0.04238   0.00000   0.01806   0.01058   0.12333   0.14717   0.13400   0.01377   0.07468   0.02128   0.00000   0.01783   0.05149   0.00000   0.00000   0.03648   0.02019   0.00897   0.02783   0.03472   0.13853   0.01209   0.09292   0.02361   0.00000   0.01941   0.01890   0.15314   0.44173   2.52162   1.21049   0.98615   1.24117   0.98371  
 20 34.0680   2575.157694  x:  0.09784   0.21227   0.01753   0.03834   0.01578   0.01962   0.02843   0.00763   0.03227   0.00000   0.01026   0.03532   0.00000   0.04132   0.04681   0.13780   0.03775   0.04311   0.04111   0.00000   0.01596   0.01064   0.12417   0.14627   0.13431   0.01401   0.07455   0.02118   0.00000   0.01868   0.05174   0.00000   0.00000   0.03621   0.01885   0.00904   0.02771   0.03389   0.13804   0.01177   0.09299   0.02492   0.00000   0.02014   0.01844   0.15156   0.44377   2.52150   1.21110   0.99317   1.23945   0.98546  
 21 21.4399   2575.093899  x:  0.09855   0.20999   0.01865   0.03781   0.01680   0.01975   0.02695   0.00746   0.03292   0.00000   0.01094   0.03514   0.00000   0.03991   0.04699   0.13791   0.03752   0.04220   0.04015   0.00000   0.01835   0.01082   0.12579   0.14534   0.13532   0.01349   0.07479   0.02130   0.00000   0.01796   0.05217   0.00000   0.00000   0.03618   0.01843   0.00876   0.02768   0.03254   0.13779   0.01197   0.09257   0.02584   0.00000   0.01966   0.01837   0.15016   0.44398   2.52139   1.21183   0.99939   1.23816   0.98707  
 22 34.1970   2574.984470  x:  0.10170   0.20495   0.01670   0.03770   0.01861   0.02006   0.02643   0.00740   0.03203   0.00000   0.01079   0.03531   0.00000   0.04195   0.04807   0.13948   0.03901   0.04268   0.03899   0.00000   0.01770   0.01094   0.13009   0.14371   0.13855   0.01360   0.07474   0.02060   0.00000   0.01828   0.05113   0.00000   0.00000   0.03649   0.01930   0.00870   0.02784   0.03129   0.13803   0.01174   0.09110   0.02286   0.00000   0.02011   0.01761   0.14868   0.44085   2.52117   1.21406   1.01009   1.23681   0.99004  
 23 23.1510   2574.933931  x:  0.10298   0.20343   0.01487   0.03849   0.01868   0.02030   0.02768   0.00733   0.03185   0.00000   0.01093   0.03471   0.00000   0.04366   0.04724   0.14045   0.03876   0.04209   0.03866   0.00000   0.01789   0.01097   0.13118   0.14346   0.13961   0.01344   0.07482   0.02029   0.00000   0.01831   0.05090   0.00000   0.00000   0.03573   0.01700   0.00862   0.02759   0.03331   0.13853   0.01164   0.09106   0.02405   0.00000   0.02017   0.01742   0.14940   0.43789   2.52103   1.21614   1.01443   1.23721   0.99142  
 24 17.5469   2574.849322  x:  0.10336   0.20426   0.01329   0.03898   0.02021   0.02047   0.02614   0.00725   0.03261   0.00000   0.01090   0.03469   0.00000   0.04451   0.04430   0.14165   0.03666   0.03975   0.03848   0.00000   0.01795   0.01105   0.13003   0.14470   0.13922   0.01333   0.07483   0.01964   0.00000   0.01841   0.05145   0.00000   0.00000   0.03610   0.01924   0.00859   0.02761   0.03424   0.13979   0.01139   0.09235   0.02409   0.00000   0.02026   0.01661   0.15349   0.43119   2.52073   1.22261   1.01950   1.24083   0.99353  
 25 12.7215   2574.693655  x:  0.10283   0.20806   0.01433   0.03782   0.02095   0.02074   0.02508   0.00716   0.03227   0.00000   0.01098   0.03551   0.00000   0.04399   0.04428   0.14265   0.03678   0.04037   0.03875   0.00000   0.01801   0.01108   0.12728   0.14779   0.13715   0.01325   0.07483   0.01941   0.00000   0.01838   0.05102   0.00000   0.00000   0.03646   0.01577   0.00842   0.02765   0.03132   0.14140   0.01096   0.09348   0.02176   0.00000   0.02052   0.01818   0.16020   0.41998   2.52014   1.23641   1.02661   1.24966   0.99701  
 26 30.2031   2574.570110  x:  0.10199   0.21128   0.01427   0.03708   0.02044   0.02101   0.02603   0.00716   0.03164   0.00000   0.01111   0.03430   0.00000   0.04188   0.04661   0.14244   0.03817   0.04236   0.03697   0.00000   0.01817   0.01104   0.12647   0.14973   0.13567   0.01317   0.07482   0.01944   0.00000   0.01859   0.05107   0.00000   0.00000   0.03556   0.01627   0.00832   0.02748   0.03061   0.14156   0.01086   0.09240   0.02277   0.00000   0.02065   0.01437   0.16273   0.41344   2.51964   1.24825   1.03091   1.25792   0.99936  
 27 42.0499   2574.399335  x:  0.10058   0.21492   0.01146   0.03750   0.02058   0.02120   0.02509   0.00718   0.03179   0.00000   0.01108   0.03386   0.00000   0.03925   0.04851   0.14088   0.03864   0.04284   0.03245   0.00000   0.01814   0.01098   0.12793   0.15088   0.13460   0.01309   0.07477   0.01915   0.00000   0.01900   0.05180   0.00000   0.00000   0.03556   0.01696   0.00835   0.02735   0.03291   0.14000   0.01103   0.08851   0.02259   0.00000   0.02076   0.01746   0.16116   0.40916   2.51887   1.26644   1.03529   1.27170   1.00191  
 28 39.2710   2573.998208  x:  0.09820   0.22021   0.01181   0.03893   0.01995   0.02143   0.02317   0.00725   0.03259   0.00000   0.01099   0.03768   0.00000   0.04440   0.04738   0.13683   0.03754   0.03942   0.03363   0.00000   0.01810   0.01071   0.13266   0.15106   0.13375   0.01336   0.07440   0.02055   0.00000   0.01839   0.05299   0.00000   0.00000   0.03789   0.01495   0.00816   0.02736   0.03409   0.13528   0.01130   0.08175   0.02163   0.00000   0.02108   0.01448   0.15218   0.40702   2.51701   1.30955   1.04419   1.30595   1.00679  
 29 66.5514   2573.652737  x:  0.09950   0.21949   0.01016   0.03671   0.01635   0.02170   0.02519   0.00734   0.03038   0.00000   0.01093   0.03274   0.00000   0.04596   0.04227   0.13602   0.03580   0.03725   0.03408   0.00000   0.01807   0.01030   0.13590   0.14931   0.13526   0.01353   0.07412   0.02116   0.00000   0.01837   0.05368   0.00000   0.00000   0.03497   0.01547   0.00816   0.02753   0.02886   0.13347   0.01139   0.08477   0.02056   0.00000   0.02135   0.01546   0.14591   0.40939   2.51543   1.34446   1.05201   1.33538   1.00989  
 30 81.7647   2573.171676  x:  0.10518   0.21025   0.00912   0.03560   0.01464   0.02181   0.02444   0.00737   0.02840   0.00000   0.01046   0.03832   0.00000   0.04267   0.04086   0.13943   0.03670   0.04080   0.03234   0.00000   0.01797   0.00982   0.13702   0.14416   0.14032   0.01348   0.07388   0.02189   0.00000   0.01821   0.05345   0.00000   0.00000   0.03748   0.01536   0.00810   0.02727   0.02982   0.13566   0.01117   0.09908   0.02297   0.00000   0.02154   0.01505   0.14284   0.41767   2.51310   1.39196   1.06525   1.37848   1.01279  
 31 80.4452   2572.969415  x:  0.10634   0.20487   0.01122   0.03765   0.01410   0.02177   0.02360   0.00746   0.03009   0.00000   0.01031   0.03561   0.00000   0.04280   0.04488   0.14140   0.03739   0.03993   0.03269   0.00000   0.01793   0.00967   0.13541   0.14119   0.14262   0.01375   0.07349   0.02209   0.00000   0.01832   0.05784   0.00000   0.00000   0.03731   0.01495   0.00821   0.02763   0.03214   0.13766   0.01106   0.10257   0.02042   0.00000   0.02146   0.01479   0.14446   0.42200   2.51217   1.40879   1.07230   1.39540   1.01329  
 32 72.5175   2572.755804  x:  0.10394   0.19837   0.00845   0.03787   0.01108   0.02184   0.02421   0.00745   0.03025   0.00000   0.01019   0.03691   0.00000   0.04256   0.04831   0.14264   0.03706   0.03591   0.03309   0.00000   0.01782   0.00933   0.13110   0.13759   0.14391   0.01369   0.07345   0.02289   0.00000   0.01794   0.05643   0.00000   0.00000   0.03723   0.01519   0.00805   0.02716   0.02986   0.14004   0.01123   0.09790   0.02109   0.00000   0.02170   0.01492   0.15004   0.42667   2.51130   1.41893   1.08349   1.40999   1.01235  
 33 30.9189   2572.508221  x:  0.10205   0.19316   0.01131   0.03580   0.01115   0.02166   0.02620   0.00754   0.02641   0.00000   0.00985   0.03771   0.00000   0.04290   0.04362   0.14327   0.03709   0.03844   0.03129   0.00000   0.01782   0.00916   0.12909   0.13577   0.14407   0.01381   0.07316   0.02320   0.00000   0.01807   0.05941   0.00000   0.00000   0.03787   0.01551   0.00817   0.02745   0.03045   0.14164   0.01151   0.08961   0.02118   0.00000   0.02146   0.01521   0.15666   0.43070   2.51034   1.42490   1.09967   1.42476   1.01007  
 34 38.6598   2572.215336  x:  0.10301   0.19300   0.01026   0.03684   0.00703   0.02178   0.02361   0.00751   0.03062   0.00000   0.00959   0.03677   0.00000   0.04328   0.04033   0.14211   0.03922   0.04301   0.03268   0.00000   0.01775   0.00871   0.13143   0.13869   0.14081   0.01376   0.07304   0.02369   0.00000   0.01783   0.05981   0.00000   0.00000   0.03794   0.01553   0.00809   0.02706   0.03033   0.14045   0.01171   0.08736   0.02129   0.00000   0.02157   0.01520   0.15949   0.43161   2.50934   1.42424   1.12086   1.43775   1.00645  
 35 32.7226   2571.603434  x:  0.10697   0.19918   0.00763   0.03724   0.00780   0.02150   0.03065   0.00728   0.03012   0.00000   0.00826   0.04087   0.00000   0.04194   0.04358   0.13913   0.03923   0.03984   0.03511   0.00000   0.01778   0.00822   0.13940   0.14769   0.13297   0.01351   0.07267   0.02203   0.00000   0.01785   0.06669   0.00000   0.00000   0.03838   0.01593   0.00827   0.02751   0.02855   0.13606   0.01215   0.09057   0.02096   0.00000   0.02122   0.01568   0.16020   0.42992   2.50715   1.41681   1.16834   1.46361   0.99761  
 36 73.8313   2571.435739  x:  0.10734   0.20260   0.00789   0.03616   0.00624   0.02159   0.02766   0.00720   0.02459   0.00000   0.00810   0.03949   0.00000   0.04239   0.04594   0.13944   0.03770   0.03888   0.03639   0.00000   0.01772   0.00799   0.13963   0.14908   0.13327   0.01335   0.07268   0.02189   0.00000   0.01779   0.06621   0.00000   0.00000   0.03937   0.01593   0.00821   0.02720   0.03034   0.13591   0.01225   0.09188   0.02153   0.00000   0.02125   0.01577   0.15830   0.42856   2.50660   1.41325   1.17903   1.46841   0.99538  
 37 44.6219   2571.152122  x:  0.10458   0.21428   0.00709   0.03465   0.00567   0.02170   0.02866   0.00710   0.02675   0.00000   0.00776   0.04076   0.00000   0.04262   0.04610   0.14491   0.03479   0.04186   0.03587   0.00000   0.01777   0.00776   0.13220   0.14458   0.14552   0.01321   0.07250   0.02158   0.00000   0.01776   0.06833   0.00000   0.00000   0.03870   0.01575   0.00813   0.02710   0.02969   0.14083   0.01246   0.09272   0.02105   0.00000   0.02132   0.01556   0.14830   0.42360   2.50569   1.40102   1.18671   1.46883   0.99193  
 38 17.4373   2571.022552  x:  0.10378   0.21780   0.00694   0.03867   0.00561   0.02181   0.02887   0.00706   0.02510   0.00000   0.00765   0.04019   0.00000   0.04053   0.04351   0.14537   0.03998   0.03980   0.03590   0.00000   0.01781   0.00768   0.13119   0.14089   0.14843   0.01314   0.07243   0.02136   0.00000   0.01787   0.06888   0.00000   0.00000   0.04052   0.01533   0.00810   0.02710   0.02872   0.14142   0.01252   0.09338   0.02097   0.00000   0.02139   0.01529   0.14701   0.42204   2.50530   1.39350   1.18334   1.46488   0.99075  
 39 16.6212   2570.224509  x:  0.10402   0.22329   0.00459   0.03031   0.00476   0.02264   0.02606   0.00696   0.02541   0.00000   0.00723   0.04297   0.00000   0.04057   0.04215   0.13948   0.04407   0.03704   0.03477   0.00000   0.01792   0.00722   0.13861   0.12212   0.14837   0.01308   0.07185   0.02142   0.00000   0.01785   0.07292   0.00000   0.00000   0.03560   0.01413   0.00781   0.02694   0.03096   0.13679   0.01261   0.09716   0.01879   0.00000   0.02203   0.01397   0.15472   0.41868   2.50324   1.34477   1.13788   1.42680   0.98574  
 40 26.4325   2569.544860  x:  0.10689   0.22317   0.00322   0.03548   0.00357   0.02337   0.02743   0.00694   0.02455   0.00000   0.00697   0.04121   0.00000   0.04080   0.04311   0.13699   0.03404   0.04049   0.03023   0.00000   0.01815   0.00681   0.14381   0.11637   0.14661   0.01306   0.07136   0.02176   0.00000   0.01807   0.07484   0.00000   0.00000   0.04209   0.01230   0.00758   0.02710   0.02656   0.13431   0.01271   0.09779   0.01815   0.00000   0.02258   0.01268   0.15968   0.41772   2.50152   1.30306   1.09523   1.39120   0.98187  
 41 124.3811   2569.067094  x:  0.11123   0.21724   0.00266   0.03703   0.00248   0.02383   0.02581   0.00698   0.02270   0.00000   0.00681   0.04429   0.00000   0.04020   0.04160   0.14164   0.03489   0.03790   0.02723   0.00000   0.01818   0.00652   0.14135   0.13202   0.14517   0.01316   0.07089   0.02259   0.00000   0.01803   0.07732   0.00000   0.00000   0.03693   0.01167   0.00735   0.02702   0.02586   0.13707   0.01275   0.09471   0.01657   0.00000   0.02306   0.01177   0.15701   0.42003   2.50045   1.27539   1.06272   1.36237   0.97990  
 42 62.0824   2569.005612  x:  0.11110   0.21621   0.00216   0.03432   0.00240   0.02389   0.02656   0.00699   0.02370   0.00000   0.00681   0.04308   0.00000   0.04026   0.04135   0.14271   0.03616   0.03676   0.02697   0.00000   0.01819   0.00648   0.14113   0.13492   0.14509   0.01318   0.07082   0.02268   0.00000   0.01805   0.07748   0.00000   0.00000   0.03993   0.01135   0.00734   0.02701   0.02640   0.13773   0.01275   0.09440   0.01655   0.00000   0.02311   0.01162   0.15643   0.42044   2.50036   1.27233   1.05857   1.35793   0.97980  
 43 33.3816   2568.952358  x:  0.10395   0.21542   0.00204   0.03460   0.00227   0.02388   0.02670   0.00699   0.02346   0.00000   0.00671   0.04333   0.00000   0.04032   0.04141   0.14498   0.03626   0.03725   0.02744   0.00000   0.01818   0.00642   0.14508   0.13664   0.14615   0.01317   0.07075   0.02268   0.00000   0.01804   0.07799   0.00000   0.00000   0.03982   0.01147   0.00736   0.02705   0.02630   0.13850   0.01272   0.09601   0.01663   0.00000   0.02310   0.01173   0.15704   0.42046   2.50076   1.27587   1.05748   1.34720   0.98152  
 44  4.9534   2568.804970  x:  0.10920   0.21683   0.00223   0.03429   0.00187   0.02382   0.02731   0.00697   0.02342   0.00000   0.00646   0.04383   0.00000   0.03984   0.04166   0.14176   0.03625   0.03759   0.02856   0.00000   0.01814   0.00624   0.14179   0.13512   0.14686   0.01311   0.07058   0.02264   0.00000   0.01803   0.07949   0.00000   0.00000   0.04028   0.01181   0.00740   0.02707   0.02620   0.13713   0.01299   0.09486   0.01700   0.00000   0.02303   0.01208   0.15744   0.42020   2.50252   1.29076   1.05729   1.31261   0.98863  
 45  8.1092   2568.489606  x:  0.11225   0.21826   0.00192   0.03415   0.00268   0.02417   0.02613   0.00693   0.02277   0.00000   0.00644   0.04425   0.00000   0.03952   0.04137   0.15087   0.03584   0.03812   0.02933   0.00000   0.01814   0.00607   0.14253   0.13030   0.13327   0.01298   0.07023   0.02273   0.00000   0.01820   0.08162   0.00000   0.00000   0.04041   0.01174   0.00733   0.02706   0.02576   0.14677   0.01398   0.09180   0.01714   0.00000   0.02326   0.01205   0.15297   0.42148   2.50739   1.28606   1.04935   1.28670   1.00341  
 46  2.8331   2567.825780  x:  0.11108   0.21600   0.00104   0.03409   0.00488   0.02502   0.02319   0.00683   0.02122   0.00000   0.00649   0.04490   0.00000   0.03906   0.04112   0.14327   0.03502   0.03984   0.03064   0.00000   0.01814   0.00576   0.13846   0.14227   0.14885   0.01266   0.06923   0.02286   0.00000   0.01858   0.08595   0.00000   0.00000   0.04088   0.01134   0.00713   0.02707   0.02502   0.13507   0.01428   0.09204   0.01732   0.00000   0.02385   0.01179   0.15908   0.42525   2.51849   1.26698   1.03012   1.24184   1.03377  
 47 18.1211   2567.752771  x:  0.11076   0.21565   0.00127   0.03396   0.00504   0.02520   0.02291   0.00682   0.02120   0.00000   0.00644   0.04492   0.00000   0.03911   0.04107   0.13623   0.03488   0.03964   0.03052   0.00000   0.01817   0.00572   0.14019   0.14394   0.15032   0.01263   0.06907   0.02295   0.00000   0.01859   0.08636   0.00000   0.00000   0.04110   0.01129   0.00708   0.02703   0.02490   0.14286   0.01424   0.09236   0.01733   0.00000   0.02396   0.01174   0.15896   0.42492   2.52209   1.26559   1.02759   1.23719   1.02155  
 48  1.8127   2567.423433  x:  0.11045   0.21453   0.00312   0.03291   0.00556   0.02606   0.02177   0.00675   0.02165   0.00000   0.00615   0.04494   0.00000   0.03848   0.04080   0.14297   0.03449   0.03899   0.02971   0.00000   0.01835   0.00549   0.13940   0.14601   0.15034   0.01249   0.06832   0.02346   0.00000   0.01861   0.08809   0.00000   0.00000   0.04237   0.01113   0.00683   0.02690   0.02437   0.13574   0.01425   0.09229   0.01747   0.00000   0.02451   0.01158   0.15954   0.42303   2.53944   1.25960   1.01587   1.21549   0.96104  
 49 11.9280   2567.061812  x:  0.10977   0.21498   0.00590   0.03152   0.00551   0.02705   0.02127   0.00661   0.02272   0.00000   0.00550   0.04510   0.00000   0.03780   0.04094   0.14494   0.03448   0.03812   0.02953   0.00000   0.01864   0.00529   0.14130   0.14865   0.15085   0.01226   0.06743   0.02391   0.00000   0.01853   0.09040   0.00000   0.00000   0.04444   0.01142   0.00654   0.02664   0.02400   0.13607   0.01422   0.09253   0.01805   0.00000   0.02510   0.01180   0.16083   0.42383   2.54402   1.22874   0.99971   1.20839   1.03419  
 50  2.2309   2566.072059  x:  0.10938   0.21274   0.00600   0.03227   0.00552   0.03111   0.01409   0.00645   0.02381   0.00000   0.00756   0.04522   0.00000   0.03684   0.04200   0.14662   0.03375   0.04049   0.03432   0.00000   0.01930   0.00711   0.13854   0.14915   0.14582   0.01140   0.06176   0.02540   0.00000   0.01991   0.10035   0.00000   0.00000   0.04627   0.01317   0.00611   0.02631   0.02399   0.14034   0.01651   0.08900   0.02061   0.00000   0.02701   0.01310   0.16093   0.42614   2.41119   1.21746   1.01067   1.24612   0.99679  
 51  0.2736   2565.690952  x:  0.11012   0.21241   0.00569   0.03311   0.00553   0.03295   0.01411   0.00637   0.02442   0.00000   0.00770   0.04557   0.00000   0.03682   0.04246   0.14732   0.03357   0.04100   0.03549   0.00000   0.01963   0.00751   0.13803   0.14783   0.14410   0.01109   0.05860   0.02605   0.00000   0.02022   0.10494   0.00000   0.00000   0.04675   0.01390   0.00597   0.02622   0.02460   0.14211   0.01728   0.08800   0.02124   0.00000   0.02775   0.01360   0.16086   0.42710   2.63101   1.21849   1.01808   1.26987   1.00170  
 52  1.2810   2564.527848  x:  0.11093   0.21134   0.00601   0.03624   0.00662   0.03902   0.02540   0.00602   0.02673   0.00000   0.00516   0.04754   0.00000   0.03772   0.04357   0.14789   0.03311   0.03965   0.03500   0.00000   0.02074   0.00691   0.13897   0.14574   0.14157   0.01015   0.04519   0.02759   0.00000   0.01991   0.12091   0.00000   0.00000   0.04796   0.01540   0.00559   0.02566   0.02817   0.14505   0.01750   0.08731   0.02124   0.00000   0.02968   0.01449   0.16094   0.42207   2.51073   1.24966   1.04238   1.31180   0.96458  
 53  0.2187   2562.841671  x:  0.10699   0.21654   0.00690   0.03476   0.00773   0.04312   0.02331   0.00662   0.02472   0.00000   0.00869   0.04672   0.00000   0.04017   0.04410   0.14617   0.03594   0.03963   0.03021   0.00000   0.01981   0.00573   0.13893   0.13708   0.13917   0.00993   0.02081   0.02736   0.00000   0.01946   0.13868   0.00000   0.00000   0.04752   0.01047   0.00730   0.02600   0.02612   0.14275   0.01867   0.09240   0.01829   0.00000   0.02841   0.01174   0.15794   0.42838   2.52314   1.27804   1.05852   1.29869   0.99714  
 54  0.0395   2562.074199  x:  0.10923   0.21703   0.00608   0.03392   0.00802   0.04226   0.01836   0.00611   0.02382   0.00000   0.00535   0.04526   0.00000   0.03886   0.04309   0.14559   0.03519   0.03878   0.02937   0.00000   0.01923   0.00564   0.14115   0.13774   0.14177   0.00755   0.01200   0.02631   0.00000   0.01816   0.13713   0.00000   0.00000   0.04614   0.01308   0.00670   0.02566   0.02559   0.14092   0.01607   0.09198   0.01774   0.00000   0.02728   0.01223   0.15873   0.42590   2.53160   1.25978   1.03784   1.27251   0.99588  
 55  0.0509   2561.539146  x:  0.11067   0.21487   0.00534   0.03280   0.00739   0.03699   0.01715   0.00590   0.02337   0.00000   0.00565   0.04376   0.00000   0.03663   0.04198   0.14533   0.03399   0.03900   0.03176   0.00000   0.01872   0.00678   0.14129   0.14284   0.14522   0.00488   0.01689   0.02548   0.00000   0.01816   0.12288   0.00000   0.00000   0.04431   0.01346   0.00607   0.02599   0.02485   0.13894   0.01346   0.09015   0.01890   0.00000   0.02536   0.01302   0.15977   0.42354   2.53231   1.23265   1.01102   1.24831   1.00048  
 56  0.0707   2561.241249  x:  0.11005   0.21154   0.00492   0.03280   0.00685   0.03336   0.01857   0.00649   0.02379   0.00000   0.00699   0.04334   0.00000   0.03668   0.04176   0.14503   0.03359   0.03960   0.03374   0.00000   0.01847   0.00695   0.13921   0.14649   0.14574   0.00754   0.01380   0.02550   0.00000   0.01937   0.11270   0.00000   0.00000   0.04365   0.01321   0.00648   0.02651   0.02491   0.13842   0.01232   0.08922   0.01986   0.00000   0.02427   0.01336   0.15943   0.42178   2.52418   1.22496   1.00700   1.25218   1.00180  
 57  0.0253   2561.115953  x:  0.10926   0.21301   0.00470   0.03378   0.00655   0.03182   0.01888   0.00640   0.02442   0.00000   0.00650   0.04392   0.00000   0.03833   0.04261   0.14583   0.03434   0.03980   0.03310   0.00000   0.01899   0.00607   0.13861   0.14595   0.14434   0.00633   0.01233   0.02561   0.00000   0.01937   0.10713   0.00000   0.00000   0.04424   0.01249   0.00619   0.02633   0.02565   0.14002   0.01246   0.08979   0.01984   0.00000   0.02464   0.01289   0.15975   0.42539   2.51781   1.24547   1.02992   1.27502   1.00013  
 58  0.0436   2561.090897  x:  0.10912   0.21392   0.00491   0.03388   0.00644   0.03187   0.01952   0.00646   0.02432   0.00000   0.00642   0.04479   0.00000   0.03847   0.04278   0.14600   0.03451   0.03943   0.03206   0.00000   0.01922   0.00660   0.13921   0.14424   0.14353   0.00625   0.01277   0.02594   0.00000   0.01931   0.10602   0.00000   0.00000   0.04511   0.01306   0.00635   0.02633   0.02563   0.14068   0.01326   0.09058   0.01921   0.00000   0.02536   0.01280   0.15941   0.42505   2.52087   1.24648   1.02845   1.27267   0.99819  
 59  0.0067   2561.086438  x:  0.10929   0.21380   0.00507   0.03375   0.00638   0.03209   0.01940   0.00644   0.02420   0.00000   0.00632   0.04506   0.00000   0.03803   0.04262   0.14591   0.03437   0.03944   0.03218   0.00000   0.01924   0.00635   0.13936   0.14369   0.14339   0.00621   0.01265   0.02599   0.00000   0.01926   0.10576   0.00000   0.00000   0.04528   0.01274   0.00641   0.02628   0.02557   0.14065   0.01362   0.09043   0.01928   0.00000   0.02573   0.01291   0.15928   0.42474   2.52255   1.24410   1.02517   1.27054   0.99645  
 60  0.0058   2561.085727  x:  0.10940   0.21368   0.00514   0.03371   0.00635   0.03214   0.01928   0.00641   0.02423   0.00000   0.00637   0.04504   0.00000   0.03811   0.04253   0.14581   0.03436   0.03947   0.03222   0.00000   0.01918   0.00638   0.13933   0.14390   0.14366   0.00624   0.01261   0.02598   0.00000   0.01920   0.10542   0.00000   0.00000   0.04524   0.01281   0.00639   0.02623   0.02556   0.14042   0.01369   0.09032   0.01935   0.00000   0.02581   0.01283   0.15936   0.42462   2.52280   1.24397   1.02550   1.26941   0.99677  
 61  0.0012   2561.085608  x:  0.10937   0.21366   0.00517   0.03372   0.00631   0.03222   0.01929   0.00640   0.02423   0.00000   0.00635   0.04500   0.00000   0.03811   0.04257   0.14580   0.03437   0.03949   0.03224   0.00000   0.01917   0.00639   0.13929   0.14400   0.14371   0.00624   0.01265   0.02595   0.00000   0.01921   0.10535   0.00000   0.00000   0.04518   0.01281   0.00640   0.02625   0.02554   0.14043   0.01368   0.09033   0.01933   0.00000   0.02582   0.01289   0.15937   0.42475   2.52244   1.24431   1.02571   1.26981   0.99657  
 62  0.0005   2561.085577  x:  0.10936   0.21368   0.00518   0.03373   0.00629   0.03227   0.01931   0.00640   0.02423   0.00000   0.00637   0.04499   0.00000   0.03810   0.04257   0.14581   0.03436   0.03948   0.03223   0.00000   0.01917   0.00639   0.13930   0.14399   0.14370   0.00623   0.01262   0.02595   0.00000   0.01922   0.10538   0.00000   0.00000   0.04516   0.01282   0.00640   0.02626   0.02556   0.14046   0.01367   0.09035   0.01933   0.00000   0.02581   0.01288   0.15937   0.42471   2.52239   1.24419   1.02558   1.26974   0.99646  
 63  0.0003   2561.085565  x:  0.10936   0.21369   0.00517   0.03373   0.00628   0.03227   0.01930   0.00641   0.02423   0.00000   0.00636   0.04499   0.00000   0.03810   0.04257   0.14581   0.03436   0.03947   0.03222   0.00000   0.01917   0.00638   0.13931   0.14397   0.14368   0.00624   0.01263   0.02595   0.00000   0.01922   0.10537   0.00000   0.00000   0.04516   0.01282   0.00639   0.02626   0.02557   0.14046   0.01366   0.09036   0.01933   0.00000   0.02580   0.01286   0.15937   0.42468   2.52247   1.24417   1.02559   1.26971   0.99643  
 64  0.0001   2561.085560  x:  0.10937   0.21369   0.00517   0.03373   0.00627   0.03227   0.01930   0.00641   0.02422   0.00000   0.00636   0.04499   0.00000   0.03811   0.04256   0.14580   0.03437   0.03947   0.03222   0.00000   0.01917   0.00639   0.13930   0.14396   0.14368   0.00624   0.01263   0.02595   0.00000   0.01922   0.10538   0.00000   0.00000   0.04516   0.01281   0.00639   0.02626   0.02555   0.14045   0.01366   0.09035   0.01933   0.00000   0.02579   0.01287   0.15937   0.42468   2.52255   1.24420   1.02560   1.26968   0.99648  
 65  0.0001   2561.085558  x:  0.10937   0.21368   0.00517   0.03373   0.00627   0.03226   0.01930   0.00641   0.02423   0.00000   0.00636   0.04500   0.00000   0.03811   0.04256   0.14579   0.03437   0.03947   0.03222   0.00000   0.01917   0.00638   0.13930   0.14397   0.14369   0.00623   0.01263   0.02596   0.00000   0.01922   0.10539   0.00000   0.00000   0.04517   0.01281   0.00639   0.02626   0.02556   0.14044   0.01366   0.09035   0.01933   0.00000   0.02578   0.01287   0.15937   0.42469   2.52252   1.24422   1.02561   1.26969   0.99649  
 66  0.0000   2561.085558  x:  0.10937   0.21368   0.00517   0.03373   0.00627   0.03226   0.01930   0.00641   0.02423   0.00000   0.00636   0.04500   0.00000   0.03811   0.04256   0.14579   0.03437   0.03947   0.03222   0.00000   0.01917   0.00638   0.13930   0.14398   0.14370   0.00623   0.01263   0.02596   0.00000   0.01922   0.10540   0.00000   0.00000   0.04517   0.01281   0.00639   0.02626   0.02556   0.14044   0.01366   0.09035   0.01933   0.00000   0.02579   0.01287   0.15937   0.42469   2.52249   1.24421   1.02560   1.26969   0.99649  
 67  0.0000   2561.085558  x:  0.10937   0.21368   0.00517   0.03373   0.00626   0.03226   0.01930   0.00641   0.02423   0.00000   0.00636   0.04500   0.00000   0.03811   0.04256   0.14580   0.03437   0.03947   0.03222   0.00000   0.01917   0.00638   0.13930   0.14398   0.14370   0.00623   0.01263   0.02596   0.00000   0.01922   0.10540   0.00000   0.00000   0.04517   0.01281   0.00639   0.02626   0.02556   0.14045   0.01366   0.09035   0.01933   0.00000   0.02579   0.01287   0.15937   0.42469   2.52249   1.24420   1.02560   1.26969   0.99648  
 68  0.0000   2561.085558  x:  0.10937   0.21368   0.00517   0.03373   0.00626   0.03226   0.01930   0.00641   0.02423   0.00000   0.00636   0.04500   0.00000   0.03811   0.04256   0.14580   0.03437   0.03947   0.03222   0.00000   0.01917   0.00638   0.13930   0.14398   0.14370   0.00623   0.01263   0.02596   0.00000   0.01922   0.10540   0.00000   0.00000   0.04517   0.01281   0.00639   0.02626   0.02556   0.14045   0.01366   0.09035   0.01933   0.00000   0.02579   0.01287   0.15937   0.42469   2.52249   1.24421   1.02560   1.26969   0.99648  
 69  0.0000   2561.085558  x:  0.10937   0.21368   0.00517   0.03373   0.00626   0.03226   0.01930   0.00641   0.02423   0.00000   0.00636   0.04500   0.00000   0.03811   0.04256   0.14580   0.03437   0.03947   0.03222   0.00000   0.01917   0.00638   0.13930   0.14398   0.14370   0.00623   0.01263   0.02596   0.00000   0.01922   0.10540   0.00000   0.00000   0.04517   0.01281   0.00639   0.02626   0.02556   0.14045   0.01366   0.09035   0.01933   0.00000   0.02579   0.01287   0.15937   0.42469   2.52250   1.24421   1.02560   1.26969   0.99648  
 70  0.0000   2561.085558  x:  0.10937   0.21368   0.00517   0.03373   0.00626   0.03226   0.01930   0.00641   0.02423   0.00000   0.00636   0.04500   0.00000   0.03811   0.04256   0.14580   0.03437   0.03947   0.03222   0.00000   0.01917   0.00638   0.13930   0.14398   0.14370   0.00623   0.01263   0.02596   0.00000   0.01922   0.10540   0.00000   0.00000   0.04517   0.01281   0.00639   0.02626   0.02556   0.14045   0.01366   0.09035   0.01933   0.00000   0.02579   0.01287   0.15937   0.42469   2.52250   1.24421   1.02560   1.26969   0.99648  
 71  0.0000   2561.085558  x:  0.10937   0.21368   0.00517   0.03373   0.00626   0.03226   0.01930   0.00641   0.02423   0.00000   0.00636   0.04500   0.00000   0.03811   0.04256   0.14580   0.03437   0.03947   0.03222   0.00000   0.01917   0.00638   0.13930   0.14398   0.14370   0.00623   0.01263   0.02596   0.00000   0.01922   0.10540   0.00000   0.00000   0.04517   0.01281   0.00639   0.02626   0.02556   0.14045   0.01366   0.09035   0.01933   0.00000   0.02579   0.01287   0.15937   0.42469   2.52250   1.24421   1.02560   1.26969   0.99648  