-6.523194595322483469e-01
-7.651159493609358542e-01
-5.926634192499338205e-01
5.671882132414740596e-01
-5.458037614979676100e-01
-1.253363723450766543e+01
5.742553467518975996e-01
2.142468298742118193e+00
-3.269850263492117826e-01
-2.678851853600640043e-01
-4.142703254472241414e-01
-3.727568819352095608e-01
-9.501261896083631475e-01
-9.852941915750318413e-01
-9.821053802048301806e-01
-6.919083990403214202e-01
-3.369804800122563559e+00
-2.134493293028636440e+00
-2.251341429541210193e+00
-4.242480321920897524e+00
-1.912245820618637460e+00
-1.672774235181604396e+00
-2.507520086830957062e+00
-2.377230379198367771e+00
-2.845784297597282908e+00
-3.538060414438397139e+00
