-6.395171637165247835e-01
-7.511206465694602041e-01
-5.553987857573355891e-01
5.385794535204863065e-01
-4.877724855861462205e-01
-5.352068385243706317e+00
5.641575857049028198e-01
2.440702519756359212e+00
-2.251948333088495957e-01
-6.896915751158203545e-01
-2.164853919356242717e-01
-5.069247236076560581e-01
-1.226023081882100518e+00
-5.519156077609276290e-01
-9.641960790046968377e-01
-8.020740269435606695e-01
-3.921849668553328616e+00
-1.670195134081184030e+00
-2.344575643545896870e+00
-4.205573381862239835e+00
-1.913384730334425798e+00
-1.528016442672811115e+00
-2.530721071472273209e+00
-2.500916992252947058e+00
-2.985317692884773333e+00
-3.411913410818385728e+00
