-6.204186677228857860e-01
-7.646244751836409614e-01
-5.577561328827106424e-01
4.957583824354510615e-01
-4.771906749622779609e-01
-1.194257299530905847e+01
2.711221826563776638e-01
2.221861438370424935e+00
-3.630167298063021186e-01
-4.611949879034868416e-01
-4.676826240445636218e-01
-2.556420631689724776e-01
-1.296568787605854700e+00
-6.425001989080511011e-01
-1.030035790013373642e+00
-7.002813985781504158e-01
-3.739038392658341259e+00
-1.814257920246351352e+00
-2.303757182245990798e+00
-4.002419862229104730e+00
-1.960320727211431580e+00
-1.579142522161212980e+00
-2.626098101905444793e+00
-2.242172983321957247e+00
-3.019145761042121734e+00
-3.561251613719079945e+00
