

TREE # 1

  0  0.0000  16216.811442  x:  0.63787   0.90314   0.61042   0.58404   0.54746   0.58525   0.25993   0.40516   0.35546   0.10601   0.09407   0.00000   0.08831   0.18512   0.09706   0.07411   0.07287   0.06310   0.07523   0.16617   0.80888   0.72401   0.57711   0.35221   0.73574   0.13101   0.48011   0.27612   0.18446   0.00386   0.03112   0.17146   0.14025   0.08728   0.08778   0.11830   0.08407   0.02596   5.97144   8.40433   0.70337   1.00681   0.86039   1.00000  
  1 99.0000  16189.348234  x:  0.64759   0.90764   0.61909   0.59160   0.55423   0.59247   0.27109   0.41650   0.36615   0.12517   0.08623   0.12534   0.12224   0.17793   0.09292   0.07852   0.07534   0.08352   0.05622   0.17805   0.81527   0.73078   0.58619   0.36398   0.73898   0.15597   0.48463   0.28826   0.18550   0.02215   0.01896   0.16015   0.16352   0.09374   0.09061   0.11731   0.06308   0.08213   5.97459   8.38895   0.70630   1.01680   0.85810   0.99221  
  2 1390.0669  16134.706765  x:  0.67214   0.91921   0.64125   0.61089   0.57152   0.61041   0.29863   0.44401   0.39199   0.16014   0.06500   0.10468   0.16205   0.15907   0.08476   0.08563   0.06896   0.10441   0.02050   0.20798   0.83153   0.74815   0.60935   0.39294   0.74617   0.21146   0.49528   0.31531   0.18446   0.01374   0.00000   0.13364   0.20850   0.10429   0.09477   0.11325   0.01467   0.09009   5.98292   8.34818   0.71373   1.03960   0.85527   0.97190  
  3 612.0634  16128.605046  x:  0.67712   0.92156   0.64574   0.61480   0.57503   0.61404   0.30418   0.44955   0.39719   0.16700   0.06080   0.10093   0.16982   0.15531   0.08321   0.08698   0.06782   0.10842   0.01472   0.21404   0.83483   0.75168   0.61405   0.39879   0.74760   0.22253   0.49742   0.32073   0.18431   0.01244   0.00533   0.12854   0.21740   0.10630   0.09554   0.11253   0.00708   0.09184   5.98463   8.33984   0.71524   1.04416   0.85476   0.96777  
  4 5734.5303  16084.036824  x:  0.75431   0.95820   0.71565   0.67557   0.62972   0.66970   0.38900   0.53406   0.47622   0.26476   0.00000   0.04876   0.27831   0.10003   0.06311   0.10409   0.05644   0.16200   0.00804   0.30801   0.88621   0.80666   0.68712   0.48881   0.76862   0.38767   0.52993   0.40274   0.18376   0.00346   0.02330   0.05579   0.34371   0.13254   0.10474   0.10541   0.07795   0.12113   6.01163   8.20771   0.73875   1.11260   0.85025   0.90345  
  5 2221.6353  16067.697362  x:  0.77709   0.96908   0.73626   0.69345   0.64596   0.68574   0.41331   0.55822   0.49923   0.29140   0.02021   0.03524   0.30602   0.08847   0.06097   0.10724   0.05711   0.17410   0.03339   0.33570   0.90145   0.82293   0.70867   0.51505   0.77425   0.43418   0.53906   0.42577   0.18436   0.00733   0.02603   0.04583   0.37684   0.13789   0.10601   0.10373   0.08198   0.12779   6.01991   8.16710   0.74628   1.13085   0.85120   0.88449  
  6 2515.4811  16030.642928  x:  0.84284   1.00136   0.79542   0.74445   0.69379   0.72782   0.47442   0.61793   0.55401   0.32278   0.01579   0.01637   0.33386   0.11990   0.09695   0.09424   0.08578   0.16228   0.03868   0.41530   0.94639   0.87047   0.77076   0.58703   0.78364   0.54237   0.55946   0.47751   0.19203   0.05237   0.02752   0.16649   0.42448   0.12556   0.09300   0.10610   0.09295   0.12485   6.04767   8.03048   0.77609   1.16019   0.88038   0.83107  
  7 815.4274  15978.589369  x:  0.92233   1.04188   0.86391   0.80287   0.75295   0.76843   0.52822   0.66779   0.59706   0.28552   0.04129   0.05091   0.27832   0.16977   0.08817   0.06561   0.07805   0.08326   0.01724   0.51106   1.00254   0.92748   0.84349   0.66657   0.78056   0.62808   0.56921   0.50682   0.17981   0.00000   0.02896   0.15493   0.39778   0.08557   0.07410   0.10904   0.10272   0.09271   6.09030   7.81936   0.82666   1.15311   0.95057   0.77527  
  8 493.7587  15951.694704  x:  0.97442   1.06877   0.90695   0.83942   0.79181   0.79158   0.55692   0.69297   0.61635   0.24237   0.00523   0.06798   0.22382   0.18810   0.08174   0.07031   0.06907   0.05624   0.05421   0.57371   1.03985   0.96398   0.88967   0.71654   0.77417   0.67237   0.57186   0.51773   0.18150   0.01152   0.02641   0.13300   0.35985   0.07930   0.08054   0.11268   0.08250   0.07520   6.12149   7.66409   0.85063   1.14848   0.99075   0.74461  
  9 1094.7153  15911.540832  x:  1.05878   1.11275   0.97283   0.89501   0.85474   0.82246   0.59193   0.72053   0.63420   0.16257   0.02031   0.07643   0.11589   0.19280   0.08608   0.10242   0.06641   0.11326   0.03340   0.67502   1.10104   1.02101   0.96129   0.79355   0.75602   0.72264   0.56939   0.51997   0.19434   0.04275   0.02596   0.11004   0.26767   0.10624   0.10950   0.11868   0.08423   0.07013   6.17806   7.38026   0.86576   1.14919   1.03580   0.70799  
 10 1041.8739  15864.358115  x:  1.15365   1.16262   1.03254   0.94372   0.92403   0.83505   0.59327   0.70850   0.60537   0.11878   0.01295   0.06096   0.13287   0.13642   0.08907   0.08410   0.09824   0.10660   0.04115   0.78872   1.17141   1.07636   1.02954   0.86749   0.71064   0.71509   0.54493   0.47354   0.19182   0.00829   0.02502   0.12170   0.12595   0.11609   0.09493   0.10716   0.07437   0.13449   6.26209   6.94885   0.82332   1.17044   1.00966   0.70939  
 11 497.5726  15771.783296  x:  1.33141   1.25533   1.12247   1.01286   1.05070   0.82534   0.53931   0.62615   0.48394   0.17331   0.03370   0.05999   0.14222   0.08680   0.07744   0.09854   0.03883   0.04160   0.01117   1.00143   1.30375   1.16532   1.13817   0.98520   0.58801   0.60170   0.47870   0.32829   0.21430   0.07238   0.02398   0.11888   0.10230   0.10676   0.10790   0.12415   0.08051   0.12917   6.45083   5.96045   0.77296   1.13472   0.93374   0.73681  
 12 866.5147  15662.537341  x:  1.55393   1.36986   1.22650   1.09033   1.20715   0.80265   0.45513   0.50971   0.32021   0.22037   0.01901   0.07324   0.14680   0.10359   0.07430   0.08553   0.05252   0.09947   0.02946   1.26791   1.46823   1.26992   1.26626   1.12499   0.42721   0.43360   0.39760   0.14287   0.21451   0.04129   0.02291   0.12160   0.15739   0.08049   0.10071   0.13410   0.07328   0.09839   6.69776   4.65616   0.72933   1.05720   0.85802   0.76464  
 13 4441.7523  15586.360753  x:  1.68748   1.42761   1.24320   1.08862   1.28757   0.74612   0.33869   0.41730   0.23979   0.19922   0.02442   0.06199   0.19392   0.12695   0.11095   0.11344   0.11094   0.05984   0.02108   1.42968   1.55813   1.29466   1.30107   1.17394   0.35171   0.27848   0.42441   0.25916   0.19383   0.04371   0.02287   0.09484   0.20262   0.17859   0.10775   0.10191   0.07532   0.11341   6.89356   3.57075   0.70240   0.95662   0.86762   0.73820  
 14 1135.2272  15522.392221  x:  1.75660   1.44645   1.21415   1.04755   1.31658   0.69496   0.24270   0.38500   0.26724   0.19305   0.02024   0.05958   0.21147   0.10782   0.07658   0.08791   0.02766   0.10042   0.02944   1.51538   1.59554   1.27468   1.28391   1.17007   0.36899   0.20084   0.45472   0.34218   0.18052   0.03858   0.02238   0.12545   0.19752   0.15422   0.08741   0.10771   0.07282   0.12104   7.03209   2.77477   0.67688   0.91315   0.87652   0.67777  
 15 1283.9208  15477.693307  x:  1.80432   1.45115   1.16917   0.99236   1.32749   0.65454   0.16522   0.37814   0.32359   0.21146   0.01902   0.06022   0.19897   0.08056   0.04267   0.08370   0.07913   0.10505   0.02145   1.57611   1.61431   1.23834   1.24832   1.14757   0.42499   0.16373   0.46991   0.36528   0.18554   0.06011   0.02146   0.11549   0.18911   0.09413   0.09258   0.12867   0.07152   0.10918   7.15199   2.07958   0.66050   0.90702   0.86052   0.60563  
 16 1937.5520  15457.184009  x:  1.82514   1.44794   1.13693   0.95439   1.32686   0.64303   0.13794   0.38386   0.35469   0.22348   0.01646   0.06141   0.19369   0.09491   0.10361   0.09251   0.07266   0.10005   0.02315   1.60365   1.61786   1.21017   1.22018   1.12738   0.46892   0.15951   0.46881   0.34802   0.18847   0.05188   0.02149   0.09860   0.18097   0.08265   0.10153   0.12842   0.07030   0.11295   7.21628   1.71529   0.66004   0.92122   0.83910   0.56099  
 17 1461.9019  15446.410619  x:  1.83350   1.44000   1.11192   0.92540   1.32032   0.65556   0.14977   0.39455   0.35857   0.22216   0.01694   0.06047   0.19112   0.11396   0.07783   0.09919   0.06670   0.08749   0.02576   1.61608   1.61317   1.18562   1.19581   1.10825   0.49743   0.16761   0.45802   0.31093   0.19097   0.03986   0.02177   0.11262   0.18431   0.13288   0.10569   0.11182   0.07134   0.12184   7.25385   1.53484   0.67672   0.93246   0.83353   0.53439  
 18 439.7810  15442.543205  x:  1.83934   1.43031   1.09534   0.90510   1.31278   0.68146   0.18522   0.40122   0.33433   0.20671   0.01875   0.05703   0.19873   0.09331   0.08398   0.09421   0.06730   0.08827   0.02313   1.62579   1.60587   1.16558   1.17711   1.09296   0.49911   0.17213   0.45119   0.29682   0.19052   0.04932   0.02163   0.11012   0.19448   0.13111   0.09123   0.10930   0.07175   0.12558   7.28029   1.47463   0.68415   0.92925   0.86388   0.53039  
 19 121.2887  15440.413642  x:  1.84865   1.42038   1.08306   0.88876   1.30622   0.70127   0.21512   0.40506   0.31087   0.20164   0.02033   0.05376   0.20815   0.11030   0.07722   0.09697   0.06582   0.09102   0.02192   1.64018   1.59940   1.14757   1.16155   1.08042   0.48891   0.17607   0.45079   0.30560   0.18709   0.05398   0.02177   0.10673   0.18952   0.11598   0.10164   0.11682   0.07230   0.12854   7.30896   1.44668   0.68086   0.94185   0.86818   0.53629  
 20 94.9820  15438.086875  x:  1.86990   1.40387   1.06901   0.86762   1.29709   0.71360   0.24049   0.40924   0.29570   0.20997   0.01871   0.06120   0.19348   0.09675   0.07883   0.09906   0.06586   0.09141   0.02473   1.67172   1.59037   1.12116   1.14071   1.06276   0.46317   0.18361   0.45317   0.32525   0.18401   0.04358   0.02171   0.11502   0.18460   0.11177   0.10889   0.11615   0.07156   0.11748   7.36185   1.43092   0.69486   0.94936   0.84971   0.54387  
 21 76.3084  15432.186369  x:  1.94256   1.35470   1.03847   0.81583   1.27271   0.70902   0.26547   0.41824   0.30660   0.23222   0.01626   0.06580   0.17064   0.10684   0.07978   0.08254   0.06834   0.09320   0.02554   1.77809   1.56646   1.04973   1.08809   1.01421   0.39491   0.21796   0.45184   0.33860   0.19815   0.04807   0.02170   0.10738   0.17577   0.12312   0.07718   0.11106   0.07100   0.10706   7.52934   1.41971   0.66875   0.94656   0.84030   0.55584  
 22 118.1388  15418.549047  x:  2.12742   1.23384   0.97545   0.70232   1.21469   0.66307   0.28266   0.42343   0.34703   0.23132   0.01611   0.06140   0.17212   0.10468   0.08028   0.09359   0.06834   0.08758   0.02832   2.04784   1.50978   0.88500   0.97048   0.89573   0.26470   0.31363   0.44187   0.32646   0.20714   0.03323   0.02245   0.11839   0.17422   0.11483   0.11180   0.11489   0.07259   0.11931   7.94899   1.41402   0.64988   0.89090   0.85385   0.57064  
 23 407.9998  15407.834740  x:  2.28008   1.13434   0.93741   0.62916   1.16698   0.60858   0.27134   0.40058   0.33947   0.18539   0.02155   0.05657   0.18720   0.11244   0.07642   0.09332   0.06644   0.08930   0.02340   2.27054   1.46554   0.77012   0.89248   0.79726   0.23336   0.38888   0.44298   0.32161   0.18914   0.05418   0.02275   0.11224   0.18084   0.10598   0.08724   0.11736   0.07527   0.11628   8.29797   1.42099   0.68744   0.89495   0.82636   0.58438  
 24 439.5134  15399.263504  x:  2.40502   1.04647   0.91520   0.58716   1.12187   0.56876   0.26276   0.38031   0.31220   0.18005   0.02178   0.06595   0.17521   0.10163   0.07836   0.08366   0.06505   0.08481   0.02521   2.45439   1.42718   0.69806   0.84660   0.70691   0.26974   0.42020   0.45041   0.32350   0.17087   0.04791   0.02278   0.11984   0.19490   0.11386   0.10001   0.11411   0.07568   0.09689   8.59801   1.43376   0.66250   0.93725   0.85205   0.60296  
 25 379.9120  15384.045025  x:  2.62148   0.87275   0.88408   0.54540   1.02351   0.53684   0.28264   0.38937   0.29711   0.25160   0.01572   0.05810   0.17057   0.11173   0.07640   0.11088   0.06887   0.09548   0.03022   2.77872   1.34632   0.61941   0.80051   0.51280   0.37665   0.35696   0.46674   0.33302   0.19556   0.03639   0.02288   0.11911   0.16589   0.10859   0.08396   0.11142   0.07322   0.11642   9.16653   1.46804   0.70986   0.95034   0.90748   0.63127  
 26 363.2972  15369.482818  x:  2.80187   0.71502   0.85460   0.52651   0.92957   0.53970   0.32813   0.42968   0.34061   0.24200   0.01542   0.05346   0.17570   0.11224   0.08134   0.06688   0.07024   0.09575   0.02826   3.05389   1.26689   0.58219   0.77835   0.32235   0.45124   0.24021   0.47410   0.33793   0.20951   0.04257   0.02205   0.11053   0.18145   0.11572   0.10792   0.11741   0.07109   0.12525   9.67799   1.50157   0.72766   0.96762   0.90139   0.63091  
 27 602.9961  15364.701394  x:  2.86143   0.65786   0.83939   0.52588   0.89392   0.54876   0.34964   0.44612   0.36382   0.22494   0.01620   0.05754   0.17980   0.10972   0.07948   0.09973   0.06905   0.09209   0.02849   3.14787   1.23654   0.58084   0.77420   0.24619   0.47588   0.19901   0.47421   0.33986   0.20279   0.03607   0.02183   0.11545   0.19410   0.11011   0.09370   0.11444   0.07091   0.11811   9.86949   1.51390   0.70948   0.97210   0.88990   0.62530  
 28 515.0152  15360.475816  x:  2.87593   0.61945   0.80207   0.54936   0.86269   0.57408   0.36648   0.43947   0.36300   0.23147   0.01621   0.06204   0.18700   0.11260   0.08029   0.09543   0.07030   0.09718   0.02820   3.18850   1.21517   0.62616   0.77745   0.16215   0.50683   0.22538   0.46862   0.34794   0.17934   0.04202   0.02217   0.11466   0.18266   0.11235   0.09615   0.10709   0.07196   0.10001  10.04482   1.52158   0.68623   0.91886   0.86345   0.62341  
 29 102.4572  15357.570735  x:  2.86214   0.60425   0.76460   0.58070   0.84460   0.58800   0.36506   0.42944   0.35651   0.22782   0.01573   0.05472   0.16639   0.11233   0.07963   0.09420   0.06950   0.09127   0.02985   3.19184   1.21265   0.67325   0.77537   0.09894   0.50669   0.25417   0.46571   0.35804   0.19457   0.03357   0.02188   0.11682   0.19791   0.11001   0.09150   0.12676   0.07048   0.12693  10.18065   1.52719   0.68033   0.91315   0.85481   0.62113  
 30 109.2295  15352.343240  x:  2.80891   0.59848   0.69822   0.64560   0.82316   0.60050   0.34836   0.42728   0.36252   0.22541   0.01643   0.05524   0.17310   0.11296   0.07769   0.09383   0.06839   0.09350   0.02950   3.16580   1.23445   0.75173   0.76097   0.00000   0.46978   0.28955   0.46236   0.36358   0.22166   0.03295   0.02208   0.11677   0.19976   0.09877   0.09721   0.09201   0.07159   0.12104  10.42151   1.53878   0.69823   0.94995   0.87683   0.61541  
 31 146.0225  15352.343240  x:  2.80891   0.59848   0.69822   0.64560   0.82316   0.60050   0.34836   0.42728   0.36252   0.22541   0.01643   0.05524   0.17310   0.11296   0.07769   0.09383   0.06839   0.09350   0.02950   3.16580   1.23445   0.75173   0.76097   0.00000   0.46978   0.28955   0.46236   0.36358   0.22166   0.03295   0.02208   0.11677   0.19976   0.09877   0.09721   0.09201   0.07159   0.12104  10.42151   1.53878   0.69823   0.94995   0.87683   0.61541  
 32 285.9964  15327.309366  x:  2.80423   0.59992   0.70116   0.64853   0.82310   0.60271   0.35339   0.44007   0.38005   0.21884   0.04686   0.00000   0.16883   0.12763   0.08378   0.08671   0.07274   0.09673   0.04581   3.16109   1.23759   0.75238   0.76237   0.00202   0.48689   0.30124   0.46687   0.36528   0.20695   0.00885   0.00484   0.11281   0.21322   0.10123   0.09369   0.10568   0.02998   0.08807  10.42149   1.54928   0.71212   0.95323   0.88545   0.60311  
 33 431.2011  15323.670442  x:  2.80200   0.60060   0.70254   0.64990   0.82306   0.60371   0.35563   0.44570   0.38753   0.21522   0.05357   0.00378   0.16766   0.13353   0.08558   0.08433   0.07495   0.09792   0.04694   3.15885   1.23906   0.75268   0.76304   0.00297   0.49455   0.30637   0.46895   0.36617   0.20159   0.00442   0.01453   0.11234   0.21881   0.10212   0.09242   0.11066   0.01932   0.07567  10.42148   1.55419   0.71770   0.95516   0.88932   0.59793  
 34 423.6772  15317.101985  x:  2.79441   0.60291   0.70709   0.65447   0.82292   0.60692   0.36276   0.46319   0.41024   0.20209   0.05853   0.00169   0.16448   0.14724   0.08848   0.07963   0.07956   0.10030   0.03832   3.15122   1.24400   0.75370   0.76535   0.00612   0.51892   0.32231   0.47576   0.36960   0.18852   0.01309   0.01872   0.11165   0.23357   0.10409   0.08959   0.12193   0.03539   0.04812  10.42145   1.57045   0.73325   0.96269   0.90153   0.58271  
 35 368.6510  15313.516618  x:  2.78744   0.60503   0.71110   0.65850   0.82277   0.60954   0.36860   0.47702   0.42793   0.19186   0.05597   0.01006   0.16317   0.15366   0.08860   0.07907   0.08063   0.10102   0.03371   3.14422   1.24837   0.75465   0.76743   0.00886   0.53889   0.33478   0.48122   0.37189   0.17959   0.01506   0.00630   0.11100   0.24285   0.10476   0.08874   0.12518   0.03338   0.05210  10.42142   1.58450   0.74311   0.97052   0.91148   0.57241  
 36 332.0369  15307.942528  x:  2.77275   0.60951   0.71928   0.66673   0.82243   0.61460   0.37991   0.50303   0.46092   0.17345   0.04247   0.00292   0.16144   0.15929   0.08643   0.08137   0.07885   0.10072   0.02929   3.12945   1.25733   0.75665   0.77178   0.01443   0.57753   0.35802   0.49162   0.37568   0.16634   0.01997   0.01337   0.11232   0.25778   0.10510   0.08865   0.12553   0.02957   0.07662  10.42137   1.61290   0.75861   0.98786   0.93034   0.55564  
 37 568.5319  15305.769105  x:  2.76058   0.61321   0.72516   0.67265   0.82210   0.61728   0.38629   0.51623   0.47749   0.17440   0.03776   0.00512   0.16358   0.15153   0.08369   0.08516   0.07532   0.09888   0.04910   3.11722   1.26394   0.75827   0.77516   0.01826   0.60007   0.36904   0.49705   0.37601   0.16846   0.01570   0.01385   0.11380   0.25835   0.10364   0.09079   0.11631   0.03533   0.07631  10.42133   1.63271   0.76088   1.00155   0.93967   0.55551  
 38 183.7022  15302.751246  x:  2.73736   0.62010   0.73503   0.68259   0.82125   0.62060   0.39504   0.53230   0.49756   0.18844   0.03575   0.00404   0.16833   0.13182   0.08095   0.08904   0.07064   0.09531   0.03864   3.09390   1.27536   0.76111   0.78115   0.02443   0.63239   0.38107   0.50413   0.37438   0.18275   0.01498   0.01301   0.11583   0.24982   0.10081   0.09407   0.09942   0.02991   0.06660  10.42127   1.66635   0.75968   1.02283   0.94993   0.56498  
 39 197.9472  15301.152476  x:  2.71228   0.62684   0.74276   0.69037   0.81964   0.62112   0.39903   0.53695   0.50357   0.20367   0.04206   0.00437   0.16892   0.13003   0.08666   0.08328   0.07993   0.09895   0.03640   3.06870   1.28517   0.76325   0.78628   0.02857   0.65127   0.38124   0.50694   0.37002   0.19279   0.00860   0.01439   0.11372   0.23720   0.10190   0.09183   0.11058   0.03490   0.07426  10.42122   1.69606   0.76310   1.02968   0.95064   0.57518  
 40 106.9849  15299.934752  x:  2.68425   0.63378   0.74936   0.69699   0.81725   0.62019   0.40064   0.53613   0.50255   0.21089   0.03593   0.00394   0.16765   0.13570   0.08757   0.08140   0.08006   0.10085   0.04138   3.04053   1.29449   0.76487   0.79101   0.03154   0.66392   0.37533   0.50808   0.36545   0.19957   0.01976   0.01363   0.11278   0.22650   0.10341   0.09032   0.11946   0.02963   0.07352  10.42115   1.72501   0.76742   1.02968   0.94801   0.58122  
 41 146.2969  15297.488354  x:  2.62184   0.64834   0.76106   0.70864   0.81104   0.61665   0.40128   0.52879   0.49337   0.21430   0.02085   0.00312   0.16416   0.14926   0.08307   0.08504   0.07029   0.09967   0.03857   2.97781   1.31286   0.76736   0.79989   0.03580   0.68255   0.35645   0.50813   0.35523   0.19836   0.00820   0.01312   0.11218   0.21468   0.10512   0.09046   0.12332   0.03030   0.06882  10.42102   1.78251   0.77318   1.02285   0.94155   0.58521  
 42 211.6352  15292.639575  x:  2.46588   0.68305   0.78418   0.73135   0.79366   0.60707   0.40003   0.50758   0.46792   0.21070   0.04809   0.00450   0.16085   0.16116   0.07518   0.09407   0.06506   0.09242   0.03799   2.82106   1.35432   0.77118   0.81864   0.04214   0.71574   0.30584   0.50737   0.33772   0.18449   0.01532   0.01460   0.11706   0.21501   0.10330   0.09550   0.10544   0.03389   0.07451  10.42068   1.90913   0.76997   1.00557   0.93154   0.57966  
 43 319.7013  15288.166546  x:  2.31134   0.71588   0.79997   0.74646   0.77430   0.59955   0.39827   0.48932   0.44416   0.19094   0.03989   0.00337   0.16581   0.14452   0.08866   0.08550   0.08967   0.09803   0.03906   2.66572   1.39053   0.77269   0.83315   0.04412   0.73728   0.26050   0.50698   0.33196   0.17343   0.01583   0.01351   0.11689   0.23351   0.10006   0.09417   0.09791   0.03105   0.06971  10.42038   2.00984   0.74813   0.99854   0.92714   0.57612  
 44 409.9158  15284.021727  x:  2.15351   0.74707   0.80448   0.74981   0.75078   0.59698   0.39805   0.48290   0.43307   0.17649   0.04550   0.00489   0.17181   0.12145   0.08529   0.07786   0.06538   0.10194   0.03883   2.50701   1.41965   0.77077   0.84106   0.03974   0.74521   0.23315   0.50811   0.34598   0.17683   0.01525   0.01307   0.11148   0.25846   0.10318   0.08881   0.12287   0.03161   0.06991  10.42014   2.06862   0.73134   0.99870   0.92485   0.58191  
 45 280.2449  15259.731216  x:  1.38641   0.89131   0.79307   0.73194   0.62357   0.60008   0.40210   0.48928   0.42092   0.16130   0.04751   0.00403   0.17489   0.13265   0.06685   0.12088   0.08631   0.08731   0.03726   1.73537   1.53631   0.75203   0.85828   0.00000   0.74471   0.17356   0.51168   0.44758   0.22108   0.00647   0.01154   0.11149   0.32152   0.11245   0.09094   0.13820   0.03135   0.06946  10.41917   2.21778   0.73478   0.99566   0.90589   0.62755  
 46 431.2623  15259.731216  x:  1.38641   0.89131   0.79307   0.73194   0.62357   0.60008   0.40210   0.48928   0.42092   0.16130   0.04751   0.00403   0.17489   0.13265   0.06685   0.12088   0.08631   0.08731   0.03726   1.73537   1.53631   0.75203   0.85828   0.00000   0.74471   0.17356   0.51168   0.44758   0.22108   0.00647   0.01154   0.11149   0.32152   0.11245   0.09094   0.13820   0.03135   0.06946  10.41917   2.21778   0.73478   0.99566   0.90589   0.62755  
 47 2472.4640  15251.629227  x:  1.37625   0.89199   0.79008   0.72918   0.61877   0.60226   0.40367   0.49681   0.43143   0.17869   0.04428   0.02699   0.16946   0.14066   0.09638   0.08564   0.07195   0.10310   0.03065   1.72502   1.53323   0.75127   0.85511   0.00038   0.74491   0.19957   0.50944   0.43832   0.20577   0.01084   0.01948   0.11598   0.29384   0.10276   0.08933   0.11576   0.03564   0.06974  10.41921   2.19612   0.74330   0.99898   0.91374   0.61830  
 48 218.6298  15245.370008  x:  1.36550   0.89275   0.78707   0.72642   0.61380   0.60438   0.40520   0.50397   0.44156   0.19143   0.04003   0.00557   0.16459   0.14411   0.10631   0.06427   0.06509   0.10931   0.03624   1.71406   1.52988   0.75054   0.85185   0.00066   0.74439   0.22420   0.50716   0.42885   0.19205   0.01216   0.01218   0.11724   0.26814   0.09721   0.08939   0.10048   0.03332   0.06951  10.41926   2.17348   0.75020   1.00302   0.92105   0.61038  
 49 356.1697  15237.311752  x:  1.33197   0.89532   0.77836   0.71855   0.59875   0.60994   0.40909   0.52284   0.46855   0.21282   0.03162   0.00208   0.15952   0.14742   0.09121   0.08427   0.08400   0.10295   0.03458   1.67990   1.51913   0.74864   0.84212   0.00111   0.73955   0.28861   0.50062   0.40150   0.16511   0.01774   0.02827   0.11702   0.20899   0.09793   0.09357   0.09565   0.02915   0.06933  10.41942   2.10459   0.76366   1.01724   0.93933   0.59471  
 50 223.7140  15234.742144  x:  1.31745   0.89651   0.77492   0.71550   0.59244   0.61185   0.41035   0.52937   0.47814   0.21702   0.03092   0.01039   0.15971   0.14664   0.08287   0.08757   0.08511   0.09922   0.03756   1.66512   1.51436   0.74799   0.83812   0.00118   0.73621   0.31160   0.49828   0.39107   0.15991   0.01756   0.01401   0.11487   0.19487   0.09972   0.09451   0.09932   0.03212   0.06934  10.41950   2.07578   0.76744   1.02298   0.94526   0.59124  
 51 388.0798  15228.798989  x:  1.27009   0.90075   0.76505   0.70702   0.57267   0.61599   0.41277   0.54380   0.50066   0.21384   0.03680   0.00591   0.16614   0.13918   0.07806   0.08444   0.06486   0.09433   0.02383   1.61693   1.49842   0.74656   0.82599   0.00108   0.72049   0.36764   0.49273   0.36347   0.17103   0.01963   0.01455   0.11157   0.19968   0.10707   0.09225   0.12589   0.04511   0.07043  10.41974   1.98660   0.77304   1.03897   0.95624   0.59185  
 52 249.1724  15223.921421  x:  1.21891   0.90547   0.75517   0.69874   0.55177   0.61916   0.41431   0.55545   0.51965   0.20495   0.03884   0.00913   0.17216   0.13366   0.08261   0.08096   0.05941   0.09495   0.04614   1.56487   1.48102   0.74535   0.81344   0.00094   0.70130   0.41840   0.48831   0.33842   0.18555   0.01703   0.02279   0.11080   0.21796   0.11065   0.08969   0.14125   0.03600   0.06999  10.42000   1.89446   0.77778   1.05263   0.96428   0.59487  
 53 581.8573  15219.314682  x:  1.16924   0.91027   0.74684   0.69213   0.53221   0.62020   0.41423   0.56080   0.53005   0.19285   0.03538   0.00893   0.17384   0.13404   0.09235   0.08200   0.07756   0.10019   0.03526   1.51437   1.46395   0.74471   0.80217   0.00103   0.67992   0.45374   0.48696   0.32289   0.19624   0.01239   0.01416   0.11253   0.24149   0.10721   0.08887   0.13523   0.02234   0.06904  10.42025   1.81317   0.78161   1.05922   0.96700   0.59799  
 54 430.9529  15216.689145  x:  1.13038   0.91422   0.74136   0.68812   0.51756   0.61947   0.41305   0.56068   0.53234   0.18457   0.03318   0.00686   0.17212   0.13709   0.09431   0.08584   0.08968   0.10293   0.03754   1.47488   1.45053   0.74462   0.79412   0.00162   0.66160   0.47126   0.48819   0.31798   0.20019   0.01431   0.01267   0.11508   0.25767   0.10247   0.08980   0.12048   0.03998   0.06951  10.42044   1.75701   0.78362   1.05937   0.96616   0.59926  
 55 428.7031  15212.220696  x:  1.05740   0.92232   0.73392   0.68377   0.49201   0.61439   0.40853   0.55035   0.52278   0.18077   0.04296   0.00959   0.16441   0.14359   0.07391   0.08901   0.07449   0.09638   0.03521   1.40075   1.42537   0.74570   0.78124   0.00515   0.62484   0.47953   0.49564   0.32662   0.19346   0.02404   0.01519   0.11597   0.27129   0.09832   0.09372   0.09260   0.03420   0.06920  10.42079   1.67390   0.78253   1.04823   0.95922   0.59723  
 56 251.1464  15206.551006  x:  0.94751   0.93579   0.72609   0.68095   0.45655   0.60433   0.40153   0.52801   0.49760   0.18501   0.03936   0.00885   0.15761   0.14645   0.08411   0.09189   0.06875   0.09420   0.03562   1.28917   1.38816   0.74897   0.76476   0.01638   0.57279   0.47108   0.50775   0.35011   0.16851   0.00740   0.01662   0.11108   0.26300   0.10259   0.09333   0.10738   0.03515   0.06993  10.42129   1.57872   0.77203   1.02512   0.94834   0.59172  
 57 269.9739  15204.329587  x:  0.89091   0.94330   0.72282   0.68033   0.43947   0.59941   0.39906   0.51734   0.48508   0.18844   0.03619   0.00822   0.15830   0.14450   0.08998   0.08897   0.07313   0.09625   0.03686   1.23168   1.36931   0.75110   0.75710   0.02528   0.54941   0.46489   0.51248   0.36136   0.16496   0.02559   0.01451   0.11036   0.25390   0.10490   0.09153   0.11952   0.03352   0.06975  10.42156   1.53811   0.76519   1.01513   0.94337   0.59056  
 58 512.4741  15201.590161  x:  0.81362   0.95609   0.72101   0.68229   0.42163   0.59509   0.40193   0.51046   0.47541   0.19552   0.03945   0.00877   0.17280   0.13254   0.07778   0.07430   0.08330   0.10296   0.03565   1.15311   1.34463   0.75579   0.74976   0.05205   0.53563   0.45548   0.50962   0.36374   0.18459   0.01812   0.01879   0.11542   0.23330   0.10316   0.08820   0.11841   0.03485   0.06868  10.42194   1.51577   0.75430   1.01271   0.93985   0.59772  
 59 158.1996  15197.782209  x:  0.68972   0.97865   0.71960   0.68691   0.39885   0.59100   0.41223   0.50906   0.47017   0.19945   0.03539   0.00754   0.18314   0.13015   0.09222   0.09418   0.06954   0.10248   0.03656   1.02704   1.30432   0.76429   0.74024   0.10951   0.53201   0.44579   0.49832   0.35662   0.21246   0.01492   0.01440   0.11797   0.21179   0.10073   0.09200   0.10668   0.03362   0.07049  10.42259   1.50818   0.75027   1.01493   0.93664   0.60877  
 60 229.7796  15191.230508  x:  0.47764   1.01898   0.71753   0.69472   0.36960   0.58696   0.43404   0.51711   0.47418   0.19450   0.03375   0.00831   0.16530   0.15090   0.08836   0.08217   0.07551   0.08830   0.03614   0.81096   1.22885   0.77891   0.72515   0.22630   0.54535   0.44005   0.47847   0.34012   0.20989   0.01607   0.01724   0.10787   0.21961   0.10397   0.09658   0.11214   0.03420   0.06788  10.42380   1.52235   0.76665   1.01839   0.93611   0.61298  
 61 298.3404  15189.656250  x:  0.42308   1.02986   0.71635   0.69578   0.36894   0.58680   0.43888   0.51994   0.47725   0.19395   0.04190   0.00780   0.16513   0.14194   0.08523   0.08816   0.07419   0.10546   0.03646   0.75512   1.20211   0.78255   0.72046   0.26490   0.55099   0.44316   0.47853   0.34044   0.19421   0.01786   0.01551   0.11450   0.22856   0.10193   0.08970   0.11360   0.03398   0.07151  10.42422   1.52719   0.76525   1.02046   0.94132   0.61203  
 62 192.3894  15188.945710  x:  0.40207   1.03457   0.71499   0.69492   0.37816   0.58770   0.43898   0.52026   0.47853   0.19074   0.03415   0.00858   0.17254   0.13062   0.08597   0.08684   0.07282   0.09939   0.03578   0.73325   1.18085   0.78402   0.71725   0.29069   0.55296   0.44827   0.48492   0.34576   0.18554   0.01901   0.01615   0.11702   0.23289   0.10217   0.09122   0.11023   0.03417   0.06721  10.42455   1.52721   0.75978   1.02221   0.94542   0.61248  
 63 77.7199  15188.113834  x:  0.38167   1.03921   0.71231   0.69195   0.40258   0.58961   0.43566   0.51846   0.47946   0.19315   0.04397   0.00795   0.17944   0.13214   0.09079   0.08606   0.07645   0.09204   0.03622   0.71132   1.14031   0.78581   0.71174   0.33276   0.55210   0.45727   0.49865   0.35578   0.18652   0.01877   0.01598   0.11300   0.23299   0.10254   0.09407   0.10871   0.03424   0.07412  10.42518   1.52294   0.75674   1.02214   0.94642   0.61418  
 64 71.8716  15186.849807  x:  0.35452   1.04366   0.70801   0.68634   0.44627   0.59265   0.42807   0.51398   0.47897   0.19216   0.03768   0.00767   0.17849   0.14399   0.08625   0.08757   0.07406   0.10103   0.03640   0.68150   1.06815   0.78879   0.70269   0.40047   0.54663   0.46942   0.51785   0.36715   0.19777   0.01652   0.01604   0.10958   0.22864   0.10182   0.09208   0.11172   0.03408   0.06745  10.42633   1.51442   0.75977   1.01940   0.94181   0.61475  
 65 142.4523  15186.310846  x:  0.34502   1.04042   0.70709   0.68362   0.46593   0.59337   0.42315   0.51145   0.47742   0.19228   0.03505   0.00835   0.16729   0.13754   0.08614   0.08677   0.07388   0.09812   0.03635   0.67051   1.02782   0.79099   0.69931   0.42795   0.53909   0.46856   0.51602   0.36057   0.20235   0.01576   0.01573   0.11858   0.22642   0.10291   0.09078   0.11265   0.03371   0.07365  10.42702   1.51093   0.76310   1.01701   0.93726   0.61150  
 66 66.7378  15185.927205  x:  0.33938   1.03384   0.70750   0.68180   0.47884   0.59360   0.41924   0.51005   0.47620   0.19427   0.04012   0.00824   0.16395   0.13354   0.08836   0.08740   0.07474   0.09746   0.03638   0.66357   0.99367   0.79337   0.69777   0.44521   0.53154   0.46410   0.50808   0.34978   0.20141   0.01629   0.01559   0.11717   0.22571   0.10293   0.09220   0.11205   0.03428   0.06567  10.42766   1.50879   0.76185   1.01559   0.93610   0.61027  
 67 69.0655  15185.527018  x:  0.33409   1.02252   0.70911   0.68016   0.49047   0.59386   0.41532   0.50946   0.47508   0.19417   0.03707   0.00820   0.16914   0.13579   0.08706   0.08679   0.07396   0.09956   0.03611   0.65666   0.95335   0.79674   0.69723   0.46104   0.52351   0.45715   0.49583   0.33655   0.19650   0.01765   0.01628   0.11036   0.22576   0.10189   0.09292   0.11088   0.03407   0.07036  10.42850   1.50687   0.75755   1.01464   0.93740   0.61208  
 68 77.6368  15185.376925  x:  0.33235   1.01275   0.71107   0.67999   0.49140   0.59426   0.41495   0.51091   0.47588   0.19439   0.03755   0.00787   0.17360   0.14084   0.08714   0.08669   0.07378   0.09761   0.03621   0.65397   0.93460   0.79890   0.69851   0.46423   0.52384   0.45467   0.49172   0.33656   0.19418   0.01777   0.01582   0.11678   0.22546   0.10240   0.09059   0.11158   0.03403   0.06929  10.42903   1.50637   0.75859   1.01452   0.93827   0.61586  
 69 27.4133  15185.048203  x:  0.32891   0.98000   0.71763   0.68042   0.48551   0.59586   0.41670   0.51667   0.47960   0.19414   0.03745   0.00794   0.17249   0.13747   0.08725   0.08638   0.07397   0.09959   0.03617   0.64763   0.88917   0.80479   0.70415   0.46555   0.53365   0.45116   0.48786   0.34932   0.19543   0.01737   0.01604   0.11515   0.22420   0.10369   0.09568   0.11156   0.03400   0.06977  10.43067   1.50629   0.76507   1.01737   0.93913   0.62103  
 70 27.8532  15184.959635  x:  0.32812   0.97006   0.71929   0.68056   0.48341   0.59638   0.41728   0.51744   0.48005   0.19427   0.03730   0.00801   0.17087   0.13719   0.08750   0.08674   0.07401   0.09793   0.03618   0.64587   0.87793   0.80606   0.70576   0.46601   0.53733   0.45038   0.48812   0.35201   0.19700   0.01717   0.01612   0.11317   0.22409   0.10145   0.09075   0.11121   0.03402   0.06963  10.43122   1.50647   0.76345   1.01904   0.94030   0.61892  
 71 32.4482  15184.901385  x:  0.32804   0.96223   0.71999   0.68079   0.48201   0.59694   0.41777   0.51601   0.47905   0.19469   0.03719   0.00796   0.17047   0.13895   0.08739   0.08665   0.07404   0.09840   0.03620   0.64472   0.87348   0.80612   0.70682   0.46743   0.54092   0.44996   0.49051   0.35071   0.19840   0.01697   0.01594   0.11456   0.22474   0.10317   0.09256   0.11120   0.03403   0.06964  10.43184   1.50665   0.75958   1.01960   0.94161   0.61420  
 72 11.3521  15184.732980  x:  0.32957   0.93913   0.72097   0.68243   0.48044   0.59921   0.41964   0.50848   0.47449   0.19524   0.03733   0.00789   0.17388   0.13780   0.08722   0.08682   0.07394   0.09805   0.03623   0.64200   0.87072   0.80438   0.70964   0.47547   0.55159   0.44842   0.50117   0.34017   0.19760   0.01725   0.01595   0.11437   0.22504   0.10032   0.09301   0.11202   0.03399   0.06965  10.43432   1.50613   0.76245   1.01326   0.93811   0.61281  
 73 10.5108  15184.611920  x:  0.33136   0.92465   0.72131   0.68395   0.48182   0.60070   0.42075   0.50550   0.47335   0.19458   0.03746   0.00793   0.17083   0.13763   0.08751   0.08648   0.07409   0.09851   0.03613   0.64027   0.87193   0.80261   0.71099   0.48160   0.55616   0.44634   0.50625   0.33546   0.19589   0.01766   0.01606   0.11340   0.22382   0.10535   0.09066   0.11045   0.03406   0.06963  10.43638   1.50560   0.75974   1.01319   0.93646   0.61935  
 74 17.8914  15184.400554  x:  0.33504   0.90536   0.72101   0.68651   0.48859   0.60201   0.42128   0.50644   0.47582   0.19331   0.03774   0.00798   0.16655   0.13878   0.08707   0.08606   0.07382   0.09837   0.03617   0.63720   0.87756   0.79884   0.71142   0.49014   0.55641   0.44080   0.50724   0.33548   0.19409   0.01784   0.01613   0.11511   0.22252   0.09820   0.09427   0.11290   0.03389   0.06964  10.44035   1.50651   0.75537   1.01706   0.93637   0.62464  
 75 14.4457  15183.346331  x:  0.35388   0.82263   0.71811   0.69796   0.52888   0.60469   0.41971   0.51981   0.49223   0.19266   0.03740   0.00766   0.17150   0.13817   0.08725   0.08571   0.07416   0.09907   0.03611   0.62096   0.90745   0.78015   0.71011   0.52396   0.54581   0.41331   0.49652   0.34891   0.19310   0.01753   0.01597   0.11417   0.22313   0.10281   0.09160   0.11160   0.03391   0.06965  10.46093   1.51843   0.76558   1.02335   0.93996   0.61400  
 76 34.8384  15182.603456  x:  0.36936   0.79934   0.72098   0.70257   0.55622   0.60032   0.41125   0.51765   0.48363   0.20531   0.03389   0.00761   0.16693   0.13742   0.08565   0.08672   0.07460   0.09850   0.03617   0.61026   0.91240   0.77913   0.71276   0.52259   0.55249   0.41974   0.48357   0.35630   0.19664   0.01705   0.01532   0.11390   0.23021   0.10229   0.09177   0.11225   0.03397   0.06953  10.47633   1.53727   0.76499   1.00909   0.95635   0.62043  
 77 16.5406  15180.685312  x:  0.41277   0.77346   0.73144   0.70856   0.61813   0.58772   0.39067   0.50581   0.45318   0.19672   0.03723   0.00716   0.16996   0.13793   0.08529   0.08603   0.07499   0.09917   0.03627   0.58522   0.90662   0.78683   0.72245   0.49850   0.57693   0.44268   0.46044   0.36722   0.18916   0.01787   0.01492   0.11408   0.23184   0.10266   0.09130   0.11256   0.03385   0.06956  10.51657   1.59282   0.76137   1.02065   0.93264   0.61990  
 78 40.5263  15178.905947  x:  0.46382   0.79204   0.74326   0.70237   0.64753   0.59677   0.40487   0.51626   0.46451   0.16929   0.04391   0.00697   0.16759   0.13785   0.08635   0.08380   0.07497   0.10031   0.03618   0.57215   0.87932   0.80122   0.73323   0.47191   0.58631   0.42202   0.48708   0.35807   0.18619   0.01832   0.01548   0.11441   0.22241   0.10251   0.09097   0.11248   0.03350   0.06967  10.55427   1.64095   0.75869   1.00644   0.94169   0.61868  
 79 28.8331  15177.484000  x:  0.51160   0.81904   0.75174   0.69307   0.65670   0.60645   0.42032   0.52541   0.47903   0.19656   0.03667   0.00660   0.16769   0.13775   0.08439   0.08469   0.07562   0.10023   0.03619   0.56675   0.85267   0.81208   0.74120   0.45879   0.59501   0.39335   0.51403   0.34934   0.18229   0.01884   0.01453   0.11436   0.23315   0.10275   0.09067   0.11303   0.03363   0.06956  10.58554   1.67490   0.75886   1.01597   0.93234   0.62045  
 80 63.5243  15176.206708  x:  0.57955   0.86803   0.75135   0.67332   0.60143   0.59695   0.41012   0.50792   0.47646   0.19335   0.03770   0.00633   0.16667   0.13759   0.08419   0.08380   0.07580   0.10087   0.03608   0.58478   0.82695   0.80710   0.74142   0.50769   0.62828   0.35807   0.49840   0.35928   0.17854   0.01918   0.01448   0.11446   0.23219   0.10278   0.09032   0.11340   0.03352   0.06959  10.61500   1.68226   0.77071   1.03119   0.94969   0.61935  
 81 21.2179  15176.041150  x:  0.59080   0.87472   0.75085   0.67847   0.58506   0.60230   0.40837   0.51756   0.47882   0.19325   0.03768   0.00631   0.16671   0.13756   0.08408   0.08384   0.07588   0.10091   0.03612   0.58871   0.82242   0.80130   0.74041   0.51986   0.62913   0.36251   0.49172   0.36285   0.17842   0.01916   0.01440   0.11441   0.23276   0.10285   0.09024   0.11349   0.03351   0.06958  10.61949   1.68627   0.76134   1.01739   0.93740   0.61832  
 82 10.8334  15176.008462  x:  0.59393   0.87540   0.74842   0.68710   0.57745   0.60776   0.40517   0.51815   0.47488   0.19297   0.03788   0.00629   0.16666   0.13761   0.08404   0.08390   0.07592   0.10087   0.03612   0.58887   0.81985   0.79771   0.74155   0.52258   0.62070   0.36711   0.49448   0.36243   0.17861   0.01907   0.01436   0.11443   0.23316   0.10284   0.09026   0.11348   0.03351   0.06958  10.62160   1.69203   0.76291   1.01988   0.93940   0.61899  
 83  3.6749  15176.002871  x:  0.59522   0.87548   0.74311   0.68873   0.57691   0.60795   0.40412   0.51572   0.47760   0.19297   0.03783   0.00630   0.16666   0.13764   0.08404   0.08391   0.07593   0.10084   0.03612   0.58737   0.81926   0.79815   0.74460   0.52267   0.62008   0.36754   0.49433   0.36273   0.17871   0.01904   0.01436   0.11442   0.23324   0.10284   0.09028   0.11346   0.03350   0.06958  10.62380   1.69309   0.76265   1.01952   0.93906   0.61910  
 84  1.0206  15175.988849  x:  0.60172   0.87723   0.73580   0.69568   0.58018   0.60784   0.40698   0.51822   0.47453   0.19290   0.03791   0.00629   0.16657   0.13773   0.08407   0.08389   0.07591   0.10075   0.03605   0.58014   0.81770   0.79583   0.74754   0.52332   0.62396   0.36498   0.49374   0.36286   0.17872   0.01899   0.01442   0.11438   0.23336   0.10282   0.09032   0.11337   0.03347   0.06957  10.63477   1.69094   0.76297   1.01976   0.93949   0.61876  
 85  0.8458  15175.927296  x:  0.63246   0.87778   0.73701   0.70301   0.58658   0.59679   0.40257   0.51825   0.47960   0.19270   0.03777   0.00623   0.16630   0.13830   0.08417   0.08394   0.07592   0.10016   0.03577   0.54228   0.81410   0.78692   0.74306   0.52834   0.62766   0.36243   0.49851   0.36152   0.17971   0.01854   0.01461   0.11417   0.23453   0.10275   0.09064   0.11290   0.03331   0.06952  10.68967   1.69459   0.76304   1.01934   0.93913   0.61939  
 86  2.4135  15175.731096  x:  0.73475   0.87427   0.74363   0.69182   0.60593   0.60569   0.41399   0.50930   0.47819   0.19117   0.03813   0.00608   0.16514   0.14019   0.08437   0.08419   0.07597   0.09829   0.03488   0.41904   0.81187   0.78622   0.74024   0.55543   0.62663   0.36317   0.49865   0.36639   0.18260   0.01695   0.01517   0.11350   0.23928   0.10252   0.09157   0.11143   0.03281   0.06935  10.87020   1.70763   0.76353   1.01857   0.93790   0.61971  
 87 15.9401  15175.697878  x:  0.75229   0.87299   0.74343   0.68771   0.60832   0.60610   0.40631   0.51622   0.47512   0.19098   0.03822   0.00603   0.16493   0.14051   0.08441   0.08422   0.07599   0.09800   0.03472   0.39760   0.81350   0.79444   0.74392   0.56172   0.62692   0.36170   0.50164   0.36563   0.18310   0.01670   0.01527   0.11339   0.23997   0.10249   0.09172   0.11119   0.03272   0.06932  10.90141   1.70909   0.76376   1.01851   0.93789   0.61969  
 88 10.3104  15175.694882  x:  0.75455   0.87315   0.74390   0.68948   0.60901   0.60955   0.40355   0.51561   0.47601   0.19096   0.03822   0.00603   0.16492   0.14053   0.08442   0.08421   0.07598   0.09798   0.03471   0.39489   0.81373   0.79665   0.74156   0.56169   0.62854   0.36057   0.50139   0.36571   0.18309   0.01669   0.01528   0.11338   0.23997   0.10248   0.09173   0.11116   0.03271   0.06932  10.90539   1.70853   0.76382   1.01853   0.93794   0.61955  
 89  1.1676  15175.693946  x:  0.75665   0.87265   0.74227   0.68878   0.60887   0.60976   0.40336   0.51594   0.47567   0.19094   0.03824   0.00602   0.16493   0.14052   0.08442   0.08420   0.07598   0.09797   0.03471   0.39287   0.81349   0.79698   0.73933   0.56140   0.62875   0.36050   0.50155   0.36565   0.18309   0.01668   0.01527   0.11338   0.23996   0.10248   0.09174   0.11116   0.03271   0.06932  10.90868   1.70902   0.76381   1.01852   0.93794   0.61973  
 90  0.4289  15175.685702  x:  0.78256   0.87022   0.74149   0.69231   0.60897   0.60597   0.40665   0.51530   0.47571   0.19084   0.03827   0.00595   0.16503   0.14042   0.08430   0.08423   0.07598   0.09796   0.03478   0.37007   0.81268   0.80394   0.73534   0.56344   0.62753   0.36182   0.50167   0.36571   0.18304   0.01659   0.01513   0.11338   0.24013   0.10249   0.09172   0.11124   0.03267   0.06934  10.94759   1.70878   0.76366   1.01846   0.93796   0.61952  
 91  0.8841  15175.612158  x:  1.01610   0.85608   0.74406   0.68857   0.61918   0.61014   0.40063   0.51493   0.47557   0.19008   0.03862   0.00528   0.16617   0.13943   0.08339   0.08428   0.07588   0.09785   0.03538   0.14728   0.80079   0.79539   0.74212   0.56770   0.63037   0.36302   0.50162   0.36574   0.18280   0.01567   0.01389   0.11337   0.24025   0.10260   0.09162   0.11185   0.03230   0.06950  11.31197   1.70546   0.76337   1.01863   0.93884   0.61938  
 92  5.8762  15175.559855  x:  1.16658   0.85359   0.74428   0.68855   0.61951   0.61025   0.40013   0.51475   0.47541   0.19044   0.03855   0.00577   0.16634   0.13937   0.08413   0.08460   0.07608   0.09830   0.03526   0.00000   0.79939   0.79502   0.74242   0.56785   0.63007   0.36262   0.50103   0.36577   0.18258   0.01571   0.01473   0.11358   0.23976   0.10258   0.09149   0.11199   0.03233   0.06954  11.54996   1.70508   0.76319   1.01850   0.93885   0.61935  
 93  0.5120  15175.556910  x:  1.15724   0.85382   0.74427   0.68856   0.61927   0.61022   0.40018   0.51476   0.47541   0.19046   0.03855   0.00579   0.16633   0.13938   0.08415   0.08460   0.07608   0.09831   0.03526   0.00000   0.79958   0.79504   0.74241   0.56766   0.63001   0.36261   0.50101   0.36576   0.18257   0.01573   0.01476   0.11358   0.23973   0.10258   0.09148   0.11199   0.03233   0.06954  11.54408   1.70506   0.76319   1.01850   0.93884   0.61935  
 94  0.4833  15175.528369  x:  1.16092   0.86773   0.74338   0.68945   0.60733   0.60905   0.40315   0.51559   0.47589   0.19137   0.03810   0.00616   0.16540   0.13990   0.08462   0.08418   0.07607   0.09851   0.03508   0.00000   0.81126   0.79616   0.74110   0.55984   0.62708   0.36148   0.49974   0.36508   0.18240   0.01672   0.01512   0.11353   0.23835   0.10262   0.09143   0.11188   0.03268   0.06939  11.79129   1.70547   0.76354   1.01871   0.93825   0.61932  
 95  0.2011  15175.504307  x:  1.15998   0.87243   0.74381   0.68830   0.60610   0.60952   0.40299   0.51561   0.47618   0.19066   0.03850   0.00565   0.16552   0.13992   0.08364   0.08420   0.07579   0.09807   0.03505   0.00000   0.80958   0.79673   0.74164   0.55843   0.62805   0.36358   0.50144   0.36513   0.18243   0.01668   0.01457   0.11346   0.23973   0.10251   0.09161   0.11138   0.03271   0.06942  12.42876   1.70581   0.76381   1.01890   0.93852   0.61878  
 96  0.1729  15175.494180  x:  1.15961   0.86626   0.74408   0.68888   0.60865   0.60952   0.40239   0.51525   0.47558   0.19095   0.03835   0.00598   0.16585   0.13968   0.08439   0.08444   0.07610   0.09844   0.03506   0.00000   0.80689   0.79592   0.74217   0.56127   0.62823   0.36196   0.50072   0.36548   0.18255   0.01642   0.01502   0.11362   0.23908   0.10254   0.09148   0.11178   0.03265   0.06946  12.83675   1.70580   0.76341   1.01862   0.93844   0.61882  
 97  0.2263  15175.493125  x:  1.15882   0.86662   0.74383   0.68898   0.60900   0.60949   0.40254   0.51545   0.47587   0.19095   0.03829   0.00593   0.16562   0.13977   0.08423   0.08425   0.07600   0.09833   0.03512   0.00000   0.80789   0.79583   0.74185   0.56205   0.62796   0.36236   0.50052   0.36520   0.18247   0.01647   0.01484   0.11351   0.23905   0.10260   0.09149   0.11182   0.03261   0.06943  12.95919   1.70576   0.76363   1.01884   0.93845   0.61881  
 98  0.0985  15175.493054  x:  1.15891   0.86676   0.74386   0.68890   0.60895   0.60953   0.40250   0.51543   0.47586   0.19095   0.03832   0.00591   0.16565   0.13978   0.08424   0.08429   0.07600   0.09834   0.03510   0.00000   0.80761   0.79588   0.74189   0.56188   0.62795   0.36247   0.50060   0.36521   0.18248   0.01648   0.01487   0.11353   0.23910   0.10258   0.09149   0.11176   0.03262   0.06943  13.00692   1.70567   0.76362   1.01881   0.93844   0.61878  
 99  0.0383  15175.493052  x:  1.15892   0.86676   0.74387   0.68891   0.60893   0.60952   0.40250   0.51542   0.47584   0.19095   0.03831   0.00592   0.16566   0.13978   0.08424   0.08429   0.07600   0.09834   0.03511   0.00000   0.80763   0.79587   0.74190   0.56189   0.62795   0.36241   0.50060   0.36522   0.18248   0.01648   0.01487   0.11353   0.23909   0.10258   0.09149   0.11177   0.03262   0.06943  13.01259   1.70569   0.76361   1.01881   0.93844   0.61879  
100  0.0057  15175.493052  x:  1.15892   0.86676   0.74387   0.68891   0.60892   0.60952   0.40251   0.51542   0.47585   0.19095   0.03831   0.00592   0.16566   0.13978   0.08424   0.08429   0.07600   0.09834   0.03511   0.00000   0.80764   0.79587   0.74190   0.56189   0.62795   0.36242   0.50060   0.36522   0.18248   0.01648   0.01487   0.11353   0.23909   0.10258   0.09149   0.11177   0.03262   0.06943  13.01312   1.70569   0.76361   1.01881   0.93844   0.61879  
101  0.0006  15175.493052  x:  1.15892   0.86677   0.74387   0.68891   0.60892   0.60952   0.40251   0.51542   0.47585   0.19095   0.03831   0.00592   0.16565   0.13978   0.08424   0.08429   0.07600   0.09834   0.03511   0.00000   0.80764   0.79587   0.74190   0.56189   0.62795   0.36242   0.50060   0.36522   0.18248   0.01648   0.01487   0.11353   0.23909   0.10258   0.09149   0.11177   0.03262   0.06943  13.01318   1.70569   0.76361   1.01881   0.93844   0.61879  
102  0.0000  15175.493052  x:  1.15892   0.86677   0.74387   0.68891   0.60892   0.60952   0.40251   0.51542   0.47585   0.19095   0.03831   0.00592   0.16565   0.13978   0.08424   0.08429   0.07600   0.09834   0.03511   0.00000   0.80764   0.79587   0.74190   0.56189   0.62795   0.36242   0.50060   0.36522   0.18248   0.01648   0.01487   0.11353   0.23909   0.10258   0.09149   0.11177   0.03262   0.06943  13.01318   1.70569   0.76361   1.01881   0.93844   0.61879  
103  0.0000  15175.493052  x:  1.15892   0.86677   0.74387   0.68891   0.60892   0.60952   0.40251   0.51542   0.47585   0.19095   0.03831   0.00592   0.16565   0.13978   0.08424   0.08429   0.07600   0.09834   0.03511   0.00000   0.80764   0.79587   0.74190   0.56189   0.62795   0.36242   0.50060   0.36522   0.18248   0.01648   0.01487   0.11353   0.23909   0.10258   0.09149   0.11177   0.03262   0.06943  13.01318   1.70569   0.76361   1.01881   0.93844   0.61879  
104  0.0001  15175.493052  x:  1.15892   0.86677   0.74387   0.68891   0.60892   0.60952   0.40251   0.51542   0.47585   0.19095   0.03831   0.00592   0.16565   0.13978   0.08424   0.08429   0.07600   0.09834   0.03511   0.00000   0.80764   0.79587   0.74190   0.56189   0.62795   0.36242   0.50060   0.36522   0.18248   0.01648   0.01487   0.11353   0.23909   0.10258   0.09149   0.11177   0.03262   0.06943  13.01318   1.70569   0.76361   1.01881   0.93844   0.61879  
105  0.0002  15175.493052  x:  1.15892   0.86677   0.74387   0.68891   0.60892   0.60952   0.40251   0.51542   0.47585   0.19095   0.03831   0.00592   0.16565   0.13978   0.08424   0.08429   0.07600   0.09834   0.03511   0.00000   0.80764   0.79587   0.74190   0.56189   0.62795   0.36242   0.50060   0.36522   0.18248   0.01648   0.01487   0.11353   0.23909   0.10258   0.09149   0.11177   0.03262   0.06943  13.01318   1.70569   0.76361   1.01881   0.93844   0.61879  
106  0.0016  15175.493052  x:  1.15892   0.86677   0.74387   0.68891   0.60892   0.60952   0.40251   0.51542   0.47585   0.19095   0.03831   0.00592   0.16565   0.13978   0.08424   0.08429   0.07600   0.09834   0.03511   0.00000   0.80764   0.79587   0.74190   0.56189   0.62795   0.36242   0.50060   0.36522   0.18248   0.01648   0.01487   0.11353   0.23909   0.10258   0.09149   0.11177   0.03262   0.06943  13.01318   1.70569   0.76361   1.01881   0.93844   0.61879  
107  0.4291  15175.493052  x:  1.15892   0.86677   0.74387   0.68891   0.60892   0.60952   0.40251   0.51542   0.47585   0.19095   0.03831   0.00592   0.16565   0.13978   0.08424   0.08429   0.07600   0.09834   0.03511   0.00000   0.80764   0.79587   0.74190   0.56189   0.62795   0.36242   0.50060   0.36522   0.18248   0.01648   0.01487   0.11353   0.23909   0.10258   0.09149   0.11177   0.03262   0.06943  13.01318   1.70569   0.76361   1.01881   0.93844   0.61879  
check convergence!


TREE # 2

  0  0.0000  15287.771194  x:  6.22868   0.16477   0.84529   0.76071   0.59058   0.36727   0.76965   0.13848   0.49615   0.27798   0.18790   0.00173   0.03367   0.18565   0.14152   0.08824   0.09258   0.12666   0.08649   0.01840   0.65585   0.93435   0.62979   0.61317   0.57958   0.60019   0.27113   0.41829   0.36977   0.11542   0.09866   0.00000   0.08348   0.20070   0.09828   0.06920   0.07618   0.06168   0.06926   1.70569   0.74736   0.97177   0.91075   0.61879  
  1 99.0000  15247.684401  x:  6.22943   0.17117   0.84744   0.76338   0.59583   0.37565   0.76976   0.15634   0.49836   0.28912   0.18813   0.03417   0.01872   0.16929   0.16758   0.09518   0.09318   0.12346   0.06216   0.12514   0.66214   0.93500   0.63435   0.61691   0.58168   0.60380   0.27922   0.42667   0.37882   0.13248   0.08716   0.03650   0.12714   0.18901   0.09249   0.07766   0.07790   0.08703   0.04829   1.70339   0.74648   0.97530   0.91259   0.62699  
  2 1048.8495  15221.485096  x:  6.23090   0.18317   0.85133   0.76845   0.60576   0.39086   0.76913   0.18715   0.50170   0.30603   0.18280   0.02364   0.00203   0.14050   0.20368   0.10297   0.09324   0.11539   0.01896   0.12554   0.67392   0.93613   0.64301   0.62400   0.58549   0.61023   0.29422   0.44175   0.39517   0.15580   0.06408   0.00000   0.16070   0.16660   0.08431   0.08573   0.07379   0.10336   0.02298   1.69914   0.74518   0.98215   0.91565   0.63948  
  3 492.2679  15221.485096  x:  6.23090   0.18317   0.85133   0.76845   0.60576   0.39086   0.76913   0.18715   0.50170   0.30603   0.18280   0.02364   0.00203   0.14050   0.20368   0.10297   0.09324   0.11539   0.01896   0.12554   0.67392   0.93613   0.64301   0.62400   0.58549   0.61023   0.29422   0.44175   0.39517   0.15580   0.06408   0.00000   0.16070   0.16660   0.08431   0.08573   0.07379   0.10336   0.02298   1.69914   0.74518   0.98215   0.91565   0.63948  
  4 757.3946  15215.243466  x:  6.23118   0.18522   0.85192   0.76932   0.60750   0.39332   0.76867   0.19144   0.50208   0.30833   0.18246   0.02223   0.02815   0.13815   0.20691   0.10295   0.09299   0.11546   0.02938   0.11803   0.67593   0.93625   0.64452   0.62521   0.58610   0.61115   0.29660   0.44410   0.39765   0.15813   0.06153   0.00773   0.16160   0.16431   0.08424   0.08541   0.07486   0.10270   0.03148   1.69854   0.74530   0.98327   0.91610   0.64051  
  5 612.2323  15203.794665  x:  6.23295   0.19783   0.85550   0.77467   0.61823   0.40829   0.76566   0.21732   0.50451   0.32247   0.17953   0.01224   0.02105   0.11893   0.22193   0.10247   0.09187   0.11257   0.04633   0.07319   0.68834   0.93694   0.65386   0.63271   0.58982   0.61673   0.31120   0.45830   0.41278   0.17131   0.04575   0.00000   0.16445   0.14887   0.08385   0.08370   0.07706   0.09814   0.05020   1.69481   0.74639   0.98944   0.91900   0.64641  
  6 286.6815  15200.220570  x:  6.23406   0.20534   0.85753   0.77783   0.62465   0.41704   0.76342   0.23177   0.50577   0.33046   0.17903   0.01396   0.01631   0.11074   0.22922   0.10229   0.09144   0.11137   0.04441   0.05547   0.69573   0.93724   0.65945   0.63715   0.59198   0.61980   0.31962   0.46640   0.42140   0.17848   0.03992   0.01549   0.16639   0.14244   0.08381   0.08326   0.07800   0.09662   0.04829   1.69273   0.74733   0.99293   0.92072   0.64892  
  7 506.6628  15194.748029  x:  6.23678   0.22253   0.86189   0.78501   0.63945   0.43660   0.75708   0.26243   0.50802   0.34712   0.17967   0.02511   0.02598   0.10165   0.24237   0.10217   0.09095   0.11032   0.02849   0.04917   0.71264   0.93763   0.67223   0.64728   0.59671   0.62613   0.33821   0.48380   0.44018   0.19200   0.03386   0.00828   0.16811   0.13141   0.08403   0.08342   0.07625   0.09519   0.03012   1.68833   0.75003   1.00035   0.92459   0.65199  
  8 306.9152  15189.392043  x:  6.24175   0.25126   0.86846   0.79684   0.66428   0.46825   0.74380   0.30889   0.51031   0.37066   0.17866   0.02429   0.02164   0.10009   0.25691   0.10208   0.09111   0.10890   0.03473   0.08307   0.74089   0.93753   0.69359   0.66400   0.60410   0.63504   0.36748   0.51046   0.46913   0.20862   0.03563   0.01249   0.16919   0.12518   0.08461   0.08455   0.07536   0.09737   0.03168   1.68173   0.75549   1.01131   0.93139   0.65196  
  9 295.4178  15187.449126  x:  6.24529   0.26630   0.87043   0.80243   0.67729   0.48298   0.73152   0.32506   0.50872   0.37571   0.17904   0.01721   0.02227   0.11700   0.25234   0.10235   0.09174   0.11076   0.02509   0.08056   0.75564   0.93588   0.70444   0.67212   0.60685   0.63635   0.37920   0.51931   0.47892   0.20417   0.03983   0.01237   0.16688   0.13908   0.08453   0.08503   0.07577   0.10047   0.03906   1.68006   0.75959   1.01471   0.93478   0.64283  
 10 133.3369  15186.210906  x:  6.24866   0.27856   0.87135   0.80663   0.68783   0.49418   0.71921   0.33492   0.50645   0.37719   0.18091   0.01766   0.02132   0.12823   0.24480   0.10258   0.09208   0.11295   0.03379   0.07584   0.76763   0.93379   0.71305   0.67838   0.60857   0.63594   0.38713   0.52421   0.48437   0.19636   0.04185   0.01144   0.16479   0.15024   0.08430   0.08509   0.07558   0.10171   0.03151   1.67944   0.76282   1.01676   0.93730   0.63336  
 11 196.4972  15185.264786  x:  6.25441   0.29339   0.87039   0.81039   0.70012   0.50541   0.69812   0.33820   0.50150   0.37206   0.18470   0.02530   0.02111   0.11943   0.23114   0.10262   0.09144   0.11325   0.03326   0.07699   0.78197   0.92893   0.72244   0.68459   0.60912   0.63119   0.39201   0.52351   0.48361   0.18167   0.03918   0.01144   0.16439   0.14957   0.08392   0.08400   0.07588   0.09820   0.03646   1.68051   0.76436   1.01787   0.93954   0.62266  
 12 72.9869  15184.712176  x:  6.25929   0.30374   0.86884   0.81234   0.70834   0.51232   0.68165   0.33809   0.49779   0.36649   0.18400   0.01654   0.02248   0.11244   0.22498   0.10267   0.09153   0.11210   0.03205   0.07742   0.79189   0.92454   0.72841   0.68825   0.60889   0.62643   0.39385   0.52086   0.48076   0.17640   0.04232   0.01200   0.16495   0.14569   0.08411   0.08413   0.07580   0.09747   0.03299   1.68162   0.76406   1.01823   0.94068   0.61934  
 13 96.8711  15184.122522  x:  6.26892   0.31926   0.86445   0.81347   0.71972   0.52078   0.65417   0.33434   0.49335   0.35738   0.18313   0.02030   0.02188   0.11550   0.22679   0.10272   0.09280   0.11175   0.03288   0.07508   0.80654   0.91552   0.73583   0.69198   0.60722   0.61664   0.39386   0.51318   0.47231   0.18200   0.05047   0.01158   0.16645   0.13938   0.08486   0.08580   0.07528   0.10187   0.03454   1.68396   0.76179   1.01791   0.94069   0.62528  
 14 58.3688  15183.791333  x:  6.27679   0.32887   0.86019   0.81277   0.72600   0.52495   0.63707   0.33220   0.49226   0.35321   0.18169   0.01938   0.02172   0.11914   0.23259   0.10245   0.09198   0.11230   0.03260   0.07675   0.81545   0.90813   0.73928   0.69302   0.60530   0.60972   0.39318   0.50776   0.46603   0.18494   0.04092   0.01187   0.16634   0.14113   0.08411   0.08440   0.07605   0.10010   0.03378   1.68596   0.76101   1.01716   0.93924   0.63049  
 15 59.6237  15183.682481  x:  6.28390   0.33281   0.85555   0.80988   0.72722   0.52491   0.63151   0.33343   0.49499   0.35539   0.18205   0.01965   0.02175   0.11553   0.23566   0.10264   0.09131   0.11261   0.03260   0.07674   0.81884   0.90170   0.73870   0.69119   0.60312   0.60603   0.39281   0.50606   0.46411   0.18764   0.04261   0.01167   0.16492   0.14689   0.08450   0.08468   0.07504   0.09744   0.03397   1.68783   0.76205   1.01590   0.93721   0.62946  
 16 19.3890  15183.525565  x:  6.30136   0.33911   0.84439   0.80208   0.72763   0.52279   0.62571   0.33846   0.50190   0.36214   0.18322   0.01921   0.02180   0.11502   0.23623   0.10275   0.09272   0.11160   0.03254   0.07685   0.82380   0.88699   0.73550   0.68580   0.59827   0.60011   0.39299   0.50501   0.46291   0.18669   0.04178   0.01155   0.16480   0.14605   0.08375   0.08474   0.07743   0.10297   0.03375   1.69163   0.76110   1.01402   0.93514   0.62624  
 17 22.6039  15183.411029  x:  6.31737   0.34367   0.83518   0.79577   0.72780   0.52084   0.62326   0.34263   0.50578   0.36566   0.18343   0.01872   0.02171   0.11813   0.23416   0.10231   0.09167   0.11210   0.03258   0.07676   0.82714   0.87493   0.73295   0.68177   0.59493   0.59672   0.39406   0.50536   0.46331   0.18507   0.04241   0.01185   0.16578   0.14255   0.08459   0.08457   0.07433   0.09923   0.03391   1.69401   0.75909   1.01305   0.93507   0.62690  
 18 37.7079  15183.328525  x:  6.33453   0.34666   0.82770   0.79133   0.72835   0.51943   0.62432   0.34492   0.50461   0.36343   0.18260   0.01906   0.02175   0.11784   0.23148   0.10295   0.09164   0.11307   0.03256   0.07678   0.82884   0.86519   0.73169   0.67994   0.59380   0.59655   0.39642   0.50705   0.46527   0.18450   0.04336   0.01159   0.16597   0.14357   0.08403   0.08479   0.07850   0.09747   0.03377   1.69454   0.75865   1.01298   0.93604   0.63171  
 19 20.8735  15183.213930  x:  6.36213   0.35018   0.81744   0.78595   0.72955   0.51780   0.62748   0.34664   0.50048   0.35757   0.18159   0.01938   0.02184   0.11608   0.22970   0.10294   0.09217   0.11261   0.03261   0.07674   0.83032   0.85180   0.73069   0.67867   0.59356   0.59777   0.40007   0.50958   0.46811   0.18431   0.04222   0.01163   0.16549   0.14589   0.08408   0.08466   0.07467   0.10068   0.03394   1.69453   0.75998   1.01364   0.93684   0.63591  
 20 40.8993  15183.055402  x:  6.40737   0.35349   0.80459   0.78101   0.73233   0.51709   0.63360   0.34536   0.49372   0.34959   0.18228   0.01961   0.02167   0.11743   0.23417   0.10116   0.09153   0.11053   0.03263   0.07670   0.83040   0.83494   0.73098   0.67972   0.59632   0.60083   0.40359   0.51126   0.47004   0.18657   0.04200   0.01163   0.16481   0.14366   0.08505   0.08418   0.07620   0.09931   0.03389   1.69358   0.76355   1.01626   0.93631   0.62904  
 21 34.5131  15182.904770  x:  6.45832   0.35542   0.79556   0.78009   0.73642   0.51968   0.63992   0.34129   0.49202   0.35005   0.18283   0.01917   0.02144   0.11706   0.23730   0.10598   0.09307   0.11601   0.03258   0.07666   0.82872   0.82244   0.73321   0.68370   0.60304   0.60376   0.40349   0.50991   0.46877   0.18680   0.04175   0.01163   0.16616   0.14308   0.08175   0.08617   0.07527   0.09899   0.03402   1.69101   0.76164   1.01808   0.93886   0.62535  
 22 36.4419  15182.419179  x:  6.62864   0.36003   0.77240   0.78197   0.75019   0.53276   0.65868   0.32661   0.49421   0.36202   0.18346   0.01879   0.02139   0.11563   0.23856   0.10318   0.08910   0.11554   0.03267   0.07624   0.82134   0.78919   0.74162   0.69849   0.62912   0.61192   0.39841   0.50312   0.46234   0.18510   0.04219   0.01116   0.16825   0.14527   0.08873   0.08300   0.07638   0.10102   0.03404   1.68137   0.75807   1.01929   0.94511   0.62559  
 23 95.4986  15182.118132  x:  6.73518   0.36212   0.76086   0.78393   0.75708   0.54250   0.66771   0.31894   0.49712   0.36895   0.18289   0.01875   0.02153   0.11648   0.23571   0.10087   0.09271   0.10929   0.03282   0.07587   0.81599   0.77236   0.74543   0.70583   0.64564   0.61556   0.39384   0.50024   0.45982   0.18512   0.04236   0.01116   0.16615   0.14439   0.08212   0.08483   0.07563   0.09876   0.03417   1.67666   0.76325   1.01764   0.94259   0.62796  
 24 162.0495  15181.870715  x:  6.82831   0.36227   0.75614   0.78584   0.75816   0.55334   0.66922   0.31662   0.50027   0.36938   0.18164   0.01822   0.02148   0.11709   0.23146   0.10483   0.09264   0.11371   0.03279   0.07574   0.80984   0.76541   0.74458   0.70651   0.65910   0.61565   0.38813   0.50188   0.46202   0.18725   0.04092   0.01129   0.16295   0.14140   0.08661   0.08559   0.07604   0.09922   0.03427   1.67665   0.76970   1.01540   0.93389   0.62866  
 25 76.0089  15181.230737  x:  7.07287   0.36007   0.75141   0.79016   0.75236   0.58376   0.66308   0.31843   0.50686   0.36061   0.18222   0.01798   0.02126   0.11646   0.22875   0.10144   0.08632   0.11643   0.03283   0.07548   0.79139   0.75937   0.73623   0.69870   0.69087   0.61220   0.37305   0.51157   0.47333   0.19169   0.04119   0.01086   0.16509   0.14225   0.07991   0.07943   0.07579   0.10089   0.03439   1.68353   0.76086   1.01276   0.92448   0.62538  
 26 119.4915  15180.709680  x:  7.27795   0.35770   0.74893   0.79338   0.74525   0.60820   0.65580   0.32225   0.51096   0.35283   0.18338   0.01815   0.02112   0.11620   0.23115   0.10121   0.09291   0.11145   0.03298   0.07540   0.77552   0.75765   0.72889   0.69048   0.71508   0.60963   0.36268   0.51883   0.48159   0.19094   0.03929   0.01048   0.16740   0.14463   0.08488   0.08696   0.07596   0.09902   0.03448   1.69060   0.75181   1.00863   0.92443   0.62294  
 27 342.1333  15180.366977  x:  7.41398   0.35554   0.74914   0.79456   0.73678   0.61953   0.64817   0.32881   0.50988   0.35135   0.18292   0.01849   0.02089   0.11650   0.23847   0.10548   0.09377   0.10996   0.03301   0.07509   0.76474   0.76290   0.72589   0.68385   0.72389   0.61048   0.36368   0.51827   0.48058   0.18440   0.04200   0.01048   0.16476   0.14310   0.08487   0.08139   0.07579   0.09869   0.03452   1.69640   0.75784   1.00229   0.93418   0.62387  
 28 111.3729  15180.029192  x:  7.55111   0.35318   0.75054   0.79529   0.72637   0.62588   0.63927   0.33728   0.50618   0.35347   0.18195   0.01828   0.02067   0.11616   0.24091   0.10039   0.08801   0.11346   0.03301   0.07491   0.75398   0.77275   0.72530   0.67757   0.72581   0.61310   0.37054   0.51355   0.47431   0.18079   0.04248   0.01042   0.16355   0.14212   0.08331   0.08872   0.07602   0.10018   0.03463   1.70197   0.76469   1.00643   0.94040   0.62478  
 29 135.4032  15179.459018  x:  7.78525   0.34948   0.75433   0.79675   0.70855   0.63006   0.62390   0.35188   0.49825   0.35993   0.18192   0.01786   0.02053   0.11612   0.23586   0.10009   0.09444   0.11363   0.03308   0.07482   0.73633   0.79402   0.72781   0.66867   0.72027   0.61805   0.38673   0.50318   0.46060   0.18412   0.04232   0.01004   0.16584   0.14338   0.08462   0.08398   0.07589   0.09896   0.03478   1.71010   0.76940   1.02723   0.94309   0.62453  
 30 195.9342  15179.253529  x:  7.87063   0.34952   0.75755   0.79889   0.70571   0.62481   0.61999   0.35425   0.49667   0.36148   0.18410   0.01761   0.02057   0.11675   0.23265   0.10712   0.08885   0.10796   0.03320   0.07472   0.73168   0.80468   0.73229   0.66876   0.70972   0.61727   0.39213   0.50260   0.45963   0.18795   0.04096   0.00991   0.16590   0.14378   0.08420   0.08564   0.07594   0.09924   0.03480   1.71087   0.76806   1.02726   0.94358   0.62333  
 31 77.3536  15178.358872  x:  8.24584   0.35458   0.77753   0.81236   0.70403   0.58628   0.60875   0.35749   0.49459   0.36514   0.18925   0.01606   0.02039   0.11604   0.22829   0.10094   0.09319   0.11286   0.03319   0.07428   0.71716   0.85799   0.75852   0.67675   0.64355   0.60635   0.41159   0.50911   0.46724   0.19704   0.03793   0.00963   0.16379   0.14269   0.08433   0.08469   0.07601   0.09882   0.03503   1.70826   0.76095   1.00730   0.94139   0.61836  
 32 132.7116  15177.901255  x:  8.43776   0.36168   0.79257   0.81917   0.70776   0.56481   0.60813   0.35913   0.49616   0.36528   0.18136   0.01772   0.02005   0.11565   0.23746   0.10259   0.09222   0.11102   0.03336   0.07365   0.71481   0.88673   0.76796   0.68010   0.60660   0.59864   0.41651   0.51282   0.47233   0.18466   0.04157   0.00928   0.16651   0.14290   0.08441   0.08488   0.07595   0.09889   0.03524   1.70461   0.75759   1.01018   0.92943   0.61972  
 33 161.5137  15177.519112  x:  8.60288   0.38418   0.82225   0.81976   0.72145   0.54562   0.62359   0.36247   0.50281   0.35878   0.18711   0.01678   0.01989   0.11554   0.23753   0.10239   0.09232   0.11131   0.03338   0.07332   0.73118   0.91467   0.75493   0.67515   0.57421   0.59209   0.40502   0.51078   0.47051   0.18572   0.04123   0.00929   0.16054   0.14201   0.08438   0.08484   0.07597   0.09882   0.03530   1.69963   0.76293   1.02180   0.93896   0.61949  
 34 43.1306  15177.428434  x:  8.64270   0.39113   0.83108   0.81769   0.72442   0.54012   0.62672   0.36141   0.50360   0.35852   0.18344   0.01732   0.01989   0.11546   0.23620   0.10241   0.09233   0.11118   0.03342   0.07333   0.73712   0.92173   0.74957   0.67415   0.56781   0.59342   0.40304   0.51052   0.46994   0.18768   0.04056   0.00893   0.16764   0.14278   0.08442   0.08486   0.07601   0.09879   0.03533   1.69943   0.76657   1.02096   0.94136   0.61754  
 35 49.4777  15177.339200  x:  8.68224   0.40061   0.84313   0.80953   0.72530   0.53199   0.62667   0.35531   0.50128   0.36216   0.17909   0.01792   0.01990   0.11534   0.23586   0.10239   0.09235   0.11092   0.03346   0.07317   0.74690   0.92921   0.74060   0.67540   0.56594   0.60291   0.40476   0.51166   0.47005   0.18834   0.04032   0.00899   0.16407   0.14238   0.08439   0.08485   0.07602   0.09872   0.03542   1.70194   0.76299   1.01853   0.93996   0.61587  
 36 18.6902  15177.305201  x:  8.69771   0.40417   0.84846   0.80519   0.72525   0.52805   0.62624   0.35318   0.49982   0.36367   0.18372   0.01709   0.01983   0.11536   0.23685   0.10239   0.09237   0.11108   0.03346   0.07311   0.75110   0.93190   0.73723   0.67719   0.56623   0.60708   0.40537   0.51221   0.47029   0.18726   0.04066   0.00894   0.16569   0.14244   0.08441   0.08486   0.07600   0.09873   0.03540   1.70351   0.76277   1.01731   0.93749   0.61700  
 37 20.0388  15177.281570  x:  8.71014   0.40298   0.85460   0.79867   0.72461   0.52125   0.62551   0.35796   0.49844   0.36351   0.18328   0.01717   0.01980   0.11538   0.23675   0.10238   0.09237   0.11107   0.03346   0.07311   0.75364   0.93111   0.73825   0.68570   0.56981   0.60593   0.40126   0.51171   0.47037   0.18734   0.04064   0.00890   0.16559   0.14246   0.08441   0.08486   0.07600   0.09873   0.03541   1.70788   0.76283   1.01755   0.93772   0.61709  
 38  3.2724  15177.255011  x:  8.72737   0.39421   0.86376   0.79863   0.73026   0.51275   0.62020   0.35827   0.50213   0.36277   0.18333   0.01710   0.01974   0.11528   0.23683   0.10240   0.09235   0.11108   0.03347   0.07298   0.75556   0.92384   0.73600   0.68770   0.57436   0.60530   0.40477   0.51355   0.47151   0.18753   0.04052   0.00881   0.16562   0.14233   0.08441   0.08485   0.07601   0.09871   0.03543   1.70899   0.76443   1.02015   0.93977   0.61734  
 39  2.1098  15177.213961  x:  8.75664   0.38185   0.87455   0.80059   0.73429   0.50980   0.62120   0.36432   0.49740   0.36341   0.18325   0.01711   0.01960   0.11525   0.23684   0.10241   0.09232   0.11111   0.03348   0.07286   0.76497   0.91401   0.73499   0.68441   0.57884   0.60163   0.40919   0.51098   0.46813   0.18753   0.04052   0.00867   0.16560   0.14232   0.08439   0.08482   0.07601   0.09870   0.03546   1.70556   0.76164   1.01587   0.93634   0.61700  
 40  3.7645  15177.030037  x:  8.89339   0.33328   0.88728   0.79641   0.71739   0.51565   0.62279   0.35621   0.49341   0.36882   0.18306   0.01673   0.01895   0.11465   0.23777   0.10242   0.09220   0.11118   0.03358   0.07184   0.82551   0.89099   0.75036   0.67600   0.58863   0.58868   0.41227   0.51393   0.47545   0.18864   0.03960   0.00784   0.16567   0.14160   0.08437   0.08472   0.07607   0.09857   0.03565   1.69270   0.76423   1.01952   0.93973   0.61714  
 41  6.8064  15176.631591  x:  9.19509   0.22268   0.86746   0.80518   0.71241   0.52987   0.63125   0.36332   0.51659   0.35454   0.18215   0.01648   0.01747   0.11354   0.23946   0.10246   0.09190   0.11146   0.03377   0.06975   0.95893   0.86966   0.76805   0.67510   0.60290   0.60726   0.41438   0.51266   0.46983   0.18982   0.03880   0.00600   0.16589   0.14031   0.08430   0.08445   0.07617   0.09832   0.03603   1.70243   0.76159   1.01648   0.93649   0.61868  
 42 23.3462  15176.261337  x:  9.47330   0.11110   0.82934   0.81591   0.73317   0.54227   0.62751   0.36670   0.49865   0.36785   0.18203   0.01562   0.01609   0.11261   0.24088   0.10253   0.09161   0.11165   0.03393   0.06792   1.07244   0.86114   0.75772   0.67824   0.60944   0.61515   0.39728   0.51927   0.47727   0.19150   0.03765   0.00429   0.16594   0.13914   0.08424   0.08421   0.07628   0.09813   0.03636   1.71549   0.76359   1.02014   0.93905   0.62187  
 43 45.3089  15176.170015  x:  9.54502   0.07818   0.81667   0.79917   0.74299   0.55499   0.62478   0.36861   0.50134   0.36590   0.18186   0.01555   0.01575   0.11237   0.24104   0.10255   0.09153   0.11173   0.03396   0.06749   1.09618   0.86688   0.74385   0.69077   0.60926   0.60975   0.40366   0.51574   0.47904   0.19184   0.03734   0.00393   0.16593   0.13886   0.08421   0.08415   0.07630   0.09807   0.03643   1.70036   0.76312   1.01919   0.93889   0.62142  
 44 10.7894  15176.164307  x:  9.55205   0.07538   0.81728   0.79697   0.74462   0.55808   0.62650   0.36717   0.50126   0.36614   0.18188   0.01553   0.01572   0.11237   0.24107   0.10255   0.09153   0.11173   0.03395   0.06747   1.09740   0.86674   0.74370   0.69179   0.60785   0.60780   0.40545   0.51873   0.47643   0.19183   0.03739   0.00393   0.16593   0.13884   0.08421   0.08415   0.07630   0.09807   0.03643   1.70339   0.76316   1.01928   0.93892   0.62164  
 45  1.3949  15176.152557  x:  9.57428   0.06959   0.81829   0.79488   0.74711   0.56130   0.62840   0.36553   0.50126   0.36639   0.18192   0.01553   0.01563   0.11238   0.24106   0.10256   0.09153   0.11174   0.03391   0.06751   1.10119   0.86616   0.74455   0.69143   0.60617   0.60724   0.40719   0.51373   0.48068   0.19193   0.03729   0.00404   0.16593   0.13883   0.08421   0.08415   0.07627   0.09806   0.03639   1.70829   0.76315   1.01935   0.93886   0.62188  
 46  1.0826  15175.941863  x:  9.89540   0.00000   0.81066   0.78567   0.75460   0.56422   0.62577   0.36660   0.50006   0.36673   0.18223   0.01612   0.01447   0.11265   0.24051   0.10260   0.09141   0.11187   0.03324   0.06820   1.16365   0.86612   0.75065   0.68464   0.60690   0.61476   0.39955   0.51663   0.47854   0.19170   0.03755   0.00560   0.16570   0.13875   0.08420   0.08414   0.07593   0.09806   0.03568   1.70385   0.76330   1.01912   0.93875   0.62117  
 47  4.7763  15175.899863  x:  9.99668   0.00000   0.80575   0.79365   0.74895   0.56253   0.62763   0.36561   0.50000   0.36676   0.18229   0.01632   0.01411   0.11274   0.24038   0.10261   0.09138   0.11190   0.03304   0.06842   1.18651   0.86620   0.74292   0.69107   0.61015   0.60850   0.40444   0.51630   0.47850   0.19171   0.03755   0.00608   0.16565   0.13873   0.08420   0.08414   0.07582   0.09805   0.03546   1.70548   0.76326   1.01908   0.93876   0.62102  
 48 16.1974  15175.875769  x: 10.03755   0.00000   0.80705   0.80050   0.74197   0.56528   0.62697   0.36563   0.49985   0.36673   0.18235   0.01641   0.01400   0.11280   0.24025   0.10262   0.09136   0.11191   0.03294   0.06853   1.17263   0.86117   0.73556   0.69925   0.60481   0.60947   0.40437   0.51605   0.47854   0.19163   0.03762   0.00626   0.16561   0.13876   0.08420   0.08415   0.07579   0.09806   0.03535   1.70537   0.76332   1.01903   0.93885   0.62086  
 49  1.8346  15175.862290  x: 10.05940   0.00000   0.80410   0.80129   0.74258   0.56149   0.62890   0.36478   0.50004   0.36668   0.18235   0.01645   0.01398   0.11283   0.24024   0.10261   0.09137   0.11190   0.03289   0.06857   1.16106   0.86521   0.73572   0.69764   0.61049   0.60421   0.40809   0.51580   0.47853   0.19167   0.03759   0.00631   0.16561   0.13878   0.08420   0.08415   0.07577   0.09806   0.03530   1.70680   0.76329   1.01906   0.93876   0.62073  
 50  1.8482  15175.644074  x: 11.14833   0.00000   0.81430   0.79501   0.73829   0.55554   0.62836   0.36088   0.50023   0.36518   0.18314   0.01776   0.01402   0.11416   0.23792   0.10257   0.09150   0.11170   0.03089   0.07003   1.16172   0.86924   0.74769   0.68457   0.60591   0.61142   0.40124   0.51521   0.47476   0.19049   0.03908   0.00566   0.16545   0.14040   0.08427   0.08441   0.07597   0.09864   0.03312   1.70590   0.76364   1.01813   0.93810   0.61740  
 51  0.8799  15175.543433  x: 11.79776   0.00000   0.80974   0.79476   0.74113   0.55908   0.62778   0.36124   0.50038   0.36485   0.18227   0.01530   0.01378   0.11379   0.23887   0.10256   0.09154   0.11164   0.03241   0.06960   1.15873   0.86844   0.74433   0.68701   0.60810   0.61064   0.40059   0.51533   0.47466   0.19070   0.03839   0.00614   0.16564   0.13997   0.08423   0.08431   0.07606   0.09836   0.03568   1.70494   0.76346   1.01856   0.93836   0.61921  
 52  0.4059  15175.502954  x: 12.36169   0.00000   0.80567   0.79604   0.74307   0.56266   0.62825   0.36191   0.50055   0.36510   0.18242   0.01695   0.01494   0.11349   0.23912   0.10258   0.09150   0.11183   0.03270   0.06955   1.15914   0.86567   0.74194   0.69048   0.60993   0.60890   0.40248   0.51523   0.47600   0.19076   0.03810   0.00590   0.16557   0.13966   0.08423   0.08425   0.07588   0.09822   0.03536   1.70563   0.76351   1.01885   0.93855   0.61948  
 53  0.3525  15175.494755  x: 12.78248   0.00000   0.80816   0.79615   0.74144   0.56168   0.62807   0.36260   0.50064   0.36534   0.18251   0.01630   0.01510   0.11353   0.23912   0.10258   0.09148   0.11177   0.03271   0.06934   1.15911   0.86620   0.74443   0.68877   0.60912   0.60952   0.40283   0.51548   0.47597   0.19110   0.03849   0.00588   0.16570   0.13978   0.08425   0.08431   0.07605   0.09842   0.03499   1.70593   0.76362   1.01874   0.93840   0.61857  
 54  0.2630  15175.493152  x: 12.97414   0.00000   0.80802   0.79586   0.74170   0.56176   0.62788   0.36253   0.50060   0.36524   0.18248   0.01653   0.01486   0.11350   0.23912   0.10258   0.09149   0.11176   0.03265   0.06944   1.15888   0.86691   0.74407   0.68869   0.60887   0.60956   0.40252   0.51544   0.47583   0.19096   0.03819   0.00591   0.16567   0.13980   0.08423   0.08428   0.07603   0.09831   0.03515   1.70572   0.76362   1.01883   0.93844   0.61877  
 55  0.1198  15175.493054  x: 13.00628   0.00000   0.80762   0.79587   0.74191   0.56191   0.62793   0.36243   0.50059   0.36522   0.18248   0.01648   0.01486   0.11353   0.23909   0.10258   0.09149   0.11177   0.03262   0.06943   1.15892   0.86681   0.74383   0.68893   0.60892   0.60951   0.40251   0.51542   0.47585   0.19095   0.03832   0.00592   0.16565   0.13977   0.08424   0.08429   0.07600   0.09834   0.03511   1.70569   0.76361   1.01882   0.93845   0.61880  
 56  0.0300  15175.493052  x: 13.01247   0.00000   0.80763   0.79587   0.74190   0.56189   0.62795   0.36242   0.50060   0.36522   0.18248   0.01648   0.01487   0.11353   0.23909   0.10258   0.09149   0.11177   0.03262   0.06943   1.15892   0.86676   0.74387   0.68891   0.60892   0.60952   0.40251   0.51542   0.47585   0.19095   0.03831   0.00592   0.16565   0.13978   0.08424   0.08429   0.07600   0.09834   0.03510   1.70569   0.76361   1.01881   0.93844   0.61879  
 57  0.0057  15175.493052  x: 13.01315   0.00000   0.80764   0.79587   0.74190   0.56189   0.62795   0.36242   0.50060   0.36522   0.18248   0.01648   0.01487   0.11353   0.23909   0.10258   0.09149   0.11177   0.03262   0.06943   1.15892   0.86677   0.74387   0.68891   0.60892   0.60952   0.40251   0.51542   0.47585   0.19095   0.03831   0.00592   0.16566   0.13978   0.08424   0.08429   0.07600   0.09834   0.03511   1.70569   0.76361   1.01881   0.93844   0.61879  
 58  0.0006  15175.493052  x: 13.01316   0.00000   0.80764   0.79587   0.74190   0.56189   0.62795   0.36242   0.50060   0.36522   0.18248   0.01648   0.01487   0.11353   0.23909   0.10258   0.09149   0.11177   0.03262   0.06943   1.15892   0.86677   0.74387   0.68891   0.60892   0.60952   0.40251   0.51542   0.47585   0.19095   0.03831   0.00592   0.16565   0.13978   0.08424   0.08429   0.07600   0.09834   0.03511   1.70569   0.76361   1.01881   0.93844   0.61879  
 59  0.0000  15175.493052  x: 13.01316   0.00000   0.80764   0.79587   0.74190   0.56189   0.62795   0.36242   0.50060   0.36522   0.18248   0.01648   0.01487   0.11353   0.23909   0.10258   0.09149   0.11177   0.03262   0.06943   1.15892   0.86677   0.74387   0.68891   0.60892   0.60952   0.40251   0.51542   0.47585   0.19095   0.03831   0.00592   0.16565   0.13978   0.08424   0.08429   0.07600   0.09834   0.03511   1.70569   0.76361   1.01881   0.93844   0.61879  
 60  0.0000  15175.493052  x: 13.01316   0.00000   0.80764   0.79587   0.74190   0.56189   0.62795   0.36242   0.50060   0.36522   0.18248   0.01648   0.01487   0.11353   0.23909   0.10258   0.09149   0.11177   0.03262   0.06943   1.15892   0.86677   0.74387   0.68891   0.60892   0.60952   0.40251   0.51542   0.47585   0.19095   0.03831   0.00592   0.16565   0.13978   0.08424   0.08429   0.07600   0.09834   0.03511   1.70569   0.76361   1.01881   0.93844   0.61879  
check convergence!
