-7.097051100675210167e-01
-8.278891954380177554e-01
-5.558633983513711074e-01
5.528667371197575342e-01
-1.241949850593902172e+00
5.944527639408166975e-01
-1.115035020852267245e+01
1.706166059370146204e+00
3.881811588479747721e-01
-1.228314122342769465e+01
-1.543163925268577819e+00
-1.519890020514601536e+00
-3.732261585630982093e-01
-1.351008909845348827e+00
-1.506334052833024906e+00
-1.046481860730104607e+01
-8.361651504845931671e-01
-4.353291879386335106e-01
-3.644539634536546835e+00
-2.687878102010763381e+00
-4.691079322240574445e-01
-1.309664505389197986e+00
-7.278282416971301183e-01
-4.975816738253498461e-01
-1.625999682704330151e+00
-2.769101428172247581e-01
-1.053045010409468407e+00
-5.251767702296404883e-01
-2.979605161262793622e+00
-2.662191740268680107e+00
-2.342994027305573823e+00
-3.036194928735939769e+00
-2.059062645898310784e+00
-1.608588977817343446e+00
-1.468488051506982917e+00
-7.392405068012964930e-01
