

TREE # 1

  0  0.0000   2694.576689  x:  0.30485   0.02227   0.06225   0.03442   0.00474   0.05310   0.01745   0.05218   0.09104   0.08133   0.00706   0.02917   0.07226   0.03007   0.00584   0.07313   0.09301   0.07920   0.03306   0.04444   0.05754   0.02971   0.04807   0.07253   0.00000   0.06133   0.05969   0.04192   0.03225   0.03550   0.01835   0.07038   0.06107   0.03776   0.04891   0.04499   0.01472   0.00759   0.08863   0.10001   0.12166   0.06529   0.02769   0.03344   0.03255   0.04423   0.09941   8.40433   1.28412   1.24790   1.31857   1.00000  
  1 99.0000   2694.573065  x:  0.30485   0.02227   0.06225   0.03442   0.00474   0.05310   0.01745   0.05218   0.09103   0.08133   0.00706   0.02917   0.07226   0.03007   0.00584   0.07314   0.09301   0.07920   0.03306   0.04444   0.05754   0.02971   0.04807   0.07253   0.00000   0.06133   0.05969   0.04192   0.03225   0.03550   0.01835   0.07038   0.06107   0.03776   0.04891   0.04499   0.01471   0.00759   0.08863   0.10001   0.12166   0.06529   0.02769   0.03344   0.03255   0.04423   0.09941   8.40433   1.28412   1.24790   1.31857   1.00000  
  2 777.9128   2675.761314  x:  0.31015   0.01568   0.06685   0.03296   0.00404   0.05840   0.01813   0.04519   0.08760   0.07824   0.00000   0.02204   0.06915   0.02612   0.00597   0.07526   0.09891   0.07992   0.03058   0.03950   0.05050   0.02729   0.04490   0.07656   0.00000   0.06787   0.05540   0.04350   0.02953   0.02837   0.01390   0.06606   0.05573   0.03078   0.04384   0.05180   0.01090   0.00636   0.08614   0.10282   0.12292   0.06198   0.02565   0.02637   0.03383   0.03930   0.10057   8.40381   1.28375   1.24707   1.32003   0.99989  
  3 2212.2910   2648.957582  x:  0.31999   0.00000   0.07099   0.03370   0.00412   0.05834   0.01571   0.02827   0.07957   0.07076   0.00000   0.00465   0.06397   0.02301   0.00354   0.07843   0.10172   0.07906   0.02824   0.03097   0.03337   0.02703   0.04087   0.07884   0.00000   0.06978   0.04587   0.04403   0.02816   0.01102   0.01389   0.05790   0.04431   0.01340   0.03395   0.04320   0.01630   0.00822   0.08081   0.10728   0.12394   0.05630   0.02610   0.00907   0.03291   0.03068   0.10214   8.40253   1.28282   1.24513   1.32382   0.99948  
  4 1323.3570   2643.289525  x:  0.32201   0.00000   0.07124   0.03424   0.00414   0.05801   0.01640   0.02376   0.07764   0.06901   0.00000   0.00000   0.06312   0.02313   0.00600   0.07892   0.10136   0.07873   0.02823   0.02970   0.02879   0.02733   0.04049   0.07871   0.00000   0.06928   0.04377   0.04391   0.02835   0.00638   0.01442   0.05636   0.04190   0.00872   0.03220   0.04295   0.01666   0.00789   0.07958   0.10794   0.12404   0.05536   0.02639   0.00443   0.03281   0.02938   0.10234   8.40219   1.28255   1.24461   1.32487   0.99937  
  5 3068.2802   2639.016483  x:  0.32355   0.00000   0.07103   0.03473   0.00415   0.05779   0.01711   0.01949   0.07596   0.06753   0.00000   0.00000   0.06266   0.02362   0.00548   0.07913   0.10054   0.07842   0.02851   0.02912   0.02443   0.02769   0.04050   0.07830   0.00000   0.06859   0.04213   0.04375   0.02873   0.00198   0.01493   0.05531   0.04010   0.00426   0.03113   0.04383   0.01638   0.00740   0.07859   0.10827   0.12406   0.05483   0.02664   0.00000   0.03284   0.02879   0.10241   8.40187   1.28226   1.24412   1.32588   0.99927  
  6 4040.7640   2637.572011  x:  0.32403   0.00000   0.07094   0.03488   0.00416   0.05796   0.01671   0.01756   0.07533   0.06702   0.00000   0.00000   0.06261   0.02374   0.00551   0.07916   0.10027   0.07839   0.02862   0.02917   0.02246   0.02771   0.04059   0.07817   0.00000   0.06857   0.04170   0.04376   0.02880   0.00000   0.01486   0.05509   0.03963   0.00225   0.03101   0.04393   0.01614   0.00760   0.07831   0.10832   0.12406   0.05476   0.02662   0.00000   0.03289   0.02882   0.10240   8.40172   1.28213   1.24391   1.32633   0.99923  
  7 3523.2731   2636.377582  x:  0.32443   0.00000   0.07094   0.03499   0.00416   0.05819   0.01685   0.01544   0.07473   0.06654   0.00000   0.00000   0.06261   0.02373   0.00550   0.07921   0.10011   0.07841   0.02867   0.02927   0.02029   0.02768   0.04066   0.07812   0.00000   0.06869   0.04141   0.04379   0.02879   0.00000   0.01474   0.05497   0.03935   0.00000   0.03101   0.04378   0.01604   0.00763   0.07807   0.10834   0.12408   0.05476   0.02657   0.00000   0.03291   0.02893   0.10238   8.40157   1.28198   1.24367   1.32682   0.99918  
  8 6750.1394   2630.408589  x:  0.32661   0.00000   0.07166   0.03577   0.00418   0.05875   0.01663   0.00000   0.07095   0.06352   0.00000   0.00000   0.06268   0.02342   0.00550   0.07976   0.09974   0.07853   0.02860   0.02946   0.00449   0.02763   0.04066   0.07822   0.00000   0.06909   0.04013   0.04384   0.02860   0.00000   0.01487   0.05459   0.03830   0.00000   0.03087   0.04400   0.01659   0.00701   0.07685   0.10850   0.12414   0.05481   0.02659   0.00000   0.03270   0.02921   0.10230   8.40044   1.28091   1.24199   1.33031   0.99884  
  9 10395.4626   2629.402942  x:  0.32709   0.00000   0.07185   0.03595   0.00418   0.05885   0.01674   0.00000   0.07003   0.06279   0.00000   0.00000   0.06265   0.02342   0.00550   0.07994   0.09968   0.07851   0.02858   0.02935   0.00000   0.02767   0.04060   0.07825   0.00000   0.06912   0.03988   0.04385   0.02860   0.00000   0.01492   0.05450   0.03809   0.00000   0.03078   0.04410   0.01661   0.00731   0.07661   0.10858   0.12414   0.05478   0.02661   0.00000   0.03273   0.02913   0.10230   8.40012   1.28062   1.24153   1.33126   0.99875  
 10 11007.2432   2622.369786  x:  0.33628   0.00000   0.07335   0.03964   0.00434   0.06658   0.01484   0.00000   0.04950   0.04586   0.00000   0.00000   0.05843   0.02807   0.00501   0.08551   0.09703   0.07517   0.03047   0.01943   0.00000   0.02980   0.03688   0.07768   0.00000   0.06598   0.03500   0.04297   0.03151   0.00000   0.01147   0.05011   0.03436   0.00000   0.02513   0.03740   0.00541   0.00000   0.07300   0.11208   0.12330   0.05022   0.02586   0.00000   0.03631   0.02057   0.10368   8.38935   1.27236   1.22678   1.36068   0.99582  
 11 517.1009   2622.369786  x:  0.33628   0.00000   0.07335   0.03964   0.00434   0.06658   0.01484   0.00000   0.04950   0.04586   0.00000   0.00000   0.05843   0.02807   0.00501   0.08551   0.09703   0.07517   0.03047   0.01943   0.00000   0.02980   0.03688   0.07768   0.00000   0.06598   0.03500   0.04297   0.03151   0.00000   0.01147   0.05011   0.03436   0.00000   0.02513   0.03740   0.00541   0.00000   0.07300   0.11208   0.12330   0.05022   0.02586   0.00000   0.03631   0.02057   0.10368   8.38935   1.27236   1.22678   1.36068   0.99582  
 12 192.4440   2607.066451  x:  0.34900   0.00000   0.08532   0.03656   0.06904   0.08035   0.02161   0.00000   0.04203   0.03905   0.00000   0.00000   0.05171   0.01672   0.00622   0.09012   0.11183   0.07802   0.02386   0.01234   0.00000   0.02243   0.03061   0.08800   0.00000   0.08557   0.02562   0.04782   0.02353   0.00000   0.00222   0.04020   0.02139   0.00000   0.01484   0.06821   0.00970   0.02855   0.06830   0.11893   0.12671   0.04310   0.02059   0.00000   0.03788   0.01267   0.10623   8.38779   1.27141   1.22440   1.36447   0.99575  
 13 667.1631   2601.904788  x:  0.36234   0.00000   0.09601   0.03428   0.07745   0.09139   0.02206   0.00000   0.03388   0.03126   0.00000   0.00000   0.04562   0.00937   0.00708   0.09474   0.12439   0.07997   0.01879   0.01104   0.00000   0.01783   0.02602   0.09686   0.00000   0.10086   0.01607   0.05097   0.01806   0.00000   0.03305   0.03122   0.01131   0.00000   0.00946   0.08387   0.00523   0.02599   0.06168   0.12503   0.12966   0.03675   0.01799   0.00000   0.03888   0.01061   0.10869   8.38602   1.27036   1.22176   1.36868   0.99565  
 14 482.9670   2593.771111  x:  0.38812   0.00000   0.11358   0.03237   0.06968   0.10850   0.01970   0.00000   0.01926   0.01711   0.00000   0.00000   0.03665   0.01569   0.00657   0.10308   0.14404   0.08234   0.01425   0.01484   0.00000   0.01683   0.02218   0.11084   0.00000   0.12428   0.00462   0.05492   0.01587   0.00000   0.02526   0.01926   0.00898   0.00000   0.01660   0.10142   0.01080   0.00808   0.04887   0.13573   0.13435   0.02787   0.01821   0.00000   0.03983   0.01530   0.11296   8.38234   1.26827   1.21632   1.37733   0.99542  
 15 328.7288   2590.953094  x:  0.40384   0.00000   0.12327   0.03209   0.06389   0.11780   0.01916   0.00000   0.01360   0.01206   0.00000   0.00000   0.03310   0.01414   0.00671   0.10782   0.15471   0.08339   0.01364   0.01425   0.00000   0.01701   0.02162   0.11836   0.00000   0.13703   0.01599   0.05673   0.01623   0.00000   0.02055   0.01705   0.01100   0.00000   0.01522   0.11043   0.00763   0.00137   0.04274   0.14185   0.13688   0.02481   0.01832   0.00000   0.04016   0.01453   0.11534   8.37996   1.26697   1.21284   1.38283   0.99527  
 16 528.6057   2587.407541  x:  0.42886   0.00000   0.13656   0.03288   0.04652   0.13010   0.01870   0.00000   0.01469   0.01426   0.00000   0.00000   0.03140   0.01071   0.00707   0.11451   0.16912   0.08421   0.01544   0.01261   0.00000   0.01854   0.02330   0.12830   0.00000   0.15401   0.01597   0.05825   0.01858   0.00000   0.01378   0.02157   0.01251   0.00000   0.01129   0.11994   0.00199   0.01125   0.03786   0.15072   0.14020   0.02448   0.01897   0.00000   0.04022   0.01233   0.11869   8.37589   1.26486   1.20698   1.39205   0.99504  
 17 381.7943   2586.322841  x:  0.44115   0.00000   0.14257   0.03335   0.03870   0.13556   0.01899   0.00000   0.01653   0.01643   0.00000   0.00000   0.03154   0.00838   0.00681   0.11749   0.17562   0.08439   0.01640   0.01134   0.00000   0.01895   0.02425   0.13266   0.00000   0.16169   0.01744   0.05872   0.01939   0.00000   0.01225   0.02425   0.01274   0.00000   0.00863   0.12418   0.00764   0.01474   0.03647   0.15474   0.14163   0.02521   0.01901   0.00000   0.04017   0.01071   0.12019   8.37379   1.26381   1.20400   1.39672   0.99492  
 18 876.0873   2585.095289  x:  0.45879   0.00000   0.14766   0.03390   0.03714   0.13935   0.02230   0.00000   0.02364   0.02257   0.00000   0.00000   0.03740   0.01289   0.00238   0.11954   0.18118   0.08313   0.01668   0.01043   0.00000   0.01713   0.02525   0.13535   0.00000   0.16840   0.01939   0.05766   0.01740   0.00000   0.01210   0.02705   0.00940   0.00000   0.01230   0.12799   0.00723   0.01198   0.04138   0.15817   0.14225   0.03069   0.01748   0.00000   0.03970   0.01038   0.12122   8.37010   1.26214   1.19901   1.40442   0.99468  
 19 169.4331   2584.250265  x:  0.47618   0.00000   0.14978   0.03438   0.03869   0.13943   0.02329   0.00000   0.02633   0.02527   0.00000   0.00000   0.04258   0.00886   0.00387   0.11990   0.18351   0.08083   0.01646   0.01310   0.00000   0.01716   0.02544   0.13499   0.00000   0.17111   0.01689   0.05561   0.01683   0.00000   0.01107   0.02756   0.01338   0.00000   0.00945   0.12853   0.00614   0.00678   0.04813   0.15957   0.14155   0.03459   0.01762   0.00000   0.03915   0.01277   0.12123   8.36574   1.26035   1.19341   1.41297   0.99440  
 20 145.2564   2582.838708  x:  0.51551   0.00000   0.14958   0.03415   0.04117   0.13369   0.01918   0.00000   0.02144   0.02170   0.00000   0.00000   0.04599   0.01075   0.00664   0.11781   0.18333   0.07487   0.01715   0.00906   0.00000   0.02089   0.02493   0.12958   0.00000   0.17066   0.01589   0.05109   0.02122   0.00000   0.01179   0.02618   0.01224   0.00000   0.00891   0.12345   0.00621   0.00631   0.05923   0.15968   0.13784   0.03519   0.02048   0.00000   0.03842   0.00748   0.11959   8.35431   1.25597   1.17935   1.43435   0.99369  
 21 134.5205   2581.865344  x:  0.54845   0.00000   0.14821   0.03369   0.04277   0.12803   0.01764   0.00000   0.01784   0.01839   0.00000   0.00000   0.04513   0.00977   0.00518   0.11551   0.18178   0.07073   0.01799   0.01107   0.00000   0.02091   0.02477   0.12440   0.00000   0.16879   0.01838   0.04893   0.02195   0.00000   0.01315   0.02580   0.00964   0.00000   0.01128   0.11812   0.00718   0.01060   0.06409   0.15906   0.13442   0.03315   0.02035   0.00000   0.03833   0.01392   0.11798   8.34389   1.25216   1.16692   1.45322   0.99303  
 22 330.4944   2580.771305  x:  0.58284   0.00000   0.14497   0.03335   0.04408   0.12137   0.02135   0.00000   0.01914   0.01778   0.00000   0.00000   0.03874   0.01109   0.00185   0.11257   0.17781   0.06888   0.01785   0.01327   0.00000   0.01616   0.02463   0.11842   0.00000   0.16438   0.01809   0.05042   0.01699   0.00000   0.01339   0.02521   0.01300   0.00000   0.00979   0.11147   0.00725   0.01184   0.06041   0.15696   0.13064   0.02818   0.01676   0.00000   0.03909   0.01094   0.11613   8.33109   1.24787   1.15262   1.47500   0.99222  
 23 224.3926   2580.237696  x:  0.60106   0.00000   0.14253   0.03378   0.04554   0.11819   0.02315   0.00000   0.02177   0.02061   0.00000   0.00000   0.03491   0.00954   0.00683   0.11121   0.17463   0.06992   0.01741   0.01135   0.00000   0.01569   0.02466   0.11563   0.00000   0.16088   0.01782   0.05293   0.01538   0.00000   0.01280   0.02536   0.01051   0.00000   0.01118   0.10834   0.00688   0.01018   0.05383   0.15508   0.12895   0.02702   0.01641   0.00000   0.03963   0.01116   0.11531   8.32276   1.24535   1.14408   1.48813   0.99168  
 24 211.3197   2579.868415  x:  0.61210   0.00000   0.14005   0.03362   0.04801   0.11718   0.02255   0.00000   0.02321   0.02225   0.00000   0.00000   0.03457   0.01014   0.00456   0.11045   0.17143   0.07293   0.01708   0.01092   0.00000   0.01847   0.02467   0.11493   0.00000   0.15762   0.01706   0.05563   0.01825   0.00000   0.01345   0.02585   0.01013   0.00000   0.00931   0.10769   0.00658   0.00887   0.04597   0.15316   0.12864   0.02912   0.01848   0.00000   0.03982   0.01243   0.11515   8.31540   1.24347   1.13758   1.49838   0.99118  
 25 123.8004   2579.723266  x:  0.61570   0.00000   0.13854   0.03354   0.04873   0.11767   0.02115   0.00000   0.02271   0.02212   0.00000   0.00000   0.03651   0.00927   0.00456   0.11046   0.16948   0.07544   0.01716   0.01191   0.00000   0.01836   0.02472   0.11566   0.00000   0.15560   0.01702   0.05657   0.01851   0.00000   0.01417   0.02604   0.01165   0.00000   0.01177   0.10834   0.00675   0.00945   0.04281   0.15199   0.12928   0.03085   0.01854   0.00000   0.03964   0.01129   0.11540   8.31072   1.24252   1.13425   1.50388   0.99083  
 26 77.5518   2579.544082  x:  0.61815   0.00000   0.13613   0.03353   0.04810   0.11935   0.01978   0.00000   0.02128   0.02096   0.00000   0.00000   0.03982   0.01079   0.00608   0.11093   0.16640   0.07944   0.01721   0.01212   0.00000   0.01658   0.02486   0.11773   0.00000   0.15223   0.01719   0.05696   0.01688   0.00000   0.01398   0.02598   0.01115   0.00000   0.01015   0.10992   0.00681   0.01016   0.04110   0.15017   0.13107   0.03238   0.01735   0.00000   0.03918   0.01166   0.11602   8.30286   1.24119   1.12954   1.51200   0.99023  
 27 73.6956   2579.335277  x:  0.61871   0.00000   0.13300   0.03340   0.04652   0.12220   0.02139   0.00000   0.02079   0.01956   0.00000   0.00000   0.04097   0.00860   0.00444   0.11177   0.16258   0.08389   0.01646   0.01034   0.00000   0.01669   0.02473   0.12099   0.00000   0.14791   0.01673   0.05653   0.01621   0.00000   0.01295   0.02541   0.00989   0.00000   0.01013   0.11244   0.00658   0.00981   0.04263   0.14804   0.13407   0.03145   0.01706   0.00000   0.03886   0.01146   0.11693   8.29119   1.23951   1.12348   1.52291   0.98930  
 28 79.9215   2579.079694  x:  0.61781   0.00000   0.12947   0.03350   0.04590   0.12636   0.02381   0.00000   0.02147   0.02007   0.00000   0.00000   0.03912   0.01018   0.00578   0.11314   0.15850   0.08857   0.01535   0.01161   0.00000   0.01824   0.02437   0.12551   0.00000   0.14297   0.01730   0.05560   0.01764   0.00000   0.01372   0.02505   0.01113   0.00000   0.01065   0.11663   0.00683   0.01037   0.04626   0.14581   0.13843   0.02863   0.01806   0.00000   0.03893   0.01176   0.11810   8.27382   1.23724   1.11524   1.53819   0.98790  
 29 136.1826   2578.869980  x:  0.61381   0.00000   0.12811   0.03329   0.04620   0.12807   0.01939   0.00000   0.02178   0.02204   0.00000   0.00000   0.03480   0.00973   0.00500   0.11369   0.15781   0.08799   0.01675   0.01241   0.00000   0.01641   0.02482   0.12743   0.00000   0.14098   0.01712   0.05440   0.01819   0.00000   0.01335   0.02613   0.01037   0.00000   0.01050   0.11862   0.00665   0.00913   0.04822   0.14578   0.14152   0.02895   0.01795   0.00000   0.03958   0.01129   0.11843   8.25582   1.23544   1.10862   1.55174   0.98637  
 30 63.2518   2578.556309  x:  0.60476   0.00000   0.12822   0.03288   0.04632   0.12818   0.01836   0.00000   0.02173   0.02177   0.00000   0.00000   0.03302   0.01040   0.00491   0.11373   0.15984   0.08303   0.01660   0.00906   0.00000   0.01788   0.02502   0.12765   0.00000   0.14075   0.01686   0.05355   0.01595   0.00000   0.01390   0.02657   0.01297   0.00000   0.01102   0.11934   0.00676   0.00940   0.04772   0.14766   0.14465   0.03106   0.01696   0.00000   0.04013   0.01293   0.11813   8.22401   1.23286   1.09894   1.57332   0.98367  
 31 97.8530   2577.831994  x:  0.58188   0.00000   0.12981   0.03235   0.04537   0.12667   0.02157   0.00000   0.02146   0.01962   0.00000   0.00000   0.03415   0.00993   0.00561   0.11329   0.16593   0.07054   0.01561   0.01266   0.00000   0.02026   0.02498   0.12627   0.00000   0.14192   0.01705   0.05269   0.01502   0.00000   0.01324   0.02637   0.01038   0.00000   0.01041   0.11893   0.00669   0.00983   0.04456   0.15278   0.15009   0.03439   0.01693   0.00000   0.04055   0.01093   0.11694   8.14578   1.22696   1.07669   1.62463   0.97702  
 32 373.4209   2577.443375  x:  0.56970   0.00000   0.13204   0.03285   0.04529   0.12507   0.02301   0.00000   0.02155   0.02031   0.00000   0.00000   0.03764   0.00988   0.00572   0.11279   0.16952   0.06783   0.01680   0.01095   0.00000   0.01542   0.02434   0.12447   0.00000   0.14459   0.01679   0.05375   0.01929   0.00000   0.01327   0.02516   0.01116   0.00000   0.01055   0.11770   0.00667   0.00976   0.04340   0.15517   0.14996   0.03149   0.01806   0.00000   0.03970   0.01175   0.11617   8.10180   1.22432   1.06631   1.65116   0.97337  
 33 251.7514   2576.997537  x:  0.55677   0.00000   0.13657   0.03402   0.04576   0.12245   0.01981   0.00000   0.02194   0.02288   0.00000   0.00000   0.04125   0.00979   0.00480   0.11192   0.17334   0.07329   0.01823   0.01141   0.00000   0.01845   0.02427   0.12104   0.00000   0.15089   0.01700   0.05620   0.01688   0.00000   0.01307   0.02482   0.01092   0.00000   0.01039   0.11487   0.00661   0.00936   0.04477   0.15662   0.14412   0.02535   0.01775   0.00000   0.03785   0.01159   0.11547   8.04710   1.22248   1.05793   1.67930   0.96906  
 34 164.7449   2576.513443  x:  0.54512   0.00000   0.14195   0.03362   0.04537   0.12007   0.02076   0.00000   0.02160   0.02009   0.00000   0.00000   0.03749   0.00986   0.00523   0.11112   0.17575   0.08374   0.01427   0.01150   0.00000   0.01708   0.02507   0.11748   0.00000   0.15922   0.01702   0.05697   0.01788   0.00000   0.01284   0.02675   0.01090   0.00000   0.01048   0.11134   0.00670   0.00962   0.04839   0.15585   0.13289   0.03063   0.01784   0.00000   0.03821   0.01144   0.11562   7.98108   1.22236   1.05418   1.70651   0.96422  
 35 149.3472   2576.141143  x:  0.54091   0.00000   0.14368   0.03171   0.04497   0.12107   0.02370   0.00000   0.02041   0.02080   0.00000   0.00000   0.03606   0.00991   0.00550   0.11161   0.17399   0.08506   0.02196   0.01158   0.00000   0.01781   0.02324   0.11856   0.00000   0.16338   0.01690   0.05277   0.01747   0.00000   0.01287   0.02362   0.01099   0.00000   0.01044   0.11086   0.00670   0.00986   0.04784   0.15258   0.12437   0.03366   0.01787   0.00000   0.04046   0.01139   0.11641   7.92007   1.22541   1.05954   1.72206   0.96037  
 36 95.6635   2574.288785  x:  0.53202   0.00000   0.14678   0.02794   0.04360   0.12889   0.02059   0.00000   0.02315   0.02235   0.00000   0.00000   0.03910   0.00976   0.00538   0.11557   0.16104   0.07278   0.01506   0.01133   0.00000   0.01747   0.02523   0.12620   0.00000   0.17488   0.01707   0.03872   0.01767   0.00000   0.01205   0.02407   0.01106   0.00000   0.01032   0.11320   0.00657   0.01001   0.04174   0.13702   0.09697   0.02925   0.01744   0.00000   0.04344   0.01153   0.11946   7.63827   1.24469   1.09729   1.77869   0.94394  
 37 253.8027   2570.389766  x:  0.52160   0.00000   0.15302   0.03532   0.04166   0.13753   0.02107   0.00000   0.01970   0.01881   0.00000   0.00000   0.03778   0.01022   0.00534   0.12111   0.13645   0.05006   0.01968   0.01122   0.00000   0.01765   0.02260   0.13518   0.00000   0.19146   0.01578   0.06668   0.01609   0.00000   0.01158   0.03228   0.01107   0.00000   0.01078   0.11609   0.00658   0.00869   0.04743   0.11596   0.07768   0.03086   0.01953   0.00000   0.03410   0.01152   0.12144   6.98094   1.29574   1.19487   1.89540   0.90799  
 38 635.1557   2560.351801  x:  0.50969   0.00000   0.16462   0.02766   0.03719   0.13392   0.01751   0.00000   0.02208   0.02431   0.00000   0.00000   0.03796   0.00939   0.00567   0.12014   0.11355   0.04862   0.01404   0.01164   0.00000   0.02029   0.03117   0.12979   0.00000   0.21231   0.01703   0.07621   0.02313   0.00000   0.00893   0.01057   0.01088   0.00000   0.01011   0.10806   0.00649   0.01154   0.05016   0.11066   0.10045   0.03384   0.00596   0.00000   0.04035   0.01125   0.11645   5.59481   1.41088   1.40502   2.12380   0.83738  
 39 1388.2413   2549.931360  x:  0.49444   0.00000   0.17786   0.01453   0.03438   0.12659   0.01678   0.00000   0.02221   0.02599   0.00000   0.00000   0.03987   0.00964   0.00548   0.11706   0.09071   0.05348   0.01116   0.01156   0.00000   0.01544   0.03733   0.12046   0.00000   0.23587   0.01749   0.07456   0.01324   0.00000   0.00652   0.00583   0.01133   0.00000   0.00991   0.09754   0.00649   0.01319   0.04936   0.11054   0.13562   0.03232   0.02768   0.00000   0.05019   0.01117   0.10875   3.67879   1.57143   1.69471   2.43643   0.74152  
 40 13285.3735   2545.352434  x:  0.48781   0.00000   0.18233   0.01182   0.03537   0.12281   0.01942   0.00000   0.01942   0.02396   0.00000   0.00000   0.04129   0.01004   0.00626   0.11521   0.08429   0.05753   0.01352   0.01139   0.00000   0.01591   0.03663   0.11628   0.00000   0.24428   0.01546   0.06891   0.01440   0.00000   0.00608   0.01757   0.01121   0.00000   0.01034   0.09362   0.00631   0.01049   0.04697   0.11197   0.15113   0.02865   0.02553   0.00000   0.05442   0.01119   0.10535   2.81239   1.64447   1.82530   2.57687   0.69898  
 41 17527.3861   2543.115993  x:  0.48505   0.00000   0.17942   0.02808   0.03480   0.12124   0.01840   0.00000   0.02234   0.02142   0.00000   0.00000   0.03967   0.01003   0.00539   0.11441   0.09120   0.06015   0.01310   0.01153   0.00000   0.01566   0.03131   0.11564   0.00000   0.24087   0.01550   0.06237   0.01430   0.00000   0.00567   0.01527   0.01115   0.00000   0.01031   0.09361   0.00629   0.01103   0.04486   0.11464   0.15267   0.02982   0.02573   0.00000   0.04996   0.01116   0.10522   2.39754   1.68052   1.88640   2.64229   0.68088  
 42 2850.0740   2541.760804  x:  0.48391   0.00000   0.17235   0.01852   0.03306   0.12126   0.01778   0.00000   0.02299   0.02339   0.00000   0.00000   0.03845   0.00990   0.00570   0.11378   0.10541   0.06099   0.01161   0.01166   0.00000   0.01572   0.02676   0.11691   0.00000   0.23044   0.01603   0.06398   0.01485   0.00000   0.00477   0.01352   0.01117   0.00000   0.01019   0.09600   0.00625   0.01145   0.04530   0.11851   0.14597   0.03072   0.02447   0.00000   0.03880   0.01114   0.10693   2.18130   1.70088   1.91607   2.67422   0.67458  
 43 750.0352   2541.546470  x:  0.48373   0.00000   0.17072   0.01869   0.03329   0.12182   0.01862   0.00000   0.02158   0.02341   0.00000   0.00000   0.03910   0.01000   0.00574   0.11416   0.10886   0.06080   0.01264   0.01160   0.00000   0.01587   0.03419   0.11778   0.00000   0.22579   0.01565   0.06656   0.01497   0.00000   0.00506   0.01326   0.01120   0.00000   0.01028   0.09753   0.00624   0.01104   0.04601   0.12201   0.14171   0.03015   0.02464   0.00000   0.04272   0.01115   0.10775   2.14432   1.70566   1.91901   2.67820   0.67586  
 44 108.2472   2541.452765  x:  0.48361   0.00000   0.17221   0.01826   0.03284   0.12256   0.01773   0.00000   0.02236   0.02310   0.00000   0.00000   0.03993   0.00993   0.00574   0.11474   0.10750   0.06040   0.01199   0.01160   0.00000   0.01589   0.03110   0.11786   0.00000   0.22310   0.01583   0.06858   0.01501   0.00000   0.00484   0.01319   0.01117   0.00000   0.01022   0.09819   0.00625   0.01117   0.04673   0.12597   0.13909   0.02999   0.02445   0.00000   0.04779   0.01114   0.10783   2.13041   1.70949   1.91667   2.67748   0.67964  
 45 27.7734   2541.274596  x:  0.48333   0.00000   0.18015   0.01852   0.03309   0.12426   0.01853   0.00000   0.01998   0.02502   0.00000   0.00000   0.03924   0.00994   0.00537   0.11629   0.10089   0.05966   0.01154   0.01158   0.00000   0.01588   0.03168   0.11740   0.00000   0.22009   0.01570   0.06736   0.01497   0.00000   0.00496   0.01289   0.01117   0.00000   0.01022   0.09802   0.00626   0.01112   0.04634   0.13098   0.13677   0.03062   0.02416   0.00000   0.04442   0.01108   0.10709   2.10878   1.72026   1.90464   2.67093   0.69238  
 46 22.8194   2541.171164  x:  0.48326   0.00000   0.18430   0.01766   0.03351   0.12495   0.01793   0.00000   0.02303   0.02213   0.00000   0.00000   0.03907   0.00996   0.00578   0.11684   0.09897   0.05928   0.01303   0.01161   0.00000   0.01604   0.03294   0.11736   0.00000   0.21930   0.01563   0.06702   0.01526   0.00000   0.00510   0.01267   0.01117   0.00000   0.01026   0.09771   0.00624   0.01100   0.04620   0.13026   0.13652   0.03036   0.02403   0.00000   0.04298   0.01116   0.10680   2.09712   1.72709   1.89618   2.66603   0.70013  
 47 58.1068   2540.890346  x:  0.48334   0.00000   0.19056   0.01766   0.03327   0.12485   0.01798   0.00000   0.02179   0.02331   0.00000   0.00000   0.03955   0.00996   0.00544   0.11666   0.10180   0.05786   0.01249   0.01158   0.00000   0.01604   0.03266   0.11778   0.00000   0.22038   0.01575   0.06775   0.01511   0.00000   0.00486   0.01266   0.01118   0.00000   0.01025   0.09598   0.00626   0.01124   0.04663   0.11612   0.13878   0.03044   0.02413   0.00000   0.04614   0.01114   0.10701   2.07009   1.74588   1.87043   2.65012   0.71940  
 48 48.6341   2540.457415  x:  0.48479   0.00000   0.16813   0.01773   0.03146   0.12013   0.01786   0.00000   0.02187   0.02343   0.00000   0.00000   0.03960   0.01000   0.00610   0.11304   0.09647   0.05668   0.01246   0.01159   0.00000   0.01621   0.03313   0.12090   0.00000   0.24165   0.01575   0.06845   0.01526   0.00000   0.00451   0.01242   0.01125   0.00000   0.01028   0.09831   0.00624   0.01109   0.04699   0.11775   0.13852   0.03056   0.02387   0.00000   0.04585   0.01117   0.11091   2.04700   1.76857   1.82584   2.61710   0.72407  
 49 16.7853   2539.921440  x:  0.48806   0.00000   0.16024   0.01763   0.03350   0.13427   0.01782   0.00000   0.02149   0.02313   0.00000   0.00000   0.03971   0.01005   0.00608   0.12560   0.09721   0.05647   0.01251   0.01159   0.00000   0.01632   0.03316   0.11828   0.00000   0.24471   0.01561   0.06925   0.01540   0.00000   0.00475   0.01217   0.01125   0.00000   0.01031   0.08742   0.00629   0.01112   0.04734   0.11791   0.13636   0.03103   0.02342   0.00000   0.04624   0.01116   0.09969   2.03668   1.78051   1.77573   2.57261   0.70079  
 50 20.4996   2538.433016  x:  0.49761   0.00000   0.17701   0.01754   0.03001   0.13458   0.01766   0.00000   0.02128   0.02305   0.00000   0.00000   0.03954   0.01016   0.00605   0.12215   0.09455   0.05423   0.01331   0.01159   0.00000   0.01681   0.03363   0.11033   0.00000   0.23053   0.01540   0.06926   0.01587   0.00000   0.00411   0.01171   0.01140   0.00000   0.01044   0.09971   0.00626   0.01109   0.04766   0.11363   0.12954   0.03128   0.02244   0.00000   0.04612   0.01125   0.11076   2.02557   1.79045   1.65130   2.45292   0.62465  
 51 57.4068   2537.668361  x:  0.50284   0.00000   0.18538   0.01751   0.03245   0.12398   0.01757   0.00000   0.02140   0.02323   0.00000   0.00000   0.03936   0.01019   0.00617   0.11530   0.09512   0.05443   0.01216   0.01159   0.00000   0.01697   0.03346   0.14004   0.00000   0.22465   0.01539   0.06993   0.01609   0.00000   0.00418   0.01162   0.01145   0.00000   0.01048   0.08852   0.00629   0.01111   0.04817   0.11597   0.12691   0.03150   0.02207   0.00000   0.04595   0.01129   0.10719   2.03035   1.76867   1.59726   2.39181   0.60800  
 52 40.4392   2528.599441  x:  0.55098   0.00000   0.17457   0.01845   0.02093   0.10499   0.01745   0.00000   0.02089   0.02282   0.00000   0.00000   0.03844   0.01101   0.00572   0.14340   0.09720   0.05412   0.01406   0.01178   0.00000   0.01889   0.03406   0.14534   0.00000   0.20587   0.01432   0.07014   0.01789   0.00000   0.00163   0.01099   0.01233   0.00000   0.01123   0.11686   0.00616   0.01041   0.04949   0.10991   0.11029   0.03391   0.01905   0.00000   0.04400   0.01179   0.07793   2.14895   1.35792   1.15985   1.81733   0.65894  
 53 55.3052   2525.813309  x:  0.56798   0.00000   0.16946   0.01938   0.02414   0.12331   0.01732   0.00000   0.02028   0.02233   0.00000   0.00000   0.03838   0.01128   0.00597   0.14275   0.09905   0.05238   0.01463   0.01180   0.00000   0.01940   0.03355   0.14283   0.00000   0.19972   0.01380   0.07101   0.01828   0.00000   0.00176   0.01097   0.01254   0.00000   0.01148   0.09735   0.00621   0.01019   0.04992   0.11238   0.10902   0.03355   0.01814   0.00000   0.04324   0.01191   0.11301   2.19338   1.21249   1.00851   1.61723   0.68050  
 54 440.3179   2525.529295  x:  0.56936   0.00000   0.16876   0.02000   0.02326   0.13475   0.01734   0.00000   0.02018   0.02235   0.00000   0.00000   0.03841   0.01130   0.00642   0.12433   0.09976   0.05216   0.01478   0.01180   0.00000   0.01944   0.03379   0.14104   0.00000   0.19906   0.01381   0.07122   0.01831   0.00000   0.00156   0.01103   0.01258   0.00000   0.01151   0.09781   0.00621   0.01015   0.05008   0.11299   0.10780   0.03372   0.01810   0.00000   0.04310   0.01192   0.10663   2.20338   1.20753   0.99999   1.60563   0.68394  
 55 20.5348   2521.361350  x:  0.57923   0.00000   0.15926   0.02392   0.02246   0.13158   0.01814   0.00000   0.01998   0.02084   0.00000   0.00000   0.03820   0.01176   0.00621   0.12190   0.12599   0.05971   0.01562   0.01191   0.00000   0.01941   0.03021   0.13721   0.00000   0.16703   0.01307   0.06545   0.01839   0.00000   0.00316   0.01350   0.01280   0.00000   0.01190   0.10157   0.00618   0.00897   0.04904   0.13170   0.10367   0.03308   0.01830   0.00000   0.03857   0.01200   0.11285   2.54062   1.43608   1.05658   1.67148   0.75876  
 56  9.2671   2517.319303  x:  0.58912   0.00000   0.13768   0.02635   0.02339   0.12833   0.01894   0.00000   0.01966   0.02054   0.00000   0.00000   0.03865   0.01229   0.00709   0.10162   0.13371   0.06568   0.01633   0.01201   0.00000   0.02022   0.02373   0.12586   0.00000   0.13893   0.01282   0.05701   0.01961   0.00000   0.00909   0.01545   0.01333   0.00000   0.01240   0.10665   0.00625   0.00811   0.04790   0.13364   0.11195   0.03238   0.01737   0.00000   0.03862   0.01225   0.10129   2.43106   1.22780   1.09728   1.56607   0.76442  
 57  0.5678   2516.062005  x:  0.58273   0.00000   0.13315   0.02888   0.02255   0.12360   0.01979   0.00000   0.01961   0.01903   0.00000   0.00000   0.03806   0.01251   0.00664   0.11259   0.14430   0.07065   0.01687   0.01208   0.00000   0.01983   0.02379   0.12228   0.00000   0.13309   0.01174   0.05131   0.01941   0.00000   0.00519   0.01767   0.01294   0.00000   0.01255   0.09502   0.00606   0.00665   0.04563   0.14292   0.12284   0.03043   0.01794   0.00000   0.03703   0.01227   0.11692   2.46267   1.26732   1.19232   1.63258   0.78407  
 58  0.5002   2515.281712  x:  0.55476   0.00000   0.12978   0.03102   0.01921   0.11499   0.01929   0.00000   0.02111   0.02002   0.00000   0.00000   0.03834   0.01285   0.00600   0.11225   0.15077   0.07414   0.01623   0.01253   0.00000   0.01934   0.02541   0.11642   0.00000   0.14982   0.01292   0.04889   0.01860   0.00000   0.00614   0.02053   0.01289   0.00000   0.01287   0.09228   0.00626   0.00666   0.04545   0.14591   0.13474   0.03037   0.01872   0.00000   0.03846   0.01277   0.11425   2.37005   1.25098   1.14600   1.55805   0.78345  
 59  0.1910   2515.103587  x:  0.54403   0.00000   0.13269   0.03189   0.01978   0.11627   0.01887   0.00000   0.02144   0.02084   0.00000   0.00000   0.03862   0.01287   0.00584   0.11079   0.15419   0.07710   0.01546   0.01283   0.00000   0.01903   0.02615   0.11682   0.00000   0.13791   0.01351   0.05220   0.01869   0.00000   0.00624   0.02212   0.01280   0.00000   0.01283   0.09092   0.00632   0.00645   0.04598   0.14660   0.13503   0.03069   0.01906   0.00000   0.03885   0.01288   0.11398   2.32484   1.26610   1.14266   1.57081   0.78466  
 60  0.0639   2515.063904  x:  0.54640   0.00000   0.12836   0.03252   0.01923   0.11761   0.01933   0.00000   0.02129   0.02089   0.00000   0.00000   0.03879   0.01285   0.00584   0.10969   0.15633   0.07771   0.01576   0.01289   0.00000   0.01915   0.02532   0.11745   0.00000   0.13934   0.01347   0.05277   0.01934   0.00000   0.00636   0.02363   0.01295   0.00000   0.01281   0.09033   0.00639   0.00639   0.04589   0.14707   0.13369   0.03101   0.01911   0.00000   0.03829   0.01281   0.11402   2.32628   1.26957   1.14705   1.58658   0.78665  
 61  0.0133   2515.045135  x:  0.54917   0.00000   0.13041   0.03301   0.01965   0.11651   0.01932   0.00000   0.02121   0.02063   0.00000   0.00000   0.03888   0.01284   0.00596   0.11041   0.15737   0.07682   0.01598   0.01287   0.00000   0.01923   0.02553   0.11734   0.00000   0.13851   0.01334   0.05187   0.01947   0.00000   0.00643   0.02501   0.01304   0.00000   0.01280   0.09038   0.00642   0.00627   0.04582   0.14709   0.13272   0.03107   0.01919   0.00000   0.03800   0.01274   0.11355   2.33427   1.26266   1.14199   1.57666   0.78656  
 62  0.0135   2515.040866  x:  0.54845   0.00000   0.13097   0.03296   0.01955   0.11693   0.01922   0.00000   0.02125   0.02064   0.00000   0.00000   0.03873   0.01283   0.00590   0.11021   0.15698   0.07662   0.01594   0.01281   0.00000   0.01917   0.02564   0.11728   0.00000   0.13956   0.01344   0.05215   0.01927   0.00000   0.00644   0.02557   0.01299   0.00000   0.01279   0.09076   0.00645   0.00657   0.04580   0.14661   0.13244   0.03090   0.01923   0.00000   0.03841   0.01274   0.11395   2.33435   1.26537   1.14434   1.57822   0.78559  
 63  0.0038   2515.040061  x:  0.54801   0.00000   0.13063   0.03282   0.01974   0.11692   0.01926   0.00000   0.02126   0.02073   0.00000   0.00000   0.03874   0.01282   0.00589   0.11029   0.15666   0.07673   0.01596   0.01278   0.00000   0.01918   0.02556   0.11728   0.00000   0.13959   0.01337   0.05214   0.01923   0.00000   0.00642   0.02574   0.01295   0.00000   0.01278   0.09090   0.00641   0.00642   0.04585   0.14649   0.13247   0.03087   0.01917   0.00000   0.03839   0.01274   0.11403   2.33270   1.26591   1.14429   1.57772   0.78504  
 64  0.0023   2515.039825  x:  0.54797   0.00000   0.13064   0.03270   0.01964   0.11691   0.01929   0.00000   0.02124   0.02071   0.00000   0.00000   0.03873   0.01282   0.00591   0.11039   0.15641   0.07680   0.01594   0.01277   0.00000   0.01918   0.02555   0.11734   0.00000   0.13933   0.01336   0.05211   0.01923   0.00000   0.00641   0.02581   0.01293   0.00000   0.01278   0.09092   0.00640   0.00647   0.04584   0.14652   0.13256   0.03088   0.01913   0.00000   0.03827   0.01274   0.11406   2.33214   1.26534   1.14414   1.57743   0.78500  
 65  0.0009   2515.039765  x:  0.54804   0.00000   0.13070   0.03264   0.01967   0.11688   0.01927   0.00000   0.02125   0.02070   0.00000   0.00000   0.03874   0.01282   0.00591   0.11031   0.15628   0.07678   0.01595   0.01278   0.00000   0.01919   0.02557   0.11728   0.00000   0.13937   0.01335   0.05211   0.01925   0.00000   0.00640   0.02583   0.01293   0.00000   0.01278   0.09079   0.00639   0.00647   0.04584   0.14655   0.13260   0.03090   0.01912   0.00000   0.03830   0.01274   0.11403   2.33247   1.26539   1.14428   1.57792   0.78517  
 66  0.0007   2515.039755  x:  0.54805   0.00000   0.13068   0.03263   0.01965   0.11687   0.01927   0.00000   0.02126   0.02071   0.00000   0.00000   0.03874   0.01282   0.00591   0.11035   0.15624   0.07676   0.01595   0.01278   0.00000   0.01919   0.02557   0.11729   0.00000   0.13936   0.01335   0.05212   0.01925   0.00000   0.00640   0.02583   0.01293   0.00000   0.01278   0.09082   0.00639   0.00647   0.04584   0.14657   0.13260   0.03090   0.01912   0.00000   0.03833   0.01274   0.11400   2.33271   1.26538   1.14417   1.57783   0.78524  
 67  0.0003   2515.039754  x:  0.54804   0.00000   0.13068   0.03263   0.01965   0.11688   0.01927   0.00000   0.02126   0.02071   0.00000   0.00000   0.03874   0.01282   0.00591   0.11034   0.15623   0.07676   0.01595   0.01278   0.00000   0.01918   0.02557   0.11729   0.00000   0.13937   0.01335   0.05211   0.01925   0.00000   0.00640   0.02583   0.01294   0.00000   0.01279   0.09081   0.00639   0.00647   0.04584   0.14656   0.13259   0.03090   0.01913   0.00000   0.03832   0.01274   0.11399   2.33267   1.26543   1.14417   1.57783   0.78526  
 68  0.0001   2515.039754  x:  0.54803   0.00000   0.13068   0.03263   0.01965   0.11687   0.01927   0.00000   0.02126   0.02071   0.00000   0.00000   0.03874   0.01282   0.00591   0.11034   0.15622   0.07676   0.01595   0.01278   0.00000   0.01918   0.02557   0.11729   0.00000   0.13936   0.01336   0.05211   0.01925   0.00000   0.00640   0.02583   0.01294   0.00000   0.01279   0.09081   0.00639   0.00647   0.04584   0.14656   0.13259   0.03090   0.01913   0.00000   0.03832   0.01274   0.11399   2.33264   1.26541   1.14417   1.57782   0.78526  
 69  0.0000   2515.039754  x:  0.54803   0.00000   0.13068   0.03263   0.01965   0.11687   0.01927   0.00000   0.02126   0.02071   0.00000   0.00000   0.03874   0.01282   0.00591   0.11034   0.15622   0.07676   0.01595   0.01278   0.00000   0.01918   0.02557   0.11729   0.00000   0.13936   0.01336   0.05211   0.01925   0.00000   0.00640   0.02583   0.01294   0.00000   0.01279   0.09081   0.00639   0.00647   0.04584   0.14656   0.13259   0.03090   0.01913   0.00000   0.03832   0.01274   0.11399   2.33265   1.26541   1.14418   1.57782   0.78526  
 70  0.0000   2515.039754  x:  0.54803   0.00000   0.13068   0.03263   0.01965   0.11687   0.01927   0.00000   0.02126   0.02071   0.00000   0.00000   0.03874   0.01282   0.00591   0.11034   0.15622   0.07676   0.01595   0.01278   0.00000   0.01918   0.02557   0.11729   0.00000   0.13936   0.01336   0.05211   0.01925   0.00000   0.00640   0.02583   0.01294   0.00000   0.01279   0.09081   0.00639   0.00647   0.04584   0.14656   0.13259   0.03090   0.01913   0.00000   0.03832   0.01274   0.11399   2.33265   1.26541   1.14417   1.57782   0.78526  
 71  0.0000   2515.039754  x:  0.54803   0.00000   0.13068   0.03263   0.01965   0.11687   0.01927   0.00000   0.02126   0.02071   0.00000   0.00000   0.03874   0.01282   0.00591   0.11034   0.15622   0.07676   0.01595   0.01278   0.00000   0.01918   0.02557   0.11729   0.00000   0.13936   0.01336   0.05211   0.01925   0.00000   0.00640   0.02583   0.01294   0.00000   0.01279   0.09081   0.00639   0.00647   0.04584   0.14656   0.13259   0.03090   0.01913   0.00000   0.03832   0.01274   0.11399   2.33265   1.26541   1.14417   1.57782   0.78526  
 72  0.0000   2515.039754  x:  0.54803   0.00000   0.13068   0.03263   0.01965   0.11687   0.01927   0.00000   0.02126   0.02071   0.00000   0.00000   0.03874   0.01282   0.00591   0.11034   0.15622   0.07676   0.01595   0.01278   0.00000   0.01918   0.02557   0.11729   0.00000   0.13936   0.01336   0.05211   0.01925   0.00000   0.00640   0.02583   0.01294   0.00000   0.01279   0.09081   0.00639   0.00647   0.04584   0.14656   0.13259   0.03090   0.01913   0.00000   0.03832   0.01274   0.11399   2.33265   1.26541   1.14417   1.57782   0.78526  
 73  0.0000   2515.039754  x:  0.54803   0.00000   0.13068   0.03263   0.01965   0.11687   0.01927   0.00000   0.02126   0.02071   0.00000   0.00000   0.03874   0.01282   0.00591   0.11034   0.15622   0.07676   0.01595   0.01278   0.00000   0.01918   0.02557   0.11729   0.00000   0.13936   0.01336   0.05211   0.01925   0.00000   0.00640   0.02583   0.01294   0.00000   0.01279   0.09081   0.00639   0.00647   0.04584   0.14656   0.13259   0.03090   0.01913   0.00000   0.03832   0.01274   0.11399   2.33265   1.26541   1.14417   1.57782   0.78526  
 74  0.0000   2515.039754  x:  0.54803   0.00000   0.13068   0.03263   0.01965   0.11687   0.01927   0.00000   0.02126   0.02071   0.00000   0.00000   0.03874   0.01282   0.00591   0.11034   0.15622   0.07676   0.01595   0.01278   0.00000   0.01918   0.02557   0.11729   0.00000   0.13936   0.01336   0.05211   0.01925   0.00000   0.00640   0.02583   0.01294   0.00000   0.01279   0.09081   0.00639   0.00647   0.04584   0.14656   0.13259   0.03090   0.01913   0.00000   0.03832   0.01274   0.11399   2.33265   1.26541   1.14417   1.57782   0.78526  
check convergence!


TREE # 2

  0  0.0000   2696.976264  x:  0.04287   0.03766   0.06712   0.08302   0.05198   0.03668   0.02725   0.08503   0.02651   0.01314   0.02934   0.06147   0.07318   0.03029   0.09094   0.03885   0.08505   0.02593   0.03654   0.03017   0.06199   0.04291   0.06263   0.00000   0.02603   0.02684   0.04401   0.04149   0.02857   0.05298   0.07433   0.04378   0.05206   0.03243   0.01776   0.06837   0.03440   0.09450   0.09901   0.07595   0.08520   0.06871   0.04803   0.05249   0.04712   0.07117   0.18813   2.33265   1.15346   1.09186   1.57524   0.78526  
  1 99.0000   2696.966314  x:  0.04287   0.03766   0.06712   0.08302   0.05198   0.03668   0.02724   0.08503   0.02650   0.01314   0.02934   0.06147   0.07318   0.03029   0.09094   0.03885   0.08505   0.02593   0.03654   0.03016   0.06198   0.04290   0.06263   0.00000   0.02604   0.02684   0.04401   0.04150   0.02857   0.05298   0.07433   0.04378   0.05206   0.03243   0.01776   0.06837   0.03440   0.09450   0.09901   0.07595   0.08520   0.06871   0.04802   0.05249   0.04712   0.07117   0.18814   2.33265   1.15346   1.09186   1.57524   0.78526  
  2 956.5398   2660.826939  x:  0.03132   0.04826   0.05929   0.07861   0.04443   0.02343   0.01819   0.07637   0.02128   0.00000   0.02323   0.06585   0.06131   0.02203   0.08618   0.04038   0.08927   0.02715   0.03135   0.01694   0.05755   0.03437   0.06932   0.00000   0.01894   0.02628   0.03825   0.04997   0.02546   0.03992   0.06785   0.04067   0.03899   0.01916   0.01063   0.05803   0.02672   0.09545   0.10523   0.07415   0.07593   0.05833   0.03487   0.04484   0.04192   0.07666   0.20534   2.33260   1.15431   1.09211   1.57477   0.78525  
  3 1377.9937   2627.042427  x:  0.01636   0.04575   0.04960   0.07401   0.03626   0.00648   0.00928   0.06612   0.01697   0.00000   0.01811   0.06891   0.04649   0.01255   0.08025   0.03066   0.09157   0.02699   0.02677   0.00000   0.05307   0.02519   0.07327   0.00000   0.01616   0.02758   0.03215   0.05156   0.02331   0.02317   0.05969   0.03673   0.02211   0.00219   0.02125   0.04562   0.01886   0.09667   0.11043   0.07192   0.06468   0.04583   0.01804   0.03653   0.03692   0.08101   0.22147   2.33252   1.15538   1.09231   1.57441   0.78524  
  4 2905.6783   2623.506582  x:  0.01443   0.04435   0.04856   0.07359   0.03551   0.00432   0.00897   0.06497   0.01685   0.00000   0.01794   0.06901   0.04469   0.01187   0.07961   0.03036   0.09163   0.02685   0.02653   0.00000   0.05270   0.02440   0.07329   0.00000   0.01706   0.02795   0.03163   0.05107   0.02330   0.02104   0.05874   0.03633   0.01993   0.00000   0.02050   0.04421   0.01829   0.09679   0.11076   0.07182   0.06338   0.04441   0.01590   0.03576   0.03656   0.08124   0.22281   2.33251   1.15552   1.09231   1.57439   0.78524  
  5 2595.6250   2618.223602  x:  0.01057   0.04245   0.04702   0.07300   0.03458   0.00000   0.00979   0.06301   0.01719   0.00000   0.01827   0.06886   0.04133   0.01184   0.07863   0.03250   0.09155   0.02664   0.02657   0.00000   0.05227   0.02363   0.07284   0.00000   0.01608   0.02863   0.03105   0.05011   0.02354   0.01677   0.05708   0.03580   0.01550   0.00000   0.02081   0.04181   0.01777   0.09701   0.11098   0.07193   0.06106   0.04196   0.01161   0.03481   0.03630   0.08131   0.22445   2.33248   1.15580   1.09228   1.57444   0.78523  
  6 2640.4642   2608.368948  x:  0.00005   0.04436   0.04479   0.07230   0.03414   0.00000   0.01202   0.05915   0.01865   0.00000   0.01986   0.06798   0.03342   0.01480   0.07701   0.03117   0.09214   0.02682   0.02772   0.00000   0.05217   0.02433   0.07131   0.00000   0.01622   0.02976   0.03121   0.05043   0.02428   0.00523   0.05399   0.03545   0.00332   0.00000   0.02090   0.03720   0.01884   0.09720   0.11069   0.07434   0.05614   0.03719   0.00000   0.03435   0.03688   0.08070   0.22633   2.33238   1.15654   1.09205   1.57478   0.78518  
  7 1804.6794   2608.326856  x:  0.00000   0.04435   0.04479   0.07230   0.03415   0.00000   0.01199   0.05914   0.01864   0.00000   0.01985   0.06798   0.03339   0.01479   0.07700   0.03118   0.09213   0.02682   0.02772   0.00000   0.05218   0.02434   0.07130   0.00000   0.01621   0.02976   0.03122   0.05044   0.02428   0.00515   0.05398   0.03544   0.00323   0.00000   0.02090   0.03719   0.01885   0.09719   0.11068   0.07436   0.05612   0.03718   0.00000   0.03436   0.03689   0.08069   0.22633   2.33238   1.15655   1.09204   1.57478   0.78518  
  8 976.1473   2607.231399  x:  0.00000   0.04432   0.04495   0.07236   0.03434   0.00000   0.01226   0.05905   0.01844   0.00000   0.01960   0.06806   0.03262   0.01432   0.07701   0.03119   0.09217   0.02682   0.02755   0.00000   0.05227   0.02434   0.07151   0.00000   0.01621   0.02976   0.03131   0.05057   0.02415   0.00220   0.05388   0.03517   0.00000   0.00000   0.02091   0.03722   0.01879   0.09715   0.11060   0.07452   0.05576   0.03720   0.00000   0.03454   0.03689   0.08071   0.22609   2.33234   1.15674   1.09193   1.57498   0.78516  
  9 1373.5043   2606.819299  x:  0.00000   0.04433   0.04503   0.07240   0.03433   0.00000   0.01218   0.05904   0.01847   0.00000   0.01965   0.06812   0.03229   0.01433   0.07704   0.03120   0.09220   0.02681   0.02750   0.00000   0.05227   0.02425   0.07160   0.00000   0.01621   0.02985   0.03127   0.05055   0.02417   0.00000   0.05381   0.03508   0.00000   0.00000   0.02092   0.03728   0.01873   0.09714   0.11062   0.07450   0.05562   0.03727   0.00000   0.03453   0.03683   0.08077   0.22605   2.33232   1.15688   1.09183   1.57514   0.78515  
 10 1730.0523   2599.153958  x:  0.00000   0.03931   0.04315   0.07140   0.02752   0.00000   0.01295   0.05602   0.01229   0.00000   0.01292   0.06660   0.00351   0.01753   0.07766   0.03144   0.09133   0.02767   0.03252   0.00000   0.04859   0.02545   0.06634   0.00000   0.01695   0.02964   0.02858   0.06470   0.02049   0.00000   0.03944   0.03380   0.00000   0.00000   0.02231   0.03682   0.02256   0.09825   0.11477   0.06925   0.03984   0.03755   0.00000   0.02784   0.03575   0.08371   0.23349   2.32815   1.17753   1.07904   1.59889   0.78342  
 11 170.8849   2590.223534  x:  0.00000   0.04115   0.03786   0.06919   0.02785   0.00000   0.01026   0.04004   0.01469   0.00000   0.01302   0.06516   0.00712   0.00728   0.07289   0.03239   0.09205   0.02724   0.03233   0.00000   0.04797   0.02853   0.06532   0.00000   0.01722   0.03558   0.03120   0.07194   0.01910   0.00000   0.01708   0.02016   0.00000   0.00000   0.02403   0.02264   0.02431   0.09942   0.11461   0.07652   0.00599   0.02321   0.00000   0.02809   0.03727   0.08383   0.24143   2.32241   1.20660   1.06224   1.63057   0.78104  
 12 246.1489   2586.769974  x:  0.00000   0.04220   0.03219   0.06680   0.03008   0.00000   0.00827   0.02836   0.01393   0.00000   0.01356   0.06491   0.00468   0.00359   0.06739   0.03306   0.09308   0.02685   0.02944   0.00000   0.04863   0.02956   0.06712   0.00000   0.01681   0.04013   0.03398   0.07234   0.01986   0.00000   0.01370   0.01011   0.00000   0.00000   0.02478   0.01083   0.02365   0.10021   0.11300   0.08490   0.01355   0.01059   0.00000   0.03019   0.03852   0.08371   0.24730   2.31952   1.22140   1.05468   1.64585   0.77984  
 13 275.3509   2585.547341  x:  0.00000   0.03950   0.02702   0.06436   0.03251   0.00000   0.00745   0.02084   0.01008   0.00000   0.00964   0.06607   0.00534   0.00907   0.06132   0.03349   0.09476   0.02661   0.02448   0.00000   0.04967   0.02856   0.07113   0.00000   0.01611   0.04186   0.03629   0.07158   0.01872   0.00000   0.01881   0.01115   0.00000   0.00000   0.02502   0.00934   0.02128   0.10042   0.11141   0.09227   0.01214   0.00869   0.00000   0.03236   0.03880   0.08308   0.25260   2.31811   1.22901   1.05197   1.65248   0.77927  
 14 175.7658   2584.355592  x:  0.00000   0.03670   0.01915   0.06025   0.03429   0.00000   0.00603   0.01674   0.01119   0.00000   0.01134   0.06634   0.00425   0.00511   0.05202   0.03434   0.09776   0.02681   0.02107   0.00000   0.05051   0.02845   0.07343   0.00000   0.01474   0.04184   0.03879   0.07146   0.01811   0.00000   0.02178   0.01701   0.00000   0.00000   0.02534   0.01240   0.02006   0.10073   0.10977   0.10285   0.01262   0.01285   0.00000   0.03384   0.03971   0.08154   0.26266   2.31654   1.23763   1.05012   1.65904   0.77860  
 15 178.3445   2583.297669  x:  0.00000   0.03117   0.01784   0.05612   0.03586   0.00000   0.00411   0.02894   0.01053   0.00000   0.00908   0.06756   0.00463   0.00481   0.04183   0.03543   0.10405   0.02691   0.02052   0.00000   0.05146   0.02697   0.07620   0.00000   0.01308   0.03847   0.03955   0.07132   0.01775   0.00000   0.02243   0.01588   0.00000   0.00000   0.02573   0.01369   0.01788   0.10028   0.10860   0.11718   0.01252   0.01221   0.00000   0.03490   0.03963   0.08052   0.27625   2.31470   1.24807   1.04982   1.66549   0.77775  
 16 125.4931   2582.654379  x:  0.00000   0.02375   0.02577   0.05574   0.03585   0.00000   0.00331   0.02722   0.00729   0.00000   0.01197   0.06899   0.00656   0.00466   0.04455   0.03584   0.11181   0.02654   0.02253   0.00000   0.05158   0.02605   0.07775   0.00000   0.01153   0.03424   0.03817   0.07457   0.01609   0.00000   0.02235   0.01491   0.00000   0.00000   0.02607   0.01310   0.01732   0.09893   0.10980   0.12792   0.01357   0.01476   0.00000   0.03492   0.03837   0.08152   0.28722   2.31347   1.25546   1.05244   1.66813   0.77701  
 17 79.7368   2582.211015  x:  0.00000   0.01804   0.03119   0.05629   0.03580   0.00000   0.00268   0.02563   0.01132   0.00000   0.00885   0.06986   0.00758   0.00416   0.04948   0.03603   0.11862   0.02627   0.02329   0.00000   0.05154   0.02592   0.07862   0.00000   0.01017   0.03239   0.03712   0.07716   0.01586   0.00000   0.02317   0.01551   0.00000   0.00000   0.02629   0.01349   0.01706   0.09765   0.11119   0.13623   0.01463   0.01501   0.00000   0.03499   0.03749   0.08240   0.29550   2.31261   1.26071   1.05541   1.66928   0.77642  
 18 189.8775   2581.740546  x:  0.00000   0.01295   0.03350   0.05831   0.03592   0.00000   0.00229   0.02731   0.00954   0.00000   0.00855   0.06967   0.00813   0.00255   0.05857   0.03610   0.12848   0.02609   0.02208   0.00000   0.05132   0.02752   0.07811   0.00000   0.00828   0.03609   0.03642   0.07834   0.01858   0.00000   0.02421   0.01889   0.00000   0.00000   0.02637   0.01542   0.01658   0.09555   0.11351   0.14693   0.01470   0.01217   0.00000   0.03542   0.03738   0.08288   0.30449   2.31189   1.26564   1.06112   1.66835   0.77567  
 19 104.7178   2581.380442  x:  0.00000   0.00859   0.03317   0.05982   0.03666   0.00000   0.00227   0.02901   0.00998   0.00000   0.00916   0.06903   0.00815   0.00359   0.06454   0.03595   0.13714   0.02595   0.02023   0.00000   0.05125   0.02982   0.07768   0.00000   0.00686   0.03833   0.03651   0.07923   0.01658   0.00000   0.02271   0.01845   0.00000   0.00000   0.02641   0.01503   0.01458   0.09309   0.11580   0.15737   0.01506   0.01360   0.00000   0.03644   0.03806   0.08278   0.31204   2.31149   1.26880   1.06754   1.66575   0.77500  
 20 128.1347   2581.126320  x:  0.00000   0.00823   0.03507   0.06063   0.03644   0.00000   0.00188   0.02905   0.00930   0.00000   0.00750   0.06772   0.00763   0.00313   0.06689   0.03596   0.14319   0.02497   0.02321   0.00000   0.05121   0.03069   0.07506   0.00000   0.00593   0.03906   0.03544   0.07533   0.01595   0.00000   0.02374   0.01869   0.00000   0.00000   0.02634   0.01403   0.01203   0.09057   0.11723   0.16654   0.01469   0.01558   0.00000   0.03633   0.03861   0.08186   0.31746   2.31124   1.27114   1.07466   1.66212   0.77432  
 21 81.3793   2580.897135  x:  0.00000   0.00659   0.03842   0.06078   0.03657   0.00000   0.00214   0.02890   0.01026   0.00000   0.00903   0.06752   0.00686   0.00300   0.06610   0.03567   0.14738   0.02519   0.02500   0.00000   0.05150   0.03084   0.07412   0.00000   0.00519   0.03665   0.03394   0.07440   0.01663   0.00000   0.02621   0.01992   0.00000   0.00000   0.02634   0.01481   0.01057   0.08803   0.11818   0.17536   0.01379   0.01334   0.00000   0.03641   0.03869   0.08136   0.32183   2.31110   1.27302   1.08333   1.65696   0.77357  
 22 76.4437   2580.740185  x:  0.00000   0.00643   0.04103   0.06058   0.03628   0.00000   0.00218   0.02833   0.00982   0.00000   0.00807   0.06782   0.00688   0.00356   0.06525   0.03565   0.14714   0.02547   0.02288   0.00000   0.05186   0.03000   0.07362   0.00000   0.00495   0.03564   0.03208   0.07311   0.01795   0.00000   0.02280   0.02195   0.00000   0.00000   0.02636   0.01533   0.01197   0.08728   0.11745   0.18096   0.01453   0.01307   0.00000   0.03600   0.03824   0.08162   0.32336   2.31091   1.27513   1.09164   1.65199   0.77281  
 23 41.6264   2580.424433  x:  0.00000   0.00682   0.04266   0.06013   0.03401   0.00000   0.00206   0.02968   0.01035   0.00000   0.00876   0.06810   0.00680   0.00301   0.06638   0.03576   0.14146   0.02559   0.02026   0.00000   0.05178   0.02857   0.07210   0.00000   0.00484   0.03788   0.02937   0.07412   0.01448   0.00000   0.02487   0.02288   0.00000   0.00000   0.02651   0.01357   0.01443   0.08862   0.11499   0.18698   0.01395   0.01300   0.00000   0.03359   0.03714   0.08270   0.32433   2.31027   1.28091   1.11178   1.64025   0.77094  
 24 45.1758   2579.941009  x:  0.00000   0.00649   0.03978   0.05938   0.03173   0.00000   0.00211   0.02931   0.01007   0.00000   0.00836   0.06869   0.00709   0.00332   0.06820   0.03592   0.13330   0.02590   0.02222   0.00000   0.05124   0.02770   0.07277   0.00000   0.00514   0.03940   0.02947   0.07887   0.01929   0.00000   0.02568   0.01854   0.00000   0.00000   0.02684   0.01454   0.01325   0.09154   0.11279   0.19264   0.01309   0.01516   0.00000   0.03136   0.03642   0.08453   0.32546   2.30913   1.29071   1.14527   1.62058   0.76789  
 25 115.4200   2579.501689  x:  0.00000   0.00741   0.03732   0.05969   0.03230   0.00000   0.00175   0.02871   0.00996   0.00000   0.00886   0.06922   0.00704   0.00387   0.06941   0.03619   0.13116   0.02509   0.02561   0.00000   0.05067   0.02704   0.07529   0.00000   0.00570   0.03796   0.03267   0.07846   0.01623   0.00000   0.02274   0.01985   0.00000   0.00000   0.02711   0.01754   0.00947   0.09360   0.11394   0.19043   0.01374   0.01211   0.00000   0.03223   0.03654   0.08531   0.32477   2.30797   1.29979   1.17441   1.60351   0.76542  
 26 103.3239   2578.874943  x:  0.00000   0.00740   0.03553   0.06039   0.03540   0.00000   0.00180   0.02948   0.01028   0.00000   0.00915   0.07030   0.00679   0.00338   0.06580   0.03647   0.13748   0.02658   0.02668   0.00000   0.05010   0.02686   0.07947   0.00000   0.00591   0.03692   0.03577   0.07795   0.01785   0.00000   0.02272   0.02277   0.00000   0.00000   0.02752   0.01141   0.01243   0.09500   0.11920   0.17982   0.01353   0.01345   0.00000   0.03550   0.03730   0.08548   0.32351   2.30628   1.31213   1.21372   1.58002   0.76248  
 27 118.7884   2578.513077  x:  0.00000   0.00821   0.03543   0.05992   0.03617   0.00000   0.00163   0.02739   0.01011   0.00000   0.00890   0.06912   0.00684   0.00340   0.06115   0.03683   0.14396   0.02602   0.02359   0.00000   0.05027   0.02883   0.07691   0.00000   0.00607   0.03769   0.03477   0.07755   0.01753   0.00000   0.02354   0.01813   0.00000   0.00000   0.02777   0.01501   0.01607   0.09430   0.12182   0.17137   0.01327   0.01289   0.00000   0.03609   0.03840   0.08407   0.32437   2.30514   1.31924   1.23485   1.56736   0.76132  
 28 98.2505   2578.264322  x:  0.00000   0.00806   0.03780   0.05892   0.03650   0.00000   0.00181   0.02715   0.01048   0.00000   0.00886   0.06902   0.00721   0.00347   0.05811   0.03685   0.14670   0.02454   0.02237   0.00000   0.05304   0.03059   0.07404   0.00000   0.00635   0.04112   0.03376   0.08134   0.01829   0.00000   0.02263   0.01951   0.00000   0.00000   0.02788   0.01403   0.01071   0.09007   0.11793   0.16681   0.01392   0.01306   0.00000   0.03566   0.03813   0.08250   0.32504   2.30416   1.32250   1.24088   1.56350   0.76252  
 29 20.3254   2577.487878  x:  0.00000   0.00860   0.03324   0.05739   0.03515   0.00000   0.00201   0.02669   0.01026   0.00000   0.00870   0.07021   0.00791   0.00354   0.06057   0.03727   0.15153   0.03518   0.02621   0.00000   0.05746   0.02981   0.07627   0.00000   0.00657   0.04160   0.02944   0.08083   0.01694   0.00000   0.02205   0.01881   0.00000   0.00000   0.02830   0.01464   0.01195   0.07769   0.10709   0.16276   0.01450   0.01267   0.00000   0.03324   0.03668   0.08113   0.32864   2.30063   1.32888   1.24397   1.56037   0.77017  
 30 17.1461   2574.663996  x:  0.00000   0.01341   0.02517   0.05623   0.02949   0.00000   0.00285   0.02924   0.01107   0.00000   0.01133   0.07002   0.00748   0.00444   0.06918   0.03835   0.15684   0.01840   0.02441   0.00000   0.05789   0.02695   0.08061   0.00000   0.00754   0.03180   0.03066   0.07854   0.02035   0.00000   0.02499   0.01842   0.00000   0.00000   0.02978   0.01237   0.01893   0.06347   0.10003   0.16143   0.01415   0.01294   0.00000   0.02859   0.03702   0.08262   0.34308   2.28888   1.34524   1.24191   1.55749   0.79716  
 31 42.6027   2561.807931  x:  0.00000   0.02586   0.03823   0.05710   0.01076   0.00000   0.00803   0.03244   0.01515   0.00000   0.01439   0.06145   0.00937   0.00823   0.06864   0.04302   0.16935   0.03730   0.02615   0.00000   0.03402   0.02042   0.07719   0.00000   0.00986   0.05025   0.05352   0.07670   0.02476   0.00000   0.02945   0.01894   0.00000   0.00000   0.03682   0.01513   0.02020   0.08595   0.13735   0.17861   0.01762   0.01458   0.00000   0.01918   0.04452   0.09594   0.41550   2.22984   1.41827   1.21725   1.55334   0.93150  
 32 129.3191   2559.229234  x:  0.00000   0.02915   0.03403   0.05802   0.03630   0.00000   0.00998   0.03321   0.01580   0.00000   0.01503   0.06557   0.01021   0.00940   0.07083   0.04424   0.16862   0.03706   0.03274   0.00000   0.03345   0.01707   0.06963   0.00000   0.01093   0.05523   0.03880   0.07882   0.02492   0.00000   0.02988   0.01961   0.00000   0.00000   0.03870   0.01626   0.02122   0.09761   0.15197   0.18265   0.01869   0.01475   0.00000   0.01748   0.03708   0.09972   0.43781   2.21543   1.43301   1.21125   1.55406   0.96211  
 33 224.3285   2558.033427  x:  0.00000   0.03013   0.02944   0.06035   0.03211   0.00000   0.01061   0.03347   0.01590   0.00000   0.01533   0.07000   0.01072   0.00973   0.07105   0.04483   0.16874   0.03579   0.03567   0.00000   0.04094   0.02207   0.06912   0.00000   0.01151   0.05524   0.02341   0.07952   0.02497   0.00000   0.02998   0.02059   0.00000   0.00000   0.03936   0.01613   0.01962   0.10511   0.16050   0.18526   0.01925   0.01467   0.00000   0.02834   0.03158   0.09819   0.44215   2.21157   1.43331   1.20991   1.55654   0.96723  
 34 100.1118   2557.335833  x:  0.00000   0.03020   0.02576   0.06369   0.03040   0.00000   0.01052   0.03329   0.01587   0.00000   0.01550   0.07255   0.01157   0.00966   0.07071   0.04540   0.17335   0.03607   0.03490   0.00000   0.04506   0.02317   0.07023   0.00000   0.01161   0.05264   0.01772   0.08125   0.02524   0.00000   0.03000   0.02149   0.00000   0.00000   0.03969   0.01535   0.01693   0.10910   0.16647   0.18943   0.02001   0.01441   0.00000   0.01793   0.03138   0.09115   0.43662   2.21236   1.42113   1.21176   1.56285   0.95616  
 35 39.7634   2555.931591  x:  0.00000   0.03060   0.02104   0.06139   0.02787   0.00000   0.01059   0.03320   0.01586   0.00000   0.01565   0.07519   0.01256   0.00973   0.07177   0.04633   0.17963   0.03716   0.03427   0.00000   0.04185   0.01123   0.06164   0.00000   0.01155   0.05112   0.01900   0.08600   0.02549   0.00000   0.02994   0.02161   0.00000   0.00000   0.04037   0.01493   0.01597   0.10785   0.17063   0.19383   0.02063   0.01411   0.00000   0.02066   0.02361   0.08548   0.43567   2.21810   1.37947   1.21979   1.58064   0.91527  
 36 67.4185   2552.708879  x:  0.00000   0.03211   0.02133   0.04831   0.02879   0.00000   0.01103   0.03358   0.01660   0.00000   0.01643   0.08152   0.01202   0.01025   0.07247   0.04813   0.18305   0.03807   0.03380   0.00000   0.02703   0.02176   0.06500   0.00000   0.01200   0.05377   0.01469   0.08388   0.02659   0.00000   0.03072   0.02265   0.00000   0.00000   0.04217   0.01437   0.01328   0.10065   0.17446   0.19670   0.01989   0.01410   0.00000   0.02094   0.02099   0.09505   0.45238   2.23551   1.26373   1.24220   1.62785   0.79946  
 37 232.2630   2551.343736  x:  0.00000   0.03293   0.02299   0.04976   0.02926   0.00000   0.01143   0.03379   0.01693   0.00000   0.01664   0.07996   0.01146   0.01057   0.07249   0.04871   0.18191   0.03796   0.03499   0.00000   0.04076   0.01763   0.06767   0.00000   0.01213   0.05715   0.01677   0.08325   0.02667   0.00000   0.03080   0.02247   0.00000   0.00000   0.04304   0.01483   0.01487   0.09985   0.17696   0.19525   0.01925   0.01413   0.00000   0.02064   0.03039   0.10293   0.46902   2.24451   1.20857   1.25239   1.64888   0.74350  
 38 293.5105   2551.105962  x:  0.00000   0.03336   0.02354   0.05893   0.02976   0.00000   0.01151   0.03376   0.01698   0.00000   0.01675   0.07469   0.01123   0.01061   0.07091   0.04886   0.18084   0.03817   0.03457   0.00000   0.04089   0.01847   0.07011   0.00000   0.01230   0.05699   0.01771   0.08293   0.02688   0.00000   0.03093   0.02231   0.00000   0.00000   0.04320   0.01481   0.01502   0.10068   0.17453   0.19419   0.01914   0.01425   0.00000   0.02056   0.02584   0.10156   0.47461   2.24711   1.19992   1.25285   1.65058   0.73330  
 39 47.3802   2551.057524  x:  0.00000   0.03351   0.02369   0.06083   0.02998   0.00000   0.01151   0.03382   0.01701   0.00000   0.01684   0.07407   0.01111   0.01063   0.07122   0.04888   0.18079   0.03838   0.03415   0.00000   0.03909   0.01753   0.07055   0.00000   0.01244   0.05643   0.01624   0.08312   0.02708   0.00000   0.03099   0.02237   0.00000   0.00000   0.04323   0.01468   0.01438   0.10178   0.17289   0.19370   0.01912   0.01430   0.00000   0.02146   0.02820   0.09986   0.47594   2.24863   1.19884   1.25173   1.64925   0.73077  
 40 16.9079   2550.913654  x:  0.00000   0.03411   0.02486   0.06039   0.03004   0.00000   0.01157   0.03414   0.01710   0.00000   0.01715   0.07888   0.01038   0.01073   0.07382   0.04896   0.18205   0.03909   0.03289   0.00000   0.03931   0.01856   0.06975   0.00000   0.01275   0.05446   0.01812   0.08151   0.02760   0.00000   0.03126   0.02197   0.00000   0.00000   0.04335   0.01436   0.01390   0.10818   0.16781   0.19193   0.01877   0.01449   0.00000   0.02150   0.02820   0.09473   0.48094   2.25714   1.19785   1.24383   1.63839   0.72176  
 41 15.1445   2550.449348  x:  0.00000   0.03312   0.02507   0.05382   0.02934   0.00000   0.01210   0.03404   0.01690   0.00000   0.01640   0.07325   0.01092   0.01065   0.07465   0.04936   0.18991   0.03582   0.03629   0.00000   0.03968   0.01671   0.07431   0.00000   0.01256   0.05646   0.01652   0.08373   0.02599   0.00000   0.03020   0.02240   0.00000   0.00000   0.04367   0.01532   0.01541   0.11774   0.16105   0.19310   0.01928   0.01423   0.00000   0.02081   0.02592   0.09690   0.48206   2.28980   1.19752   1.21181   1.59504   0.69329  
 42 30.7314   2549.835058  x:  0.00000   0.03290   0.02210   0.05985   0.02850   0.00000   0.01214   0.03403   0.01656   0.00000   0.01611   0.07686   0.01177   0.01016   0.07418   0.05031   0.19006   0.03801   0.03369   0.00000   0.03898   0.01767   0.06777   0.00000   0.01264   0.05232   0.01632   0.08415   0.02584   0.00000   0.03108   0.02293   0.00000   0.00000   0.04407   0.01475   0.01195   0.11277   0.16484   0.19502   0.01939   0.01430   0.00000   0.02009   0.02688   0.10864   0.48255   2.33491   1.19557   1.16824   1.53604   0.66065  
 43 74.7465   2549.358407  x:  0.00000   0.03253   0.02400   0.05851   0.02864   0.00000   0.01229   0.03396   0.01647   0.00000   0.01558   0.07938   0.01189   0.01005   0.07466   0.05075   0.18120   0.03733   0.03425   0.00000   0.03844   0.01700   0.07248   0.00000   0.01234   0.05689   0.01695   0.08582   0.02510   0.00000   0.03021   0.02259   0.00000   0.00000   0.04438   0.01552   0.01325   0.09943   0.17801   0.19562   0.02004   0.01442   0.00000   0.02055   0.02676   0.09789   0.48806   2.37068   1.18538   1.13865   1.49152   0.64744  
 44 53.2861   2548.762974  x:  0.00000   0.03318   0.02464   0.05239   0.03009   0.00000   0.01190   0.03449   0.01645   0.00000   0.01609   0.07079   0.01087   0.00979   0.07975   0.05168   0.17922   0.04132   0.02792   0.00000   0.04122   0.01729   0.07290   0.00000   0.01293   0.05066   0.01587   0.08504   0.02663   0.00000   0.03110   0.02252   0.00000   0.00000   0.04481   0.01393   0.00762   0.09927   0.18124   0.19449   0.01901   0.01476   0.00000   0.02110   0.02530   0.09702   0.49270   2.41426   1.15014   1.11607   1.44521   0.66304  
 45 27.8759   2547.092925  x:  0.00000   0.03054   0.02314   0.05801   0.02802   0.00000   0.01239   0.03283   0.01538   0.00000   0.01384   0.08192   0.01122   0.00872   0.07582   0.05422   0.18648   0.03689   0.03058   0.00000   0.03881   0.01566   0.07732   0.00000   0.01264   0.05354   0.01660   0.09067   0.02295   0.00000   0.02809   0.02217   0.00000   0.00000   0.04614   0.01529   0.00784   0.10376   0.17552   0.19622   0.01881   0.01411   0.00000   0.02021   0.02594   0.10433   0.50407   2.54036   1.03883   1.05716   1.31535   0.72100  
 46 150.2063   2541.045575  x:  0.00000   0.03341   0.02028   0.06074   0.02659   0.00000   0.01542   0.02747   0.01269   0.00000   0.00965   0.09418   0.00573   0.00632   0.06692   0.06371   0.18863   0.03573   0.02096   0.00000   0.03790   0.00988   0.09788   0.00000   0.01528   0.04960   0.01918   0.09748   0.01761   0.00000   0.02133   0.01442   0.00000   0.00000   0.04868   0.01542   0.00000   0.10375   0.18173   0.17655   0.01187   0.01395   0.00000   0.02016   0.02532   0.11988   0.53137   2.81537   1.22462   1.16788   1.54013   0.78060  
 47  3.5616   2537.260853  x:  0.00000   0.03533   0.02078   0.05810   0.02406   0.00000   0.01251   0.02496   0.01366   0.00000   0.01272   0.09964   0.00156   0.00776   0.05619   0.06947   0.19090   0.03611   0.01742   0.00000   0.03871   0.00772   0.10344   0.00000   0.01739   0.05114   0.01762   0.10453   0.02189   0.00000   0.01864   0.01445   0.00000   0.00000   0.05003   0.01120   0.00192   0.09935   0.17555   0.16361   0.00737   0.01191   0.00000   0.01891   0.02283   0.12625   0.55735   2.42182   1.20421   1.08876   1.49026   0.75622  
 48  3.2067   2534.648055  x:  0.00000   0.03735   0.01345   0.05503   0.02039   0.00000   0.01162   0.02195   0.01448   0.00000   0.01409   0.09930   0.00696   0.00781   0.04463   0.07731   0.19495   0.03442   0.01507   0.00000   0.03803   0.01018   0.10947   0.00000   0.01874   0.05227   0.01963   0.11122   0.02282   0.00000   0.01575   0.01560   0.00000   0.00000   0.05126   0.00878   0.00658   0.09725   0.17601   0.14830   0.00851   0.01030   0.00000   0.01845   0.02352   0.12778   0.58955   2.18370   1.21584   1.05943   1.48367   0.75018  
 49  1.2279   2533.323325  x:  0.00000   0.04211   0.01335   0.05359   0.01906   0.00000   0.01078   0.02245   0.01557   0.00000   0.01681   0.09721   0.00616   0.00947   0.03679   0.08240   0.19408   0.03447   0.01778   0.00000   0.03895   0.01276   0.10948   0.00000   0.02157   0.05340   0.01969   0.11216   0.02583   0.00000   0.01912   0.01854   0.00000   0.00000   0.05088   0.00792   0.01262   0.09576   0.17509   0.13875   0.00933   0.00990   0.00000   0.01852   0.02401   0.12709   0.60521   2.47152   1.25888   1.08532   1.55451   0.78858  
 50  1.2868   2529.662830  x:  0.00000   0.05559   0.00980   0.04856   0.01652   0.00000   0.01852   0.02585   0.01215   0.00000   0.01233   0.09042   0.00476   0.00835   0.03868   0.10283   0.19640   0.03086   0.02017   0.00000   0.03730   0.01920   0.12071   0.00000   0.03153   0.04242   0.02359   0.11183   0.01697   0.00000   0.02847   0.02359   0.00000   0.00000   0.04835   0.01663   0.01417   0.10304   0.18747   0.12463   0.01473   0.01396   0.00000   0.02122   0.02778   0.12152   0.62796   2.32384   1.28047   1.19293   1.58500   0.77373  
 51  0.4299   2526.283267  x:  0.00000   0.07712   0.02745   0.04884   0.01949   0.00000   0.01879   0.02857   0.01526   0.00000   0.01884   0.08959   0.00763   0.01124   0.04135   0.12585   0.19367   0.03297   0.01660   0.00000   0.03767   0.01486   0.12662   0.00000   0.04618   0.03983   0.02081   0.11345   0.02558   0.00000   0.03390   0.02988   0.00000   0.00000   0.04213   0.01822   0.00679   0.09606   0.17726   0.13213   0.01697   0.01775   0.00000   0.01961   0.02727   0.11827   0.64092   2.31622   1.25515   1.16085   1.57125   0.76741  
 52  0.0576   2521.352546  x:  0.00000   0.11106   0.01607   0.05221   0.02083   0.00000   0.02334   0.02443   0.01431   0.00000   0.02076   0.07893   0.00703   0.01190   0.04042   0.15848   0.14398   0.03260   0.02145   0.00000   0.03792   0.01094   0.12465   0.00000   0.07624   0.02844   0.01931   0.10651   0.02551   0.00000   0.02555   0.02365   0.00000   0.00000   0.03226   0.01520   0.00879   0.10493   0.16668   0.07755   0.01252   0.01825   0.00000   0.01774   0.02796   0.10851   0.64824   2.46182   1.25424   1.15212   1.60634   0.78760  
 53  0.1418   2519.412640  x:  0.00000   0.11956   0.00838   0.05421   0.01788   0.00000   0.02336   0.02487   0.01356   0.00000   0.01944   0.08698   0.00646   0.01143   0.04191   0.16597   0.13477   0.03060   0.02250   0.00000   0.03893   0.01458   0.12154   0.00000   0.08530   0.03384   0.01872   0.11357   0.02281   0.00000   0.01923   0.02010   0.00000   0.00000   0.03016   0.01171   0.00385   0.10602   0.15999   0.09008   0.01119   0.01509   0.00000   0.01952   0.02574   0.11295   0.60467   2.39575   1.24706   1.12178   1.56932   0.78640  
 54  0.1026   2518.242714  x:  0.00000   0.12529   0.01511   0.05330   0.01777   0.00000   0.02381   0.02559   0.01202   0.00000   0.01572   0.09429   0.00572   0.01069   0.04571   0.16878   0.12773   0.02931   0.01898   0.00000   0.03941   0.01409   0.11762   0.00000   0.09133   0.03513   0.01887   0.11716   0.01822   0.00000   0.01993   0.01822   0.00000   0.00000   0.03053   0.01079   0.00748   0.10660   0.15527   0.08309   0.01295   0.01158   0.00000   0.02015   0.02368   0.11963   0.56071   2.32469   1.26297   1.12950   1.55055   0.78856  
 55  0.1419   2517.603030  x:  0.00000   0.12825   0.01295   0.05114   0.01937   0.00000   0.02136   0.02676   0.01288   0.00000   0.01535   0.09414   0.00601   0.01059   0.04460   0.16786   0.13486   0.03167   0.01668   0.00000   0.03697   0.01102   0.11481   0.00000   0.09440   0.03496   0.02095   0.12135   0.02022   0.00000   0.02230   0.02104   0.00000   0.00000   0.03430   0.01108   0.00582   0.10531   0.15315   0.07663   0.01737   0.01090   0.00000   0.01804   0.02643   0.12111   0.53135   2.29804   1.25177   1.13567   1.56315   0.78327  
 56  0.0438   2517.016563  x:  0.00000   0.13180   0.01275   0.04984   0.02023   0.00000   0.01800   0.02459   0.01417   0.00000   0.01483   0.09138   0.00580   0.00962   0.04252   0.16411   0.13646   0.03234   0.02040   0.00000   0.03891   0.01294   0.11030   0.00000   0.09821   0.03755   0.02008   0.12214   0.02168   0.00000   0.01840   0.02001   0.00000   0.00000   0.04013   0.01427   0.00731   0.10587   0.15361   0.08118   0.01855   0.01462   0.00000   0.01882   0.02594   0.11804   0.51719   2.34129   1.25539   1.13901   1.58486   0.78724  
 57  0.0330   2516.348432  x:  0.00000   0.13789   0.01284   0.05231   0.01891   0.00000   0.01290   0.02425   0.01445   0.00000   0.01321   0.08933   0.00623   0.00806   0.04583   0.16155   0.12946   0.03224   0.02067   0.00000   0.04134   0.01515   0.10663   0.00000   0.10547   0.03305   0.01716   0.11757   0.02197   0.00000   0.02352   0.02350   0.00000   0.00000   0.04632   0.01380   0.00424   0.10752   0.15495   0.07175   0.01682   0.01424   0.00000   0.02002   0.02417   0.11416   0.52236   2.33588   1.25493   1.13504   1.57793   0.78528  
 58  0.0166   2515.824389  x:  0.00000   0.14103   0.01159   0.05328   0.01901   0.00000   0.00787   0.02476   0.01435   0.00000   0.01215   0.08723   0.00635   0.00632   0.04746   0.15731   0.12891   0.03139   0.01796   0.00000   0.03990   0.01309   0.10771   0.00000   0.10961   0.03235   0.01898   0.11513   0.02108   0.00000   0.02387   0.02254   0.00000   0.00000   0.05013   0.01277   0.00697   0.10783   0.15587   0.08047   0.01355   0.01330   0.00000   0.01971   0.02556   0.11390   0.52926   2.37414   1.26394   1.14362   1.57799   0.78835  
 59  0.0481   2515.542517  x:  0.00000   0.14248   0.01381   0.05248   0.01878   0.00000   0.00579   0.02533   0.01382   0.00000   0.01234   0.08910   0.00666   0.00591   0.04471   0.15713   0.13179   0.02927   0.02033   0.00000   0.03784   0.01177   0.11125   0.00000   0.11219   0.03514   0.02004   0.11488   0.01936   0.00000   0.02153   0.02194   0.00000   0.00000   0.04869   0.01229   0.00574   0.10844   0.15386   0.07888   0.01418   0.01254   0.00000   0.01870   0.02625   0.11556   0.54133   2.33004   1.26404   1.14208   1.57243   0.78450  
 60  0.0505   2515.376901  x:  0.00000   0.14488   0.01371   0.05170   0.01954   0.00000   0.00703   0.02635   0.01298   0.00000   0.01313   0.09128   0.00641   0.00626   0.04482   0.15964   0.13176   0.03013   0.01863   0.00000   0.03744   0.01269   0.11525   0.00000   0.11417   0.03426   0.02068   0.11473   0.01861   0.00000   0.01996   0.01994   0.00000   0.00000   0.04390   0.01249   0.00635   0.10951   0.15513   0.07503   0.01566   0.01269   0.00000   0.01899   0.02594   0.11750   0.54816   2.32360   1.26911   1.14690   1.57953   0.78531  
 61  0.0191   2515.274418  x:  0.00000   0.14622   0.01369   0.05174   0.01937   0.00000   0.00572   0.02666   0.01264   0.00000   0.01341   0.09213   0.00643   0.00638   0.04633   0.15755   0.13407   0.03149   0.01887   0.00000   0.03850   0.01297   0.11613   0.00000   0.11617   0.03283   0.01978   0.11449   0.01911   0.00000   0.02150   0.02018   0.00000   0.00000   0.04070   0.01289   0.00609   0.10965   0.15735   0.07889   0.01661   0.01265   0.00000   0.01943   0.02511   0.11812   0.54720   2.32405   1.26612   1.14381   1.57853   0.78441  
 62  0.0076   2515.213520  x:  0.00000   0.14689   0.01312   0.05252   0.01930   0.00000   0.00602   0.02551   0.01234   0.00000   0.01246   0.09055   0.00632   0.00631   0.04565   0.15553   0.13200   0.03109   0.02004   0.00000   0.03839   0.01257   0.11451   0.00000   0.11826   0.03275   0.01940   0.11543   0.01868   0.00000   0.02155   0.02030   0.00000   0.00000   0.03768   0.01297   0.00600   0.11040   0.15869   0.07716   0.01627   0.01254   0.00000   0.01912   0.02575   0.11726   0.54425   2.33411   1.26238   1.14539   1.57610   0.78373  
 63  0.0085   2515.180344  x:  0.00000   0.14596   0.01314   0.05233   0.01934   0.00000   0.00551   0.02536   0.01282   0.00000   0.01229   0.08982   0.00629   0.00633   0.04607   0.15178   0.13274   0.03081   0.01908   0.00000   0.03831   0.01305   0.11312   0.00000   0.11858   0.03384   0.01958   0.11677   0.01928   0.00000   0.02113   0.02064   0.00000   0.00000   0.03758   0.01298   0.00586   0.11052   0.15784   0.07581   0.01572   0.01297   0.00000   0.01929   0.02594   0.11677   0.54638   2.34689   1.26353   1.14492   1.57574   0.78500  
 64  0.0101   2515.150706  x:  0.00000   0.14447   0.01352   0.05203   0.01923   0.00000   0.00635   0.02562   0.01323   0.00000   0.01218   0.09048   0.00634   0.00646   0.04547   0.14827   0.13364   0.03068   0.01890   0.00000   0.03825   0.01272   0.11286   0.00000   0.11840   0.03389   0.01969   0.11755   0.01937   0.00000   0.02141   0.02119   0.00000   0.00000   0.03728   0.01292   0.00576   0.11054   0.15732   0.07817   0.01531   0.01309   0.00000   0.01934   0.02552   0.11741   0.54849   2.33587   1.26505   1.14404   1.57596   0.78424  
 65  0.0099   2515.119511  x:  0.00000   0.14617   0.01301   0.05176   0.01927   0.00000   0.00617   0.02612   0.01338   0.00000   0.01242   0.09158   0.00630   0.00636   0.04528   0.14506   0.13116   0.03104   0.01911   0.00000   0.03826   0.01240   0.11309   0.00000   0.12190   0.03289   0.01981   0.11728   0.01928   0.00000   0.02130   0.02092   0.00000   0.00000   0.03798   0.01277   0.00633   0.10993   0.15641   0.07651   0.01565   0.01284   0.00000   0.01911   0.02513   0.11789   0.54871   2.32038   1.26834   1.14486   1.58133   0.78520  
 66  0.0109   2515.100518  x:  0.00000   0.14710   0.01342   0.05203   0.01926   0.00000   0.00636   0.02595   0.01299   0.00000   0.01270   0.09112   0.00633   0.00631   0.04614   0.14362   0.13198   0.03091   0.01912   0.00000   0.03809   0.01294   0.11389   0.00000   0.12431   0.03253   0.01986   0.11722   0.01896   0.00000   0.02099   0.02069   0.00000   0.00000   0.03845   0.01283   0.00580   0.10996   0.15618   0.07686   0.01614   0.01260   0.00000   0.01899   0.02578   0.11723   0.54832   2.33056   1.26560   1.14402   1.57818   0.78535  
 67  0.0074   2515.092962  x:  0.00000   0.14722   0.01333   0.05219   0.01911   0.00000   0.00650   0.02574   0.01282   0.00000   0.01293   0.09077   0.00640   0.00646   0.04578   0.14362   0.13270   0.03071   0.01926   0.00000   0.03843   0.01264   0.11433   0.00000   0.12530   0.03316   0.01950   0.11693   0.01923   0.00000   0.02135   0.02059   0.00000   0.00000   0.03881   0.01285   0.00591   0.10978   0.15617   0.07630   0.01612   0.01281   0.00000   0.01932   0.02558   0.11720   0.54825   2.33699   1.26403   1.14401   1.57640   0.78561  
 68  0.0050   2515.083204  x:  0.00000   0.14653   0.01331   0.05183   0.01943   0.00000   0.00652   0.02551   0.01264   0.00000   0.01274   0.09018   0.00639   0.00653   0.04476   0.14414   0.13261   0.03072   0.01893   0.00000   0.03840   0.01293   0.11454   0.00000   0.12684   0.03299   0.01962   0.11636   0.01927   0.00000   0.02158   0.02091   0.00000   0.00000   0.03910   0.01267   0.00593   0.10962   0.15654   0.07682   0.01561   0.01276   0.00000   0.01893   0.02546   0.11741   0.54682   2.32940   1.26223   1.14214   1.57354   0.78502  
 69  0.0027   2515.061689  x:  0.00000   0.14350   0.01318   0.05154   0.01938   0.00000   0.00653   0.02593   0.01262   0.00000   0.01265   0.09032   0.00643   0.00693   0.04651   0.14554   0.13267   0.03081   0.01910   0.00000   0.03829   0.01261   0.11478   0.00000   0.12918   0.03333   0.01985   0.11589   0.01932   0.00000   0.02105   0.02141   0.00000   0.00000   0.03867   0.01264   0.00610   0.11010   0.15628   0.07702   0.01564   0.01265   0.00000   0.01899   0.02555   0.11732   0.54723   2.32890   1.26321   1.13766   1.57182   0.78572  
 70  0.0024   2515.044861  x:  0.00000   0.14058   0.01331   0.05251   0.01900   0.00000   0.00634   0.02574   0.01292   0.00000   0.01257   0.09103   0.00645   0.00688   0.04562   0.14636   0.13274   0.03103   0.01888   0.00000   0.03822   0.01270   0.11430   0.00000   0.13060   0.03259   0.01970   0.11606   0.01932   0.00000   0.02086   0.02098   0.00000   0.00000   0.03867   0.01289   0.00592   0.11035   0.15629   0.07693   0.01594   0.01282   0.00000   0.01938   0.02556   0.11723   0.54810   2.33005   1.26391   1.14416   1.57729   0.78513  
 71  0.0062   2515.041019  x:  0.00000   0.13955   0.01330   0.05213   0.01930   0.00000   0.00638   0.02579   0.01301   0.00000   0.01263   0.09090   0.00643   0.00677   0.04578   0.14641   0.13270   0.03094   0.01923   0.00000   0.03831   0.01282   0.11399   0.00000   0.13056   0.03263   0.01969   0.11657   0.01925   0.00000   0.02131   0.02061   0.00000   0.00000   0.03884   0.01288   0.00591   0.11036   0.15625   0.07667   0.01597   0.01283   0.00000   0.01915   0.02562   0.11724   0.54832   2.33202   1.26529   1.14458   1.57768   0.78514  
 72  0.0024   2515.040045  x:  0.00000   0.13939   0.01335   0.05201   0.01926   0.00000   0.00639   0.02584   0.01293   0.00000   0.01274   0.09081   0.00642   0.00658   0.04578   0.14649   0.13248   0.03084   0.01909   0.00000   0.03835   0.01270   0.11396   0.00000   0.13061   0.03254   0.01963   0.11690   0.01920   0.00000   0.02124   0.02063   0.00000   0.00000   0.03879   0.01281   0.00588   0.11033   0.15621   0.07680   0.01597   0.01278   0.00000   0.01917   0.02555   0.11733   0.54803   2.33425   1.26566   1.14414   1.57783   0.78534  
 73  0.0015   2515.039799  x:  0.00000   0.13933   0.01336   0.05214   0.01926   0.00000   0.00640   0.02586   0.01291   0.00000   0.01280   0.09078   0.00640   0.00651   0.04582   0.14652   0.13255   0.03087   0.01914   0.00000   0.03831   0.01275   0.11400   0.00000   0.13062   0.03260   0.01965   0.11697   0.01926   0.00000   0.02126   0.02072   0.00000   0.00000   0.03874   0.01281   0.00592   0.11033   0.15618   0.07677   0.01595   0.01278   0.00000   0.01920   0.02557   0.11730   0.54797   2.33250   1.26564   1.14432   1.57810   0.78528  
 74  0.0013   2515.039760  x:  0.00000   0.13933   0.01336   0.05211   0.01925   0.00000   0.00640   0.02583   0.01292   0.00000   0.01279   0.09081   0.00640   0.00647   0.04585   0.14653   0.13258   0.03090   0.01913   0.00000   0.03833   0.01274   0.11400   0.00000   0.13065   0.03263   0.01964   0.11690   0.01926   0.00000   0.02125   0.02071   0.00000   0.00000   0.03875   0.01283   0.00591   0.11035   0.15622   0.07676   0.01595   0.01279   0.00000   0.01918   0.02557   0.11728   0.54800   2.33255   1.26540   1.14424   1.57787   0.78522  
 75  0.0003   2515.039755  x:  0.00000   0.13936   0.01336   0.05211   0.01926   0.00000   0.00640   0.02583   0.01294   0.00000   0.01279   0.09081   0.00639   0.00647   0.04584   0.14655   0.13258   0.03090   0.01913   0.00000   0.03832   0.01274   0.11400   0.00000   0.13067   0.03263   0.01965   0.11687   0.01927   0.00000   0.02126   0.02071   0.00000   0.00000   0.03874   0.01283   0.00591   0.11035   0.15622   0.07676   0.01595   0.01278   0.00000   0.01919   0.02557   0.11728   0.54802   2.33262   1.26540   1.14414   1.57778   0.78525  
 76  0.0001   2515.039754  x:  0.00000   0.13936   0.01336   0.05211   0.01925   0.00000   0.00640   0.02583   0.01294   0.00000   0.01279   0.09081   0.00639   0.00647   0.04584   0.14655   0.13258   0.03090   0.01913   0.00000   0.03832   0.01274   0.11399   0.00000   0.13067   0.03263   0.01965   0.11687   0.01927   0.00000   0.02126   0.02071   0.00000   0.00000   0.03874   0.01282   0.00591   0.11035   0.15622   0.07676   0.01595   0.01278   0.00000   0.01918   0.02557   0.11729   0.54803   2.33266   1.26540   1.14417   1.57782   0.78526  
 77  0.0001   2515.039754  x:  0.00000   0.13936   0.01336   0.05211   0.01925   0.00000   0.00640   0.02583   0.01294   0.00000   0.01278   0.09081   0.00639   0.00647   0.04584   0.14656   0.13259   0.03090   0.01913   0.00000   0.03832   0.01274   0.11399   0.00000   0.13068   0.03263   0.01965   0.11687   0.01927   0.00000   0.02126   0.02071   0.00000   0.00000   0.03874   0.01282   0.00591   0.11034   0.15622   0.07676   0.01595   0.01278   0.00000   0.01918   0.02557   0.11729   0.54803   2.33265   1.26541   1.14418   1.57782   0.78526  
 78  0.0000   2515.039754  x:  0.00000   0.13936   0.01336   0.05211   0.01925   0.00000   0.00640   0.02583   0.01294   0.00000   0.01279   0.09081   0.00639   0.00647   0.04584   0.14656   0.13259   0.03090   0.01913   0.00000   0.03832   0.01274   0.11399   0.00000   0.13068   0.03263   0.01965   0.11687   0.01927   0.00000   0.02126   0.02071   0.00000   0.00000   0.03874   0.01282   0.00591   0.11034   0.15622   0.07676   0.01595   0.01278   0.00000   0.01918   0.02557   0.11729   0.54803   2.33265   1.26541   1.14417   1.57782   0.78526  
 79  0.0000   2515.039754  x:  0.00000   0.13936   0.01336   0.05211   0.01925   0.00000   0.00640   0.02583   0.01294   0.00000   0.01279   0.09081   0.00639   0.00647   0.04584   0.14656   0.13259   0.03090   0.01913   0.00000   0.03832   0.01274   0.11399   0.00000   0.13068   0.03263   0.01965   0.11687   0.01927   0.00000   0.02126   0.02071   0.00000   0.00000   0.03874   0.01282   0.00591   0.11034   0.15622   0.07676   0.01595   0.01278   0.00000   0.01918   0.02557   0.11729   0.54803   2.33265   1.26541   1.14417   1.57782   0.78526  
 80  0.0000   2515.039754  x:  0.00000   0.13936   0.01336   0.05211   0.01925   0.00000   0.00640   0.02583   0.01294   0.00000   0.01279   0.09081   0.00639   0.00647   0.04584   0.14656   0.13259   0.03090   0.01913   0.00000   0.03832   0.01274   0.11399   0.00000   0.13068   0.03263   0.01965   0.11687   0.01927   0.00000   0.02126   0.02071   0.00000   0.00000   0.03874   0.01282   0.00591   0.11034   0.15622   0.07676   0.01595   0.01278   0.00000   0.01918   0.02557   0.11729   0.54803   2.33265   1.26541   1.14417   1.57782   0.78526  
 81  0.0000   2515.039754  x:  0.00000   0.13936   0.01336   0.05211   0.01925   0.00000   0.00640   0.02583   0.01294   0.00000   0.01279   0.09081   0.00639   0.00647   0.04584   0.14656   0.13259   0.03090   0.01913   0.00000   0.03832   0.01274   0.11399   0.00000   0.13068   0.03263   0.01965   0.11687   0.01927   0.00000   0.02126   0.02071   0.00000   0.00000   0.03874   0.01282   0.00591   0.11034   0.15622   0.07676   0.01595   0.01278   0.00000   0.01918   0.02557   0.11729   0.54803   2.33265   1.26541   1.14417   1.57782   0.78526  
 82  0.0000   2515.039754  x:  0.00000   0.13936   0.01336   0.05211   0.01925   0.00000   0.00640   0.02583   0.01294   0.00000   0.01279   0.09081   0.00639   0.00647   0.04584   0.14656   0.13259   0.03090   0.01913   0.00000   0.03832   0.01274   0.11399   0.00000   0.13068   0.03263   0.01965   0.11687   0.01927   0.00000   0.02126   0.02071   0.00000   0.00000   0.03874   0.01282   0.00591   0.11034   0.15622   0.07676   0.01595   0.01278   0.00000   0.01918   0.02557   0.11729   0.54803   2.33265   1.26541   1.14417   1.57782   0.78526  