

TREE # 1

  0  0.0000  21103.576829  x:  0.02245   0.11259   0.03436   0.11433   0.10020   0.12448   0.03991   0.10732   0.09624   0.03853   0.10646   0.01936   0.06000   0.06764   0.09320   0.06973   0.09672   0.01367   0.07373   0.00000   0.07491   0.09713   0.10913   0.07895   0.11769   0.03452   0.11173   0.03466   0.10929   0.07353   0.06603   0.04833   0.02852   0.03196   0.05565   0.04074   0.01413   0.09883   0.25523   8.40433   0.68156   0.94091   0.87612   1.00000  
  1 99.0000  17316.120410  x:  0.11226   0.52052   1.62034   0.74608   0.70318   0.52973   0.53090   0.52862   0.55873   0.32393   0.09196   0.07267   0.18191   0.41359   0.10216   0.13789   0.09144   0.84833   0.02834   0.09971   0.71570   0.75352   0.73563   0.81703   0.55936   0.61192   0.64281   1.07169   0.16790   0.05392   0.00000   0.51984   1.60630   0.24175   0.26905   0.18294   0.30505   0.05577   1.11089   8.34244   0.69366   1.03477   0.79056   0.97689  
  2 9558.0797  17121.552210  x:  0.07495   0.54402   1.63411   0.77099   0.74786   0.54874   0.51874   0.54521   0.57796   0.26930   0.04215   0.00108   0.13710   0.38749   0.08850   0.11151   0.07749   0.76846   0.02465   0.05423   0.73512   0.78965   0.76841   0.84602   0.57592   0.59244   0.65453   1.06219   0.14579   0.00000   0.00000   0.46649   1.58765   0.16462   0.21641   0.12858   0.20406   0.03245   1.29131   8.28212   0.76580   1.01563   0.82232   0.93100  
  3 748.3954  17121.552210  x:  0.07495   0.54402   1.63411   0.77099   0.74786   0.54874   0.51874   0.54521   0.57796   0.26930   0.04215   0.00108   0.13710   0.38749   0.08850   0.11151   0.07749   0.76846   0.02465   0.05423   0.73512   0.78965   0.76841   0.84602   0.57592   0.59244   0.65453   1.06219   0.14579   0.00000   0.00000   0.46649   1.58765   0.16462   0.21641   0.12858   0.20406   0.03245   1.29131   8.28212   0.76580   1.01563   0.82232   0.93100  
  4 6223.4708  17100.359595  x:  0.06722   0.54600   1.63087   0.77282   0.75288   0.55026   0.51481   0.54646   0.57956   0.26153   0.04385   0.13192   0.13712   0.38351   0.08971   0.11102   0.08119   0.75103   0.02975   0.04525   0.73574   0.79317   0.77144   0.84830   0.57712   0.58700   0.65473   1.05694   0.14903   0.00328   0.00000   0.45663   1.57864   0.15297   0.20969   0.12517   0.18677   0.04555   1.31595   8.27131   0.76716   1.01823   0.82467   0.92444  
  5 1784.4569  16975.714100  x:  0.02809   0.55541   1.61468   0.78175   0.77754   0.55773   0.49541   0.55215   0.58696   0.22493   0.04696   0.12960   0.11725   0.36108   0.09504   0.10857   0.08266   0.66405   0.03109   0.00000   0.73849   0.81038   0.78623   0.85960   0.58314   0.55985   0.65572   1.03083   0.16102   0.01278   0.00000   0.40816   1.53367   0.09770   0.17909   0.10715   0.10173   0.06853   1.43654   8.21739   0.77339   1.03105   0.83656   0.89250  
  6 658.5212  16925.645789  x:  0.00000   0.55827   1.60410   0.78622   0.79045   0.56176   0.48392   0.55470   0.59030   0.21381   0.05127   0.13155   0.12344   0.35325   0.09160   0.10916   0.08204   0.60899   0.02803   0.00000   0.73805   0.81924   0.79361   0.86601   0.58688   0.54311   0.65657   1.01492   0.15391   0.00094   0.00000   0.38442   1.50524   0.09296   0.18446   0.10529   0.08011   0.03435   1.49828   8.18252   0.77557   1.03685   0.83662   0.88059  
  7 1440.6381  16905.317180  x:  0.00000   0.55872   1.59849   0.78813   0.79621   0.56360   0.47827   0.55565   0.59155   0.21181   0.05274   0.13112   0.12932   0.35119   0.08954   0.10992   0.08173   0.58050   0.02924   0.00000   0.73701   0.82311   0.79672   0.86907   0.58876   0.53461   0.65713   1.00696   0.15068   0.00000   0.00000   0.37509   1.49045   0.09808   0.19240   0.10888   0.08298   0.03704   1.52523   8.16414   0.77586   1.03883   0.83510   0.87728  
  8 1669.0033  16811.009768  x:  0.00000   0.55099   1.54594   0.80013   0.83640   0.57602   0.43215   0.55982   0.59731   0.22278   0.03419   0.13296   0.12660   0.34979   0.11045   0.11169   0.07636   0.32384   0.00000   0.00000   0.71872   0.84850   0.81624   0.89360   0.60302   0.46102   0.66455   0.93795   0.17542   0.10224   0.00000   0.33521   1.35329   0.11793   0.21948   0.12889   0.14553   0.00543   1.70447   7.99125   0.77448   1.03651   0.82945   0.87639  
  9 2015.1653  16802.713840  x:  0.00000   0.55012   1.54048   0.80134   0.84049   0.57728   0.42740   0.56023   0.59787   0.22409   0.03216   0.13304   0.12601   0.34974   0.11280   0.11184   0.07586   0.29730   0.00156   0.00000   0.71678   0.85107   0.81820   0.89612   0.60448   0.45342   0.66534   0.93082   0.17812   0.11308   0.00000   0.33134   1.33906   0.11978   0.22200   0.13077   0.15200   0.00145   1.72262   7.97329   0.77432   1.03615   0.82891   0.87647  
 10 32579.5649  16727.058388  x:  0.00000   0.52534   1.48987   0.80462   0.85961   0.58217   0.39269   0.55795   0.59607   0.27661   0.01545   0.13423   0.09802   0.37330   0.14392   0.10714   0.06483   0.07278   0.00324   0.00000   0.68851   0.86026   0.82407   0.91411   0.61373   0.39157   0.67504   0.87073   0.15630   0.10528   0.00000   0.34777   1.21036   0.12128   0.21711   0.08884   0.16355   0.00457   1.79208   7.80590   0.77327   1.01020   0.82273   0.91263  
 11 1274.4284  16627.108827  x:  0.00000   0.41727   1.29275   0.81135   0.92510   0.59669   0.27576   0.55057   0.59495   0.43150   0.25230   0.13227   0.07712   0.44317   0.15321   0.08422   0.06960   0.02584   0.00266   0.00000   0.56737   0.88216   0.83602   0.98188   0.64476   0.17194   0.71558   0.64742   0.13472   0.12257   0.00000   0.42298   0.71731   0.08331   0.13923   0.08771   0.18616   0.00241   1.99752   7.14934   0.72428   0.95212   0.80620   1.01973  
 12 514.4678  16544.325017  x:  0.00000   0.34140   1.15182   0.81757   0.97606   0.60950   0.19442   0.54503   0.59140   0.52514   0.24988   0.13317   0.06251   0.48726   0.18454   0.08477   0.03921   0.07201   0.00343   0.00000   0.48134   0.89963   0.84657   1.03293   0.66911   0.02518   0.74440   0.49112   0.11901   0.12446   0.00000   0.46178   0.37342   0.08586   0.12283   0.05587   0.18842   0.00412   2.16088   6.67805   0.70714   0.91118   0.78945   1.08669  
 13 2740.1996  16497.913683  x:  0.00000   0.27172   1.04968   0.81698   1.00685   0.61767   0.16402   0.54011   0.58581   0.56757   0.20762   0.13028   0.10061   0.50750   0.18055   0.08778   0.10479   0.07047   0.00283   0.00000   0.40498   0.89813   0.84442   1.07607   0.69407   0.02716   0.77039   0.40882   0.14796   0.11710   0.00000   0.50111   0.20477   0.07923   0.10991   0.11922   0.14006   0.00497   2.21834   6.32295   0.69053   0.90430   0.77859   1.11558  
 14 987.7890  16317.843375  x:  0.00000   0.00000   0.68570   0.81412   1.13991   0.65150   0.10649   0.53256   0.57793   0.65114   0.21177   0.13388   0.04209   0.52980   0.07964   0.07533   0.00477   0.06294   0.00517   0.00000   0.10164   0.87987   0.83232   1.25077   0.78465   0.12896   0.85960   0.18312   0.24154   0.11359   0.00000   0.60525   0.13251   0.10384   0.13777   0.16000   0.06132   0.00760   2.42964   5.01582   0.63960   0.92124   0.75331   1.14627  
 15 888.6549  16317.843375  x:  0.00000   0.00000   0.68570   0.81412   1.13991   0.65150   0.10649   0.53256   0.57793   0.65114   0.21177   0.13388   0.04209   0.52980   0.07964   0.07533   0.00477   0.06294   0.00517   0.00000   0.10164   0.87987   0.83232   1.25077   0.78465   0.12896   0.85960   0.18312   0.24154   0.11359   0.00000   0.60525   0.13251   0.10384   0.13777   0.16000   0.06132   0.00760   2.42964   5.01582   0.63960   0.92124   0.75331   1.14627  
 16 9078.8913  16227.835285  x:  0.00000   0.00058   0.68655   0.81475   1.14436   0.65232   0.11154   0.53320   0.57873   0.64053   0.20244   0.12917   0.06439   0.52364   0.08332   0.08173   0.11169   0.07974   0.10220   0.00000   0.09872   0.87866   0.83303   1.25374   0.78420   0.13233   0.85942   0.19384   0.23559   0.10208   0.00000   0.59677   0.16945   0.10184   0.13947   0.15558   0.06197   0.10123   2.43691   5.00661   0.64690   0.92324   0.75512   1.13536  
 17 3277.5745  16012.577005  x:  0.00000   0.00422   0.69379   0.82062   1.18430   0.65919   0.15301   0.53967   0.58570   0.54001   0.10567   0.03772   0.15360   0.46695   0.10686   0.12592   0.12480   0.15784   0.06005   0.00000   0.07297   0.86787   0.83954   1.28049   0.77973   0.16113   0.85749   0.28526   0.18187   0.00000   0.00000   0.51916   0.41102   0.08241   0.15232   0.10744   0.02880   0.09265   2.50287   4.92280   0.71163   0.93984   0.77681   1.03833  
 18 875.2813  16012.577005  x:  0.00000   0.00422   0.69379   0.82062   1.18430   0.65919   0.15301   0.53967   0.58570   0.54001   0.10567   0.03772   0.15360   0.46695   0.10686   0.12592   0.12480   0.15784   0.06005   0.00000   0.07297   0.86787   0.83954   1.28049   0.77973   0.16113   0.85749   0.28526   0.18187   0.00000   0.00000   0.51916   0.41102   0.08241   0.15232   0.10744   0.02880   0.09265   2.50287   4.92280   0.71163   0.93984   0.77681   1.03833  
 19 830.5542  15958.656555  x:  0.00000   0.00000   0.69601   0.82315   1.20221   0.66057   0.16452   0.54199   0.58935   0.49222   0.06743   0.01228   0.13589   0.44129   0.09613   0.11418   0.09697   0.13865   0.02446   0.00000   0.06442   0.86330   0.84291   1.29271   0.77590   0.16822   0.85527   0.30837   0.17680   0.00371   0.00000   0.48434   0.42188   0.08153   0.15277   0.10753   0.08498   0.06524   2.53410   4.88099   0.71761   0.95129   0.78896   0.99787  
 20 556.2539  15888.171696  x:  0.00000   0.00000   0.70059   0.82861   1.24066   0.66284   0.18700   0.54670   0.59775   0.39071   0.00000   0.05333   0.11337   0.38920   0.08367   0.09877   0.06060   0.10996   0.03911   0.00000   0.04757   0.85358   0.85028   1.31909   0.76700   0.18133   0.84983   0.35211   0.16693   0.00212   0.00000   0.41108   0.44374   0.08016   0.15388   0.10481   0.08069   0.03093   2.60167   4.78883   0.73050   0.97381   0.81064   0.91446  
 21 1094.5190  15777.047846  x:  0.00000   0.00000   0.71153   0.84283   1.34304   0.66705   0.24186   0.55889   0.62625   0.14113   0.05965   0.05881   0.07287   0.25924   0.07613   0.08232   0.03557   0.07121   0.02824   0.00000   0.00876   0.82823   0.87043   1.38974   0.74195   0.21160   0.83402   0.45648   0.15011   0.01048   0.00000   0.22397   0.49710   0.07777   0.15680   0.10207   0.04217   0.08912   2.78305   4.53609   0.76335   1.02765   0.86051   0.70846  
 22 1439.9617  15749.515641  x:  0.00000   0.00000   0.71461   0.84824   1.38279   0.66732   0.25834   0.56166   0.63419   0.07430   0.06080   0.04513   0.09409   0.22826   0.08698   0.09358   0.09327   0.09980   0.04213   0.00000   0.00570   0.81958   0.87924   1.41802   0.73141   0.22000   0.82700   0.48862   0.14966   0.02108   0.00000   0.17568   0.51345   0.07707   0.15807   0.10107   0.04689   0.07338   2.85534   4.43019   0.77228   1.04213   0.87579   0.66160  
 23 994.0437  15691.590699  x:  0.00000   0.00000   0.71947   0.86206   1.48499   0.66507   0.28995   0.56459   0.65020   0.11042   0.08991   0.02866   0.13642   0.20751   0.10568   0.11971   0.06592   0.13186   0.03894   0.00000   0.02019   0.79967   0.90352   1.49295   0.70255   0.23381   0.80693   0.55137   0.15042   0.02548   0.00000   0.14535   0.54614   0.07563   0.16128   0.09491   0.02254   0.01741   3.04642   4.13666   0.78902   1.06422   0.90363   0.63626  
 24 554.8884  15573.070865  x:  0.00000   0.00000   0.73040   0.90185   1.78231   0.65549   0.37406   0.56960   0.69122   0.21466   0.07503   0.04918   0.24354   0.18184   0.14340   0.17813   0.01301   0.20728   0.07467   0.00000   0.05589   0.74116   0.97332   1.71225   0.61709   0.26887   0.74693   0.72199   0.15345   0.02849   0.00000   0.11833   0.63415   0.07209   0.16935   0.08057   0.07489   0.08266   3.60760   3.26358   0.83500   1.11922   0.97627   0.60809  
 25 3344.3688  15449.225993  x:  0.00000   0.00000   0.73452   0.94571   2.12484   0.63762   0.46223   0.57035   0.73371   0.33699   0.04738   0.08350   0.24730   0.18859   0.12289   0.17151   0.11498   0.15788   0.01707   0.00000   0.05711   0.66861   1.04862   1.96551   0.51702   0.30477   0.67598   0.90897   0.14610   0.00518   0.00000   0.17235   0.72490   0.06918   0.17383   0.08253   0.05952   0.12028   4.26452   2.22702   0.89124   1.17271   1.04578   0.58939  
 26 4049.7595  15404.195106  x:  0.00000   0.00000   0.71738   0.95561   2.23644   0.61629   0.47011   0.55977   0.73686   0.32330   0.04670   0.01530   0.20874   0.23602   0.10167   0.14080   0.10927   0.13807   0.09465   0.00000   0.02162   0.63841   1.06614   2.04893   0.48183   0.30691   0.65005   0.94258   0.16310   0.04061   0.00000   0.22152   0.72854   0.07179   0.16841   0.10343   0.04721   0.11637   4.49748   1.85160   0.90096   1.16448   1.04191   0.60015  
 27 1363.9436  15382.741360  x:  0.00000   0.00000   0.70011   0.95507   2.26217   0.60051   0.45687   0.54994   0.72963   0.29467   0.05340   0.02494   0.20051   0.26177   0.10728   0.13560   0.09881   0.15805   0.08376   0.00000   0.00000   0.62828   1.06613   2.06883   0.47262   0.30127   0.64274   0.92840   0.16210   0.03118   0.00000   0.23188   0.71082   0.07369   0.16436   0.09858   0.04854   0.10888   4.56465   1.74892   0.89170   1.14387   1.02609   0.60825  
 28 571.5074  15372.563115  x:  0.00000   0.00000   0.67954   0.95372   2.27920   0.58381   0.43789   0.53947   0.71774   0.28101   0.03337   0.00580   0.20544   0.25818   0.10844   0.14357   0.09268   0.16021   0.07079   0.00000   0.00000   0.62271   1.06530   2.08254   0.46771   0.29473   0.63883   0.90003   0.16255   0.01651   0.00000   0.23046   0.68643   0.07380   0.16406   0.09469   0.02827   0.11771   4.62023   1.68355   0.86982   1.11828   1.01345   0.60699  
 29 429.9026  15345.841967  x:  0.00000   0.00000   0.59917   0.94817   2.32788   0.52295   0.36153   0.50368   0.67084   0.26923   0.03251   0.01587   0.22753   0.20013   0.08592   0.17508   0.09217   0.10531   0.06144   0.00000   0.00000   0.60876   1.06123   2.12267   0.45844   0.27142   0.63192   0.77460   0.19355   0.03557   0.00000   0.21116   0.58803   0.07263   0.16866   0.11885   0.03462   0.11386   4.80794   1.50966   0.77631   1.01891   0.97275   0.57604  
 30 541.0747  15337.025638  x:  0.00000   0.00000   0.56978   0.95128   2.34683   0.51256   0.34192   0.50452   0.65556   0.28122   0.04129   0.01047   0.20523   0.18883   0.09377   0.15034   0.10004   0.09517   0.08511   0.00000   0.00000   0.60237   1.06392   2.13785   0.46638   0.27269   0.64032   0.71507   0.17162   0.00805   0.00000   0.19760   0.56109   0.07655   0.16926   0.10131   0.05048   0.10849   4.89573   1.49877   0.77449   0.99470   0.95132   0.54790  
 31 178.5368  15322.833743  x:  0.00000   0.00000   0.52099   0.96354   2.38348   0.50914   0.31971   0.52023   0.63167   0.28487   0.03094   0.01199   0.15081   0.18859   0.10077   0.09696   0.10575   0.11516   0.07878   0.00000   0.00000   0.58914   1.07454   2.16677   0.49038   0.28496   0.66601   0.60408   0.15000   0.05984   0.00000   0.17966   0.52784   0.07780   0.16741   0.09057   0.04299   0.11497   5.07535   1.52853   0.78229   0.97322   0.92183   0.51786  
 32 303.9290  15300.890861  x:  0.00000   0.00000   0.46081   0.99345   2.44049   0.52641   0.30773   0.55958   0.60734   0.20654   0.04095   0.01189   0.09269   0.21589   0.07815   0.12055   0.10148   0.08528   0.08292   0.00000   0.00000   0.56170   1.09924   2.21129   0.53234   0.31118   0.71532   0.44580   0.12049   0.05799   0.00000   0.18652   0.51132   0.07327   0.16210   0.12224   0.04316   0.10573   5.37639   1.62915   0.77318   0.98294   0.91500   0.55751  
 33 311.7429  15295.118703  x:  0.00000   0.00000   0.44631   1.00476   2.45238   0.53180   0.30290   0.56633   0.60040   0.17365   0.04659   0.01150   0.11579   0.22110   0.07506   0.09190   0.09561   0.07026   0.07977   0.00000   0.00000   0.54659   1.10711   2.22074   0.54081   0.31305   0.73044   0.41262   0.14788   0.04812   0.00000   0.21906   0.51134   0.08112   0.16198   0.11771   0.04130   0.10252   5.47379   1.66909   0.77133   0.98283   0.91849   0.55412  
 34 239.6919  15293.121081  x:  0.00000   0.00000   0.44252   1.01182   2.45046   0.53159   0.29646   0.56052   0.59652   0.16879   0.04803   0.01205   0.09935   0.21233   0.07326   0.09540   0.09418   0.08200   0.08061   0.00000   0.00000   0.53349   1.11055   2.21982   0.53926   0.30565   0.73627   0.41680   0.17190   0.03783   0.00000   0.23998   0.51109   0.07644   0.16139   0.11838   0.04182   0.10124   5.52406   1.69010   0.76552   0.97714   0.92266   0.54479  
 35 107.6083  15291.012232  x:  0.00000   0.00000   0.43822   1.02454   2.43616   0.52843   0.28175   0.54139   0.59080   0.16677   0.04697   0.01188   0.09331   0.21835   0.09374   0.10239   0.09539   0.07169   0.08053   0.00000   0.00000   0.50845   1.11518   2.21068   0.53220   0.28489   0.74222   0.44542   0.18005   0.04034   0.00000   0.24046   0.50601   0.07677   0.16022   0.11529   0.04195   0.10135   5.60643   1.72013   0.76468   0.96425   0.91246   0.54798  
 36 85.7342  15287.097201  x:  0.00000   0.00000   0.42788   1.04950   2.40331   0.52335   0.25413   0.50465   0.58168   0.16892   0.04921   0.01140   0.09865   0.22652   0.07065   0.09713   0.09717   0.07480   0.08175   0.00000   0.00000   0.46395   1.12433   2.18989   0.51995   0.24408   0.75041   0.50033   0.17315   0.03900   0.00000   0.22943   0.49442   0.07915   0.15944   0.11561   0.04135   0.10238   5.76762   1.77367   0.75631   0.94507   0.89099   0.56077  
 37 263.1213  15285.155706  x:  0.00000   0.00000   0.41202   1.06456   2.37238   0.52938   0.24745   0.49745   0.58444   0.17101   0.05011   0.01143   0.10275   0.22003   0.08213   0.08598   0.09622   0.07977   0.08229   0.00000   0.00000   0.45964   1.13191   2.17174   0.52499   0.22762   0.74563   0.50949   0.15477   0.03942   0.00000   0.23820   0.48759   0.07558   0.16097   0.12843   0.04155   0.10191   5.87308   1.79081   0.73102   0.95070   0.89106   0.56495  
 38 94.5350  15279.669147  x:  0.00000   0.00000   0.35849   1.10818   2.25761   0.55976   0.24030   0.50107   0.60262   0.17987   0.04857   0.01180   0.11835   0.22036   0.08019   0.11429   0.09347   0.08509   0.07919   0.00000   0.00000   0.47652   1.15917   2.10639   0.56313   0.19409   0.71852   0.49299   0.13777   0.04958   0.00000   0.26455   0.46990   0.08996   0.16482   0.11011   0.04254   0.10079   6.21268   1.82313   0.73269   0.94205   0.88220   0.55530  
 39 166.7480  15275.380397  x:  0.00000   0.00000   0.34262   1.13614   2.16180   0.57969   0.23310   0.50909   0.61300   0.19138   0.04647   0.01173   0.12532   0.22037   0.08452   0.10991   0.09499   0.08864   0.07706   0.00000   0.00000   0.49002   1.18200   2.05374   0.59944   0.17953   0.70016   0.46394   0.16588   0.04057   0.00000   0.24209   0.46261   0.06411   0.15783   0.10486   0.04369   0.10024   6.47547   1.83979   0.73973   0.92898   0.88210   0.58045  
 40 290.5171  15273.672750  x:  0.00000   0.00000   0.35523   1.14243   2.11566   0.58331   0.22583   0.51246   0.61232   0.19920   0.04431   0.01181   0.12343   0.22360   0.08844   0.10814   0.09610   0.09331   0.07547   0.00000   0.00000   0.49190   1.19116   2.02932   0.61587   0.17818   0.69689   0.44530   0.18230   0.03380   0.00000   0.22712   0.46468   0.08676   0.16147   0.11229   0.04397   0.10049   6.59004   1.84436   0.73563   0.92848   0.88249   0.58907  
 41 227.2607  15271.628483  x:  0.00000   0.00000   0.41002   1.13051   2.04988   0.57465   0.20758   0.51475   0.59760   0.20642   0.04294   0.01161   0.13193   0.23695   0.08857   0.11623   0.09556   0.09458   0.07339   0.00000   0.00000   0.48622   1.19537   1.99603   0.63230   0.18618   0.70811   0.41506   0.18122   0.03419   0.00000   0.22791   0.47451   0.07769   0.15966   0.11281   0.04453   0.10073   6.72472   1.84513   0.72828   0.93850   0.87451   0.57512  
 42 108.5105  15270.502382  x:  0.00000   0.00000   0.44213   1.10549   2.00597   0.56794   0.20152   0.51686   0.58482   0.20280   0.04480   0.01209   0.13363   0.21956   0.09057   0.11614   0.09396   0.09643   0.07318   0.00000   0.00000   0.49354   1.18616   1.97356   0.63411   0.19329   0.72523   0.40554   0.16986   0.03891   0.00000   0.23667   0.48033   0.07867   0.16317   0.10597   0.04465   0.09934   6.79812   1.84365   0.73653   0.92781   0.88161   0.58820  
 43 78.7626  15266.850043  x:  0.00000   0.00000   0.48622   0.94318   1.83304   0.56010   0.22272   0.53079   0.54731   0.20671   0.04566   0.01252   0.13876   0.22962   0.09176   0.11842   0.09397   0.09967   0.07154   0.00000   0.00000   0.59185   1.08782   1.87653   0.59686   0.20626   0.80145   0.41849   0.17550   0.03433   0.00000   0.23311   0.48045   0.07988   0.15435   0.10994   0.04435   0.10002   7.02489   1.84221   0.74181   0.93752   0.88670   0.59008  
 44 61.1660  15265.900968  x:  0.00000   0.00000   0.51580   0.90529   1.78516   0.56387   0.22822   0.53029   0.56282   0.20400   0.04607   0.01263   0.13566   0.22824   0.09082   0.11793   0.09409   0.09895   0.07183   0.00000   0.00000   0.61765   1.04058   1.84050   0.58538   0.20348   0.78913   0.41986   0.17898   0.03556   0.00000   0.23222   0.47745   0.07635   0.17607   0.09955   0.04489   0.09916   7.08037   1.84362   0.73761   0.94592   0.87758   0.59564  
 45 54.1180  15264.557217  x:  0.00000   0.00000   0.56601   0.86000   1.71929   0.57123   0.23070   0.52531   0.59404   0.20097   0.04492   0.01271   0.13677   0.22839   0.09177   0.11630   0.09296   0.09985   0.07045   0.00000   0.00000   0.65499   0.96286   1.78318   0.57427   0.19928   0.75161   0.42213   0.17443   0.03367   0.00000   0.23472   0.47521   0.07686   0.16751   0.11245   0.04463   0.09885   7.15341   1.84760   0.74673   0.93685   0.87632   0.59278  
 46 100.1170  15264.247572  x:  0.00000   0.00000   0.57661   0.85306   1.70589   0.57260   0.22705   0.52225   0.59702   0.20014   0.04563   0.01271   0.13483   0.22969   0.09062   0.11608   0.09344   0.09890   0.07124   0.00000   0.00000   0.66631   0.94410   1.76757   0.57723   0.20148   0.74158   0.42587   0.17395   0.03567   0.00000   0.23377   0.47611   0.07931   0.15742   0.10375   0.04487   0.09863   7.16845   1.84795   0.74075   0.93781   0.88222   0.59439  
 47 50.5171  15263.870882  x:  0.00000   0.00000   0.58261   0.85422   1.69621   0.57418   0.21093   0.51433   0.58372   0.19761   0.04663   0.01294   0.13460   0.23043   0.09065   0.11555   0.09298   0.09914   0.07083   0.00000   0.00000   0.68804   0.92279   1.74045   0.59610   0.21010   0.73057   0.43817   0.17427   0.03455   0.00000   0.23499   0.47969   0.07832   0.16189   0.10594   0.04460   0.09853   7.18103   1.84515   0.74600   0.94297   0.88216   0.59492  
 48 19.4148  15263.279323  x:  0.00000   0.00000   0.59756   0.85970   1.70345   0.59945   0.20932   0.52497   0.55926   0.19316   0.04790   0.01327   0.13309   0.23458   0.09019   0.11419   0.09215   0.09889   0.06980   0.00000   0.00000   0.70006   0.91777   1.68321   0.60735   0.17788   0.73230   0.44107   0.17233   0.03443   0.00000   0.23353   0.48095   0.07744   0.16508   0.10522   0.04459   0.09782   7.18550   1.83304   0.74598   0.94002   0.88719   0.59290  
 49  9.2862  15262.979817  x:  0.00000   0.00000   0.59941   0.85769   1.70930   0.60592   0.20712   0.52967   0.55983   0.19080   0.04802   0.01355   0.13267   0.22814   0.09053   0.11419   0.09147   0.09921   0.06891   0.00000   0.00000   0.69825   0.91946   1.65860   0.61362   0.17218   0.73656   0.44298   0.17365   0.03392   0.00000   0.23523   0.47990   0.07945   0.15700   0.10481   0.04474   0.09722   7.18621   1.82684   0.74730   0.94598   0.87533   0.59598  
 50 18.3864  15261.714249  x:  0.00000   0.00000   0.58892   0.83727   1.73773   0.60967   0.19345   0.54031   0.59728   0.18549   0.04768   0.01411   0.13296   0.23699   0.09075   0.11353   0.09011   0.10069   0.06604   0.00000   0.00000   0.67290   0.93501   1.57643   0.63754   0.18660   0.75825   0.45275   0.17172   0.03238   0.00000   0.23529   0.47463   0.07868   0.16118   0.10475   0.04469   0.09603   7.18696   1.80802   0.74295   0.93627   0.87896   0.59444  
 51 21.1661  15259.028158  x:  0.00000   0.00000   0.55724   0.83972   1.78378   0.57388   0.19343   0.48902   0.60666   0.17378   0.04921   0.01579   0.13158   0.24691   0.09351   0.11175   0.08666   0.10502   0.05914   0.00000   0.00000   0.65679   0.95480   1.52462   0.58461   0.19686   0.74777   0.41616   0.16831   0.03155   0.00000   0.23382   0.50533   0.07893   0.15923   0.10028   0.04565   0.09221   7.18939   1.78873   0.76300   0.96033   0.89656   0.60056  
 52 12.2513  15254.342389  x:  0.00000   0.00000   0.56195   0.89571   1.83851   0.54987   0.26248   0.48620   0.57274   0.15024   0.05444   0.01895   0.13232   0.26878   0.09729   0.10994   0.07976   0.11388   0.04676   0.00000   0.00000   0.64632   0.96281   1.55907   0.52940   0.27198   0.72148   0.41910   0.16443   0.02535   0.00000   0.24109   0.46144   0.08129   0.15421   0.09539   0.04645   0.08574   7.19530   1.76813   0.74899   0.93446   0.87050   0.60598  
 53 22.2063  15251.593065  x:  0.00000   0.00000   0.54310   0.90242   1.83508   0.53201   0.22557   0.55069   0.57325   0.13738   0.05606   0.02051   0.13254   0.27974   0.09930   0.10863   0.07577   0.11847   0.03899   0.00000   0.00000   0.62744   0.93372   1.66038   0.54797   0.23267   0.71100   0.42943   0.16156   0.02279   0.00000   0.24052   0.49204   0.08115   0.15366   0.09225   0.04717   0.08158   7.19207   1.75019   0.74513   0.92669   0.86181   0.60937  
 54 23.6563  15250.623280  x:  0.00000   0.00000   0.54512   0.88592   1.82158   0.56228   0.21572   0.52381   0.57905   0.13200   0.05693   0.02129   0.13248   0.28274   0.10017   0.10833   0.07403   0.12006   0.03617   0.00000   0.00000   0.61376   0.93140   1.71792   0.58508   0.20515   0.71700   0.42816   0.16136   0.02131   0.00000   0.24072   0.46782   0.08207   0.15231   0.09144   0.04734   0.07995   7.18822   1.73866   0.75678   0.94176   0.87517   0.61017  
 55 22.3273  15250.504449  x:  0.00000   0.00000   0.54583   0.88309   1.81746   0.57230   0.21726   0.51285   0.58303   0.13080   0.05710   0.02139   0.13191   0.28356   0.10003   0.10787   0.07383   0.12002   0.03588   0.00000   0.00000   0.61877   0.93713   1.72657   0.59169   0.20272   0.71981   0.42825   0.16073   0.02136   0.00000   0.24077   0.47865   0.08180   0.15235   0.09119   0.04745   0.07961   7.18768   1.73715   0.75186   0.93450   0.86884   0.60932  
 56  9.7909  15250.451819  x:  0.00000   0.00000   0.54871   0.88660   1.81027   0.57287   0.21078   0.51375   0.58799   0.12994   0.05724   0.02147   0.13107   0.28414   0.09974   0.10728   0.07370   0.11982   0.03577   0.00000   0.00000   0.62670   0.94819   1.72858   0.58709   0.20188   0.72095   0.43089   0.16049   0.02123   0.00000   0.24105   0.47572   0.08191   0.15210   0.09129   0.04749   0.07929   7.18974   1.73629   0.75251   0.93527   0.86934   0.60891  
 57  1.7085  15250.009676  x:  0.00000   0.00000   0.53250   0.90260   1.75314   0.59373   0.20634   0.52033   0.58135   0.13314   0.05869   0.02192   0.12782   0.28393   0.09848   0.10555   0.07416   0.11879   0.03534   0.00000   0.00000   0.59972   0.96959   1.73000   0.57107   0.21704   0.71040   0.43641   0.15875   0.02126   0.00000   0.24101   0.48221   0.08175   0.15226   0.09274   0.04810   0.07777   7.22253   1.72257   0.75451   0.93979   0.87350   0.60742  
 58  2.4408  15248.873822  x:  0.00000   0.00000   0.53217   0.94287   1.74120   0.55102   0.24396   0.50971   0.60195   0.14864   0.06079   0.02303   0.12418   0.28799   0.09677   0.10383   0.07553   0.11947   0.03355   0.00000   0.00000   0.59853   0.96193   1.74796   0.59746   0.19470   0.73668   0.44186   0.15717   0.01976   0.00000   0.24366   0.48550   0.08144   0.15248   0.09584   0.05037   0.07337   7.35709   1.71313   0.75500   0.94550   0.87841   0.60623  
 59  5.8479  15247.980639  x:  0.00000   0.00000   0.53957   0.89924   1.79324   0.55123   0.23861   0.51484   0.59148   0.16198   0.06321   0.02396   0.12236   0.29174   0.09613   0.10314   0.07653   0.12090   0.03201   0.00000   0.00000   0.60711   0.98231   1.77360   0.60377   0.18866   0.69886   0.45278   0.15613   0.01832   0.00000   0.24696   0.48405   0.08135   0.15246   0.09767   0.05227   0.06972   7.48321   1.72752   0.75184   0.94489   0.87692   0.60799  
 60 14.6913  15247.774692  x:  0.00000   0.00000   0.54237   0.90275   1.81726   0.57725   0.21679   0.51471   0.59618   0.16652   0.06326   0.02412   0.12299   0.29226   0.09630   0.10372   0.07672   0.12168   0.03137   0.00000   0.00000   0.61088   0.96542   1.78275   0.58768   0.19747   0.71063   0.44879   0.15665   0.01789   0.00000   0.24673   0.48375   0.08130   0.15240   0.09796   0.05286   0.06875   7.51799   1.72890   0.75063   0.94417   0.87630   0.60820  
 61  8.6219  15246.923651  x:  0.00000   0.00000   0.54133   0.89561   1.80405   0.56944   0.22026   0.51366   0.58494   0.16008   0.06455   0.02453   0.11635   0.28968   0.09083   0.10786   0.07774   0.11903   0.03482   0.00000   0.00000   0.61130   0.95142   1.77964   0.58509   0.20035   0.71769   0.44615   0.15576   0.02044   0.00000   0.24732   0.48107   0.07965   0.15500   0.10262   0.05626   0.05825   7.90929   1.73667   0.73995   0.94368   0.87875   0.60930  
 62  0.2719  15246.239845  x:  0.00000   0.00000   0.53807   0.90198   1.81191   0.56555   0.22556   0.51674   0.58341   0.16020   0.05547   0.02750   0.11650   0.28646   0.09041   0.10731   0.08045   0.11754   0.03077   0.00000   0.00000   0.60605   0.95663   1.77171   0.58372   0.20609   0.71851   0.44720   0.15852   0.01762   0.00000   0.24392   0.48289   0.07969   0.15395   0.09772   0.05093   0.05556   8.43735   1.75336   0.74729   0.94427   0.87941   0.60336  
 63  0.3188  15245.892187  x:  0.00000   0.00000   0.53726   0.90551   1.83441   0.57125   0.22210   0.51576   0.58892   0.15999   0.05453   0.02579   0.12100   0.28676   0.09353   0.10618   0.08218   0.11846   0.03559   0.00000   0.00000   0.60419   0.96345   1.78841   0.58554   0.20238   0.71502   0.45252   0.15744   0.02239   0.00000   0.24275   0.48429   0.08066   0.15265   0.09666   0.05055   0.05524   8.78460   1.74384   0.75310   0.94454   0.87814   0.60080  
 64  0.2688  15245.606046  x:  0.00000   0.00000   0.53583   0.90335   1.83338   0.56862   0.22201   0.51328   0.58839   0.15685   0.05657   0.02383   0.12452   0.28607   0.09509   0.10713   0.08223   0.12045   0.03302   0.00000   0.00000   0.60645   0.96741   1.78968   0.58295   0.20077   0.71347   0.45020   0.15805   0.02010   0.00000   0.24166   0.48297   0.08049   0.15388   0.10270   0.04956   0.05639   9.25797   1.72636   0.74613   0.94294   0.87673   0.60208  
 65  0.2811  15245.409292  x:  0.00000   0.00000   0.53295   0.90834   1.82937   0.56957   0.22348   0.51518   0.58904   0.15763   0.05922   0.02390   0.12104   0.28674   0.09393   0.10521   0.08351   0.12069   0.03466   0.00000   0.00000   0.60270   0.96814   1.79867   0.58362   0.20230   0.71474   0.44949   0.15656   0.01717   0.00000   0.24416   0.48341   0.08056   0.15423   0.09833   0.04949   0.05822   9.78327   1.73892   0.74559   0.94517   0.87856   0.60142  
 66  0.3197  15245.324260  x:  0.00000   0.00000   0.53240   0.91003   1.82953   0.56825   0.22503   0.51550   0.58870   0.15740   0.05977   0.02342   0.12009   0.28726   0.09334   0.10564   0.08344   0.12077   0.03272   0.00000   0.00000   0.60050   0.96768   1.79698   0.58306   0.20345   0.71509   0.45055   0.15596   0.02118   0.00000   0.24515   0.48368   0.08058   0.15391   0.09698   0.05058   0.05866  10.11298   1.74338   0.74731   0.94579   0.87910   0.60094  
 67  0.3729  15245.257779  x:  0.00000   0.00000   0.53364   0.90858   1.83441   0.56806   0.22468   0.51467   0.58906   0.15657   0.05884   0.02407   0.12051   0.28585   0.09301   0.10744   0.08243   0.11984   0.03345   0.00000   0.00000   0.60073   0.96722   1.79548   0.58345   0.20258   0.71499   0.45212   0.15807   0.01957   0.00000   0.24311   0.48388   0.08000   0.15326   0.10017   0.05163   0.05953  10.53530   1.74466   0.74932   0.94502   0.87884   0.60077  
 68  0.2462  15245.236200  x:  0.00000   0.00000   0.53380   0.90739   1.83329   0.56820   0.22391   0.51489   0.58844   0.15746   0.05872   0.02473   0.12030   0.28626   0.09336   0.10654   0.08098   0.11950   0.03341   0.00000   0.00000   0.60232   0.96779   1.79625   0.58347   0.20267   0.71538   0.45028   0.15692   0.01984   0.00000   0.24303   0.48347   0.08028   0.15394   0.09854   0.05194   0.05957  10.77766   1.74034   0.74785   0.94447   0.87808   0.60074  
 69  0.1453  15245.233450  x:  0.00000   0.00000   0.53306   0.90921   1.83433   0.56819   0.22474   0.51494   0.58904   0.15746   0.05861   0.02477   0.12048   0.28637   0.09341   0.10645   0.08045   0.11939   0.03345   0.00000   0.00000   0.60104   0.96832   1.79656   0.58328   0.20286   0.71473   0.45131   0.15706   0.01993   0.00000   0.24333   0.48399   0.08036   0.15375   0.09884   0.05180   0.05953  10.83485   1.74245   0.74806   0.94536   0.87885   0.60089  
 70  0.0464  15245.233044  x:  0.00000   0.00000   0.53298   0.90876   1.83353   0.56800   0.22463   0.51490   0.58875   0.15761   0.05857   0.02468   0.12051   0.28647   0.09341   0.10639   0.08026   0.11937   0.03350   0.00000   0.00000   0.60112   0.96812   1.79643   0.58330   0.20286   0.71507   0.45110   0.15724   0.01994   0.00000   0.24327   0.48373   0.08035   0.15370   0.09890   0.05170   0.05949  10.84427   1.74257   0.74807   0.94510   0.87862   0.60084  
 71  0.0073  15245.232984  x:  0.00000   0.00000   0.53309   0.90878   1.83375   0.56805   0.22462   0.51491   0.58881   0.15763   0.05856   0.02462   0.12046   0.28648   0.09338   0.10643   0.08021   0.11936   0.03350   0.00000   0.00000   0.60120   0.96811   1.79639   0.58330   0.20285   0.71498   0.45113   0.15717   0.01992   0.00000   0.24322   0.48379   0.08032   0.15374   0.09887   0.05166   0.05946  10.84066   1.74243   0.74807   0.94512   0.87865   0.60087  
 72  0.0027  15245.232982  x:  0.00000   0.00000   0.53308   0.90879   1.83377   0.56805   0.22462   0.51491   0.58881   0.15764   0.05856   0.02461   0.12046   0.28646   0.09338   0.10644   0.08022   0.11935   0.03349   0.00000   0.00000   0.60117   0.96813   1.79645   0.58330   0.20285   0.71500   0.45113   0.15717   0.01992   0.00000   0.24322   0.48379   0.08033   0.15373   0.09886   0.05166   0.05947  10.83937   1.74248   0.74807   0.94512   0.87865   0.60086  
 73  0.0010  15245.232982  x:  0.00000   0.00000   0.53308   0.90879   1.83377   0.56805   0.22463   0.51491   0.58881   0.15763   0.05857   0.02461   0.12046   0.28646   0.09338   0.10643   0.08021   0.11935   0.03349   0.00000   0.00000   0.60117   0.96812   1.79647   0.58330   0.20285   0.71500   0.45113   0.15716   0.01992   0.00000   0.24321   0.48379   0.08033   0.15373   0.09887   0.05166   0.05947  10.83885   1.74248   0.74807   0.94512   0.87865   0.60085  
 74  0.0004  15245.232982  x:  0.00000   0.00000   0.53308   0.90879   1.83377   0.56805   0.22463   0.51491   0.58881   0.15763   0.05857   0.02462   0.12046   0.28645   0.09338   0.10643   0.08021   0.11935   0.03349   0.00000   0.00000   0.60117   0.96813   1.79647   0.58330   0.20285   0.71500   0.45113   0.15716   0.01992   0.00000   0.24321   0.48379   0.08033   0.15373   0.09887   0.05166   0.05947  10.83849   1.74248   0.74807   0.94512   0.87865   0.60085  
 75  0.0003  15245.232982  x:  0.00000   0.00000   0.53308   0.90879   1.83377   0.56805   0.22463   0.51491   0.58881   0.15763   0.05857   0.02462   0.12046   0.28646   0.09338   0.10643   0.08021   0.11935   0.03349   0.00000   0.00000   0.60117   0.96813   1.79646   0.58330   0.20285   0.71500   0.45113   0.15716   0.01992   0.00000   0.24321   0.48379   0.08033   0.15373   0.09887   0.05166   0.05947  10.83833   1.74248   0.74807   0.94512   0.87865   0.60085  
 76  0.0001  15245.232982  x:  0.00000   0.00000   0.53308   0.90879   1.83377   0.56805   0.22463   0.51491   0.58881   0.15763   0.05857   0.02462   0.12046   0.28646   0.09338   0.10643   0.08021   0.11935   0.03349   0.00000   0.00000   0.60117   0.96812   1.79646   0.58330   0.20285   0.71500   0.45113   0.15716   0.01992   0.00000   0.24321   0.48379   0.08033   0.15373   0.09887   0.05166   0.05947  10.83830   1.74248   0.74807   0.94512   0.87865   0.60085  
 77  0.0000  15245.232982  x:  0.00000   0.00000   0.53308   0.90879   1.83377   0.56805   0.22463   0.51491   0.58881   0.15763   0.05857   0.02462   0.12046   0.28646   0.09338   0.10643   0.08021   0.11935   0.03349   0.00000   0.00000   0.60117   0.96812   1.79646   0.58330   0.20285   0.71500   0.45113   0.15716   0.01992   0.00000   0.24321   0.48379   0.08033   0.15373   0.09887   0.05166   0.05947  10.83830   1.74248   0.74807   0.94512   0.87865   0.60085  

TREE # 2

  0  0.0000  16712.917781  x:  1.90562   0.00000   0.43937   0.29137   0.27950   0.13236   0.23312   0.09419   0.27702   0.14628   0.09833   0.01167   0.00000   0.14702   0.12057   0.06682   0.08296   0.14437   0.09586   0.06568   0.07161   0.41627   0.16720   0.34514   0.24717   0.29838   0.02315   0.20928   0.11996   0.09677   0.08611   0.08117   0.09079   0.12282   0.04098   0.08075   0.10925   0.01322   0.06550   1.74248   0.71954   0.91447   0.87455   0.60085  
  1 99.0000  16712.850673  x:  1.90562   0.00000   0.43937   0.29137   0.27950   0.13237   0.23312   0.09420   0.27702   0.14628   0.09833   0.01167   0.00001   0.14702   0.12058   0.06682   0.08296   0.14437   0.09586   0.06568   0.07161   0.41627   0.16720   0.34514   0.24717   0.29838   0.02315   0.20928   0.11997   0.09677   0.08611   0.08117   0.09079   0.12282   0.04098   0.08075   0.10925   0.01324   0.06550   1.74248   0.71954   0.91447   0.87455   0.60086  
  2 3384.0886  16377.493024  x:  1.92357   0.00000   0.46786   0.33900   0.33047   0.19213   0.28525   0.13002   0.32022   0.20644   0.11962   0.02669   0.00973   0.17201   0.20742   0.07939   0.11067   0.13644   0.07912   0.06128   0.05754   0.44610   0.24286   0.38721   0.28001   0.33648   0.12734   0.26540   0.21166   0.11503   0.08173   0.06104   0.10179   0.16602   0.08242   0.09358   0.09911   0.00000   0.04948   1.72631   0.71941   0.90788   0.87570   0.64664  
  3 4284.4358  16377.493024  x:  1.92357   0.00000   0.46786   0.33900   0.33047   0.19213   0.28525   0.13002   0.32022   0.20644   0.11962   0.02669   0.00973   0.17201   0.20742   0.07939   0.11067   0.13644   0.07912   0.06128   0.05754   0.44610   0.24286   0.38721   0.28001   0.33648   0.12734   0.26540   0.21166   0.11503   0.08173   0.06104   0.10179   0.16602   0.08242   0.09358   0.09911   0.00000   0.04948   1.72631   0.71941   0.90788   0.87570   0.64664  
  4 32878.0557  16215.230507  x:  1.92389   0.00000   0.46825   0.33969   0.33119   0.19290   0.28592   0.13041   0.32081   0.20712   0.11981   0.02664   0.00961   0.17229   0.20816   0.07946   0.11090   0.13629   0.07888   0.06124   0.05724   0.44649   0.24375   0.38782   0.28050   0.33694   0.12779   0.26604   0.21244   0.11522   0.08167   0.06081   0.10191   0.16646   0.08252   0.09367   0.09973   0.12969   0.05095   1.73360   0.72193   0.90975   0.88067   0.65519  
  5 61089.1306  15969.301091  x:  1.95106   0.00000   0.50114   0.39733   0.39186   0.25798   0.34193   0.16312   0.37074   0.26390   0.13554   0.02296   0.00000   0.19577   0.27016   0.08564   0.13032   0.12347   0.05923   0.05805   0.03178   0.47975   0.31797   0.43838   0.32151   0.37554   0.16625   0.31953   0.27800   0.13065   0.07564   0.03401   0.11070   0.20352   0.09101   0.10168   0.08788   0.12959   0.03115   1.72181   0.72626   0.91284   0.87819   0.67181  
  6 1290.6878  15938.887661  x:  1.97667   0.00000   0.51081   0.41705   0.41145   0.27217   0.35306   0.15672   0.38502   0.26663   0.13287   0.02772   0.03114   0.19802   0.26942   0.07704   0.12156   0.12094   0.07010   0.06610   0.00000   0.48826   0.32750   0.45675   0.34586   0.38894   0.16248   0.32642   0.27876   0.12647   0.07421   0.04829   0.10837   0.19923   0.08270   0.09626   0.09372   0.12966   0.07199   1.71422   0.72817   0.91628   0.87662   0.66814  
  7 558.8824  15917.718552  x:  2.03529   0.00000   0.52069   0.44201   0.43600   0.28757   0.36238   0.13506   0.40188   0.25720   0.12148   0.02020   0.00000   0.18785   0.24970   0.07124   0.10886   0.11534   0.08141   0.06267   0.00000   0.49610   0.32610   0.48301   0.38946   0.40810   0.14335   0.32739   0.26401   0.11787   0.07477   0.05855   0.10208   0.18435   0.07693   0.09081   0.09939   0.13097   0.07865   1.69857   0.73084   0.92259   0.87494   0.65859  
  8 381.7791  15899.921748  x:  2.15789   0.00000   0.52597   0.46745   0.46180   0.30455   0.36831   0.10105   0.42223   0.23511   0.12144   0.03729   0.03010   0.17989   0.22648   0.08729   0.11385   0.11812   0.07542   0.05355   0.00000   0.49887   0.30615   0.51855   0.45743   0.43427   0.10817   0.32228   0.23761   0.11472   0.07911   0.05159   0.09996   0.17056   0.09005   0.09673   0.09737   0.13394   0.03274   1.66877   0.73335   0.93072   0.87581   0.64543  
  9 437.2643  15877.553103  x:  2.42569   0.00000   0.49571   0.45335   0.45433   0.31336   0.35810   0.11147   0.43047   0.21222   0.14120   0.02763   0.01854   0.18372   0.24403   0.09435   0.14623   0.12910   0.04571   0.08542   0.00000   0.47057   0.24431   0.54611   0.53949   0.45774   0.08807   0.30968   0.23455   0.13887   0.08260   0.02193   0.12231   0.20027   0.09678   0.10857   0.08450   0.13617   0.06285   1.61284   0.73346   0.93153   0.88889   0.64771  
 10 286.2185  15844.737009  x:  2.94653   0.00000   0.40039   0.38953   0.41584   0.34270   0.33285   0.17826   0.42823   0.21718   0.15578   0.02987   0.01754   0.20471   0.28366   0.07544   0.14845   0.14200   0.09024   0.06317   0.00000   0.38929   0.19394   0.57067   0.65256   0.47532   0.11327   0.30079   0.27638   0.14715   0.07549   0.09652   0.12849   0.22988   0.08075   0.10153   0.08727   0.14030   0.03398   1.52087   0.73794   0.92386   0.91304   0.65617  
 11 604.7645  15788.335106  x:  3.69767   0.00000   0.18893   0.29237   0.37883   0.45048   0.29195   0.25043   0.40100   0.24274   0.12493   0.02504   0.03116   0.20417   0.28081   0.08731   0.10231   0.13006   0.05634   0.02213   0.00000   0.20613   0.30115   0.56238   0.76410   0.43852   0.15228   0.29168   0.31461   0.11501   0.05708   0.06205   0.07272   0.19644   0.09998   0.09046   0.08966   0.14539   0.05312   1.43700   0.75164   0.91147   0.93486   0.63374  
 12 733.4404  15763.011972  x:  4.08136   0.00000   0.06596   0.26071   0.37117   0.52252   0.27476   0.28296   0.38686   0.25840   0.10974   0.02882   0.03525   0.20109   0.27305   0.08995   0.08423   0.12179   0.05990   0.06847   0.00000   0.08777   0.35847   0.54779   0.81765   0.41135   0.17450   0.28965   0.33169   0.10124   0.05747   0.05121   0.06362   0.17578   0.10225   0.08583   0.09400   0.14770   0.04113   1.40635   0.75917   0.90556   0.94318   0.62148  
 13 2842.8034  15751.227444  x:  4.22290   0.00000   0.02051   0.26569   0.37498   0.55782   0.26956   0.29152   0.38069   0.26300   0.10857   0.03233   0.03577   0.19859   0.26770   0.08862   0.09066   0.11838   0.06315   0.05952   0.00000   0.02599   0.37572   0.53414   0.83469   0.39524   0.18239   0.28870   0.33392   0.10325   0.06379   0.04970   0.07902   0.17163   0.09846   0.08678   0.09618   0.14792   0.04424   1.40457   0.76150   0.90382   0.94435   0.61773  
 14 1355.6240  15746.167238  x:  4.28785   0.00000   0.03342   0.27047   0.37540   0.57601   0.26453   0.29594   0.37396   0.26426   0.10973   0.03277   0.03623   0.19724   0.26534   0.08726   0.09221   0.11775   0.06434   0.05993   0.00000   0.00000   0.38284   0.51960   0.83618   0.38123   0.18797   0.28660   0.33318   0.10436   0.06462   0.04885   0.07505   0.17204   0.09628   0.08787   0.09635   0.14760   0.04407   1.41123   0.76158   0.90246   0.94400   0.61729  
 15 412.0220  15734.910626  x:  4.49772   0.00000   0.04057   0.30015   0.37866   0.64382   0.24459   0.30220   0.34598   0.26392   0.11770   0.03315   0.03692   0.19043   0.25340   0.08172   0.10302   0.11734   0.07003   0.06014   0.00000   0.03173   0.40813   0.45308   0.82059   0.31529   0.20791   0.27702   0.31912   0.11191   0.06913   0.05176   0.08427   0.17848   0.08702   0.09270   0.09638   0.14469   0.04359   1.46705   0.75893   0.89862   0.93652   0.61911  
 16 335.7280  15730.206268  x:  4.57833   0.00000   0.02936   0.32362   0.38319   0.65577   0.25192   0.29030   0.35899   0.26530   0.11509   0.02714   0.03731   0.19649   0.26668   0.08624   0.08824   0.11998   0.06485   0.05973   0.00000   0.03124   0.38855   0.42847   0.79956   0.30699   0.21872   0.28661   0.31285   0.10582   0.05756   0.05544   0.06946   0.18440   0.09824   0.08712   0.09307   0.14130   0.04381   1.52628   0.75113   0.90515   0.92250   0.62853  
 17 144.7151  15724.838153  x:  4.67443   0.00000   0.04031   0.30835   0.37983   0.64507   0.26796   0.26685   0.38568   0.27216   0.10325   0.03359   0.03422   0.20156   0.27161   0.09150   0.09202   0.11924   0.06299   0.06046   0.00000   0.03310   0.38756   0.42693   0.76211   0.32393   0.23257   0.30383   0.31546   0.10168   0.07011   0.05344   0.08734   0.16489   0.10006   0.08349   0.09844   0.13638   0.04622   1.62107   0.74137   0.91255   0.90025   0.63432  
 18 149.0495  15721.742579  x:  4.72096   0.00000   0.03668   0.30215   0.38244   0.63286   0.27672   0.25267   0.39244   0.27274   0.11607   0.03691   0.03300   0.19823   0.26515   0.08177   0.10233   0.11663   0.07091   0.06027   0.00000   0.03116   0.39748   0.44167   0.74121   0.33752   0.23182   0.30600   0.31770   0.10925   0.06991   0.04903   0.07307   0.17267   0.08875   0.09495   0.09856   0.13338   0.04587   1.67892   0.73795   0.91123   0.89068   0.63656  
 19 159.1509  15719.363420  x:  4.74814   0.00000   0.03893   0.30439   0.38674   0.62021   0.27956   0.24958   0.38354   0.27060   0.12028   0.02677   0.03653   0.19366   0.26093   0.07876   0.09300   0.11421   0.06849   0.06151   0.00000   0.02713   0.41153   0.46247   0.72986   0.34604   0.22281   0.29803   0.32194   0.10963   0.05874   0.05195   0.08601   0.18830   0.08783   0.09206   0.09509   0.13115   0.04165   1.71803   0.73750   0.90361   0.89016   0.63965  
 20 103.3694  15716.282914  x:  4.76740   0.00000   0.03730   0.32004   0.39370   0.60843   0.27991   0.26114   0.36243   0.27134   0.11475   0.02748   0.03377   0.19524   0.26727   0.09395   0.10204   0.11895   0.06854   0.06351   0.00000   0.02519   0.42199   0.48647   0.72762   0.35120   0.20656   0.28501   0.33193   0.11178   0.07108   0.06206   0.07871   0.18793   0.09794   0.08049   0.09460   0.12864   0.04381   1.75304   0.73839   0.89314   0.89516   0.64615  
 21 73.2859  15709.662567  x:  4.78327   0.00000   0.03659   0.34149   0.40298   0.60325   0.27804   0.29607   0.33673   0.28194   0.11131   0.04999   0.02717   0.20674   0.28381   0.07992   0.09036   0.12753   0.06478   0.06301   0.00000   0.02512   0.41847   0.50725   0.74736   0.35578   0.18231   0.27575   0.34857   0.09903   0.06793   0.05254   0.08303   0.16284   0.09801   0.11005   0.09549   0.12603   0.04301   1.79182   0.74080   0.89296   0.89938   0.64908  
 22 66.8368  15681.598908  x:  4.80106   0.00000   0.03248   0.34411   0.42322   0.63199   0.26942   0.38167   0.32949   0.31833   0.08630   0.03199   0.04186   0.21158   0.28521   0.07258   0.10668   0.10358   0.06676   0.05868   0.00000   0.02590   0.40278   0.51939   0.84793   0.36942   0.15005   0.29621   0.37048   0.11185   0.04945   0.01462   0.07834   0.15730   0.06417   0.08080   0.10303   0.12295   0.02460   1.86156   0.75112   0.93656   0.89254   0.62985  
 23 93.5232  15632.998802  x:  4.82498   0.00000   0.02778   0.31060   0.45890   0.71348   0.25678   0.50251   0.35460   0.37566   0.11832   0.02770   0.03854   0.19747   0.26033   0.09291   0.11392   0.06870   0.02162   0.06430   0.00000   0.01942   0.41427   0.52868   1.04043   0.39714   0.11916   0.35040   0.38874   0.13286   0.04629   0.06052   0.07641   0.18051   0.10406   0.10144   0.09813   0.11780   0.01984   1.96468   0.76851   1.01684   0.88340   0.60177  
 24 493.2598  15594.816808  x:  4.84949   0.00000   0.02896   0.27621   0.48733   0.80083   0.24683   0.58386   0.39485   0.40786   0.15532   0.03323   0.02899   0.18267   0.25420   0.14163   0.09446   0.09253   0.09933   0.05675   0.00000   0.01420   0.44550   0.54006   1.21875   0.42719   0.11759   0.39719   0.39153   0.13406   0.04812   0.03024   0.09133   0.22506   0.17926   0.11753   0.06863   0.11146   0.03085   2.03752   0.77840   1.06860   0.89669   0.61385  
 25 748.6535  15517.938766  x:  4.88677   0.00000   0.02015   0.28966   0.50523   0.92581   0.24674   0.56000   0.48204   0.36838   0.17270   0.02337   0.02419   0.19861   0.31602   0.10291   0.09870   0.17262   0.06247   0.05668   0.00000   0.00321   0.52326   0.57881   1.39178   0.47334   0.21935   0.42347   0.36772   0.10231   0.09055   0.01156   0.09170   0.26290   0.16397   0.10633   0.10595   0.10219   0.00544   2.03842   0.77979   1.02614   0.97618   0.72016  
 26 303.0502  15477.417136  x:  4.91275   0.00000   0.01974   0.31879   0.50133   0.98154   0.26107   0.49765   0.51706   0.34709   0.14716   0.05022   0.00773   0.22476   0.35620   0.13845   0.14211   0.16630   0.05842   0.06244   0.00000   0.00000   0.55599   0.61169   1.42460   0.48073   0.27692   0.42652   0.39108   0.10302   0.01827   0.02761   0.09803   0.25620   0.13924   0.12306   0.05936   0.10509   0.00808   1.99102   0.78806   0.98439   0.98882   0.71997  
 27 345.5015  15442.549080  x:  4.94471   0.00000   0.02079   0.36634   0.49590   1.01969   0.28911   0.41930   0.53903   0.33588   0.12617   0.06040   0.00204   0.25329   0.40293   0.16318   0.10991   0.11587   0.06178   0.06151   0.00000   0.00000   0.56583   0.65164   1.41437   0.47173   0.32438   0.42264   0.44728   0.14769   0.04290   0.02242   0.10053   0.27025   0.12028   0.15156   0.02434   0.11416   0.00507   1.91073   0.79600   0.94716   0.96673   0.67334  
 28 474.9867  15432.400379  x:  4.95110   0.00000   0.02135   0.37557   0.49551   1.02641   0.29541   0.40377   0.54190   0.33520   0.12480   0.06363   0.00000   0.25769   0.41122   0.17094   0.10575   0.10610   0.06355   0.06151   0.00000   0.00000   0.56659   0.65967   1.41003   0.46908   0.33225   0.42146   0.45965   0.15481   0.04206   0.01994   0.10171   0.27466   0.12031   0.15720   0.03480   0.11599   0.00502   1.89376   0.79661   0.94079   0.96111   0.66369  
 29 1312.7174  15407.029909  x:  5.00205   0.00000   0.02704   0.42311   0.54610   1.05418   0.38280   0.30258   0.52575   0.40813   0.19204   0.06940   0.00000   0.22007   0.41545   0.14546   0.13622   0.10137   0.05910   0.06263   0.00000   0.00000   0.53951   0.71878   1.30991   0.42893   0.34403   0.40773   0.58086   0.08159   0.05045   0.00000   0.11063   0.27604   0.14394   0.11375   0.03002   0.13167   0.00547   1.72712   0.73526   0.96005   0.87764   0.63288  
 30 279.5208  15398.290216  x:  5.01715   0.00000   0.02829   0.42327   0.57168   1.06647   0.41667   0.27166   0.52108   0.43630   0.18646   0.04451   0.00000   0.20576   0.42821   0.13960   0.14563   0.13207   0.06015   0.06263   0.00000   0.00000   0.54061   0.72995   1.27067   0.41466   0.31845   0.40841   0.60778   0.08728   0.04813   0.00537   0.11169   0.27165   0.14645   0.12474   0.03139   0.13588   0.00318   1.67325   0.71056   0.97653   0.85198   0.63465  
 31 391.6810  15390.177458  x:  5.03268   0.00000   0.03000   0.41166   0.61467   1.08947   0.45454   0.24295   0.51018   0.49515   0.17237   0.05062   0.00000   0.19958   0.39558   0.13514   0.13551   0.14730   0.05337   0.06137   0.00000   0.00000   0.51403   0.73441   1.22160   0.41375   0.29213   0.42078   0.63390   0.12282   0.03981   0.00396   0.11074   0.26694   0.14955   0.12348   0.03098   0.13583   0.00509   1.62259   0.71331   0.96031   0.86326   0.67622  
 32 189.8542  15386.477462  x:  5.04068   0.00000   0.03137   0.39816   0.64307   1.10759   0.47170   0.23627   0.50767   0.52175   0.16656   0.03388   0.00000   0.21890   0.39078   0.13363   0.14515   0.14091   0.05707   0.05991   0.00000   0.00000   0.49992   0.72815   1.18635   0.42537   0.26403   0.43176   0.62872   0.10030   0.04737   0.00475   0.10978   0.27623   0.15162   0.13453   0.03104   0.13629   0.00555   1.60142   0.73554   0.94002   0.88475   0.67264  
 33 105.1116  15383.842891  x:  5.04825   0.00000   0.03238   0.39221   0.66341   1.12863   0.47480   0.24338   0.50537   0.52891   0.18399   0.04413   0.00000   0.23099   0.41073   0.12677   0.14083   0.14137   0.05713   0.05916   0.00000   0.00000   0.50241   0.72404   1.14552   0.45576   0.24139   0.43749   0.60078   0.10939   0.04419   0.00511   0.11119   0.27177   0.15246   0.11566   0.03081   0.13809   0.00509   1.58251   0.73698   0.94095   0.90683   0.64771  
 34 59.5443  15380.265258  x:  5.05851   0.00000   0.03292   0.40553   0.66781   1.15879   0.45576   0.27231   0.49493   0.52501   0.18160   0.04845   0.00000   0.20757   0.42804   0.13421   0.14042   0.12032   0.05903   0.05912   0.00000   0.00000   0.50451   0.73277   1.09000   0.51645   0.23705   0.44390   0.56100   0.10211   0.04874   0.00614   0.11174   0.27357   0.14421   0.12147   0.03039   0.13835   0.00645   1.55518   0.74177   0.96840   0.90624   0.66063  
 35 52.0240  15376.632730  x:  5.06622   0.00000   0.03276   0.42992   0.65639   1.17594   0.43125   0.30076   0.50861   0.50954   0.17893   0.03006   0.00000   0.22365   0.40928   0.11212   0.15046   0.14311   0.06034   0.06053   0.00000   0.00000   0.50979   0.74913   1.06313   0.54661   0.24808   0.45131   0.55219   0.11095   0.04705   0.00568   0.11204   0.26504   0.16760   0.12148   0.03076   0.14048   0.00684   1.54247   0.75807   0.97035   0.88303   0.64730  
 36 37.7867  15369.319480  x:  5.07755   0.00000   0.03131   0.45200   0.64139   1.19312   0.40836   0.33018   0.56560   0.47410   0.18490   0.01914   0.00000   0.24090   0.39668   0.12012   0.14854   0.16421   0.05649   0.06082   0.00000   0.00000   0.52444   0.76637   1.06713   0.53518   0.23342   0.46764   0.57541   0.10097   0.05636   0.00744   0.11260   0.26920   0.15093   0.12496   0.03123   0.14326   0.01061   1.54242   0.69458   0.95241   0.88701   0.62368  
 37 40.9195  15358.806432  x:  5.09315   0.00000   0.03039   0.44606   0.64666   1.18898   0.41348   0.33869   0.64199   0.41041   0.21568   0.02196   0.00000   0.22183   0.46140   0.10485   0.14889   0.15950   0.05701   0.05967   0.00000   0.00000   0.56091   0.76170   1.11588   0.47765   0.18842   0.46754   0.60158   0.09664   0.06173   0.01026   0.11479   0.25737   0.14287   0.10179   0.03086   0.14439   0.01410   1.54913   0.71672   0.91474   0.83503   0.63218  
 38 85.4465  15354.697114  x:  5.10030   0.00000   0.02993   0.44213   0.66519   1.16293   0.43849   0.32279   0.63686   0.39868   0.21273   0.00832   0.00000   0.22164   0.48896   0.07908   0.16153   0.13566   0.06453   0.05991   0.00000   0.00000   0.57708   0.74555   1.15468   0.46463   0.21057   0.44831   0.60069   0.10444   0.06074   0.01069   0.11509   0.24742   0.16783   0.10394   0.03005   0.14369   0.01516   1.55647   0.70451   0.92543   0.84879   0.62943  
 39 68.8671  15351.345156  x:  5.10845   0.00000   0.02915   0.44087   0.68599   1.12612   0.47375   0.30040   0.61445   0.40541   0.20084   0.01999   0.00000   0.23370   0.50470   0.07802   0.16238   0.15251   0.05904   0.06100   0.00000   0.00000   0.59611   0.72486   1.19649   0.45858   0.24628   0.42645   0.59096   0.10070   0.06593   0.01151   0.11604   0.27026   0.16028   0.10383   0.03023   0.14407   0.01752   1.56099   0.71713   0.95423   0.84750   0.60972  
 40 89.8341  15350.654154  x:  5.11099   0.00000   0.02898   0.44645   0.68433   1.11387   0.48289   0.29614   0.60802   0.41394   0.21434   0.00960   0.00000   0.23480   0.50651   0.08816   0.15974   0.15735   0.05865   0.06126   0.00000   0.00000   0.59966   0.71952   1.20616   0.45915   0.25604   0.42626   0.58600   0.10160   0.06633   0.01168   0.11709   0.26125   0.15192   0.10548   0.03034   0.14389   0.01780   1.56165   0.72372   0.95704   0.85043   0.60744  
 41 44.4892  15349.798593  x:  5.11889   0.00000   0.03018   0.47009   0.65104   1.08575   0.49510   0.28924   0.60552   0.44046   0.21764   0.01105   0.00000   0.23710   0.50783   0.08362   0.16300   0.15339   0.05984   0.06310   0.00000   0.00000   0.61673   0.71026   1.21832   0.45587   0.24635   0.44827   0.56581   0.10221   0.06701   0.01196   0.11951   0.26502   0.15297   0.10335   0.03038   0.14380   0.01791   1.55604   0.72563   0.95704   0.85504   0.61049  
 42 18.5997  15347.026914  x:  5.14452   0.00000   0.02839   0.49214   0.66033   1.06498   0.50111   0.29504   0.59710   0.42738   0.21540   0.01414   0.00000   0.21730   0.49740   0.08065   0.16422   0.15487   0.05859   0.06364   0.00000   0.00000   0.63229   0.65027   1.24189   0.51147   0.24359   0.46774   0.59397   0.10256   0.06705   0.01226   0.11956   0.26684   0.15183   0.10241   0.03127   0.14554   0.01775   1.55471   0.71331   0.91729   0.84154   0.60503  
 43  5.3646  15342.650085  x:  5.18404   0.00000   0.02621   0.50547   0.67257   1.06961   0.50097   0.29461   0.60095   0.41150   0.23010   0.01491   0.00000   0.26962   0.47626   0.08617   0.16082   0.13157   0.05980   0.06402   0.00000   0.00000   0.65378   0.62108   1.26613   0.54587   0.23622   0.45254   0.61586   0.10450   0.06751   0.01317   0.12118   0.26476   0.14342   0.09534   0.03263   0.14411   0.01758   1.55612   0.70290   0.92336   0.82131   0.63964  
 44 32.5557  15312.508740  x:  5.44451   0.00000   0.01437   0.57493   0.68015   1.24389   0.49810   0.29651   0.72931   0.44966   0.23276   0.02941   0.00000   0.24157   0.43950   0.07570   0.15506   0.09481   0.05021   0.06111   0.00000   0.00000   0.62814   0.70961   1.38002   0.57266   0.32960   0.32893   0.71854   0.11475   0.07318   0.01933   0.11762   0.25917   0.12254   0.07338   0.04140   0.13003   0.02004   1.66693   0.79144   0.97621   0.94576   0.64557  
 45 48.1258  15299.908278  x:  5.55227   0.00000   0.00853   0.54921   0.75928   1.32843   0.46188   0.28226   0.64706   0.44110   0.23441   0.03418   0.00000   0.25546   0.45536   0.07341   0.14970   0.07470   0.04631   0.05726   0.00000   0.00000   0.58246   0.84932   1.45183   0.51837   0.42481   0.46459   0.66714   0.11989   0.07541   0.02197   0.11538   0.25573   0.11338   0.06436   0.04456   0.12945   0.02206   1.71756   0.77154   0.92711   0.91355   0.64446  
 46 74.4044  15298.722965  x:  5.56311   0.00000   0.00826   0.54581   0.77232   1.32927   0.47904   0.30781   0.65934   0.45420   0.22952   0.03549   0.00000   0.25474   0.45367   0.07639   0.14946   0.06916   0.04632   0.05703   0.00000   0.00000   0.57818   0.86221   1.45675   0.51049   0.44035   0.44745   0.63283   0.12206   0.07490   0.02166   0.11539   0.25614   0.11193   0.06803   0.04484   0.13114   0.02174   1.71783   0.75486   0.89793   0.89094   0.64297  
 47 27.9144  15288.451348  x:  5.70410   0.00000   0.00608   0.58109   0.88385   1.28776   0.40902   0.33162   0.74277   0.45393   0.19287   0.03663   0.00000   0.24995   0.48387   0.08680   0.15340   0.07444   0.04651   0.05857   0.00000   0.00000   0.62692   0.86114   1.45584   0.48994   0.41831   0.49813   0.62232   0.13926   0.07281   0.01866   0.12085   0.27847   0.09000   0.10001   0.05073   0.12896   0.02041   1.70799   0.77638   0.93297   0.92401   0.65102  
 48  2.5840  15275.408800  x:  5.84849   0.00000   0.00000   0.57329   0.80116   1.46971   0.54154   0.31276   0.69856   0.41748   0.15845   0.02720   0.00000   0.25589   0.52290   0.08490   0.15107   0.09714   0.04398   0.05449   0.00000   0.00000   0.64635   0.87059   1.51260   0.55451   0.34663   0.52525   0.63631   0.15252   0.07380   0.01742   0.11879   0.30980   0.06909   0.11915   0.05729   0.12645   0.02163   1.74951   0.77359   0.93891   0.91902   0.65421  
 49 40.2492  15275.408800  x:  5.84849   0.00000   0.00000   0.57329   0.80116   1.46971   0.54154   0.31276   0.69856   0.41748   0.15845   0.02720   0.00000   0.25589   0.52290   0.08490   0.15107   0.09714   0.04398   0.05449   0.00000   0.00000   0.64635   0.87059   1.51260   0.55451   0.34663   0.52525   0.63631   0.15252   0.07380   0.01742   0.11879   0.30980   0.06909   0.11915   0.05729   0.12645   0.02163   1.74951   0.77359   0.93891   0.91902   0.65421  
 50 26.0559  15270.519590  x:  5.84947   0.00000   0.00243   0.57870   0.80504   1.47245   0.54135   0.30914   0.69909   0.41864   0.15725   0.02241   0.00000   0.25361   0.52002   0.08287   0.15143   0.09710   0.05168   0.05876   0.00000   0.00000   0.64370   0.86987   1.51524   0.55308   0.34158   0.52352   0.63377   0.15234   0.06851   0.03021   0.12021   0.30698   0.08192   0.11576   0.07475   0.12404   0.04628   1.74804   0.77061   0.94357   0.91339   0.64743  
 51 292.6797  15266.094409  x:  5.85286   0.00000   0.00699   0.59615   0.81780   1.48180   0.54091   0.29704   0.70089   0.42268   0.15541   0.01395   0.00000   0.24698   0.51066   0.07815   0.15273   0.09790   0.05747   0.06298   0.00000   0.00000   0.63495   0.86748   1.52428   0.54854   0.32475   0.51795   0.62541   0.15291   0.05486   0.02206   0.12041   0.29744   0.10484   0.10537   0.09457   0.11712   0.03171   1.74308   0.76174   0.95640   0.89659   0.62757  
 52 171.6747  15262.810758  x:  5.85941   0.00000   0.00440   0.62422   0.83952   1.49927   0.54116   0.27603   0.70426   0.43053   0.15900   0.02920   0.00000   0.23989   0.49562   0.07811   0.15502   0.10145   0.04543   0.05533   0.00000   0.00000   0.62030   0.86339   1.54133   0.54194   0.29579   0.50964   0.61166   0.15892   0.05342   0.02999   0.12094   0.28440   0.10540   0.09724   0.08615   0.11550   0.03266   1.73386   0.75188   0.96569   0.87706   0.60711  
 53 140.9118  15260.683004  x:  5.86421   0.00000   0.00000   0.64100   0.85351   1.51163   0.54219   0.26262   0.70644   0.43537   0.15784   0.02523   0.00000   0.23717   0.48727   0.07939   0.15576   0.10022   0.05155   0.05877   0.00000   0.00000   0.61145   0.86084   1.55351   0.53897   0.27778   0.50535   0.60337   0.16180   0.05651   0.02471   0.12029   0.27888   0.09932   0.09927   0.07877   0.11742   0.03722   1.72735   0.74867   0.96434   0.87089   0.60336  
 54 181.3816  15258.908454  x:  5.87285   0.00000   0.00000   0.66397   0.87497   1.53295   0.54575   0.24275   0.70970   0.44255   0.15568   0.01470   0.00000   0.23735   0.47761   0.08038   0.15492   0.09776   0.04935   0.05935   0.00000   0.00000   0.59949   0.85710   1.57468   0.53763   0.25244   0.50126   0.59214   0.16105   0.05886   0.03555   0.12144   0.27677   0.09274   0.10773   0.08341   0.11965   0.03077   1.71652   0.74784   0.95225   0.87153   0.61172  
 55 167.8094  15257.682846  x:  5.88145   0.00000   0.00000   0.67913   0.89211   1.55294   0.55082   0.22734   0.71218   0.44834   0.15817   0.02205   0.00000   0.24127   0.47288   0.07982   0.15293   0.09955   0.04623   0.05648   0.00000   0.00000   0.59130   0.85415   1.59476   0.54022   0.23456   0.50054   0.58455   0.15643   0.05535   0.02747   0.12098   0.27993   0.09506   0.11091   0.09150   0.11940   0.03331   1.70735   0.74855   0.93883   0.87745   0.62380  
 56 145.2786  15257.089507  x:  5.89027   0.00000   0.00000   0.68106   0.90174   1.57079   0.55809   0.21913   0.71307   0.45084   0.15969   0.02411   0.00000   0.24586   0.47570   0.07943   0.15193   0.10115   0.05219   0.05853   0.00000   0.00000   0.58878   0.85244   1.61305   0.54878   0.22876   0.50492   0.58295   0.15388   0.05613   0.03119   0.12121   0.28758   0.10098   0.10141   0.08541   0.11638   0.03144   1.70167   0.74844   0.93520   0.88144   0.62628  
 57 57.8810  15256.489341  x:  5.90206   0.00000   0.00000   0.67837   0.91102   1.59316   0.56799   0.21131   0.71354   0.45250   0.15881   0.01718   0.00000   0.24936   0.48130   0.07955   0.15182   0.10014   0.04534   0.05731   0.00000   0.00000   0.58737   0.85092   1.63609   0.56134   0.22535   0.51174   0.58293   0.15300   0.05771   0.02892   0.12081   0.29559   0.10399   0.09568   0.08184   0.11528   0.03437   1.69608   0.74803   0.93647   0.88310   0.62343  
 58 95.5898  15255.286880  x:  5.93291   0.00000   0.00000   0.66363   0.92865   1.64819   0.59260   0.19630   0.71368   0.45475   0.15981   0.02108   0.00000   0.25224   0.49532   0.08086   0.15346   0.09928   0.04888   0.05559   0.00000   0.00000   0.58586   0.84887   1.69284   0.59270   0.22139   0.52852   0.58543   0.15524   0.06007   0.02855   0.12058   0.30672   0.09760   0.10610   0.08854   0.11939   0.03274   1.68574   0.74799   0.94696   0.88091   0.60944  
 59 114.7981  15254.885697  x:  5.94797   0.00000   0.00000   0.65273   0.93074   1.67017   0.60036   0.19378   0.71307   0.45366   0.15860   0.02244   0.00000   0.24628   0.49667   0.07799   0.15331   0.09985   0.04665   0.06228   0.00000   0.00000   0.58490   0.85097   1.71532   0.60076   0.21968   0.53120   0.58698   0.15499   0.05228   0.02951   0.12135   0.29803   0.09508   0.10723   0.08656   0.11803   0.03303   1.68573   0.75097   0.94741   0.88037   0.61052  
 60 56.4166  15254.439867  x:  5.96831   0.00000   0.00000   0.63729   0.93021   1.69649   0.60756   0.19272   0.71197   0.45116   0.15639   0.02167   0.00000   0.23799   0.49531   0.07743   0.15350   0.09993   0.04924   0.05502   0.00000   0.00000   0.58276   0.85567   1.74210   0.60650   0.21689   0.53135   0.58902   0.15755   0.05283   0.02944   0.12167   0.28322   0.09686   0.10534   0.08606   0.11653   0.03320   1.68873   0.75377   0.94607   0.88098   0.61429  
 61 87.0844  15254.221829  x:  5.98213   0.00000   0.00000   0.62799   0.92783   1.71096   0.60894   0.19331   0.71119   0.44904   0.15710   0.02304   0.00000   0.23751   0.49250   0.08049   0.15382   0.09992   0.04744   0.05905   0.00000   0.00000   0.57991   0.86031   1.75671   0.60571   0.21454   0.52865   0.59005   0.15881   0.05908   0.02903   0.12099   0.27837   0.09952   0.10412   0.08796   0.11797   0.03263   1.69314   0.75215   0.94536   0.88226   0.61491  
 62 54.9893  15253.728039  x:  6.02192   0.00000   0.00000   0.60601   0.91878   1.74498   0.60557   0.19709   0.70926   0.44298   0.15980   0.02147   0.00000   0.24645   0.48262   0.08165   0.15257   0.09870   0.04819   0.05729   0.00000   0.00000   0.56870   0.87597   1.79088   0.59523   0.20858   0.51659   0.59207   0.15215   0.05573   0.02968   0.11977   0.28106   0.09851   0.10488   0.08666   0.12116   0.03278   1.70932   0.74452   0.94493   0.88392   0.61121  
 63 54.3812  15253.511889  x:  6.04445   0.00000   0.00000   0.59948   0.91630   1.75960   0.60063   0.19990   0.70907   0.44152   0.15906   0.02153   0.00000   0.24790   0.48020   0.07695   0.15233   0.10071   0.04799   0.05761   0.00000   0.00000   0.56169   0.88471   1.80563   0.58850   0.20945   0.51153   0.59348   0.15549   0.05775   0.02912   0.12167   0.28770   0.09685   0.10546   0.08741   0.11562   0.03294   1.71717   0.74837   0.94419   0.87953   0.61138  
 64 46.8430  15253.322543  x:  6.07168   0.00000   0.00000   0.59849   0.91792   1.77178   0.59236   0.20393   0.70995   0.44240   0.15687   0.02224   0.00000   0.24420   0.48228   0.08287   0.15512   0.10016   0.04803   0.05746   0.00000   0.00000   0.55372   0.89409   1.81804   0.58125   0.21612   0.50925   0.59548   0.15896   0.05457   0.02925   0.12172   0.29387   0.09815   0.10510   0.08668   0.11790   0.03285   1.72384   0.75219   0.94424   0.87592   0.61384  
 65 36.9857  15253.036205  x:  6.12025   0.00000   0.00000   0.60142   0.92627   1.78732   0.57706   0.21156   0.71223   0.44593   0.15633   0.02323   0.00000   0.23821   0.48927   0.07695   0.15308   0.09797   0.04803   0.05756   0.00000   0.00000   0.54214   0.90799   1.83398   0.56992   0.23191   0.50990   0.59887   0.15972   0.05558   0.02948   0.11923   0.29514   0.09791   0.10441   0.08635   0.12245   0.03277   1.73194   0.74803   0.94608   0.87970   0.61508  
 66 46.1191  15252.803908  x:  6.16541   0.00000   0.00000   0.60292   0.93687   1.79765   0.56478   0.21862   0.71406   0.44896   0.15806   0.02225   0.00000   0.23984   0.49477   0.08090   0.15306   0.10042   0.04811   0.05746   0.00000   0.00000   0.53500   0.91763   1.84451   0.56036   0.24540   0.51229   0.60077   0.15555   0.05675   0.02919   0.12117   0.29015   0.09583   0.10603   0.08622   0.11568   0.03313   1.73638   0.74688   0.94604   0.88384   0.61188  
 67 59.1654  15252.603589  x:  6.21268   0.00000   0.00000   0.59921   0.95005   1.80280   0.55702   0.22546   0.71487   0.45033   0.15935   0.02187   0.00000   0.24852   0.49498   0.07910   0.15342   0.09959   0.04806   0.05742   0.00000   0.00000   0.53341   0.92223   1.84947   0.55182   0.25406   0.51516   0.59997   0.15369   0.05760   0.02923   0.12217   0.28443   0.09748   0.10614   0.08532   0.11993   0.03307   1.73589   0.75418   0.94442   0.88177   0.60891  
 68 39.3603  15252.207506  x:  6.31970   0.00000   0.00000   0.58267   0.97803   1.80576   0.54934   0.23813   0.71441   0.44920   0.15697   0.02257   0.00000   0.25387   0.48704   0.08008   0.15472   0.09789   0.04835   0.05756   0.00000   0.00000   0.53581   0.92461   1.85133   0.53678   0.26232   0.51967   0.59404   0.15995   0.05535   0.02941   0.11706   0.28500   0.09325   0.10301   0.08692   0.11762   0.03311   1.72742   0.75041   0.94845   0.88124   0.61351  
 69 46.6712  15251.896086  x:  6.40939   0.00000   0.00000   0.56919   0.99640   1.80524   0.54606   0.24513   0.71309   0.44645   0.15667   0.02233   0.00000   0.24797   0.48131   0.07984   0.15314   0.10087   0.04791   0.05748   0.00000   0.00000   0.53528   0.92515   1.84979   0.52800   0.26536   0.52167   0.58924   0.16033   0.05583   0.02930   0.12228   0.28971   0.09864   0.10912   0.08300   0.11823   0.03331   1.72050   0.74762   0.94807   0.88324   0.61224  
 70 99.2776  15251.569014  x:  6.50777   0.00000   0.00000   0.55837   1.00747   1.80144   0.54602   0.24715   0.71101   0.44214   0.15889   0.02247   0.00000   0.23782   0.47969   0.08071   0.15176   0.10019   0.04824   0.05752   0.00000   0.00000   0.52899   0.92570   1.84491   0.52512   0.26508   0.52144   0.58583   0.15410   0.05778   0.02864   0.12381   0.29440   0.09391   0.10387   0.08594   0.12001   0.03317   1.71490   0.75071   0.94260   0.88448   0.60571  
 71 87.0682  15250.843773  x:  6.73470   0.00000   0.00000   0.54784   1.01205   1.78782   0.55334   0.24061   0.70723   0.43382   0.15953   0.02362   0.00000   0.23648   0.48811   0.07963   0.15523   0.09485   0.04803   0.05762   0.00000   0.00000   0.50425   0.93040   1.82882   0.53497   0.25969   0.51678   0.58445   0.14951   0.05968   0.02992   0.11053   0.29349   0.09794   0.10921   0.08318   0.11469   0.03327   1.70703   0.75168   0.93894   0.88058   0.60397  
 72 92.8282  15249.779515  x:  7.08113   0.00000   0.00000   0.53986   1.01118   1.76646   0.56746   0.22763   0.70383   0.42595   0.15649   0.02293   0.00000   0.24549   0.50143   0.07886   0.15681   0.10125   0.04845   0.05757   0.00000   0.00000   0.47074   0.94058   1.80360   0.55564   0.25006   0.50964   0.58585   0.15499   0.05794   0.02858   0.12245   0.28749   0.09489   0.10575   0.08438   0.11960   0.03328   1.69926   0.74425   0.94052   0.87686   0.60916  
 73 304.9836  15248.813652  x:  7.39935   0.00000   0.00000   0.55490   0.99741   1.75079   0.58471   0.21408   0.71131   0.44214   0.15781   0.02338   0.00000   0.24751   0.49207   0.08327   0.14103   0.09289   0.04862   0.05786   0.00000   0.00000   0.48725   0.95852   1.78398   0.57712   0.23593   0.50906   0.59543   0.16651   0.05389   0.02832   0.12411   0.28712   0.09564   0.10619   0.08385   0.11738   0.03325   1.71199   0.74856   0.94038   0.88398   0.60195  
 74 106.9769  15247.993618  x:  7.67722   0.00000   0.00000   0.57353   0.98174   1.73921   0.59885   0.20197   0.71874   0.45787   0.15877   0.02032   0.00000   0.24496   0.48141   0.08041   0.15228   0.10553   0.04878   0.05781   0.00000   0.00000   0.51385   0.97071   1.76903   0.59375   0.22263   0.51092   0.60411   0.16073   0.05590   0.02840   0.11835   0.28860   0.09471   0.10611   0.08385   0.12050   0.03338   1.72718   0.75158   0.94593   0.88582   0.60235  
 75 262.0401  15247.759720  x:  7.75563   0.00000   0.00000   0.58113   0.97456   1.73752   0.60079   0.19834   0.71936   0.45905   0.15844   0.02201   0.00000   0.24401   0.48118   0.07926   0.15720   0.09790   0.04881   0.05797   0.00000   0.00000   0.52480   0.96677   1.76669   0.59560   0.21905   0.51243   0.60461   0.15426   0.05843   0.02777   0.12387   0.28897   0.09479   0.10606   0.08363   0.11885   0.03345   1.73290   0.75063   0.94981   0.88251   0.60633  
 76 98.7298  15247.223423  x:  7.93916   0.00000   0.00000   0.60656   0.94585   1.73924   0.59718   0.19028   0.71383   0.44711   0.15554   0.02199   0.00000   0.24405   0.49388   0.08136   0.14749   0.10182   0.04905   0.05796   0.00000   0.00000   0.55626   0.92456   1.76838   0.58912   0.21316   0.51806   0.59668   0.15152   0.05936   0.02767   0.12173   0.28801   0.09478   0.10590   0.08382   0.11976   0.03348   1.75085   0.74873   0.95007   0.87431   0.60946  
 77 57.3251  15246.989744  x:  8.02055   0.00000   0.00000   0.61950   0.92987   1.74073   0.59615   0.19009   0.71166   0.44330   0.15821   0.02153   0.00000   0.24467   0.49624   0.07936   0.15526   0.10014   0.04920   0.05803   0.00000   0.00000   0.56727   0.89989   1.77052   0.58630   0.21313   0.51972   0.59280   0.15845   0.05679   0.02757   0.12272   0.28760   0.09514   0.10576   0.08393   0.11946   0.03344   1.75714   0.74748   0.94511   0.87877   0.60529  
 78 87.7955  15246.847685  x:  8.07074   0.00000   0.00000   0.62998   0.91416   1.74255   0.59838   0.19890   0.71320   0.44929   0.15858   0.02108   0.00000   0.24496   0.48742   0.07992   0.15368   0.10051   0.04924   0.05810   0.00000   0.00000   0.56620   0.87749   1.77460   0.58700   0.21940   0.51793   0.59270   0.15673   0.05740   0.02746   0.12259   0.28788   0.09528   0.10568   0.08405   0.11947   0.03344   1.75235   0.74898   0.94795   0.87919   0.60567  
 79 23.8560  15246.824299  x:  8.08010   0.00000   0.00000   0.63029   0.90959   1.74227   0.59374   0.19710   0.71365   0.45077   0.15606   0.02162   0.00000   0.24516   0.48769   0.07982   0.15390   0.10049   0.04925   0.05817   0.00000   0.00000   0.56892   0.87586   1.77749   0.58603   0.21978   0.51463   0.59545   0.15644   0.05742   0.02742   0.12262   0.28770   0.09549   0.10556   0.08422   0.11940   0.03340   1.74412   0.74923   0.94805   0.88017   0.60438  
 80  4.3223  15246.816342  x:  8.08362   0.00000   0.00000   0.63054   0.90807   1.74205   0.59222   0.19693   0.71371   0.45101   0.15855   0.02100   0.00000   0.24490   0.48817   0.07987   0.15372   0.10050   0.04930   0.05814   0.00000   0.00000   0.57004   0.87587   1.77887   0.58560   0.21965   0.51357   0.59644   0.15678   0.05726   0.02739   0.12263   0.28763   0.09556   0.10553   0.08426   0.11940   0.03341   1.74077   0.74916   0.94831   0.87964   0.60471  
 81  6.0881  15246.802783  x:  8.09168   0.00000   0.00000   0.63297   0.90734   1.74057   0.59310   0.20175   0.71296   0.44945   0.15798   0.02106   0.00000   0.24480   0.48909   0.07978   0.15382   0.10050   0.04938   0.05820   0.00000   0.00000   0.57076   0.87879   1.78301   0.58489   0.21766   0.51450   0.59641   0.15676   0.05713   0.02729   0.12265   0.28750   0.09584   0.10541   0.08451   0.11931   0.03337   1.73719   0.74769   0.94636   0.87794   0.60377  
 82  1.6031  15246.754456  x:  8.12390   0.00000   0.00000   0.63434   0.91121   1.73347   0.58781   0.20170   0.71132   0.44460   0.15801   0.02071   0.00000   0.24449   0.48375   0.07972   0.15376   0.10053   0.04970   0.05843   0.00000   0.00000   0.56720   0.88273   1.79738   0.58743   0.21696   0.51865   0.59218   0.15687   0.05664   0.02692   0.12255   0.28696   0.09698   0.10495   0.08539   0.11899   0.03326   1.73755   0.74919   0.94968   0.87928   0.60293  
 83  2.7035  15246.680691  x:  8.17484   0.00000   0.00000   0.62841   0.92097   1.72722   0.58592   0.20258   0.71569   0.45430   0.15795   0.01999   0.00000   0.24362   0.48761   0.07932   0.15408   0.10048   0.05013   0.05873   0.00000   0.00000   0.56287   0.88133   1.81295   0.58567   0.21344   0.51466   0.58917   0.15694   0.05608   0.02639   0.12244   0.28618   0.09840   0.10437   0.08645   0.11858   0.03310   1.74361   0.74816   0.95002   0.87762   0.60175  
 84  7.9281  15246.533056  x:  8.28026   0.00000   0.00000   0.62705   0.93867   1.74005   0.59239   0.19533   0.71445   0.45081   0.15785   0.01944   0.00000   0.24332   0.48154   0.07934   0.15408   0.10035   0.05074   0.05911   0.00000   0.00000   0.55778   0.88117   1.81941   0.57730   0.22297   0.50872   0.60654   0.15713   0.05584   0.02552   0.12211   0.28568   0.09874   0.10424   0.08635   0.11834   0.03314   1.74697   0.74297   0.94362   0.87146   0.60052  
 85  6.7944  15246.232231  x:  8.49648   0.00000   0.00000   0.62421   0.95527   1.77964   0.60407   0.19272   0.71345   0.44772   0.15742   0.01917   0.00000   0.24249   0.48473   0.07950   0.15416   0.09969   0.05181   0.05967   0.00000   0.00000   0.54754   0.89293   1.81925   0.55384   0.22661   0.50384   0.60195   0.15740   0.05645   0.02406   0.12141   0.28510   0.09779   0.10458   0.08442   0.11843   0.03337   1.74092   0.75260   0.95601   0.88283   0.59952  
 86 23.3485  15245.943364  x:  8.70412   0.00000   0.00000   0.61316   0.95991   1.81640   0.59281   0.19021   0.71692   0.45635   0.15734   0.01855   0.00000   0.24222   0.48004   0.07982   0.15419   0.09920   0.05260   0.06011   0.00000   0.00000   0.53935   0.90640   1.81830   0.55313   0.23459   0.51515   0.57920   0.15744   0.05764   0.02282   0.12079   0.28467   0.09583   0.10541   0.08192   0.11867   0.03368   1.73406   0.74589   0.94500   0.87524   0.59871  
 87 36.0995  15245.809933  x:  8.80183   0.00000   0.00000   0.60960   0.96869   1.82138   0.57324   0.20498   0.71657   0.45504   0.15722   0.01885   0.00000   0.24220   0.47990   0.08025   0.15405   0.09880   0.05279   0.06015   0.00000   0.00000   0.53562   0.90345   1.82673   0.56592   0.21921   0.51746   0.58827   0.15775   0.05856   0.02243   0.12046   0.28527   0.09346   0.10638   0.07938   0.11922   0.03402   1.73633   0.74759   0.94514   0.87754   0.60002  
 88 11.7478  15245.783718  x:  8.82263   0.00000   0.00000   0.61025   0.97047   1.81465   0.57487   0.20584   0.71580   0.45327   0.15720   0.01906   0.00000   0.24246   0.48033   0.08040   0.15401   0.09873   0.05277   0.06010   0.00000   0.00000   0.53784   0.90426   1.83536   0.56824   0.22275   0.51073   0.58511   0.15758   0.05916   0.02244   0.12040   0.28557   0.09251   0.10678   0.07846   0.11945   0.03415   1.73673   0.74775   0.94444   0.87804   0.60057  
 89  3.9112  15245.764369  x:  8.83988   0.00000   0.00000   0.60874   0.96855   1.80525   0.57870   0.20287   0.71629   0.45442   0.15724   0.01919   0.00000   0.24264   0.48042   0.08054   0.15396   0.09865   0.05271   0.06004   0.00000   0.00000   0.53670   0.90441   1.84474   0.56278   0.22372   0.51496   0.58636   0.15768   0.05942   0.02249   0.12033   0.28576   0.09169   0.10711   0.07767   0.11965   0.03423   1.73634   0.74790   0.94386   0.87841   0.60120  
 90  3.6097  15245.492721  x:  9.50079   0.00000   0.00000   0.60006   0.97156   1.80251   0.58382   0.20260   0.73978   0.44150   0.15704   0.01993   0.00000   0.24308   0.48357   0.08054   0.15370   0.09849   0.05210   0.05960   0.00000   0.00000   0.53203   0.90866   1.84257   0.56916   0.22324   0.51584   0.58767   0.15778   0.05909   0.02580   0.11990   0.28632   0.09287   0.10653   0.07970   0.11944   0.03290   1.73959   0.74775   0.94416   0.87832   0.60062  
 91  0.4745  15245.366650  x:  9.79509   0.00000   0.00000   0.59651   0.97327   1.80132   0.58534   0.20197   0.71325   0.45119   0.15705   0.01999   0.00000   0.24337   0.48493   0.08051   0.15364   0.09847   0.05181   0.05942   0.00000   0.00000   0.53003   0.91153   1.84149   0.57187   0.22281   0.51618   0.58847   0.15785   0.05892   0.02725   0.11971   0.28655   0.09342   0.10625   0.08061   0.11935   0.03231   1.74202   0.74785   0.94470   0.87846   0.60074  
 92 46.1289  15245.255473  x: 10.36564   0.00000   0.00000   0.60047   0.96693   1.79310   0.58511   0.20217   0.71363   0.45068   0.15717   0.01997   0.00000   0.24342   0.48449   0.08025   0.15363   0.09897   0.05149   0.05940   0.00000   0.00000   0.53297   0.90899   1.83251   0.56961   0.22417   0.51477   0.58966   0.15746   0.05837   0.02363   0.12067   0.28675   0.09374   0.10641   0.08081   0.11930   0.03375   1.74235   0.74808   0.94496   0.87888   0.60126  
 93  0.3647  15245.235929  x: 10.68913   0.00000   0.00000   0.60215   0.96781   1.79707   0.58203   0.20332   0.71470   0.45157   0.15720   0.01991   0.00000   0.24305   0.48327   0.08031   0.15379   0.09890   0.05166   0.05950   0.00000   0.00000   0.53331   0.90835   1.83237   0.56693   0.22485   0.51462   0.58841   0.15767   0.05852   0.02490   0.12050   0.28631   0.09322   0.10645   0.07974   0.11935   0.03360   1.74184   0.74800   0.94514   0.87846   0.60065  
 94  0.2092  15245.233085  x: 10.80817   0.00000   0.00000   0.60118   0.96806   1.79603   0.58331   0.20291   0.71512   0.45114   0.15716   0.01992   0.00000   0.24325   0.48384   0.08035   0.15373   0.09885   0.05166   0.05946   0.00000   0.00000   0.53323   0.90868   1.83382   0.56806   0.22470   0.51499   0.58880   0.15764   0.05860   0.02459   0.12043   0.28646   0.09338   0.10643   0.08031   0.11936   0.03346   1.74252   0.74810   0.94511   0.87870   0.60091  
 95  0.0874  15245.232983  x: 10.83604   0.00000   0.00000   0.60118   0.96811   1.79646   0.58333   0.20283   0.71499   0.45113   0.15717   0.01992   0.00000   0.24321   0.48379   0.08033   0.15373   0.09887   0.05167   0.05947   0.00000   0.00000   0.53307   0.90879   1.83372   0.56807   0.22461   0.51491   0.58881   0.15763   0.05856   0.02461   0.12046   0.28645   0.09339   0.10643   0.08020   0.11935   0.03349   1.74248   0.74807   0.94513   0.87864   0.60085  
 96  0.0233  15245.232982  x: 10.83824   0.00000   0.00000   0.60118   0.96812   1.79646   0.58330   0.20285   0.71500   0.45113   0.15716   0.01992   0.00000   0.24321   0.48379   0.08033   0.15373   0.09887   0.05166   0.05947   0.00000   0.00000   0.53308   0.90879   1.83377   0.56805   0.22463   0.51491   0.58881   0.15763   0.05857   0.02462   0.12046   0.28646   0.09338   0.10643   0.08021   0.11935   0.03349   1.74248   0.74807   0.94512   0.87865   0.60085  
 97  0.0021  15245.232982  x: 10.83832   0.00000   0.00000   0.60117   0.96812   1.79646   0.58330   0.20285   0.71500   0.45113   0.15716   0.01992   0.00000   0.24321   0.48379   0.08033   0.15373   0.09887   0.05166   0.05947   0.00000   0.00000   0.53308   0.90879   1.83377   0.56805   0.22463   0.51491   0.58881   0.15763   0.05857   0.02462   0.12046   0.28646   0.09338   0.10643   0.08021   0.11935   0.03349   1.74248   0.74807   0.94512   0.87865   0.60085  
 98  0.0001  15245.232982  x: 10.83832   0.00000   0.00000   0.60117   0.96813   1.79646   0.58330   0.20285   0.71500   0.45113   0.15716   0.01992   0.00000   0.24321   0.48379   0.08033   0.15373   0.09887   0.05166   0.05947   0.00000   0.00000   0.53308   0.90879   1.83377   0.56805   0.22463   0.51491   0.58881   0.15763   0.05857   0.02462   0.12046   0.28646   0.09338   0.10643   0.08021   0.11935   0.03349   1.74248   0.74807   0.94512   0.87865   0.60085  