

TREE # 1

  0  0.0000   2352.087366  x:  0.43752   0.17432   0.18481   0.01432   0.02234   0.02136   0.00264   0.00188   0.01508   0.01502   0.00554   0.01029   0.03190   0.01777   0.00000   0.02843   0.14490   0.02984   0.03008   0.00954   0.00732   0.01797   0.00655   0.05364   0.16246   0.14749   0.00774   0.03807   0.02377   0.00568   0.02289   0.01215   0.01117   0.00625   0.00911   0.05909   0.01625   0.01342   0.01363   0.11693   0.06360   0.01390   0.04572   0.00523   0.00702   0.03029   0.10695   8.40433   1.37702   1.13808   1.37946   1.00000  
  1 99.0000   2352.085829  x:  0.43752   0.17432   0.18481   0.01432   0.02234   0.02136   0.00264   0.00188   0.01508   0.01502   0.00554   0.01028   0.03190   0.01777   0.00000   0.02843   0.14490   0.02984   0.03008   0.00954   0.00732   0.01797   0.00655   0.05364   0.16246   0.14749   0.00774   0.03807   0.02377   0.00568   0.02289   0.01215   0.01117   0.00625   0.00911   0.05909   0.01625   0.01342   0.01363   0.11693   0.06360   0.01390   0.04572   0.00523   0.00702   0.03029   0.10695   8.40433   1.37702   1.13808   1.37946   1.00000  
  2 532.1043   2349.410993  x:  0.43769   0.17448   0.18493   0.01431   0.02233   0.02129   0.00076   0.00000   0.01323   0.01459   0.00369   0.01047   0.03174   0.01769   0.00000   0.02851   0.14496   0.02987   0.03008   0.00982   0.00544   0.01786   0.00670   0.05366   0.16257   0.14763   0.00811   0.03793   0.02367   0.00381   0.02283   0.01206   0.01122   0.00437   0.00723   0.05922   0.01570   0.01309   0.01368   0.11699   0.06330   0.01390   0.04577   0.00355   0.00726   0.03018   0.10722   8.40422   1.37703   1.13793   1.37961   1.00017  
  3 3169.0604   2348.479698  x:  0.43776   0.17455   0.18498   0.01430   0.02231   0.02127   0.00000   0.00000   0.01250   0.01450   0.00295   0.01053   0.03170   0.01770   0.00000   0.02852   0.14498   0.02988   0.03008   0.00987   0.00469   0.01786   0.00666   0.05366   0.16261   0.14768   0.00810   0.03789   0.02365   0.00306   0.02282   0.01207   0.01125   0.00362   0.00648   0.05926   0.01557   0.01304   0.01369   0.11701   0.06318   0.01391   0.04580   0.00288   0.00722   0.03016   0.10732   8.40417   1.37704   1.13787   1.37968   1.00023  
  4 21418.6342   2345.257172  x:  0.43802   0.17478   0.18514   0.01429   0.02229   0.02123   0.00000   0.00000   0.00957   0.01426   0.00000   0.01062   0.03159   0.01772   0.00000   0.02855   0.14505   0.02989   0.03008   0.00990   0.00171   0.01784   0.00671   0.05368   0.16276   0.14786   0.00804   0.03778   0.02361   0.00008   0.02282   0.01211   0.01132   0.00063   0.00348   0.05938   0.01521   0.01291   0.01370   0.11708   0.06272   0.01396   0.04594   0.00025   0.00720   0.03010   0.10769   8.40399   1.37705   1.13763   1.37993   1.00050  
  5 155730.0912   2345.184257  x:  0.43803   0.17478   0.18515   0.01429   0.02228   0.02123   0.00000   0.00000   0.00949   0.01426   0.00000   0.01062   0.03158   0.01772   0.00000   0.02855   0.14505   0.02990   0.03008   0.00990   0.00163   0.01784   0.00671   0.05368   0.16276   0.14787   0.00804   0.03778   0.02361   0.00000   0.02282   0.01211   0.01133   0.00055   0.00340   0.05938   0.01520   0.01291   0.01370   0.11708   0.06271   0.01396   0.04594   0.00018   0.00720   0.03010   0.10770   8.40399   1.37705   1.13762   1.37994   1.00050  
  6 1300582.3762   2345.042235  x:  0.43805   0.17481   0.18516   0.01429   0.02228   0.02122   0.00000   0.00000   0.00931   0.01425   0.00000   0.01060   0.03158   0.01772   0.00000   0.02855   0.14506   0.02990   0.03008   0.00988   0.00145   0.01785   0.00668   0.05369   0.16278   0.14789   0.00804   0.03776   0.02361   0.00000   0.02283   0.01214   0.01134   0.00037   0.00322   0.05940   0.01515   0.01291   0.01370   0.11709   0.06268   0.01397   0.04595   0.00000   0.00723   0.03009   0.10773   8.40398   1.37705   1.13761   1.37995   1.00052  
  7 8704.2244   2344.787893  x:  0.43812   0.17490   0.18523   0.01430   0.02228   0.02123   0.00000   0.00000   0.00892   0.01427   0.00000   0.01052   0.03158   0.01773   0.00000   0.02855   0.14510   0.02990   0.03008   0.00985   0.00105   0.01788   0.00673   0.05370   0.16284   0.14796   0.00814   0.03771   0.02362   0.00000   0.02285   0.01220   0.01136   0.00000   0.00285   0.05947   0.01503   0.01294   0.01369   0.11713   0.06257   0.01399   0.04595   0.00000   0.00713   0.03008   0.10787   8.40395   1.37707   1.13760   1.37994   1.00056  
  8 2931.9998   2344.283977  x:  0.43838   0.17521   0.18548   0.01430   0.02232   0.02128   0.00000   0.00000   0.00789   0.01440   0.00000   0.01052   0.03162   0.01769   0.00000   0.02854   0.14522   0.02989   0.03008   0.01002   0.00000   0.01788   0.00671   0.05373   0.16306   0.14821   0.00807   0.03760   0.02366   0.00000   0.02286   0.01214   0.01124   0.00000   0.00194   0.05964   0.01491   0.01300   0.01372   0.11727   0.06228   0.01396   0.04595   0.00000   0.00718   0.03008   0.10827   8.40388   1.37715   1.13760   1.37985   1.00067  
  9 1501.2491   2343.566972  x:  0.43895   0.17583   0.18596   0.01428   0.02226   0.02114   0.00000   0.00000   0.00565   0.01428   0.00000   0.01081   0.03162   0.01766   0.00000   0.02856   0.14543   0.02987   0.03008   0.00974   0.00000   0.01773   0.00669   0.05374   0.16348   0.14868   0.00815   0.03760   0.02359   0.00000   0.02278   0.01199   0.01137   0.00000   0.00000   0.05974   0.01506   0.01285   0.01367   0.11749   0.06185   0.01394   0.04592   0.00000   0.00717   0.03008   0.10882   8.40371   1.37735   1.13763   1.37961   1.00091  
 10 1400.0036   2342.591833  x:  0.44013   0.17687   0.18671   0.01430   0.02219   0.02123   0.00000   0.00000   0.00000   0.01357   0.00000   0.01032   0.03142   0.01779   0.00000   0.02865   0.14571   0.02984   0.03010   0.01009   0.00000   0.01776   0.00671   0.05368   0.16415   0.14942   0.00810   0.03790   0.02341   0.00000   0.02272   0.01224   0.01163   0.00000   0.00000   0.05940   0.01533   0.01240   0.01378   0.11770   0.06145   0.01412   0.04590   0.00000   0.00717   0.03005   0.10910   8.40331   1.37779   1.13770   1.37905   1.00148  
 11 948.5804   2341.881306  x:  0.45481   0.18403   0.19088   0.01375   0.02398   0.02182   0.00000   0.00000   0.00000   0.01047   0.00000   0.01432   0.02773   0.01814   0.00000   0.02859   0.14587   0.03004   0.03038   0.00929   0.00000   0.02021   0.00643   0.05250   0.16753   0.15370   0.00869   0.03948   0.02394   0.00000   0.02433   0.01416   0.00737   0.00000   0.00000   0.05380   0.00847   0.01345   0.01285   0.11609   0.05742   0.01418   0.05002   0.00000   0.00710   0.02895   0.10391   8.39476   1.38231   1.13285   1.37936   1.01344  
 12 58.8456   2341.388479  x:  0.46551   0.18653   0.19153   0.01429   0.02375   0.02145   0.00000   0.00000   0.00000   0.01204   0.00000   0.01365   0.02707   0.01616   0.00000   0.02887   0.14482   0.03053   0.03044   0.00962   0.00000   0.01913   0.00660   0.05238   0.16774   0.15455   0.00841   0.03661   0.02409   0.00000   0.02399   0.01161   0.01180   0.00000   0.00000   0.05472   0.00446   0.01278   0.01388   0.11389   0.05523   0.01330   0.05144   0.00000   0.00709   0.02775   0.09941   8.38654   1.38536   1.12683   1.38258   1.02466  
 13 89.4493   2340.688223  x:  0.48020   0.18697   0.18990   0.01362   0.02260   0.01982   0.00000   0.00000   0.00000   0.00924   0.00000   0.01391   0.02520   0.01496   0.00000   0.02969   0.14251   0.03204   0.03031   0.01001   0.00000   0.01963   0.00665   0.05347   0.16567   0.15336   0.00846   0.02618   0.02459   0.00000   0.02411   0.01293   0.01054   0.00000   0.00000   0.06338   0.00604   0.01032   0.01315   0.11054   0.05261   0.01447   0.05069   0.00000   0.00700   0.02445   0.09554   8.37255   1.38920   1.11529   1.39100   1.04331  
 14 132.6207   2340.102556  x:  0.49068   0.18338   0.18584   0.01378   0.02187   0.02118   0.00000   0.00000   0.00000   0.00729   0.00000   0.01511   0.02736   0.01921   0.00000   0.03014   0.14053   0.03210   0.02997   0.01001   0.00000   0.01825   0.00656   0.05509   0.16142   0.14999   0.00880   0.02945   0.02262   0.00000   0.02260   0.01426   0.00834   0.00000   0.00000   0.07212   0.00386   0.00804   0.01383   0.10965   0.05300   0.01564   0.04569   0.00000   0.00686   0.02710   0.09968   8.35753   1.39175   1.10221   1.40273   1.06230  
 15 95.6054   2339.709225  x:  0.49505   0.17864   0.18221   0.01338   0.02536   0.02127   0.00000   0.00000   0.00000   0.00577   0.00000   0.01545   0.02260   0.01574   0.00000   0.03057   0.14018   0.03223   0.02987   0.01013   0.00000   0.01993   0.00650   0.05549   0.15776   0.14697   0.00882   0.03265   0.02175   0.00000   0.02348   0.01475   0.01005   0.00000   0.00000   0.07375   0.00422   0.00921   0.01283   0.11142   0.05432   0.01368   0.04370   0.00000   0.00682   0.02526   0.10736   8.34489   1.39250   1.09098   1.41469   1.07709  
 16 86.8518   2339.435016  x:  0.49632   0.17488   0.18010   0.01345   0.02384   0.01986   0.00000   0.00000   0.00000   0.00836   0.00000   0.01511   0.02103   0.01496   0.00000   0.03098   0.14084   0.03242   0.02995   0.01006   0.00000   0.02038   0.00651   0.05489   0.15566   0.14526   0.00877   0.03225   0.02160   0.00000   0.02373   0.01516   0.00898   0.00000   0.00000   0.07012   0.00396   0.00592   0.01347   0.11378   0.05576   0.01423   0.04480   0.00000   0.00685   0.02360   0.11310   8.33426   1.39244   1.08192   1.42541   1.08865  
 17 98.3120   2339.053082  x:  0.49650   0.16966   0.17778   0.01387   0.02082   0.01951   0.00000   0.00000   0.00000   0.00611   0.00000   0.01445   0.02341   0.01530   0.00000   0.03113   0.14236   0.03275   0.03005   0.01000   0.00000   0.01927   0.00639   0.05379   0.15341   0.14339   0.00870   0.02865   0.02225   0.00000   0.02331   0.01349   0.00858   0.00000   0.00000   0.06351   0.00362   0.00829   0.01465   0.11739   0.05751   0.01454   0.04752   0.00000   0.00690   0.02299   0.11997   8.31785   1.39186   1.06846   1.44220   1.10570  
 18 169.7262   2338.779361  x:  0.49503   0.16760   0.17798   0.01307   0.02390   0.02231   0.00000   0.00000   0.00000   0.00640   0.00000   0.01487   0.02480   0.01740   0.00000   0.03060   0.14390   0.03317   0.02995   0.01032   0.00000   0.01856   0.00622   0.05343   0.15376   0.14355   0.00892   0.02593   0.02271   0.00000   0.02290   0.01339   0.01017   0.00000   0.00000   0.06079   0.00396   0.00674   0.01195   0.11894   0.05718   0.01408   0.04886   0.00000   0.00690   0.02543   0.12036   8.30359   1.39096   1.05815   1.45630   1.11929  
 19 94.6265   2337.889826  x:  0.48696   0.16651   0.18365   0.01467   0.02682   0.01959   0.00000   0.00000   0.00000   0.00782   0.00000   0.01347   0.02415   0.01723   0.00000   0.02946   0.14907   0.03355   0.02928   0.00925   0.00000   0.01618   0.00576   0.05410   0.16021   0.14816   0.00933   0.02873   0.02132   0.00000   0.02109   0.01336   0.00919   0.00000   0.00000   0.06184   0.00566   0.00820   0.01787   0.12014   0.05274   0.01353   0.04830   0.00000   0.00685   0.02915   0.10995   8.24941   1.38723   1.02351   1.50694   1.16786  
 20 132.8331   2337.492670  x:  0.48336   0.16782   0.18652   0.01326   0.02215   0.02046   0.00000   0.00000   0.00000   0.00829   0.00000   0.01256   0.02606   0.01516   0.00000   0.02944   0.15013   0.03213   0.02921   0.01017   0.00000   0.01709   0.00564   0.05444   0.16347   0.15049   0.00941   0.03272   0.02183   0.00000   0.02205   0.01105   0.00895   0.00000   0.00000   0.06311   0.00590   0.00859   0.01305   0.11938   0.05187   0.01409   0.04692   0.00000   0.00680   0.02720   0.10548   8.22487   1.38591   1.01061   1.52738   1.18859  
 21 201.5717   2337.346689  x:  0.48143   0.17159   0.18763   0.01513   0.02277   0.02218   0.00000   0.00000   0.00000   0.00831   0.00000   0.01321   0.02701   0.01665   0.00000   0.03041   0.14727   0.02974   0.02957   0.00982   0.00000   0.01783   0.00553   0.05418   0.16475   0.15117   0.00966   0.03274   0.02290   0.00000   0.02313   0.01020   0.00923   0.00000   0.00000   0.06301   0.00627   0.00815   0.01424   0.11636   0.05449   0.01336   0.04589   0.00000   0.00675   0.02396   0.10629   8.21058   1.38608   1.01037   1.53294   1.19739  
 22 40.6452   2337.031026  x:  0.47671   0.18126   0.18933   0.01174   0.02395   0.01988   0.00000   0.00000   0.00000   0.00863   0.00000   0.01214   0.02750   0.01585   0.00000   0.03059   0.13908   0.02729   0.03001   0.00999   0.00000   0.01606   0.00549   0.05338   0.16653   0.15166   0.00980   0.03178   0.02244   0.00000   0.02225   0.01062   0.00873   0.00000   0.00000   0.06172   0.00596   0.00875   0.01392   0.10898   0.06082   0.01285   0.04490   0.00000   0.00672   0.02522   0.10979   8.17518   1.38716   1.01510   1.54202   1.21658  
 23 87.4635   2336.797654  x:  0.47241   0.18748   0.18972   0.01584   0.02248   0.02066   0.00000   0.00000   0.00000   0.00872   0.00000   0.01241   0.02622   0.01403   0.00000   0.02973   0.13379   0.03009   0.02980   0.01014   0.00000   0.01643   0.00540   0.05318   0.16642   0.15085   0.00994   0.03130   0.02154   0.00000   0.02136   0.01062   0.00851   0.00000   0.00000   0.06154   0.00609   0.00892   0.01260   0.10559   0.06290   0.01322   0.04585   0.00000   0.00673   0.02836   0.11195   8.14460   1.38840   1.02175   1.54767   1.23146  
 24 125.9445   2336.292460  x:  0.46298   0.19568   0.18835   0.01182   0.02053   0.02355   0.00000   0.00000   0.00000   0.00856   0.00000   0.01253   0.02489   0.01569   0.00000   0.02779   0.12855   0.03716   0.02911   0.00944   0.00000   0.01845   0.00518   0.05372   0.16289   0.14729   0.01031   0.03248   0.02185   0.00000   0.02226   0.00786   0.00908   0.00000   0.00000   0.06272   0.00671   0.00837   0.01567   0.10591   0.05992   0.01253   0.04941   0.00000   0.00687   0.02830   0.11330   8.07576   1.39194   1.04094   1.55623   1.26169  
 25 141.4642   2335.109043  x:  0.44288   0.20903   0.18425   0.01371   0.02449   0.01937   0.00000   0.00000   0.00000   0.00812   0.00000   0.01090   0.03065   0.01599   0.00000   0.03027   0.12536   0.04074   0.02941   0.00987   0.00000   0.01318   0.00500   0.05461   0.15313   0.14019   0.01062   0.03578   0.02272   0.00000   0.02217   0.01012   0.00861   0.00000   0.00000   0.06314   0.00661   0.00768   0.01279   0.11345   0.04894   0.01146   0.05350   0.00000   0.00719   0.02226   0.11246   7.91092   1.40187   1.08948   1.57240   1.33096  
 26 356.8552   2333.740945  x:  0.42494   0.21821   0.18117   0.01367   0.02484   0.02189   0.00000   0.00000   0.00000   0.00798   0.00000   0.01163   0.02941   0.01174   0.00000   0.03358   0.13284   0.02764   0.03146   0.00910   0.00000   0.01742   0.00471   0.05393   0.14451   0.13888   0.01152   0.03257   0.02040   0.00000   0.01983   0.00718   0.00805   0.00000   0.00000   0.06184   0.00636   0.00746   0.01456   0.12363   0.04169   0.01675   0.04824   0.00000   0.00732   0.02664   0.10979   7.71564   1.41600   1.14703   1.58727   1.40932  
 27 461.2378   2332.917191  x:  0.41913   0.21852   0.18178   0.01451   0.02084   0.02251   0.00000   0.00000   0.00000   0.00837   0.00000   0.01097   0.02368   0.01490   0.00000   0.03044   0.14236   0.02433   0.03108   0.00956   0.00000   0.01369   0.00449   0.05287   0.14358   0.14395   0.01233   0.03030   0.02050   0.00000   0.02091   0.00764   0.00729   0.00000   0.00000   0.06214   0.00607   0.00825   0.01321   0.12756   0.04452   0.00965   0.04361   0.00000   0.00727   0.02763   0.10861   7.59888   1.42619   1.18001   1.59370   1.45278  
 28 413.5431   2331.761632  x:  0.41749   0.21047   0.18629   0.01469   0.02443   0.02188   0.00000   0.00000   0.00000   0.00755   0.00000   0.01117   0.02661   0.01199   0.00000   0.02469   0.16046   0.03174   0.02936   0.00931   0.00000   0.01270   0.00435   0.05163   0.14912   0.15825   0.01334   0.03047   0.02298   0.00000   0.02200   0.00621   0.00669   0.00000   0.00000   0.06462   0.00551   0.00716   0.01374   0.12795   0.05786   0.01345   0.04005   0.00000   0.00723   0.02525   0.10907   7.41421   1.44488   1.22873   1.60073   1.51523  
 29 412.6742   2331.060981  x:  0.41962   0.19949   0.18918   0.01374   0.02411   0.02231   0.00000   0.00000   0.00000   0.00792   0.00000   0.01129   0.02972   0.01095   0.00000   0.03219   0.16723   0.03409   0.02995   0.00888   0.00000   0.01646   0.00428   0.05295   0.15508   0.16509   0.01368   0.03098   0.01949   0.00000   0.01819   0.00753   0.00648   0.00000   0.00000   0.06723   0.00568   0.00702   0.01393   0.12338   0.06192   0.00853   0.04521   0.00000   0.00736   0.02518   0.11070   7.30259   1.45726   1.25490   1.60400   1.54729  
 30 358.8992   2330.383488  x:  0.42414   0.18510   0.19142   0.01420   0.02457   0.02158   0.00000   0.00000   0.00000   0.00851   0.00000   0.01012   0.02667   0.01390   0.00000   0.03625   0.16772   0.03236   0.03070   0.00915   0.00000   0.01392   0.00411   0.05514   0.16183   0.16774   0.01391   0.03197   0.01888   0.00000   0.02005   0.00412   0.00642   0.00000   0.00000   0.06918   0.00592   0.00849   0.01246   0.11621   0.06025   0.01188   0.05096   0.00000   0.00758   0.02571   0.11350   7.19736   1.46987   1.27617   1.60638   1.57201  
 31 364.8889   2329.748312  x:  0.43008   0.17076   0.19364   0.01365   0.02328   0.02512   0.00000   0.00000   0.00000   0.00841   0.00000   0.01075   0.02689   0.01067   0.00000   0.03487   0.16529   0.02917   0.03064   0.00852   0.00000   0.00944   0.00402   0.05666   0.16890   0.16845   0.01418   0.03297   0.02108   0.00000   0.02152   0.00653   0.00663   0.00000   0.00000   0.06929   0.00639   0.00793   0.01401   0.10946   0.05587   0.01252   0.05398   0.00000   0.00780   0.02614   0.11613   7.09450   1.48281   1.29482   1.60819   1.59340  
 32 640.5933   2328.925162  x:  0.44040   0.15392   0.19669   0.01484   0.02358   0.02210   0.00000   0.00000   0.00000   0.00739   0.00000   0.00947   0.02999   0.01026   0.00000   0.02710   0.15898   0.02588   0.02912   0.00837   0.00000   0.01318   0.00397   0.05693   0.17843   0.16734   0.01455   0.03344   0.02315   0.00000   0.02023   0.00500   0.00647   0.00000   0.00000   0.06672   0.00673   0.00598   0.01403   0.10324   0.04844   0.00917   0.05195   0.00000   0.00801   0.02674   0.11892   6.95996   1.50078   1.31597   1.60966   1.61763  
 33 597.4622   2328.121655  x:  0.45454   0.14469   0.19967   0.01408   0.02364   0.02455   0.00000   0.00000   0.00000   0.00988   0.00000   0.00971   0.03009   0.01102   0.00000   0.02695   0.15086   0.02932   0.02797   0.00817   0.00000   0.01205   0.00394   0.05460   0.18761   0.16439   0.01502   0.03195   0.01741   0.00000   0.01590   0.00504   0.00616   0.00000   0.00000   0.06174   0.00693   0.00873   0.01340   0.10540   0.04477   0.01024   0.04232   0.00000   0.00804   0.02255   0.11909   6.82503   1.52034   1.33113   1.60990   1.63553  
 34 346.7730   2327.128262  x:  0.47512   0.14106   0.20192   0.01382   0.02339   0.02379   0.00000   0.00000   0.00000   0.01022   0.00000   0.00897   0.03219   0.00923   0.00000   0.03435   0.14172   0.03303   0.02896   0.00766   0.00000   0.01152   0.00400   0.05213   0.19699   0.15897   0.01559   0.03147   0.02052   0.00000   0.02301   0.00377   0.00557   0.00000   0.00000   0.05949   0.00736   0.00827   0.01427   0.11606   0.04686   0.00775   0.03451   0.00000   0.00805   0.02722   0.11777   6.64440   1.54756   1.34498   1.60952   1.65255  
 35 440.4944   2324.784597  x:  0.51907   0.14632   0.20112   0.01435   0.02354   0.02522   0.00000   0.00000   0.00000   0.01108   0.00000   0.00784   0.03186   0.00842   0.00000   0.02945   0.13009   0.02547   0.03106   0.00683   0.00000   0.01015   0.00397   0.05156   0.20827   0.14498   0.01668   0.03430   0.02527   0.00000   0.01382   0.00261   0.00508   0.00000   0.00000   0.06803   0.00832   0.00897   0.01370   0.14428   0.06320   0.00709   0.04564   0.00000   0.00848   0.02753   0.11473   6.22347   1.61081   1.36583   1.60895   1.67869  
 36 562.3975   2323.681516  x:  0.53314   0.15204   0.19806   0.01485   0.02401   0.02555   0.00000   0.00000   0.00000   0.01167   0.00000   0.00759   0.03580   0.00718   0.00000   0.02455   0.13230   0.02256   0.02967   0.00632   0.00000   0.00984   0.00413   0.05396   0.20628   0.14068   0.01690   0.03378   0.01442   0.00000   0.02105   0.00252   0.00507   0.00000   0.00000   0.06935   0.00876   0.00901   0.01404   0.14689   0.06643   0.00592   0.04977   0.00000   0.00870   0.02729   0.11514   6.03228   1.63807   1.37086   1.60935   1.68486  
 37 587.1026   2318.546606  x:  0.57288   0.18296   0.17993   0.01498   0.02351   0.02676   0.00000   0.00000   0.00000   0.01435   0.00000   0.00515   0.03914   0.00601   0.00000   0.02602   0.16157   0.02558   0.02308   0.00426   0.00000   0.00784   0.00481   0.06484   0.17674   0.13322   0.01772   0.03568   0.01922   0.00000   0.01733   0.00048   0.00459   0.00000   0.00000   0.06264   0.01056   0.01075   0.01388   0.12397   0.06102   0.00402   0.04535   0.00000   0.00965   0.02790   0.12383   5.21904   1.74814   1.37970   1.61312   1.69483  
 38 808.2329   2316.094291  x:  0.57304   0.19000   0.18106   0.01507   0.02343   0.02720   0.00000   0.00000   0.00000   0.01507   0.00000   0.00399   0.04088   0.00615   0.00000   0.02113   0.16540   0.02955   0.05715   0.00275   0.00000   0.00730   0.00569   0.04963   0.16022   0.14308   0.01758   0.03669   0.01827   0.00000   0.01727   0.00027   0.00446   0.00000   0.00000   0.06587   0.01107   0.01116   0.01367   0.11726   0.05440   0.00290   0.04452   0.00000   0.01036   0.02758   0.12912   4.67930   1.80998   1.38269   1.62009   1.69564  
 39 655.9973   2310.828904  x:  0.55066   0.19109   0.19256   0.01482   0.02375   0.02762   0.00000   0.00000   0.00000   0.01506   0.00000   0.00295   0.04063   0.00630   0.00000   0.02332   0.15781   0.02743   0.04478   0.00043   0.00000   0.00734   0.00735   0.03712   0.15355   0.16093   0.01666   0.03633   0.01855   0.00000   0.01800   0.00047   0.00422   0.00000   0.00000   0.07141   0.01077   0.01137   0.01317   0.12161   0.04868   0.00348   0.04702   0.00000   0.01134   0.02779   0.13487   3.93326   1.88378   1.38703   1.63401   1.69493  
 40 908.1111   2309.904511  x:  0.54209   0.19096   0.19722   0.01476   0.02377   0.02760   0.00000   0.00000   0.00000   0.01492   0.00000   0.00288   0.04012   0.00620   0.00000   0.02257   0.15551   0.02799   0.04827   0.00020   0.00000   0.00746   0.00760   0.05213   0.15693   0.16315   0.01665   0.03524   0.01877   0.00000   0.01761   0.00055   0.00405   0.00000   0.00000   0.06923   0.01043   0.01127   0.01309   0.12483   0.04900   0.00333   0.04540   0.00000   0.01144   0.02741   0.13554   3.76212   1.89738   1.38703   1.63717   1.69159  
 41 478.8791   2304.750659  x:  0.48110   0.18765   0.22421   0.01425   0.02436   0.02783   0.00000   0.00000   0.00000   0.01281   0.00000   0.00286   0.03742   0.00523   0.00000   0.02362   0.14871   0.02742   0.04418   0.00073   0.00000   0.00679   0.00757   0.06588   0.17807   0.16493   0.01786   0.03169   0.01779   0.00000   0.01705   0.00026   0.00304   0.00000   0.00000   0.07091   0.00874   0.00946   0.01302   0.13508   0.04593   0.00304   0.04487   0.00000   0.01163   0.02598   0.14056   2.77346   1.96987   1.37673   1.65048   1.65194  
 42 553.4105   2304.004281  x:  0.48557   0.19323   0.20996   0.01447   0.02423   0.02773   0.00000   0.00000   0.00000   0.01283   0.00000   0.00278   0.03731   0.00558   0.00000   0.02286   0.16108   0.02858   0.04921   0.00071   0.00000   0.00699   0.00777   0.06239   0.20054   0.14836   0.01757   0.03172   0.01819   0.00000   0.01689   0.00054   0.00312   0.00000   0.00000   0.07118   0.00873   0.00957   0.01292   0.13063   0.04507   0.00293   0.04404   0.00000   0.01168   0.02597   0.14233   2.62097   1.95783   1.38615   1.66289   1.64592  
 43 83.8077   2303.035245  x:  0.51985   0.19503   0.18724   0.01478   0.02406   0.02781   0.00000   0.00000   0.00000   0.01352   0.00000   0.00254   0.03854   0.00570   0.00000   0.02225   0.15291   0.02801   0.04854   0.00074   0.00000   0.00691   0.00778   0.06422   0.19085   0.17081   0.01727   0.03271   0.01819   0.00000   0.01686   0.00052   0.00342   0.00000   0.00000   0.06981   0.00943   0.00990   0.01300   0.13308   0.04299   0.00295   0.04406   0.00000   0.01169   0.02641   0.14131   2.43989   1.89863   1.40964   1.69420   1.62285  
 44 48.6587   2302.560493  x:  0.54083   0.19429   0.21169   0.01476   0.02397   0.02787   0.00000   0.00000   0.00000   0.01375   0.00000   0.00260   0.03888   0.00577   0.00000   0.02243   0.15672   0.02749   0.04771   0.00071   0.00000   0.00691   0.00781   0.06359   0.17536   0.15965   0.01711   0.03305   0.01816   0.00000   0.01684   0.00050   0.00354   0.00000   0.00000   0.06988   0.00965   0.01008   0.01300   0.13086   0.04593   0.00274   0.04393   0.00000   0.01166   0.02661   0.14178   2.35656   1.85689   1.42244   1.71107   1.60763  
 45 41.2871   2302.092859  x:  0.53547   0.19415   0.20723   0.01479   0.02403   0.02787   0.00000   0.00000   0.00000   0.01289   0.00000   0.00319   0.03814   0.00570   0.00000   0.02286   0.15865   0.02723   0.04588   0.00057   0.00000   0.00667   0.00766   0.05824   0.19048   0.15458   0.01716   0.03259   0.01751   0.00000   0.01685   0.00024   0.00356   0.00000   0.00000   0.07134   0.00930   0.00930   0.01309   0.13164   0.04488   0.00280   0.04444   0.00000   0.01164   0.02630   0.14227   2.32675   1.80790   1.41318   1.70792   1.58026  
 46  5.4179   2293.913066  x:  0.52447   0.20388   0.20461   0.01484   0.02366   0.02666   0.00000   0.00000   0.00000   0.00811   0.00000   0.01104   0.03521   0.00862   0.00000   0.02614   0.15069   0.02893   0.04362   0.00071   0.00000   0.00693   0.00577   0.05964   0.17219   0.16980   0.01308   0.03251   0.01578   0.00000   0.01580   0.00070   0.00643   0.00000   0.00000   0.06821   0.00921   0.00406   0.01438   0.13226   0.04364   0.00514   0.04336   0.00000   0.00916   0.02638   0.14306   2.29854   1.32295   1.10063   1.29197   1.43938  
 47  6.2085   2289.795840  x:  0.49933   0.20897   0.20917   0.01444   0.02368   0.02630   0.00000   0.00000   0.00000   0.00417   0.00000   0.01309   0.03112   0.00976   0.00000   0.02840   0.14576   0.02955   0.04059   0.00082   0.00000   0.00736   0.00536   0.06137   0.17264   0.17678   0.01016   0.03107   0.01462   0.00000   0.01517   0.00091   0.00686   0.00000   0.00000   0.06641   0.00790   0.00082   0.01462   0.13065   0.04003   0.00669   0.04248   0.00000   0.00802   0.02498   0.14057   2.43544   1.36512   1.13795   1.49816   1.15352  
 48  7.3428   2287.853736  x:  0.48297   0.20942   0.20917   0.01426   0.02495   0.02643   0.00000   0.00000   0.00000   0.00544   0.00000   0.01438   0.02816   0.01164   0.00000   0.02925   0.14343   0.02912   0.03616   0.00090   0.00000   0.01122   0.00645   0.06243   0.17071   0.17766   0.00542   0.03037   0.01710   0.00000   0.01756   0.00097   0.00792   0.00000   0.00000   0.06793   0.00670   0.00619   0.01385   0.12847   0.04003   0.00856   0.04333   0.00000   0.00684   0.02471   0.14094   2.47271   1.38132   1.13645   1.56590   1.02423  
 49  1.4596   2286.637008  x:  0.45826   0.19597   0.19745   0.01418   0.02584   0.02660   0.00000   0.00000   0.00000   0.00423   0.00000   0.01167   0.02525   0.01336   0.00000   0.03179   0.14173   0.02913   0.03051   0.00086   0.00000   0.01291   0.00655   0.05771   0.16155   0.16318   0.00457   0.03212   0.01694   0.00000   0.01862   0.00091   0.00767   0.00000   0.00000   0.06316   0.00659   0.00556   0.01419   0.11981   0.05230   0.00977   0.04468   0.00000   0.00634   0.02489   0.12486   2.34147   1.40705   1.10226   1.52164   1.01024  
 50  0.6390   2286.348635  x:  0.45693   0.19416   0.19592   0.01420   0.02678   0.02717   0.00000   0.00000   0.00000   0.00483   0.00000   0.00900   0.02453   0.01295   0.00000   0.03194   0.14314   0.02931   0.02899   0.00088   0.00000   0.01307   0.00573   0.05675   0.16398   0.15821   0.00722   0.03162   0.01742   0.00000   0.01895   0.00091   0.00637   0.00000   0.00000   0.06396   0.00612   0.00557   0.01408   0.11879   0.05292   0.00941   0.04541   0.00000   0.00660   0.02464   0.12381   2.36335   1.35641   1.07743   1.48717   0.98526  
 51  0.5346   2285.901667  x:  0.46383   0.19431   0.19595   0.01440   0.02653   0.02624   0.00000   0.00000   0.00000   0.00785   0.00000   0.00726   0.02581   0.01416   0.00000   0.03172   0.14824   0.02883   0.02768   0.00104   0.00000   0.01386   0.00672   0.05758   0.16593   0.15321   0.00705   0.03218   0.01994   0.00000   0.02020   0.00098   0.00669   0.00000   0.00000   0.06559   0.00635   0.00513   0.01306   0.11828   0.05195   0.00968   0.04584   0.00000   0.00622   0.02592   0.12527   2.42358   1.39273   1.08862   1.45637   1.02437  
 52  0.1559   2285.491086  x:  0.46250   0.19582   0.19597   0.01434   0.02604   0.02543   0.00000   0.00000   0.00000   0.00749   0.00000   0.00711   0.02633   0.01157   0.00000   0.03103   0.15045   0.02911   0.03178   0.00132   0.00000   0.01158   0.00558   0.05517   0.16208   0.15680   0.00679   0.03244   0.02046   0.00000   0.01875   0.00138   0.00537   0.00000   0.00000   0.06550   0.00638   0.00590   0.01242   0.11765   0.04838   0.00763   0.04583   0.00000   0.00610   0.02596   0.12510   2.40367   1.41045   1.09423   1.43641   0.98847  
 53  0.0419   2285.370070  x:  0.46174   0.19371   0.19616   0.01439   0.02589   0.02540   0.00000   0.00000   0.00000   0.00693   0.00000   0.00580   0.02593   0.01114   0.00000   0.03076   0.15034   0.02899   0.03239   0.00144   0.00000   0.01125   0.00722   0.05545   0.16526   0.15591   0.00591   0.03238   0.02036   0.00000   0.01852   0.00149   0.00531   0.00000   0.00000   0.06510   0.00628   0.00610   0.01235   0.11844   0.04898   0.00731   0.04565   0.00000   0.00689   0.02590   0.12369   2.42071   1.38273   1.09306   1.42433   0.99691  
 54  0.1741   2284.919328  x:  0.46411   0.19325   0.19978   0.01438   0.02509   0.02476   0.00000   0.00000   0.00000   0.00533   0.00000   0.00604   0.02614   0.01166   0.00000   0.02985   0.14713   0.02846   0.03007   0.00202   0.00000   0.01208   0.00699   0.05607   0.16763   0.16168   0.00788   0.03238   0.01938   0.00000   0.01893   0.00212   0.00854   0.00000   0.00000   0.06515   0.00647   0.00713   0.01355   0.12322   0.05062   0.00795   0.04456   0.00000   0.00688   0.02626   0.12459   2.37409   1.40858   1.12114   1.45461   1.02530  
 55  0.0626   2284.510717  x:  0.47790   0.19611   0.19568   0.01431   0.02552   0.02579   0.00000   0.00000   0.00000   0.00652   0.00000   0.00694   0.02673   0.01312   0.00000   0.03006   0.14660   0.02835   0.02834   0.00264   0.00000   0.01380   0.00620   0.05562   0.16057   0.16116   0.00545   0.03260   0.01902   0.00000   0.02033   0.00282   0.00638   0.00000   0.00000   0.06514   0.00680   0.00741   0.01411   0.12011   0.05164   0.00952   0.04474   0.00000   0.00571   0.02622   0.12537   2.36249   1.37889   1.10542   1.45894   1.02166  
 56  0.0363   2284.217544  x:  0.46323   0.19711   0.19556   0.01431   0.02642   0.02681   0.00000   0.00000   0.00000   0.00698   0.00000   0.00687   0.02571   0.01381   0.00000   0.03136   0.14739   0.02877   0.02943   0.00340   0.00000   0.01362   0.00723   0.05445   0.16203   0.15788   0.00632   0.03230   0.01912   0.00000   0.02015   0.00369   0.00647   0.00000   0.00000   0.06556   0.00624   0.00767   0.01332   0.11724   0.05030   0.00935   0.04520   0.00000   0.00760   0.02569   0.12620   2.37149   1.39616   1.07930   1.45408   0.98909  
 57  0.0398   2284.066570  x:  0.45934   0.19471   0.19548   0.01434   0.02640   0.02633   0.00000   0.00000   0.00000   0.00657   0.00000   0.00571   0.02531   0.01350   0.00000   0.03161   0.14823   0.02913   0.03110   0.00398   0.00000   0.01322   0.00584   0.05409   0.16597   0.15395   0.00635   0.03230   0.01934   0.00000   0.01970   0.00432   0.00675   0.00000   0.00000   0.06478   0.00608   0.00796   0.01285   0.11743   0.05084   0.00878   0.04557   0.00000   0.00608   0.02553   0.12467   2.41317   1.38916   1.08140   1.44779   1.00462  
 58  0.0603   2283.952766  x:  0.46204   0.19321   0.19573   0.01438   0.02618   0.02610   0.00000   0.00000   0.00000   0.00627   0.00000   0.00693   0.02572   0.01294   0.00000   0.03115   0.14771   0.02901   0.02994   0.00466   0.00000   0.01279   0.00673   0.05369   0.16397   0.15638   0.00689   0.03255   0.01988   0.00000   0.01903   0.00513   0.00574   0.00000   0.00000   0.06468   0.00635   0.00801   0.01273   0.11857   0.05077   0.00805   0.04594   0.00000   0.00606   0.02561   0.12407   2.41577   1.39127   1.09779   1.45468   1.02011  
 59  0.0283   2283.874046  x:  0.46491   0.19492   0.19759   0.01441   0.02570   0.02558   0.00000   0.00000   0.00000   0.00645   0.00000   0.00651   0.02655   0.01257   0.00000   0.03091   0.14810   0.02866   0.02866   0.00537   0.00000   0.01280   0.00635   0.05388   0.16470   0.15758   0.00623   0.03230   0.01986   0.00000   0.01883   0.00590   0.00662   0.00000   0.00000   0.06575   0.00656   0.00756   0.01309   0.12052   0.05020   0.00851   0.04546   0.00000   0.00655   0.02594   0.12627   2.38311   1.38170   1.09511   1.44515   1.00479  
 60  0.0420   2283.844780  x:  0.46719   0.19497   0.19626   0.01437   0.02582   0.02576   0.00000   0.00000   0.00000   0.00657   0.00000   0.00650   0.02630   0.01279   0.00000   0.03119   0.14803   0.02872   0.03069   0.00580   0.00000   0.01302   0.00640   0.05504   0.16404   0.15685   0.00646   0.03228   0.01950   0.00000   0.01916   0.00636   0.00654   0.00000   0.00000   0.06495   0.00660   0.00716   0.01336   0.11951   0.05092   0.00916   0.04514   0.00000   0.00666   0.02590   0.12502   2.38298   1.38638   1.09627   1.44881   1.00669  
 61  0.0091   2283.826518  x:  0.46404   0.19499   0.19647   0.01433   0.02613   0.02598   0.00000   0.00000   0.00000   0.00652   0.00000   0.00637   0.02579   0.01310   0.00000   0.03113   0.14743   0.02889   0.02975   0.00614   0.00000   0.01291   0.00644   0.05476   0.16429   0.15731   0.00644   0.03219   0.01932   0.00000   0.01948   0.00674   0.00641   0.00000   0.00000   0.06521   0.00638   0.00667   0.01329   0.11894   0.05028   0.00883   0.04547   0.00000   0.00632   0.02577   0.12475   2.38681   1.38835   1.09165   1.44901   1.00935  
 62  0.0086   2283.822039  x:  0.46460   0.19497   0.19617   0.01435   0.02601   0.02594   0.00000   0.00000   0.00000   0.00642   0.00000   0.00648   0.02599   0.01294   0.00000   0.03105   0.14790   0.02881   0.02967   0.00623   0.00000   0.01285   0.00636   0.05436   0.16405   0.15697   0.00645   0.03239   0.01938   0.00000   0.01934   0.00685   0.00648   0.00000   0.00000   0.06515   0.00642   0.00634   0.01310   0.11880   0.05069   0.00867   0.04538   0.00000   0.00647   0.02577   0.12499   2.39617   1.38871   1.09338   1.45167   1.00946  
 63  0.0084   2283.820764  x:  0.46450   0.19496   0.19644   0.01436   0.02597   0.02592   0.00000   0.00000   0.00000   0.00638   0.00000   0.00644   0.02604   0.01290   0.00000   0.03105   0.14787   0.02876   0.02981   0.00619   0.00000   0.01286   0.00641   0.05430   0.16426   0.15705   0.00650   0.03235   0.01944   0.00000   0.01930   0.00680   0.00641   0.00000   0.00000   0.06522   0.00642   0.00613   0.01315   0.11910   0.05054   0.00874   0.04538   0.00000   0.00641   0.02581   0.12531   2.39092   1.38806   1.09378   1.45135   1.00940  
 64  0.0045   2283.820364  x:  0.46467   0.19490   0.19642   0.01436   0.02599   0.02591   0.00000   0.00000   0.00000   0.00640   0.00000   0.00645   0.02599   0.01293   0.00000   0.03108   0.14774   0.02881   0.02977   0.00612   0.00000   0.01281   0.00639   0.05446   0.16412   0.15706   0.00650   0.03232   0.01939   0.00000   0.01927   0.00671   0.00644   0.00000   0.00000   0.06513   0.00642   0.00607   0.01320   0.11907   0.05051   0.00871   0.04538   0.00000   0.00644   0.02581   0.12511   2.39158   1.38837   1.09396   1.45164   1.00955  
 65  0.0008   2283.820316  x:  0.46462   0.19494   0.19636   0.01435   0.02599   0.02592   0.00000   0.00000   0.00000   0.00640   0.00000   0.00645   0.02599   0.01293   0.00000   0.03108   0.14780   0.02881   0.02977   0.00610   0.00000   0.01282   0.00638   0.05442   0.16417   0.15707   0.00649   0.03232   0.01939   0.00000   0.01929   0.00668   0.00644   0.00000   0.00000   0.06517   0.00641   0.00607   0.01316   0.11902   0.05052   0.00873   0.04538   0.00000   0.00643   0.02579   0.12511   2.39212   1.38825   1.09359   1.45138   1.00969  
 66  0.0006   2283.820240  x:  0.46448   0.19492   0.19634   0.01436   0.02600   0.02592   0.00000   0.00000   0.00000   0.00640   0.00000   0.00643   0.02603   0.01295   0.00000   0.03106   0.14780   0.02880   0.02975   0.00610   0.00000   0.01281   0.00639   0.05436   0.16416   0.15697   0.00650   0.03234   0.01938   0.00000   0.01932   0.00667   0.00643   0.00000   0.00000   0.06519   0.00643   0.00607   0.01317   0.11898   0.05061   0.00872   0.04540   0.00000   0.00641   0.02581   0.12510   2.39237   1.38853   1.09383   1.45177   1.00908  
 67  0.0001   2283.819506  x:  0.46397   0.19504   0.19654   0.01435   0.02607   0.02593   0.00000   0.00000   0.00000   0.00642   0.00000   0.00644   0.02597   0.01293   0.00000   0.03093   0.14774   0.02876   0.02977   0.00620   0.00000   0.01284   0.00634   0.05427   0.16409   0.15698   0.00649   0.03235   0.01946   0.00000   0.01943   0.00657   0.00643   0.00000   0.00000   0.06515   0.00644   0.00605   0.01317   0.11889   0.05060   0.00868   0.04547   0.00000   0.00648   0.02584   0.12508   2.39118   1.38828   1.09385   1.45193   1.01026  
 68  0.0002   2283.818459  x:  0.46452   0.19522   0.19654   0.01435   0.02604   0.02591   0.00000   0.00000   0.00000   0.00639   0.00000   0.00647   0.02593   0.01289   0.00000   0.03099   0.14788   0.02875   0.02978   0.00636   0.00000   0.01282   0.00640   0.05444   0.16416   0.15708   0.00650   0.03233   0.01940   0.00000   0.01934   0.00642   0.00647   0.00000   0.00000   0.06509   0.00647   0.00606   0.01318   0.11893   0.05052   0.00870   0.04539   0.00000   0.00641   0.02584   0.12511   2.39234   1.38794   1.09344   1.45130   1.00947  
 69  0.0010   2283.818276  x:  0.46463   0.19500   0.19639   0.01435   0.02601   0.02592   0.00000   0.00000   0.00000   0.00640   0.00000   0.00644   0.02599   0.01291   0.00000   0.03108   0.14781   0.02879   0.02976   0.00639   0.00000   0.01282   0.00638   0.05441   0.16418   0.15709   0.00650   0.03232   0.01936   0.00000   0.01930   0.00640   0.00643   0.00000   0.00000   0.06518   0.00644   0.00608   0.01317   0.11903   0.05053   0.00873   0.04538   0.00000   0.00644   0.02580   0.12510   2.39188   1.38839   1.09375   1.45153   1.00970  
 70  0.0009   2283.818259  x:  0.46457   0.19492   0.19637   0.01435   0.02600   0.02592   0.00000   0.00000   0.00000   0.00640   0.00000   0.00646   0.02600   0.01292   0.00000   0.03108   0.14778   0.02881   0.02978   0.00639   0.00000   0.01282   0.00639   0.05439   0.16417   0.15706   0.00649   0.03232   0.01938   0.00000   0.01929   0.00640   0.00644   0.00000   0.00000   0.06518   0.00642   0.00607   0.01317   0.11904   0.05053   0.00872   0.04538   0.00000   0.00643   0.02579   0.12510   2.39185   1.38834   1.09372   1.45155   1.00958  
 71  0.0002   2283.818256  x:  0.46460   0.19493   0.19638   0.01435   0.02600   0.02592   0.00000   0.00000   0.00000   0.00640   0.00000   0.00645   0.02600   0.01292   0.00000   0.03108   0.14779   0.02881   0.02977   0.00639   0.00000   0.01282   0.00639   0.05439   0.16416   0.15705   0.00649   0.03232   0.01939   0.00000   0.01929   0.00640   0.00644   0.00000   0.00000   0.06517   0.00642   0.00607   0.01317   0.11902   0.05052   0.00872   0.04539   0.00000   0.00643   0.02579   0.12511   2.39198   1.38832   1.09369   1.45150   1.00958  
 72  0.0002   2283.818256  x:  0.46460   0.19493   0.19638   0.01435   0.02600   0.02592   0.00000   0.00000   0.00000   0.00640   0.00000   0.00645   0.02600   0.01292   0.00000   0.03108   0.14779   0.02881   0.02977   0.00639   0.00000   0.01282   0.00639   0.05439   0.16416   0.15705   0.00649   0.03232   0.01939   0.00000   0.01929   0.00640   0.00644   0.00000   0.00000   0.06517   0.00642   0.00607   0.01317   0.11902   0.05053   0.00872   0.04539   0.00000   0.00643   0.02579   0.12511   2.39196   1.38831   1.09369   1.45150   1.00959  
 73  0.0000   2283.818256  x:  0.46460   0.19493   0.19638   0.01435   0.02600   0.02592   0.00000   0.00000   0.00000   0.00640   0.00000   0.00645   0.02600   0.01292   0.00000   0.03108   0.14779   0.02881   0.02977   0.00639   0.00000   0.01282   0.00639   0.05439   0.16416   0.15705   0.00649   0.03233   0.01939   0.00000   0.01929   0.00640   0.00644   0.00000   0.00000   0.06517   0.00642   0.00607   0.01317   0.11902   0.05053   0.00872   0.04539   0.00000   0.00643   0.02579   0.12511   2.39196   1.38831   1.09370   1.45150   1.00959  
 74  0.0000   2283.818256  x:  0.46460   0.19493   0.19637   0.01435   0.02600   0.02592   0.00000   0.00000   0.00000   0.00640   0.00000   0.00645   0.02600   0.01292   0.00000   0.03108   0.14779   0.02881   0.02977   0.00639   0.00000   0.01282   0.00639   0.05439   0.16416   0.15705   0.00649   0.03233   0.01939   0.00000   0.01929   0.00640   0.00644   0.00000   0.00000   0.06517   0.00642   0.00607   0.01317   0.11902   0.05053   0.00872   0.04539   0.00000   0.00643   0.02579   0.12511   2.39196   1.38831   1.09370   1.45150   1.00959  
 75  0.0000   2283.818256  x:  0.46460   0.19493   0.19637   0.01435   0.02600   0.02592   0.00000   0.00000   0.00000   0.00640   0.00000   0.00645   0.02600   0.01292   0.00000   0.03108   0.14779   0.02881   0.02977   0.00639   0.00000   0.01282   0.00639   0.05439   0.16416   0.15705   0.00649   0.03233   0.01939   0.00000   0.01929   0.00640   0.00644   0.00000   0.00000   0.06517   0.00642   0.00607   0.01317   0.11902   0.05053   0.00872   0.04539   0.00000   0.00643   0.02579   0.12511   2.39196   1.38831   1.09370   1.45150   1.00959  

TREE # 2

  0  0.0000   2312.653646  x:  0.15559   0.12728   0.02008   0.04283   0.02502   0.00401   0.02170   0.02347   0.01421   0.00490   0.00690   0.05334   0.02530   0.02149   0.01592   0.10457   0.06531   0.02666   0.05586   0.01442   0.01804   0.03644   0.10732   0.15355   0.16928   0.01841   0.03906   0.03626   0.00654   0.00665   0.01290   0.01504   0.01663   0.00800   0.04368   0.02067   0.00000   0.03425   0.14133   0.04463   0.02779   0.00921   0.01788   0.01419   0.02136   0.05410   0.39615   2.39196   1.33998   1.02964   1.33046   1.00959  
  1 99.0000   2312.651728  x:  0.15559   0.12728   0.02008   0.04283   0.02502   0.00401   0.02170   0.02347   0.01421   0.00490   0.00690   0.05334   0.02530   0.02148   0.01592   0.10457   0.06531   0.02666   0.05586   0.01442   0.01804   0.03644   0.10732   0.15355   0.16928   0.01841   0.03906   0.03626   0.00654   0.00665   0.01290   0.01504   0.01663   0.00800   0.04368   0.02067   0.00000   0.03425   0.14133   0.04463   0.02779   0.00921   0.01788   0.01419   0.02136   0.05410   0.39615   2.39196   1.33998   1.02964   1.33046   1.00959  
  2 597.9981   2306.127338  x:  0.15580   0.12783   0.01886   0.04246   0.02507   0.00000   0.02190   0.02174   0.01441   0.00086   0.00286   0.05354   0.02335   0.01999   0.01652   0.10491   0.06482   0.02533   0.05558   0.01076   0.01721   0.03606   0.10777   0.15417   0.16972   0.01879   0.03852   0.03590   0.00253   0.00263   0.00893   0.01496   0.01268   0.01003   0.04282   0.02074   0.00000   0.03431   0.14144   0.04404   0.02776   0.01118   0.01386   0.01467   0.01990   0.05410   0.39667   2.39195   1.33995   1.02962   1.33066   1.00959  
  3 2146.7190   2305.025621  x:  0.15584   0.12791   0.01880   0.04246   0.02513   0.00000   0.02195   0.02156   0.01458   0.00000   0.00200   0.05351   0.02311   0.01986   0.01660   0.10495   0.06473   0.02520   0.05560   0.01000   0.01724   0.03607   0.10785   0.15428   0.16979   0.01888   0.03850   0.03591   0.00167   0.00177   0.00809   0.01509   0.01184   0.00988   0.04274   0.02085   0.00000   0.03434   0.14146   0.04398   0.02774   0.01122   0.01301   0.01468   0.01979   0.05409   0.39677   2.39195   1.33994   1.02961   1.33071   1.00959  
  4 3637.6525   2303.211103  x:  0.15588   0.12802   0.01881   0.04247   0.02516   0.00000   0.02193   0.02140   0.01466   0.00000   0.00031   0.05347   0.02286   0.01978   0.01654   0.10500   0.06458   0.02510   0.05568   0.00854   0.01732   0.03611   0.10799   0.15444   0.16990   0.01886   0.03851   0.03595   0.00000   0.00010   0.00645   0.01519   0.01020   0.00999   0.04268   0.02091   0.00000   0.03436   0.14148   0.04392   0.02774   0.01108   0.01136   0.01464   0.01974   0.05409   0.39695   2.39195   1.33994   1.02956   1.33081   1.00959  
  5 12832.1557   2303.120113  x:  0.15588   0.12803   0.01881   0.04247   0.02516   0.00000   0.02193   0.02140   0.01466   0.00000   0.00021   0.05347   0.02285   0.01978   0.01654   0.10500   0.06457   0.02509   0.05569   0.00846   0.01732   0.03611   0.10799   0.15445   0.16991   0.01886   0.03851   0.03595   0.00000   0.00000   0.00635   0.01519   0.01010   0.00999   0.04268   0.02091   0.00000   0.03436   0.14149   0.04392   0.02774   0.01108   0.01126   0.01464   0.01974   0.05409   0.39696   2.39195   1.33994   1.02956   1.33082   1.00959  
  6 107528.1625   2302.960160  x:  0.15589   0.12804   0.01881   0.04247   0.02516   0.00000   0.02193   0.02139   0.01467   0.00000   0.00000   0.05347   0.02283   0.01977   0.01654   0.10500   0.06455   0.02509   0.05570   0.00828   0.01732   0.03611   0.10801   0.15446   0.16992   0.01886   0.03851   0.03595   0.00000   0.00000   0.00615   0.01520   0.00990   0.00999   0.04267   0.02091   0.00000   0.03436   0.14149   0.04391   0.02774   0.01108   0.01105   0.01464   0.01974   0.05409   0.39698   2.39195   1.33994   1.02955   1.33083   1.00959  
  7 900121.5044   2299.207632  x:  0.15590   0.12815   0.01856   0.04241   0.02530   0.00000   0.02172   0.02105   0.01501   0.00000   0.00000   0.05341   0.02254   0.01943   0.01590   0.10505   0.06400   0.02485   0.05598   0.00329   0.01733   0.03610   0.10834   0.15461   0.17001   0.01860   0.03841   0.03593   0.00000   0.00000   0.00000   0.01557   0.00374   0.01002   0.04246   0.02117   0.00000   0.03437   0.14151   0.04380   0.02774   0.01106   0.00483   0.01516   0.01941   0.05409   0.39732   2.39194   1.33992   1.02934   1.33127   1.00960  
  8 25051.9550   2297.601096  x:  0.15583   0.12811   0.01850   0.04242   0.02529   0.00000   0.02152   0.02071   0.01498   0.00000   0.00000   0.05324   0.02229   0.01916   0.01591   0.10507   0.06372   0.02461   0.05609   0.00082   0.01768   0.03621   0.10849   0.15442   0.16984   0.01815   0.03839   0.03606   0.00000   0.00000   0.00000   0.01586   0.00000   0.01000   0.04226   0.02121   0.00000   0.03436   0.14149   0.04372   0.02780   0.01126   0.00105   0.01476   0.01917   0.05410   0.39723   2.39194   1.33987   1.02923   1.33156   1.00960  
  9 4680.5406   2297.331276  x:  0.15582   0.12810   0.01854   0.04245   0.02527   0.00000   0.02154   0.02061   0.01492   0.00000   0.00000   0.05320   0.02217   0.01911   0.01596   0.10508   0.06365   0.02454   0.05612   0.00023   0.01778   0.03626   0.10853   0.15437   0.16980   0.01818   0.03841   0.03611   0.00000   0.00000   0.00000   0.01587   0.00000   0.01002   0.04222   0.02119   0.00000   0.03436   0.14148   0.04369   0.02780   0.01121   0.00000   0.01483   0.01915   0.05410   0.39717   2.39193   1.33986   1.02921   1.33164   1.00960  
 10 2775.6682   2297.291295  x:  0.15582   0.12812   0.01856   0.04246   0.02527   0.00000   0.02155   0.02059   0.01493   0.00000   0.00000   0.05321   0.02211   0.01912   0.01592   0.10509   0.06363   0.02453   0.05614   0.00000   0.01778   0.03627   0.10856   0.15437   0.16980   0.01821   0.03842   0.03611   0.00000   0.00000   0.00000   0.01585   0.00000   0.01002   0.04222   0.02119   0.00000   0.03436   0.14149   0.04369   0.02780   0.01123   0.00000   0.01481   0.01917   0.05410   0.39715   2.39193   1.33984   1.02920   1.33168   1.00960  
 11 513.2362   2296.102219  x:  0.16004   0.13672   0.02037   0.04295   0.02694   0.00000   0.01818   0.01932   0.01947   0.00000   0.00000   0.05569   0.01028   0.02150   0.01928   0.10832   0.05412   0.02372   0.06538   0.00000   0.01203   0.03490   0.11917   0.16387   0.17653   0.01231   0.03948   0.03443   0.00000   0.00000   0.00000   0.01487   0.00000   0.01087   0.04326   0.02356   0.00000   0.03333   0.14337   0.04178   0.02774   0.01019   0.00000   0.01574   0.02240   0.05399   0.39884   2.39158   1.33674   1.02770   1.34305   1.00899  
 12 76.9782   2294.642774  x:  0.16929   0.15337   0.01521   0.04109   0.02423   0.00000   0.01981   0.01632   0.01573   0.00000   0.00000   0.05350   0.01857   0.01841   0.01691   0.11247   0.04273   0.02218   0.07187   0.00000   0.01796   0.03378   0.13229   0.19047   0.19564   0.01565   0.03724   0.03358   0.00000   0.00000   0.00000   0.02165   0.00000   0.01148   0.04234   0.02236   0.00000   0.03368   0.14739   0.03802   0.03111   0.01068   0.00000   0.01451   0.01865   0.05418   0.41528   2.39102   1.33195   1.02558   1.36228   1.00786  
 13 78.2943   2293.790340  x:  0.17246   0.15839   0.01615   0.04147   0.02789   0.00000   0.02165   0.01838   0.01585   0.00000   0.00000   0.05142   0.01682   0.01461   0.01692   0.11059   0.05439   0.02423   0.06195   0.00000   0.01715   0.03706   0.12807   0.20778   0.20665   0.01289   0.03664   0.03718   0.00000   0.00000   0.00000   0.02046   0.00000   0.01207   0.04019   0.02223   0.00000   0.03541   0.14836   0.03805   0.02424   0.01053   0.00000   0.01422   0.01389   0.05308   0.43495   2.39066   1.32872   1.02497   1.37726   1.00681  
 14 52.5919   2293.433510  x:  0.17189   0.15731   0.01615   0.04161   0.02652   0.00000   0.01709   0.01763   0.01704   0.00000   0.00000   0.05194   0.01458   0.01499   0.01752   0.10899   0.05827   0.02319   0.05570   0.00000   0.01671   0.03681   0.12222   0.21414   0.21044   0.01520   0.03685   0.03687   0.00000   0.00000   0.00000   0.02073   0.00000   0.01235   0.03973   0.02318   0.00000   0.03484   0.14804   0.03802   0.03030   0.01024   0.00000   0.01412   0.01538   0.05377   0.44728   2.39053   1.32743   1.02566   1.38415   1.00614  
 15 62.5969   2293.223925  x:  0.16966   0.15398   0.01581   0.04161   0.02471   0.00000   0.02170   0.01565   0.01796   0.00000   0.00000   0.05310   0.01353   0.01651   0.01696   0.10821   0.05754   0.02084   0.05375   0.00000   0.01681   0.03525   0.11684   0.21675   0.21145   0.01318   0.03731   0.03513   0.00000   0.00000   0.00000   0.02148   0.00000   0.01250   0.04019   0.02378   0.00000   0.03380   0.14737   0.03747   0.03177   0.01022   0.00000   0.01392   0.01750   0.05399   0.45823   2.39047   1.32689   1.02731   1.38824   1.00548  
 16 47.4535   2292.951249  x:  0.16457   0.14757   0.01569   0.04164   0.02542   0.00000   0.01903   0.01379   0.01741   0.00000   0.00000   0.05351   0.01330   0.01704   0.01727   0.10830   0.05351   0.01826   0.05621   0.00000   0.01723   0.03395   0.11103   0.21786   0.21064   0.01456   0.03782   0.03371   0.00000   0.00000   0.00000   0.02200   0.00000   0.01267   0.04095   0.02316   0.00000   0.03389   0.14616   0.03631   0.02632   0.01001   0.00000   0.01372   0.01747   0.05330   0.47604   2.39046   1.32671   1.03137   1.39291   1.00429  
 17 43.9318   2292.692026  x:  0.15871   0.14281   0.01572   0.04160   0.02763   0.00000   0.02047   0.01582   0.01764   0.00000   0.00000   0.05253   0.01200   0.01406   0.01682   0.10976   0.05142   0.02056   0.06038   0.00000   0.01602   0.03570   0.11190   0.21547   0.20750   0.01503   0.03726   0.03569   0.00000   0.00000   0.00000   0.02077   0.00000   0.01281   0.04002   0.02306   0.00000   0.03528   0.14527   0.03612   0.02965   0.00985   0.00000   0.01333   0.01408   0.05377   0.49412   2.39048   1.32730   1.03698   1.39708   1.00279  
 18 38.1092   2292.408503  x:  0.15363   0.14404   0.01452   0.04105   0.02439   0.00000   0.02010   0.01226   0.02026   0.00000   0.00000   0.05310   0.01417   0.01373   0.01730   0.11199   0.05539   0.02072   0.06003   0.00000   0.01525   0.03619   0.12197   0.20839   0.20125   0.01506   0.03582   0.03623   0.00000   0.00000   0.00000   0.01920   0.00000   0.01311   0.03719   0.02481   0.00000   0.03421   0.14539   0.03740   0.02850   0.00934   0.00000   0.01313   0.01591   0.05361   0.51250   2.39059   1.32924   1.04529   1.40241   1.00061  
 19 30.6378   2292.207708  x:  0.15338   0.14804   0.01340   0.04039   0.02652   0.00000   0.02045   0.01609   0.01931   0.00000   0.00000   0.05371   0.01252   0.01548   0.01730   0.11204   0.05675   0.01694   0.05668   0.00000   0.01638   0.03335   0.12752   0.20191   0.19705   0.01573   0.03577   0.03319   0.00000   0.00000   0.00000   0.02146   0.00000   0.01333   0.03814   0.02374   0.00000   0.03394   0.14626   0.03782   0.02829   0.00901   0.00000   0.01287   0.01452   0.05363   0.52112   2.39071   1.33181   1.05191   1.40647   0.99885  
 20 29.1588   2291.836305  x:  0.16129   0.15603   0.01605   0.04044   0.02860   0.00000   0.02097   0.01128   0.01844   0.00000   0.00000   0.05397   0.01363   0.01243   0.01751   0.10889   0.05386   0.01820   0.05312   0.00000   0.01133   0.03247   0.12565   0.19224   0.19433   0.01612   0.03705   0.03234   0.00000   0.00000   0.00000   0.02464   0.00000   0.01377   0.04247   0.02324   0.00000   0.03611   0.14843   0.03688   0.02874   0.00827   0.00000   0.01239   0.01294   0.05389   0.52464   2.39102   1.33916   1.06417   1.41375   0.99556  
 21 19.4187   2291.257732  x:  0.17463   0.16348   0.00879   0.03907   0.02524   0.00000   0.02123   0.01294   0.02176   0.00000   0.00000   0.05513   0.01097   0.00952   0.01780   0.10613   0.05021   0.01985   0.05352   0.00000   0.01294   0.03380   0.11800   0.18199   0.19420   0.01713   0.03400   0.03394   0.00000   0.00000   0.00000   0.02256   0.00000   0.01447   0.04001   0.02558   0.00000   0.03503   0.15042   0.03585   0.02693   0.00715   0.00000   0.01165   0.01224   0.05392   0.52283   2.39157   1.35192   1.08216   1.42480   0.99068  
 22 46.8599   2290.898226  x:  0.18105   0.16388   0.01143   0.03730   0.02604   0.00000   0.02134   0.01210   0.02457   0.00000   0.00000   0.05482   0.01230   0.01202   0.01818   0.10754   0.05017   0.01653   0.05502   0.00000   0.01268   0.03305   0.11468   0.17925   0.19600   0.01717   0.03039   0.03326   0.00000   0.00000   0.00000   0.02043   0.00000   0.01493   0.03314   0.02656   0.00000   0.03398   0.15036   0.03549   0.02768   0.00638   0.00000   0.01129   0.00799   0.05412   0.51830   2.39197   1.36086   1.09286   1.43205   0.98778  
 23 58.6244   2290.570351  x:  0.18369   0.15960   0.01030   0.03622   0.03033   0.00000   0.02174   0.01138   0.02521   0.00000   0.00000   0.05308   0.01326   0.00869   0.01851   0.11118   0.05223   0.01291   0.05584   0.00000   0.01131   0.03144   0.11468   0.18035   0.19873   0.01710   0.02946   0.03162   0.00000   0.00000   0.00000   0.02066   0.00000   0.01534   0.02819   0.02543   0.00000   0.03505   0.14903   0.03528   0.02847   0.00569   0.00000   0.01091   0.01171   0.05427   0.51099   2.39237   1.37004   1.10194   1.43923   0.98531  
 24 57.3298   2290.097612  x:  0.18230   0.14963   0.00629   0.03613   0.03022   0.00000   0.02211   0.00815   0.02571   0.00000   0.00000   0.05308   0.01155   0.00916   0.01855   0.11681   0.05593   0.01371   0.05463   0.00000   0.01048   0.02959   0.11850   0.18568   0.20277   0.01783   0.03121   0.02959   0.00000   0.00000   0.00000   0.02282   0.00000   0.01582   0.03030   0.02468   0.00000   0.03593   0.14615   0.03481   0.02856   0.00486   0.00000   0.01037   0.00820   0.05432   0.49838   2.39294   1.38304   1.11253   1.44918   0.98249  
 25 66.1322   2289.926505  x:  0.18004   0.14602   0.00809   0.03537   0.02757   0.00000   0.02218   0.00938   0.02596   0.00000   0.00000   0.05451   0.01088   0.00623   0.01861   0.11803   0.05570   0.01317   0.05263   0.00000   0.00988   0.02906   0.12047   0.18855   0.20399   0.01825   0.02997   0.02912   0.00000   0.00000   0.00000   0.02424   0.00000   0.01597   0.03137   0.02538   0.00000   0.03558   0.14525   0.03378   0.02780   0.00460   0.00000   0.01018   0.00727   0.05425   0.49333   2.39315   1.38816   1.11594   1.45301   0.98166  
 26 71.9718   2289.799829  x:  0.17555   0.14486   0.00760   0.03433   0.02766   0.00000   0.02235   0.00959   0.02489   0.00000   0.00000   0.05532   0.01040   0.00755   0.01850   0.11675   0.05339   0.01271   0.04929   0.00000   0.00824   0.03085   0.12194   0.19160   0.20393   0.01852   0.02701   0.03131   0.00000   0.00000   0.00000   0.02554   0.00000   0.01604   0.03074   0.02596   0.00000   0.03652   0.14527   0.03180   0.02727   0.00448   0.00000   0.01003   0.00776   0.05422   0.48939   2.39330   1.39235   1.11744   1.45612   0.98148  
 27 35.9320   2289.645577  x:  0.16657   0.14715   0.00737   0.03399   0.03032   0.00000   0.02229   0.00833   0.02521   0.00000   0.00000   0.05737   0.01070   0.00666   0.01878   0.11199   0.05057   0.01393   0.04651   0.00000   0.01038   0.03023   0.12250   0.19646   0.20242   0.01821   0.02715   0.03065   0.00000   0.00000   0.00000   0.02313   0.00000   0.01605   0.02893   0.02705   0.00000   0.03643   0.14645   0.03132   0.02745   0.00434   0.00000   0.01007   0.00734   0.05420   0.48477   2.39345   1.39798   1.11732   1.46038   0.98211  
 28 28.8271   2289.519728  x:  0.15892   0.15114   0.00666   0.03493   0.02888   0.00000   0.02237   0.00869   0.02552   0.00000   0.00000   0.05472   0.01079   0.00619   0.01872   0.10869   0.05060   0.01167   0.04773   0.00000   0.00872   0.03050   0.12119   0.20013   0.20014   0.01839   0.02903   0.03077   0.00000   0.00000   0.00000   0.02306   0.00000   0.01598   0.02814   0.02706   0.00000   0.03607   0.14775   0.03225   0.02759   0.00437   0.00000   0.01008   0.00645   0.05405   0.48162   2.39353   1.40261   1.11581   1.46423   0.98327  
 29 29.9670   2289.423649  x:  0.15459   0.15441   0.00696   0.03348   0.02814   0.00000   0.02248   0.00787   0.02527   0.00000   0.00000   0.05285   0.00941   0.00612   0.01857   0.10883   0.05222   0.01285   0.04971   0.00000   0.00885   0.02926   0.11917   0.20184   0.19770   0.01866   0.02604   0.02966   0.00000   0.00000   0.00000   0.02427   0.00000   0.01585   0.02851   0.02573   0.00000   0.03646   0.14855   0.03225   0.02766   0.00451   0.00000   0.01012   0.00672   0.05398   0.48013   2.39356   1.40618   1.11360   1.46764   0.98477  
 30 24.1866   2289.182715  x:  0.15196   0.15976   0.00652   0.03256   0.02837   0.00000   0.02217   0.00761   0.02481   0.00000   0.00000   0.05830   0.01003   0.00557   0.01879   0.11819   0.05389   0.01147   0.05050   0.00000   0.00915   0.03078   0.11488   0.20260   0.19159   0.01805   0.02686   0.03136   0.00000   0.00000   0.00000   0.02505   0.00000   0.01537   0.02873   0.02404   0.00000   0.03738   0.14893   0.02871   0.02836   0.00496   0.00000   0.01063   0.00627   0.05403   0.47972   2.39354   1.41503   1.10531   1.47735   0.99035  
 31 16.9023   2288.798856  x:  0.15561   0.16016   0.00650   0.03558   0.02745   0.00000   0.02212   0.00744   0.02081   0.00000   0.00000   0.05510   0.00831   0.00530   0.01858   0.12697   0.04923   0.01383   0.04488   0.00000   0.00825   0.02986   0.11390   0.20072   0.18647   0.01818   0.02731   0.03038   0.00000   0.00000   0.00000   0.02512   0.00000   0.01444   0.02435   0.02624   0.00000   0.03610   0.14776   0.03237   0.02742   0.00606   0.00000   0.01131   0.00584   0.05382   0.48188   2.39346   1.42786   1.09241   1.49217   0.99997  
 32 30.2090   2288.429121  x:  0.16188   0.15647   0.00609   0.03354   0.02829   0.00000   0.02185   0.00589   0.02025   0.00000   0.00000   0.05105   0.00811   0.00446   0.01866   0.12559   0.04811   0.00948   0.04308   0.00000   0.00962   0.03093   0.11690   0.19707   0.18574   0.01745   0.02483   0.03143   0.00000   0.00000   0.00000   0.02017   0.00000   0.01349   0.02870   0.02746   0.00000   0.03590   0.14624   0.03316   0.02798   0.00706   0.00000   0.01213   0.00542   0.05381   0.48469   2.39345   1.43875   1.08165   1.50571   1.00917  
 33 46.0914   2288.066903  x:  0.16832   0.15101   0.00628   0.03087   0.02610   0.00000   0.02168   0.00539   0.01915   0.00000   0.00000   0.05115   0.00649   0.00453   0.01837   0.11705   0.05003   0.00941   0.04434   0.00000   0.00961   0.03031   0.12158   0.19150   0.18840   0.01727   0.02742   0.03106   0.00000   0.00000   0.00000   0.02134   0.00000   0.01254   0.02468   0.02432   0.00000   0.03755   0.14514   0.02686   0.02785   0.00821   0.00000   0.01281   0.00506   0.05391   0.48763   2.39350   1.44767   1.07395   1.51818   1.01784  
 34 49.7040   2287.982115  x:  0.16861   0.15014   0.00610   0.03470   0.02630   0.00000   0.02172   0.00490   0.01854   0.00000   0.00000   0.05362   0.00621   0.00422   0.01832   0.11499   0.05096   0.00882   0.04547   0.00000   0.00954   0.03061   0.12237   0.18964   0.19100   0.01733   0.02545   0.03125   0.00000   0.00000   0.00000   0.02252   0.00000   0.01231   0.02420   0.02286   0.00000   0.03710   0.14537   0.02771   0.02795   0.00852   0.00000   0.01298   0.00487   0.05407   0.48786   2.39359   1.44830   1.07482   1.52057   1.01948  
 35 20.2277   2287.661126  x:  0.16051   0.15200   0.00615   0.03090   0.02654   0.00000   0.02169   0.00432   0.01548   0.00000   0.00000   0.05444   0.00534   0.00397   0.01830   0.11834   0.05093   0.00854   0.04467   0.00000   0.00919   0.03124   0.12146   0.18073   0.20790   0.01735   0.02667   0.03203   0.00000   0.00000   0.00000   0.02220   0.00000   0.01143   0.02403   0.02358   0.00000   0.03553   0.14895   0.02982   0.02750   0.00981   0.00000   0.01361   0.00480   0.05493   0.48503   2.39439   1.44003   1.09763   1.52501   1.02185  
 36 12.8492   2287.494495  x:  0.15758   0.15307   0.00599   0.03410   0.02557   0.00000   0.02134   0.00480   0.01663   0.00000   0.00000   0.05179   0.00584   0.00401   0.01848   0.12059   0.05021   0.00859   0.04282   0.00000   0.00954   0.03012   0.12125   0.17864   0.21271   0.01665   0.02593   0.03089   0.00000   0.00000   0.00000   0.01944   0.00000   0.01099   0.02439   0.02275   0.00000   0.03768   0.14966   0.02527   0.02758   0.01040   0.00000   0.01400   0.00471   0.05492   0.48324   2.39487   1.43466   1.11151   1.52664   1.02236  
 37 41.9211   2286.996899  x:  0.16249   0.15330   0.00587   0.03235   0.02396   0.00000   0.02109   0.00463   0.01679   0.00000   0.00000   0.05339   0.00532   0.00391   0.01859   0.11898   0.04838   0.00790   0.04177   0.00000   0.00960   0.03053   0.12216   0.19311   0.20035   0.01618   0.02592   0.03068   0.00000   0.00000   0.00000   0.01711   0.00000   0.00967   0.02340   0.01818   0.00000   0.04042   0.14376   0.02839   0.02844   0.01239   0.00000   0.01487   0.00441   0.05311   0.47748   2.39670   1.41448   1.16182   1.52716   1.01967  
 38 23.9493   2286.881360  x:  0.16394   0.15310   0.00575   0.03292   0.02503   0.00000   0.02129   0.00446   0.01359   0.00000   0.00000   0.05337   0.00529   0.00377   0.01863   0.11824   0.04968   0.00799   0.04294   0.00000   0.00917   0.02992   0.12231   0.19669   0.19676   0.01666   0.02568   0.03068   0.00000   0.00000   0.00000   0.01674   0.00000   0.00938   0.02365   0.02168   0.00000   0.03730   0.14323   0.02590   0.02865   0.01288   0.00000   0.01504   0.00447   0.05367   0.47622   2.39715   1.41031   1.17272   1.52700   1.01851  
 39 46.1574   2286.820142  x:  0.16459   0.15184   0.00570   0.03272   0.02567   0.00000   0.02136   0.00441   0.01464   0.00000   0.00000   0.05285   0.00544   0.00362   0.01874   0.11839   0.04941   0.00845   0.04240   0.00000   0.00880   0.03007   0.12257   0.19775   0.19579   0.01698   0.02571   0.03103   0.00000   0.00000   0.00000   0.01645   0.00000   0.00926   0.02384   0.01942   0.00000   0.03377   0.14730   0.02522   0.02840   0.01305   0.00000   0.01509   0.00450   0.05564   0.47631   2.39742   1.41110   1.17396   1.52586   1.01590  
 40  5.9307   2286.572531  x:  0.16671   0.14725   0.00545   0.03230   0.02463   0.00000   0.02133   0.00485   0.01308   0.00000   0.00000   0.05478   0.00560   0.00383   0.01893   0.11822   0.05030   0.00794   0.04300   0.00000   0.00851   0.02884   0.12311   0.20039   0.19427   0.01693   0.02533   0.02952   0.00000   0.00000   0.00000   0.01351   0.00000   0.00878   0.02373   0.02091   0.00000   0.03794   0.16370   0.02674   0.02826   0.01381   0.00000   0.01512   0.00447   0.05802   0.47755   2.39859   1.41801   1.17362   1.51989   1.00266  
 41 15.7852   2286.187475  x:  0.16677   0.14716   0.00497   0.03127   0.02529   0.00000   0.02157   0.00532   0.01224   0.00000   0.00000   0.05644   0.00629   0.00368   0.01932   0.11721   0.05036   0.00873   0.04310   0.00000   0.00718   0.02821   0.12351   0.20051   0.19744   0.01729   0.02468   0.02806   0.00000   0.00000   0.00000   0.01007   0.00000   0.00813   0.02414   0.01966   0.00000   0.03532   0.16325   0.02645   0.02985   0.01479   0.00000   0.01512   0.00449   0.04603   0.48012   2.40021   1.43029   1.16822   1.51049   0.98256  
 42 19.1739   2285.822967  x:  0.16586   0.15019   0.00454   0.03033   0.02524   0.00000   0.02158   0.00588   0.01137   0.00000   0.00000   0.05831   0.00696   0.00366   0.01968   0.11562   0.05013   0.00919   0.04336   0.00000   0.00616   0.02597   0.12374   0.19994   0.20197   0.01727   0.02411   0.02777   0.00000   0.00000   0.00000   0.00642   0.00000   0.00750   0.02439   0.01883   0.00000   0.03562   0.15160   0.02718   0.02887   0.01570   0.00000   0.01509   0.00448   0.05367   0.48281   2.40169   1.44214   1.16151   1.50141   0.96373  
 43 38.7723   2285.815664  x:  0.16584   0.15024   0.00453   0.03029   0.02525   0.00000   0.02159   0.00590   0.01129   0.00000   0.00000   0.05832   0.00697   0.00366   0.01968   0.11560   0.05014   0.00923   0.04337   0.00000   0.00613   0.02712   0.12374   0.19992   0.20203   0.01729   0.02405   0.02665   0.00000   0.00000   0.00000   0.00638   0.00000   0.00749   0.02438   0.01886   0.00000   0.03558   0.15141   0.02711   0.02884   0.01571   0.00000   0.01509   0.00449   0.05391   0.48282   2.40167   1.44201   1.16126   1.50130   0.96387  
 44  5.8727   2285.334409  x:  0.16594   0.15021   0.00456   0.03010   0.02455   0.00000   0.02171   0.00630   0.00879   0.00000   0.00000   0.05962   0.00722   0.00409   0.01945   0.11568   0.05001   0.00912   0.04351   0.00000   0.00560   0.02587   0.12366   0.19769   0.20018   0.01755   0.02384   0.02607   0.00000   0.00000   0.00000   0.00394   0.00000   0.00740   0.02463   0.01710   0.00000   0.03440   0.15381   0.02753   0.02902   0.01435   0.00000   0.01461   0.00485   0.05293   0.47876   2.39448   1.39093   1.13381   1.50409   1.03304  
 45  2.7765   2284.814914  x:  0.16521   0.15352   0.00532   0.03155   0.02280   0.00000   0.02121   0.00595   0.00467   0.00000   0.00000   0.05890   0.00597   0.00477   0.01844   0.11825   0.04962   0.00793   0.04271   0.00000   0.00647   0.02634   0.12389   0.19883   0.19952   0.01680   0.02464   0.02656   0.00000   0.00000   0.00000   0.00412   0.00000   0.00715   0.02462   0.01458   0.00000   0.03321   0.15372   0.02673   0.02937   0.01294   0.00000   0.01469   0.00539   0.05294   0.48348   2.39336   1.39606   1.11961   1.44554   1.04088  
 46  2.9002   2284.687074  x:  0.16493   0.15350   0.00545   0.03168   0.02218   0.00000   0.02104   0.00599   0.00376   0.00000   0.00000   0.05903   0.00599   0.00498   0.01796   0.11837   0.04943   0.00780   0.04271   0.00000   0.00656   0.02626   0.12376   0.19678   0.19827   0.01658   0.02474   0.02649   0.00000   0.00000   0.00000   0.00453   0.00000   0.00694   0.02468   0.01380   0.00000   0.03275   0.15323   0.02689   0.02938   0.01245   0.00000   0.01472   0.00557   0.05308   0.47946   2.39595   1.37324   1.10608   1.46258   1.00440  
 47  2.3583   2284.119153  x:  0.16387   0.15634   0.00600   0.03189   0.01872   0.00000   0.01965   0.00604   0.00664   0.00000   0.00000   0.06210   0.00617   0.00610   0.01444   0.11911   0.04927   0.00714   0.04340   0.00000   0.00588   0.02460   0.12366   0.19444   0.19697   0.01482   0.02517   0.02459   0.00000   0.00000   0.00000   0.00715   0.00000   0.00637   0.02544   0.01147   0.00000   0.03020   0.14957   0.02753   0.02971   0.01010   0.00000   0.01437   0.00650   0.05417   0.47396   2.38615   1.34558   1.07125   1.43240   1.01428  
 48  0.3190   2284.038270  x:  0.16341   0.15609   0.00646   0.03248   0.01822   0.00000   0.01938   0.00620   0.00661   0.00000   0.00000   0.06242   0.00625   0.00656   0.01385   0.11866   0.04952   0.00741   0.04412   0.00000   0.00619   0.02487   0.12379   0.19455   0.19648   0.01447   0.02581   0.02482   0.00000   0.00000   0.00000   0.00701   0.00000   0.00627   0.02608   0.01120   0.00000   0.02960   0.14878   0.02806   0.02976   0.00962   0.00000   0.01439   0.00691   0.05422   0.47099   2.38841   1.38815   1.09774   1.47592   1.01952  
 49  1.2933   2283.921367  x:  0.16368   0.15760   0.00692   0.03317   0.01810   0.00000   0.01898   0.00578   0.00708   0.00000   0.00000   0.06242   0.00572   0.00644   0.01270   0.12020   0.04953   0.00825   0.04461   0.00000   0.00675   0.02593   0.12377   0.19384   0.19490   0.01388   0.02645   0.02591   0.00000   0.00000   0.00000   0.00600   0.00000   0.00672   0.02615   0.01228   0.00000   0.03033   0.14895   0.02820   0.03000   0.00762   0.00000   0.01408   0.00672   0.05398   0.46839   2.40988   1.38076   1.08693   1.46268   1.00266  
 50  0.1604   2283.862636  x:  0.16404   0.15780   0.00667   0.03259   0.01862   0.00000   0.01873   0.00618   0.00649   0.00000   0.00000   0.06334   0.00633   0.00612   0.01209   0.11983   0.04988   0.00918   0.04522   0.00000   0.00659   0.02603   0.12408   0.19320   0.19519   0.01356   0.02615   0.02619   0.00000   0.00000   0.00000   0.00678   0.00000   0.00680   0.02612   0.01296   0.00000   0.03087   0.14789   0.02885   0.03001   0.00684   0.00000   0.01368   0.00638   0.05446   0.46730   2.39308   1.38232   1.08584   1.45647   1.01816  
 51  0.1955   2283.834125  x:  0.16397   0.15814   0.00680   0.03270   0.01928   0.00000   0.01922   0.00633   0.00656   0.00000   0.00000   0.06408   0.00617   0.00617   0.01322   0.11994   0.05033   0.00899   0.04545   0.00000   0.00663   0.02611   0.12452   0.19384   0.19548   0.01424   0.02633   0.02626   0.00000   0.00000   0.00000   0.00668   0.00000   0.00628   0.02617   0.01306   0.00000   0.03096   0.14747   0.02890   0.02988   0.00637   0.00000   0.01292   0.00638   0.05447   0.46476   2.37697   1.38478   1.08612   1.45335   1.01370  
 52  0.0521   2283.827753  x:  0.16408   0.15804   0.00676   0.03258   0.01943   0.00000   0.01929   0.00637   0.00650   0.00000   0.00000   0.06443   0.00630   0.00615   0.01332   0.11974   0.05043   0.00891   0.04550   0.00000   0.00655   0.02600   0.12471   0.19408   0.19574   0.01436   0.02627   0.02615   0.00000   0.00000   0.00000   0.00669   0.00000   0.00634   0.02610   0.01303   0.00000   0.03100   0.14739   0.02894   0.02983   0.00636   0.00000   0.01277   0.00640   0.05449   0.46445   2.40468   1.38646   1.08767   1.45248   1.01574  
 53  0.1652   2283.820199  x:  0.16412   0.15753   0.00664   0.03237   0.01948   0.00000   0.01929   0.00635   0.00645   0.00000   0.00000   0.06491   0.00650   0.00612   0.01316   0.11934   0.05060   0.00865   0.04549   0.00000   0.00645   0.02582   0.12499   0.19465   0.19606   0.01439   0.02615   0.02595   0.00000   0.00000   0.00000   0.00647   0.00000   0.00665   0.02595   0.01294   0.00000   0.03105   0.14752   0.02887   0.02978   0.00642   0.00000   0.01270   0.00645   0.05441   0.46387   2.39163   1.38874   1.09166   1.45055   1.00965  
 54  0.0518   2283.818535  x:  0.16419   0.15722   0.00648   0.03229   0.01938   0.00000   0.01927   0.00646   0.00643   0.00000   0.00000   0.06507   0.00640   0.00607   0.01312   0.11912   0.05059   0.00870   0.04545   0.00000   0.00647   0.02581   0.12510   0.19478   0.19621   0.01435   0.02599   0.02594   0.00000   0.00000   0.00000   0.00642   0.00000   0.00645   0.02597   0.01290   0.00000   0.03106   0.14772   0.02883   0.02977   0.00643   0.00000   0.01279   0.00642   0.05439   0.46430   2.39206   1.38875   1.09318   1.45050   1.00904  
 55  0.0038   2283.818320  x:  0.16419   0.15714   0.00650   0.03232   0.01936   0.00000   0.01928   0.00639   0.00643   0.00000   0.00000   0.06512   0.00643   0.00608   0.01316   0.11907   0.05055   0.00874   0.04540   0.00000   0.00641   0.02579   0.12510   0.19487   0.19627   0.01435   0.02600   0.02591   0.00000   0.00000   0.00000   0.00641   0.00000   0.00643   0.02600   0.01292   0.00000   0.03111   0.14780   0.02881   0.02977   0.00640   0.00000   0.01283   0.00639   0.05438   0.46450   2.39199   1.38867   1.09362   1.45105   1.00923  
 56  0.0018   2283.818266  x:  0.16417   0.15707   0.00649   0.03232   0.01939   0.00000   0.01929   0.00641   0.00643   0.00000   0.00000   0.06515   0.00641   0.00608   0.01317   0.11903   0.05053   0.00873   0.04539   0.00000   0.00643   0.02579   0.12511   0.19492   0.19634   0.01436   0.02599   0.02591   0.00000   0.00000   0.00000   0.00641   0.00000   0.00646   0.02601   0.01292   0.00000   0.03107   0.14780   0.02880   0.02977   0.00639   0.00000   0.01283   0.00638   0.05438   0.46459   2.39201   1.38843   1.09373   1.45146   1.00946  
 57  0.0012   2283.818257  x:  0.16416   0.15705   0.00649   0.03232   0.01939   0.00000   0.01929   0.00640   0.00644   0.00000   0.00000   0.06516   0.00642   0.00608   0.01317   0.11902   0.05053   0.00872   0.04538   0.00000   0.00643   0.02579   0.12511   0.19493   0.19637   0.01435   0.02600   0.02592   0.00000   0.00000   0.00000   0.00640   0.00000   0.00645   0.02600   0.01293   0.00000   0.03108   0.14780   0.02880   0.02977   0.00639   0.00000   0.01282   0.00639   0.05439   0.46460   2.39196   1.38832   1.09373   1.45152   1.00953  
 58  0.0004   2283.818256  x:  0.16416   0.15705   0.00649   0.03233   0.01939   0.00000   0.01929   0.00640   0.00644   0.00000   0.00000   0.06516   0.00642   0.00607   0.01317   0.11902   0.05053   0.00872   0.04538   0.00000   0.00643   0.02580   0.12511   0.19494   0.19637   0.01435   0.02600   0.02592   0.00000   0.00000   0.00000   0.00640   0.00000   0.00645   0.02600   0.01292   0.00000   0.03108   0.14779   0.02880   0.02977   0.00639   0.00000   0.01282   0.00639   0.05439   0.46460   2.39196   1.38831   1.09371   1.45151   1.00957  
 59  0.0001   2283.818256  x:  0.16416   0.15705   0.00649   0.03233   0.01939   0.00000   0.01929   0.00640   0.00644   0.00000   0.00000   0.06517   0.00642   0.00607   0.01317   0.11902   0.05053   0.00872   0.04539   0.00000   0.00643   0.02579   0.12511   0.19494   0.19638   0.01435   0.02600   0.02592   0.00000   0.00000   0.00000   0.00640   0.00000   0.00645   0.02600   0.01292   0.00000   0.03108   0.14779   0.02880   0.02977   0.00639   0.00000   0.01282   0.00639   0.05439   0.46460   2.39196   1.38831   1.09369   1.45150   1.00959  
 60  0.0000   2283.818256  x:  0.16416   0.15705   0.00649   0.03233   0.01939   0.00000   0.01929   0.00640   0.00644   0.00000   0.00000   0.06517   0.00642   0.00607   0.01317   0.11902   0.05053   0.00872   0.04539   0.00000   0.00643   0.02579   0.12511   0.19494   0.19638   0.01435   0.02600   0.02592   0.00000   0.00000   0.00000   0.00640   0.00000   0.00645   0.02599   0.01292   0.00000   0.03108   0.14779   0.02881   0.02977   0.00639   0.00000   0.01282   0.00639   0.05439   0.46460   2.39196   1.38831   1.09369   1.45150   1.00959  
 61  0.0000   2283.818256  x:  0.16416   0.15705   0.00649   0.03233   0.01939   0.00000   0.01929   0.00640   0.00644   0.00000   0.00000   0.06517   0.00642   0.00607   0.01317   0.11902   0.05053   0.00872   0.04539   0.00000   0.00643   0.02579   0.12511   0.19494   0.19638   0.01435   0.02600   0.02592   0.00000   0.00000   0.00000   0.00640   0.00000   0.00645   0.02600   0.01292   0.00000   0.03108   0.14779   0.02881   0.02977   0.00639   0.00000   0.01282   0.00639   0.05439   0.46460   2.39196   1.38831   1.09369   1.45150   1.00959  
 62  0.0000   2283.818256  x:  0.16416   0.15705   0.00649   0.03233   0.01939   0.00000   0.01929   0.00640   0.00644   0.00000   0.00000   0.06517   0.00642   0.00607   0.01317   0.11902   0.05053   0.00872   0.04539   0.00000   0.00643   0.02579   0.12511   0.19493   0.19638   0.01435   0.02600   0.02592   0.00000   0.00000   0.00000   0.00640   0.00000   0.00645   0.02600   0.01292   0.00000   0.03108   0.14779   0.02881   0.02977   0.00639   0.00000   0.01282   0.00639   0.05439   0.46460   2.39196   1.38831   1.09369   1.45150   1.00959  