

TREE # 1

  0  0.0000  16738.612967  x:  0.68803   0.23789   0.29121   0.25401   0.23977   0.16097   0.08720   0.15909   0.13826   0.03224   0.03057   0.00000   0.11648   0.11854   0.06490   0.07809   0.13884   0.01956   0.04910   0.30038   0.22807   0.15684   0.30600   0.22202   0.18377   0.17463   0.16599   0.16196   0.03746   0.04971   0.02952   0.07208   0.08867   0.04573   0.07582   0.08327   0.03579   0.09255   1.87291   8.40433   0.76273   1.02848   0.83770   1.00000  
  1 99.0000  16738.497888  x:  0.68804   0.23790   0.29122   0.25402   0.23978   0.16099   0.08722   0.15910   0.13827   0.03225   0.03057   0.00000   0.11648   0.11855   0.06490   0.07809   0.13884   0.01956   0.04910   0.30039   0.22808   0.15685   0.30601   0.22203   0.18378   0.17464   0.16600   0.16197   0.03747   0.04971   0.02952   0.07209   0.08868   0.04573   0.07583   0.08327   0.03580   0.09255   1.87291   8.40433   0.76272   1.02848   0.83770   1.00000  
  2 2183.8606  16614.340243  x:  0.70420   0.25903   0.31602   0.28227   0.26618   0.18880   0.10880   0.18280   0.16340   0.00457   0.02722   0.00000   0.12024   0.13607   0.07406   0.07849   0.13251   0.01704   0.04529   0.32427   0.25230   0.19023   0.32943   0.24523   0.20798   0.19023   0.18910   0.18549   0.01917   0.04773   0.02340   0.08432   0.10662   0.05152   0.08263   0.08236   0.03912   0.07793   1.88436   8.39314   0.75408   1.03697   0.83586   0.99248  
  3 3147.7971  16595.262872  x:  0.70811   0.26366   0.32151   0.28838   0.27196   0.19361   0.11142   0.18699   0.16746   0.00828   0.02571   0.00000   0.12103   0.13901   0.07492   0.07851   0.13104   0.01455   0.04456   0.32993   0.25753   0.19623   0.33451   0.25023   0.21289   0.19342   0.19346   0.18984   0.00787   0.04674   0.02237   0.08521   0.10809   0.05074   0.08365   0.08214   0.03812   0.07446   1.88723   8.39031   0.75204   1.03902   0.83548   0.99060  
  4 4917.5813  16565.433986  x:  0.71826   0.27330   0.33322   0.30070   0.28389   0.19676   0.10576   0.19026   0.16800   0.00945   0.01769   0.00000   0.12246   0.14026   0.07072   0.07816   0.12752   0.00219   0.04371   0.34405   0.26796   0.20167   0.34475   0.26017   0.22099   0.19883   0.19886   0.19497   0.01019   0.04464   0.02211   0.07783   0.09843   0.03880   0.08326   0.08166   0.02755   0.06591   1.89517   8.38233   0.74695   1.04429   0.83475   0.98548  
  5 1644.8032  16532.225712  x:  0.73438   0.28811   0.35126   0.31950   0.30223   0.20015   0.09480   0.19410   0.16713   0.01072   0.00619   0.00454   0.12466   0.14116   0.06319   0.07754   0.12217   0.00744   0.04312   0.36636   0.28388   0.20843   0.36044   0.27534   0.23291   0.20684   0.20630   0.20190   0.01214   0.04135   0.02215   0.06491   0.08136   0.01955   0.08216   0.08093   0.01119   0.05253   1.90790   8.36947   0.73892   1.05268   0.83364   0.97727  
  6 7309.9767  16496.938126  x:  0.75996   0.30913   0.37708   0.34554   0.32823   0.19917   0.07098   0.19446   0.15889   0.01026   0.02437   0.00682   0.12748   0.13798   0.04979   0.07647   0.11466   0.00897   0.04389   0.40102   0.30598   0.21084   0.38259   0.29633   0.24735   0.21676   0.21300   0.20751   0.01283   0.03769   0.02416   0.04387   0.05294   0.01039   0.07895   0.08020   0.02322   0.03373   1.92876   8.34816   0.72637   1.06596   0.83199   0.96399  
  7 2585.2325  16478.681861  x:  0.77794   0.32256   0.39366   0.36177   0.34482   0.19576   0.05266   0.19222   0.15038   0.01047   0.02500   0.00596   0.12893   0.13371   0.04157   0.07582   0.10976   0.01010   0.04484   0.42494   0.31980   0.20840   0.39671   0.30942   0.25512   0.22227   0.21514   0.20874   0.01335   0.03618   0.02629   0.03398   0.03941   0.02903   0.07620   0.07974   0.02274   0.02313   1.94382   8.33262   0.71774   1.07521   0.83095   0.95453  
  8 3318.8272  16447.213333  x:  0.80494   0.33890   0.41393   0.38018   0.36504   0.18554   0.02905   0.18313   0.13250   0.01076   0.02279   0.00000   0.12974   0.12312   0.03871   0.07536   0.10404   0.01174   0.04730   0.45951   0.33573   0.19415   0.41393   0.32433   0.26019   0.22644   0.21164   0.20362   0.01360   0.03771   0.03115   0.04598   0.05401   0.02924   0.07093   0.07940   0.02701   0.02123   1.96765   8.30749   0.70549   1.08882   0.82965   0.94001  
  9 1499.5763  16398.549895  x:  0.88679   0.37774   0.46084   0.41823   0.41324   0.16465   0.07047   0.15268   0.09167   0.01094   0.02956   0.01037   0.12959   0.09481   0.06863   0.07562   0.09392   0.01040   0.05066   0.55958   0.37021   0.13140   0.45611   0.35586   0.25800   0.22844   0.18764   0.17522   0.01391   0.04662   0.03954   0.04821   0.05596   0.03344   0.06153   0.07944   0.02265   0.05595   2.04437   8.22432   0.67186   1.12860   0.82644   0.89558  
 10 1366.1346  16377.672471  x:  0.92035   0.38306   0.46791   0.41879   0.42016   0.15711   0.08018   0.15007   0.11245   0.01147   0.01823   0.00000   0.12685   0.10086   0.05954   0.07564   0.09685   0.01269   0.05016   0.59652   0.37418   0.10790   0.46768   0.35845   0.24518   0.22264   0.17522   0.16312   0.01441   0.04399   0.03674   0.04573   0.05500   0.03270   0.06813   0.07994   0.03407   0.05897   2.08019   8.18282   0.66402   1.14226   0.82577   0.87888  
 11 764.9990  16356.401637  x:  0.97624   0.38367   0.47046   0.40866   0.42163   0.14733   0.08091   0.15188   0.14212   0.01044   0.03683   0.01432   0.12244   0.11756   0.04347   0.07546   0.10550   0.00969   0.04650   0.65448   0.37421   0.08769   0.48421   0.35596   0.21825   0.21052   0.15979   0.15047   0.01451   0.03813   0.02950   0.05312   0.06257   0.03448   0.07744   0.08053   0.01649   0.05443   2.14372   8.10658   0.65637   1.16241   0.82546   0.85362  
 12 1273.5214  16302.089562  x:  1.14067   0.35839   0.44783   0.34474   0.39257   0.14296   0.06300   0.16559   0.14365   0.01120   0.02199   0.04529   0.11013   0.14025   0.08922   0.07775   0.13194   0.00392   0.03915   0.81145   0.35525   0.12666   0.52429   0.32863   0.13680   0.17679   0.15099   0.15571   0.01529   0.03760   0.01298   0.05592   0.05601   0.03437   0.07528   0.08225   0.03180   0.03353   2.34559   7.85300   0.65385   1.20939   0.83027   0.79322  
 13 1040.8591  16247.873159  x:  1.29413   0.32376   0.41497   0.27809   0.35093   0.16566   0.07434   0.17637   0.12711   0.01019   0.03727   0.00000   0.10491   0.13503   0.07944   0.07618   0.14863   0.01174   0.04883   0.94841   0.32818   0.16012   0.54602   0.29468   0.11008   0.16822   0.16805   0.17824   0.01374   0.04363   0.04446   0.03932   0.06568   0.03275   0.06949   0.08206   0.01413   0.03367   2.54495   7.59198   0.66349   1.24193   0.84233   0.75382  
 14 1818.1738  16197.696012  x:  1.43996   0.28498   0.37812   0.22299   0.30224   0.18744   0.08885   0.18068   0.11232   0.01096   0.02581   0.00000   0.11091   0.11992   0.03497   0.07260   0.15381   0.00838   0.04920   1.06836   0.29628   0.17194   0.54775   0.25761   0.15048   0.18453   0.19060   0.19842   0.01419   0.04078   0.05422   0.07225   0.04740   0.03384   0.06798   0.08011   0.02626   0.04865   2.74623   7.31592   0.68307   1.26059   0.86301   0.73760  
 15 2162.6160  16145.851614  x:  1.58122   0.24637   0.34198   0.20293   0.24968   0.19361   0.07309   0.17812   0.13117   0.01130   0.02105   0.00000   0.12512   0.10854   0.05423   0.07316   0.14483   0.00394   0.04562   1.16849   0.26065   0.15645   0.52104   0.21915   0.22985   0.21456   0.20630   0.20499   0.01481   0.03652   0.04325   0.03324   0.07681   0.03467   0.07746   0.07844   0.03249   0.05152   2.95972   7.00288   0.71572   1.25999   0.89669   0.75397  
 16 1901.5423  16103.291684  x:  1.71592   0.21919   0.31240   0.22129   0.20664   0.19290   0.06205   0.17426   0.14930   0.01032   0.03681   0.00000   0.13304   0.11535   0.09553   0.07696   0.13172   0.01020   0.04798   1.24845   0.22961   0.15563   0.47664   0.18696   0.27266   0.22813   0.20878   0.20100   0.01360   0.04915   0.02766   0.05886   0.04912   0.03333   0.07910   0.07973   0.01539   0.03972   3.18075   6.66023   0.75666   1.24524   0.93735   0.78786  
 17 2085.2771  15989.872015  x:  1.98135   0.21989   0.26968   0.36673   0.16614   0.18063   0.10037   0.16369   0.11552   0.01093   0.03160   0.00000   0.12899   0.16056   0.05263   0.08015   0.09470   0.01009   0.04966   1.32697   0.19046   0.22563   0.30464   0.15356   0.26288   0.20668   0.17905   0.17066   0.01360   0.06601   0.01014   0.04685   0.07216   0.03360   0.04880   0.08669   0.02247   0.01200   3.70448   5.76207   0.88476   1.15417   1.05154   0.92223  
 18 1857.0922  15939.184209  x:  2.13524   0.24082   0.25333   0.44283   0.16207   0.17340   0.07573   0.17484   0.12766   0.01118   0.03010   0.00000   0.12373   0.17361   0.04506   0.08094   0.08588   0.00858   0.04548   1.33965   0.18760   0.27801   0.20030   0.15702   0.24113   0.18738   0.17296   0.17016   0.01458   0.05234   0.04700   0.04218   0.06647   0.03627   0.07693   0.08797   0.02570   0.09727   4.04462   5.14570   0.97169   1.08990   1.12196   1.00557  
 19 3985.0113  15818.412036  x:  2.26391   0.29233   0.24643   0.42772   0.18163   0.18486   0.08175   0.17675   0.15151   0.01138   0.03175   0.00000   0.11714   0.09266   0.05407   0.07336   0.13096   0.00784   0.04881   1.23118   0.22285   0.25962   0.17629   0.20658   0.21366   0.16483   0.18973   0.18889   0.01703   0.00462   0.04629   0.05264   0.06671   0.03722   0.07537   0.07916   0.02586   0.07367   4.45985   4.29033   1.08179   1.02043   1.18792   1.07730  
 20 1736.8444  15755.995186  x:  2.35514   0.33311   0.24421   0.41116   0.19791   0.19260   0.08077   0.17958   0.17346   0.01127   0.03063   0.00000   0.11315   0.04016   0.05464   0.06766   0.16463   0.00567   0.04906   1.13737   0.25102   0.24229   0.16705   0.24618   0.19602   0.14998   0.20259   0.20278   0.01583   0.03433   0.04574   0.05626   0.06587   0.03714   0.07870   0.07364   0.02701   0.05948   4.77294   3.63467   1.16412   0.97019   1.23585   1.12869  
 21 20730.2308  15589.221069  x:  2.55373   0.42181   0.25006   0.33698   0.22427   0.20336   0.07555   0.16117   0.14679   0.01176   0.02757   0.00000   0.11420   0.12001   0.06560   0.06062   0.22714   0.00515   0.05504   0.87365   0.30707   0.17576   0.20611   0.33115   0.19651   0.14116   0.23230   0.22755   0.01556   0.05134   0.05571   0.05740   0.06412   0.03761   0.07045   0.06353   0.03056   0.05421   5.51977   2.03249   1.34349   0.88469   1.33646   1.22324  
 22 8676.3149  15519.101192  x:  2.61067   0.43441   0.27837   0.34644   0.20212   0.18886   0.07902   0.17726   0.14539   0.01174   0.03293   0.00000   0.11830   0.09655   0.05521   0.07879   0.19938   0.00821   0.04180   0.72773   0.28542   0.21547   0.25058   0.32346   0.20620   0.15661   0.20298   0.20139   0.01621   0.04417   0.03064   0.05321   0.06757   0.03778   0.08279   0.08311   0.02593   0.06975   5.81271   1.38351   1.37207   0.94055   1.35487   1.21620  
 23 2279.7063  15505.208155  x:  2.61302   0.43839   0.28776   0.36826   0.19403   0.20020   0.07626   0.17751   0.16179   0.01191   0.02864   0.00000   0.11473   0.09683   0.06427   0.05685   0.17313   0.00485   0.06685   0.66822   0.27291   0.20323   0.22294   0.31684   0.20122   0.15895   0.21035   0.21096   0.01625   0.04394   0.06113   0.05828   0.06489   0.03793   0.06784   0.06503   0.03024   0.05666   5.88529   1.26295   1.35758   0.97275   1.35370   1.18141  
 24 435.9858  15504.216156  x:  2.61329   0.43868   0.28797   0.36951   0.19359   0.20089   0.07613   0.17730   0.16241   0.01192   0.02845   0.00577   0.11458   0.09685   0.06469   0.05630   0.17174   0.00471   0.06754   0.66472   0.27231   0.20248   0.22124   0.31660   0.20095   0.15896   0.21099   0.21168   0.01625   0.04393   0.06251   0.05852   0.06477   0.03793   0.06750   0.06433   0.03044   0.05590   5.88987   1.25686   1.35664   0.97415   1.35373   1.17889  
 25 1008.9427  15495.476091  x:  2.62383   0.44591   0.27478   0.38890   0.18797   0.21293   0.07556   0.16365   0.15693   0.01208   0.02790   0.00514   0.11165   0.09730   0.06606   0.08390   0.15570   0.00497   0.04711   0.60704   0.26905   0.18888   0.19170   0.32030   0.19857   0.15367   0.23084   0.23005   0.01622   0.04380   0.06665   0.06013   0.06480   0.03749   0.08832   0.07142   0.03127   0.04369   5.97985   1.20534   1.33745   0.97219   1.35925   1.11551  
 26 234.4543  15465.900056  x:  2.67759   0.47127   0.20513   0.45323   0.16569   0.21406   0.06791   0.15197   0.16681   0.01195   0.03369   0.00407   0.11663   0.09497   0.06265   0.05595   0.12864   0.00801   0.03069   0.40202   0.26619   0.19605   0.17484   0.34352   0.22326   0.13660   0.25801   0.24525   0.01628   0.04348   0.02514   0.05394   0.06705   0.03795   0.05983   0.07307   0.02638   0.06670   6.33746   1.10624   1.29127   0.88899   1.39673   0.88596  
 27 397.8235  15448.909638  x:  2.71513   0.48850   0.18226   0.49590   0.15025   0.20780   0.06899   0.16183   0.16361   0.01203   0.03276   0.00495   0.11933   0.09327   0.06560   0.06933   0.12726   0.00611   0.07913   0.24844   0.25901   0.20590   0.18142   0.35493   0.24870   0.13383   0.25357   0.23275   0.01653   0.04271   0.02789   0.05492   0.06699   0.03751   0.08536   0.07104   0.02665   0.05864   6.59846   1.07276   1.27680   0.82349   1.42425   0.74801  
 28 959.4125  15422.468174  x:  2.78713   0.51313   0.22447   0.53536   0.13316   0.21287   0.06867   0.18728   0.16637   0.01221   0.03104   0.00439   0.11610   0.09426   0.07699   0.07142   0.16248   0.00630   0.02735   0.00000   0.23545   0.21192   0.18361   0.35827   0.28438   0.14707   0.22720   0.20615   0.01692   0.04246   0.08298   0.05908   0.06489   0.03750   0.07212   0.06353   0.02933   0.03775   7.04433   1.07043   1.28741   0.78502   1.45440   0.62095  
 29 613.2172  15422.468174  x:  2.78713   0.51313   0.22447   0.53536   0.13316   0.21287   0.06867   0.18728   0.16637   0.01221   0.03104   0.00439   0.11610   0.09426   0.07699   0.07142   0.16248   0.00630   0.02735   0.00000   0.23545   0.21192   0.18361   0.35827   0.28438   0.14707   0.22720   0.20615   0.01692   0.04246   0.08298   0.05908   0.06489   0.03750   0.07212   0.06353   0.02933   0.03775   7.04433   1.07043   1.28741   0.78502   1.45440   0.62095  
 30 911.1614  15162.710293  x:  2.78745   0.52470   0.24962   0.54339   0.14995   0.23735   0.09905   0.20935   0.19187   0.14375   0.04580   0.00000   0.11884   0.12625   0.08559   0.07228   0.15259   0.07459   0.03999   0.00054   0.24797   0.24551   0.22467   0.36976   0.29779   0.16105   0.24082   0.22415   0.14304   0.05211   0.06567   0.08892   0.11575   0.06410   0.08074   0.06749   0.05032   0.03301   7.04440   1.08148   1.26928   0.82514   1.44049   0.60924  
 31 3279.5860  14824.016853  x:  2.78901   0.56803   0.34157   0.57523   0.21323   0.31763   0.18295   0.27994   0.26919   0.11485   0.01733   0.00000   0.12697   0.20609   0.10862   0.07402   0.11221   0.00821   0.02771   0.00314   0.29646   0.35512   0.35607   0.41449   0.34680   0.21140   0.28981   0.28370   0.13367   0.03138   0.00000   0.13879   0.19469   0.08799   0.10150   0.07174   0.05841   0.02583   7.04478   1.12627   1.19227   0.98278   1.37920   0.56995  
 32 1508.2262  14719.298501  x:  2.79149   0.60995   0.42686   0.60865   0.27577   0.38118   0.23577   0.33424   0.32829   0.04228   0.01853   0.00000   0.13382   0.24934   0.11737   0.07351   0.08091   0.12959   0.04889   0.00718   0.34491   0.44266   0.45960   0.45908   0.39221   0.25402   0.33304   0.33609   0.07701   0.03076   0.08576   0.15992   0.22995   0.08214   0.10864   0.08313   0.05015   0.04093   7.04554   1.17678   1.10548   1.12744   1.30767   0.54058  
 33 2073.9323  14682.868086  x:  2.79486   0.63239   0.46754   0.63060   0.31237   0.39523   0.22517   0.34281   0.33618   0.07860   0.09499   0.00000   0.13355   0.22737   0.10344   0.07142   0.09919   0.12050   0.03718   0.01254   0.37330   0.46476   0.48498   0.48504   0.41188   0.26597   0.34824   0.35360   0.04375   0.06000   0.10351   0.12611   0.19197   0.05240   0.09411   0.08082   0.04273   0.03342   7.04681   1.21801   1.04242   1.18103   1.24760   0.54708  
 34 633.2269  14655.220003  x:  2.79964   0.65442   0.50468   0.65455   0.35086   0.40002   0.19525   0.34185   0.33259   0.05231   0.10780   0.00000   0.13142   0.18932   0.08934   0.07311   0.11669   0.10246   0.03795   0.02013   0.40270   0.47430   0.49526   0.51164   0.42886   0.27103   0.35862   0.36581   0.09833   0.08004   0.11891   0.08768   0.14064   0.05394   0.08399   0.07667   0.05286   0.03536   7.04868   1.26837   0.97361   1.21177   1.17518   0.56211  
 35 656.3409  14630.897693  x:  2.80884   0.68128   0.54480   0.68825   0.40431   0.39575   0.13213   0.32919   0.31557   0.08396   0.06965   0.00000   0.12916   0.14617   0.09644   0.08022   0.12262   0.09077   0.05428   0.03478   0.44224   0.46692   0.48586   0.54678   0.44474   0.26463   0.36259   0.36947   0.08378   0.05234   0.13355   0.11144   0.12301   0.09981   0.09626   0.07013   0.04847   0.03701   7.05249   1.35118   0.88443   1.19152   1.06283   0.58482  
 36 385.0987  14613.517628  x:  2.81869   0.70150   0.57147   0.71648   0.45087   0.39845   0.09109   0.31994   0.30187   0.09297   0.03743   0.00000   0.13127   0.16267   0.10047   0.07570   0.11729   0.09027   0.03021   0.05047   0.47504   0.45451   0.47096   0.57554   0.45482   0.25308   0.36218   0.36755   0.08464   0.04864   0.13860   0.11544   0.15368   0.05791   0.09174   0.08055   0.05474   0.03035   7.05669   1.42840   0.82005   1.12974   0.96745   0.59390  
 37 396.4824  14605.183053  x:  2.82771   0.71389   0.58498   0.73595   0.48624   0.41417   0.09323   0.32063   0.30082   0.08695   0.04954   0.00000   0.13390   0.18999   0.09929   0.07270   0.11137   0.08675   0.06404   0.06487   0.49793   0.44705   0.46183   0.59525   0.46101   0.24244   0.36123   0.36500   0.08388   0.05859   0.12950   0.10669   0.16710   0.05559   0.09114   0.08082   0.04633   0.04508   7.06066   1.48692   0.78440   1.05403   0.90875   0.58938  
 38 324.7965  14600.100943  x:  2.83507   0.71977   0.58970   0.74774   0.51018   0.43057   0.10936   0.32618   0.30624   0.07819   0.06328   0.00000   0.13425   0.19758   0.09756   0.07488   0.10844   0.09574   0.04892   0.07670   0.51208   0.44562   0.45936   0.60717   0.46530   0.23526   0.36122   0.36400   0.08114   0.06183   0.12374   0.10408   0.16205   0.07544   0.09360   0.07613   0.05247   0.03111   7.06403   1.52494   0.76457   0.99457   0.88105   0.58105  
 39 284.1176  14598.836057  x:  2.83890   0.71951   0.58806   0.75099   0.51881   0.43719   0.11793   0.33054   0.31113   0.07824   0.06298   0.00000   0.13299   0.19004   0.09822   0.07658   0.10970   0.09944   0.04139   0.08296   0.51618   0.44837   0.46172   0.61040   0.46725   0.23307   0.36186   0.36454   0.08220   0.05782   0.11870   0.10937   0.15359   0.07058   0.09383   0.07474   0.04833   0.04190   7.06590   1.53694   0.75777   0.97553   0.87877   0.57661  
 40 127.2198  14598.304787  x:  2.84223   0.71735   0.58440   0.75235   0.52407   0.44007   0.12166   0.33339   0.31449   0.07849   0.06002   0.00000   0.13209   0.18282   0.09857   0.07629   0.11134   0.10178   0.04633   0.08850   0.51791   0.45133   0.46427   0.61157   0.46853   0.23174   0.36237   0.36507   0.08186   0.05544   0.11450   0.11128   0.14942   0.06393   0.09330   0.07584   0.04897   0.03602   7.06761   1.54313   0.75401   0.96761   0.88038   0.57419  
 41 81.7165  14597.855470  x:  2.85104   0.70801   0.57115   0.75362   0.53364   0.43957   0.11896   0.33571   0.31760   0.07885   0.05636   0.00000   0.13213   0.17666   0.09751   0.07315   0.11318   0.10566   0.04637   0.10334   0.51901   0.45698   0.46829   0.61158   0.47059   0.22888   0.36280   0.36571   0.07841   0.05970   0.10766   0.10474   0.15365   0.06631   0.09206   0.08020   0.05120   0.03833   7.07235   1.55160   0.75009   0.96574   0.88422   0.57337  
 42 36.0346  14597.262558  x:  2.86626   0.69107   0.54927   0.75598   0.54940   0.43729   0.11263   0.33687   0.31951   0.07612   0.05764   0.00000   0.13276   0.17712   0.09781   0.07587   0.11328   0.11019   0.04531   0.12920   0.51989   0.46379   0.47210   0.61074   0.47382   0.22455   0.36315   0.36651   0.07892   0.06197   0.10045   0.10470   0.15517   0.06683   0.09247   0.07698   0.04295   0.03584   7.08073   1.56349   0.74886   0.96844   0.88586   0.57426  
 43 74.7456  14596.532151  x:  2.88774   0.66698   0.52068   0.75999   0.57169   0.43492   0.10588   0.33740   0.32059   0.07313   0.06257   0.00000   0.13327   0.18137   0.09850   0.07919   0.11218   0.11410   0.04619   0.16595   0.52067   0.47114   0.47529   0.60923   0.47826   0.21929   0.36351   0.36748   0.07808   0.06065   0.09368   0.10944   0.15255   0.06516   0.09370   0.07204   0.05029   0.03775   7.09278   1.57857   0.75054   0.97390   0.88575   0.57587  
 44 190.4117  14595.896939  x:  2.90922   0.64298   0.50206   0.76690   0.59506   0.43713   0.10941   0.33670   0.31896   0.07435   0.06328   0.00000   0.13215   0.18575   0.09736   0.07210   0.10992   0.11212   0.04555   0.20361   0.52051   0.47259   0.47329   0.60720   0.48249   0.21731   0.36385   0.36825   0.07942   0.05512   0.09653   0.11088   0.14686   0.06625   0.09364   0.08229   0.04891   0.03726   7.10560   1.58877   0.75796   0.98050   0.88325   0.57635  
 45 87.2924  14594.816089  x:  2.94988   0.59729   0.48783   0.78509   0.64126   0.44564   0.12608   0.33483   0.31375   0.08056   0.05552   0.00000   0.13099   0.18290   0.09971   0.07901   0.11116   0.10234   0.04587   0.27702   0.51871   0.46723   0.46370   0.60282   0.48907   0.21907   0.36442   0.36920   0.08005   0.05604   0.11291   0.10480   0.15263   0.06570   0.09197   0.07620   0.04940   0.03721   7.13172   1.59845   0.76856   0.99028   0.88678   0.57417  
 46 92.9014  14594.140882  x:  2.97616   0.56599   0.49374   0.79831   0.67152   0.44581   0.12686   0.33407   0.31194   0.07926   0.05785   0.00000   0.13375   0.18110   0.09695   0.07197   0.11252   0.09693   0.04581   0.32679   0.51644   0.46288   0.45942   0.59986   0.49018   0.22188   0.36414   0.36883   0.08207   0.06210   0.12015   0.11433   0.15727   0.06594   0.09496   0.07432   0.04967   0.03685   7.15058   1.59669   0.76567   0.99161   0.89879   0.57132  
 47 91.2528  14593.153169  x:  3.01447   0.51663   0.51866   0.81605   0.71565   0.44020   0.11717   0.33567   0.31432   0.07937   0.06069   0.00000   0.13484   0.18722   0.10062   0.07920   0.10969   0.09709   0.04603   0.40328   0.51146   0.45929   0.46016   0.59548   0.48666   0.22666   0.36292   0.36745   0.08293   0.05457   0.11922   0.11002   0.15472   0.06698   0.09342   0.08049   0.04990   0.03698   7.18144   1.58315   0.76235   0.98829   0.91428   0.56521  
 48 105.8564  14592.449078  x:  3.03981   0.47965   0.54035   0.82210   0.74439   0.43688   0.11249   0.33778   0.31788   0.07937   0.05764   0.00000   0.13098   0.18692   0.09686   0.07232   0.10938   0.10305   0.04592   0.45801   0.50670   0.45877   0.46493   0.59284   0.47985   0.22878   0.36139   0.36598   0.08104   0.05379   0.11030   0.10662   0.15208   0.06633   0.09274   0.07268   0.04937   0.03714   7.20538   1.56677   0.77121   0.98565   0.90728   0.56252  
 49 103.2699  14592.075065  x:  3.05206   0.45813   0.55107   0.81929   0.75792   0.43657   0.11376   0.33771   0.31835   0.07724   0.05796   0.00000   0.13102   0.18312   0.09860   0.07690   0.11156   0.10629   0.04596   0.48805   0.50329   0.45802   0.46753   0.59197   0.47408   0.22886   0.36023   0.36485   0.07991   0.06026   0.10404   0.11050   0.15221   0.06602   0.09365   0.07793   0.04957   0.03725   7.21998   1.55482   0.77414   0.98453   0.89728   0.56329  
 50 86.7116  14591.684794  x:  3.06022   0.43468   0.55721   0.80256   0.76720   0.43895   0.12109   0.33488   0.31493   0.07571   0.06023   0.00000   0.13573   0.18128   0.09967   0.07518   0.11180   0.10873   0.04576   0.51798   0.49877   0.45618   0.46896   0.59329   0.46703   0.22820   0.35982   0.36474   0.08011   0.05495   0.10005   0.10920   0.15474   0.06562   0.09316   0.07715   0.04947   0.03734   7.23808   1.53996   0.76079   0.98384   0.88797   0.56559  
 51 42.4672  14591.393556  x:  3.06185   0.41901   0.56107   0.78173   0.77276   0.43971   0.12214   0.33386   0.31334   0.07830   0.05599   0.00000   0.13036   0.18576   0.09650   0.07637   0.10923   0.10662   0.04586   0.53893   0.49650   0.45686   0.47172   0.59817   0.46538   0.23077   0.36206   0.36731   0.07944   0.05901   0.10329   0.10966   0.15066   0.06585   0.09380   0.07673   0.04954   0.03722   7.25430   1.53220   0.75206   0.98055   0.88487   0.56226  
 52 37.4442  14590.982827  x:  3.05799   0.40235   0.56925   0.74758   0.78142   0.43905   0.11698   0.33528   0.31479   0.07876   0.05813   0.00000   0.13091   0.18430   0.10240   0.07438   0.11231   0.10073   0.04591   0.56637   0.49502   0.46031   0.47710   0.61033   0.46869   0.23696   0.36650   0.37248   0.08157   0.05726   0.11276   0.10986   0.15349   0.06657   0.09243   0.07629   0.04973   0.03706   7.28075   1.52892   0.75506   0.97336   0.88221   0.55794  
 53 40.7558  14590.740443  x:  3.05164   0.39719   0.57594   0.73038   0.78731   0.43944   0.11604   0.33674   0.31674   0.07908   0.05843   0.00000   0.13500   0.18300   0.09439   0.07732   0.11084   0.09956   0.04604   0.58070   0.49323   0.46057   0.47734   0.61862   0.47084   0.23714   0.36580   0.37205   0.08197   0.05498   0.11425   0.10954   0.15541   0.06606   0.09502   0.07731   0.04977   0.03712   7.29833   1.53155   0.75892   0.97272   0.88409   0.56144  
 54 36.8559  14590.044935  x:  3.02436   0.39063   0.59646   0.69115   0.80411   0.44146   0.11896   0.33873   0.32025   0.07907   0.05590   0.00000   0.13524   0.18488   0.10041   0.07501   0.10575   0.10284   0.04590   0.61821   0.48338   0.45562   0.46986   0.64214   0.47448   0.22832   0.35689   0.36316   0.08090   0.05855   0.10781   0.11020   0.15243   0.06619   0.09159   0.07625   0.04976   0.03705   7.35358   1.54677   0.76524   0.98142   0.89590   0.57239  
 55 49.4671  14589.492263  x:  2.99706   0.38723   0.60814   0.67196   0.81339   0.44109   0.12095   0.33604   0.31761   0.07700   0.05696   0.00000   0.12789   0.18649   0.09923   0.07560   0.11564   0.10683   0.04569   0.64506   0.47025   0.45194   0.46343   0.65736   0.47571   0.22068   0.35352   0.35922   0.08078   0.05519   0.10052   0.10999   0.15489   0.06599   0.09656   0.07740   0.04969   0.03721   7.39989   1.55835   0.76809   0.99031   0.90095   0.56202  
 56 65.5706  14588.382033  x:  2.93321   0.38229   0.61751   0.66392   0.82143   0.43745   0.12357   0.32894   0.30897   0.07657   0.05562   0.00000   0.13728   0.18327   0.09575   0.07690   0.10720   0.11044   0.04595   0.69251   0.43541   0.45372   0.45999   0.68051   0.47793   0.21508   0.36126   0.36552   0.08005   0.05632   0.09086   0.11327   0.15441   0.06725   0.08499   0.07740   0.04964   0.03723   7.49529   1.57030   0.77259   0.99682   0.90260   0.54344  
 57 63.7675  14584.804954  x:  2.70974   0.36727   0.63355   0.66630   0.83966   0.42817   0.13489   0.31824   0.29465   0.07718   0.05129   0.00000   0.14479   0.18258   0.10703   0.07336   0.09330   0.11628   0.04514   0.84932   0.31555   0.47123   0.46280   0.75603   0.48689   0.21075   0.39086   0.39230   0.07896   0.06004   0.07416   0.10616   0.15186   0.06274   0.11284   0.07741   0.04978   0.03719   7.82150   1.59127   0.77894   0.99952   0.90860   0.54472  
 58 237.7488  14578.678261  x:  2.33667   0.34278   0.64599   0.68477   0.86379   0.41870   0.15201   0.32076   0.29635   0.07491   0.04488   0.00000   0.12882   0.19666   0.09985   0.07557   0.11493   0.11861   0.04556   1.10753   0.12574   0.50090   0.47464   0.88391   0.49898   0.21005   0.42049   0.42052   0.07850   0.05315   0.06127   0.11659   0.16083   0.06775   0.09226   0.07910   0.04980   0.03701   8.36315   1.61039   0.77915   0.99788   0.91575   0.57586  
 59 694.8310  14571.649827  x:  2.01857   0.32313   0.63126   0.71209   0.87372   0.41991   0.15178   0.34773   0.33167   0.07692   0.04465   0.00000   0.12547   0.19472   0.10179   0.07570   0.10152   0.10725   0.04539   1.32579   0.00000   0.51249   0.48777   1.00539   0.49684   0.21047   0.39431   0.39864   0.08383   0.04965   0.06883   0.11866   0.16950   0.06825   0.09576   0.07938   0.05055   0.03643   8.82358   1.60368   0.77287   1.00524   0.90648   0.55902  
 60 442.7717  14571.649827  x:  2.01857   0.32313   0.63126   0.71209   0.87372   0.41991   0.15178   0.34773   0.33167   0.07692   0.04465   0.00000   0.12547   0.19472   0.10179   0.07570   0.10152   0.10725   0.04539   1.32579   0.00000   0.51249   0.48777   1.00539   0.49684   0.21047   0.39431   0.39864   0.08383   0.04965   0.06883   0.11866   0.16950   0.06825   0.09576   0.07938   0.05055   0.03643   8.82358   1.60368   0.77287   1.00524   0.90648   0.55902  
 61 338.3705  14534.886413  x:  2.02021   0.32819   0.63644   0.71577   0.87881   0.43598   0.16804   0.35915   0.34414   0.11108   0.02734   0.00000   0.13303   0.21846   0.11020   0.07669   0.09771   0.03347   0.02792   1.32755   0.01675   0.52740   0.51056   1.01327   0.50140   0.22020   0.39458   0.40159   0.13440   0.04361   0.00000   0.13634   0.19732   0.08582   0.10441   0.07702   0.06378   0.02464   8.82369   1.60076   0.77196   1.01802   0.90596   0.55342  
 62 449.1066  14531.661273  x:  2.02066   0.32957   0.63786   0.71677   0.88019   0.44008   0.17206   0.36197   0.34728   0.11696   0.02439   0.00000   0.13451   0.22374   0.11170   0.07670   0.09706   0.01967   0.02948   1.32803   0.02125   0.53130   0.51661   1.01532   0.50257   0.22271   0.39460   0.40240   0.14306   0.04193   0.00763   0.14063   0.20376   0.08795   0.10588   0.07755   0.06481   0.02624   8.82372   1.59995   0.77190   1.02121   0.90599   0.55200  
 63 476.2975  14526.472565  x:  2.02258   0.33532   0.64382   0.72098   0.88599   0.45602   0.18694   0.37243   0.35940   0.12841   0.02096   0.00000   0.13830   0.24064   0.11463   0.07572   0.09616   0.02891   0.05181   1.33011   0.03995   0.54696   0.54126   1.02352   0.50701   0.23257   0.39462   0.40579   0.15923   0.03330   0.00630   0.15150   0.22291   0.08710   0.10809   0.08032   0.05994   0.04175   8.82386   1.59660   0.77265   1.03312   0.90673   0.54668  
 64 277.1190  14521.970387  x:  2.02548   0.34376   0.65263   0.72715   0.89452   0.47619   0.20375   0.38466   0.37435   0.12678   0.02816   0.00000   0.13918   0.25490   0.11374   0.07395   0.09737   0.03998   0.03911   1.33328   0.06690   0.56801   0.57556   1.03439   0.51234   0.24525   0.39435   0.41081   0.15874   0.02946   0.01060   0.15600   0.23767   0.07709   0.10599   0.08267   0.05091   0.02659   8.82408   1.59189   0.77619   1.04705   0.90930   0.54030  
 65 217.8634  14518.821159  x:  2.02877   0.35290   0.66225   0.73378   0.90383   0.49395   0.21540   0.39412   0.38641   0.11075   0.02721   0.00000   0.13623   0.25954   0.10992   0.07362   0.09904   0.03359   0.03093   1.33690   0.09562   0.58821   0.61032   1.04448   0.51644   0.25649   0.39365   0.41595   0.14112   0.03587   0.00788   0.15081   0.24047   0.06909   0.10217   0.08227   0.05509   0.03949   8.82438   1.58714   0.78242   1.05774   0.91409   0.53509  
 66 220.4405  14517.495468  x:  2.03063   0.35780   0.66739   0.73726   0.90886   0.50130   0.21815   0.39719   0.39061   0.10411   0.02649   0.00000   0.13443   0.25792   0.10873   0.07441   0.09927   0.02857   0.04076   1.33897   0.11078   0.59743   0.62752   1.04872   0.51764   0.26098   0.39296   0.41814   0.13109   0.03902   0.00630   0.14647   0.23752   0.07237   0.10201   0.08093   0.05795   0.03269   8.82456   1.58482   0.78635   1.06150   0.91754   0.53318  
 67 203.3045  14516.598869  x:  2.03322   0.36387   0.67367   0.74133   0.91525   0.50559   0.21371   0.39658   0.39068   0.11006   0.02564   0.00000   0.13405   0.24923   0.11093   0.07645   0.09758   0.03214   0.03767   1.34193   0.12921   0.60489   0.64553   1.05095   0.51674   0.26291   0.39134   0.41930   0.12916   0.03975   0.00801   0.14274   0.22736   0.08718   0.10616   0.07891   0.06027   0.03353   8.82488   1.58252   0.79143   1.06256   0.92317   0.53248  
 68 83.9457  14515.982627  x:  2.03609   0.36986   0.67966   0.74498   0.92176   0.50645   0.20366   0.39276   0.38708   0.11601   0.02677   0.00000   0.13494   0.23894   0.11194   0.07514   0.09723   0.02956   0.03877   1.34528   0.14743   0.60836   0.66027   1.04988   0.51387   0.26190   0.38935   0.41921   0.13268   0.03688   0.00731   0.14225   0.21603   0.08143   0.10518   0.08029   0.05376   0.03466   8.82530   1.58082   0.79498   1.06274   0.92799   0.53215  
 69 69.5545  14515.743967  x:  2.03778   0.37297   0.68257   0.74661   0.92529   0.50617   0.19710   0.39015   0.38433   0.11581   0.02330   0.00000   0.13555   0.23623   0.11170   0.07481   0.09756   0.03123   0.03883   1.34729   0.15714   0.60823   0.66652   1.04743   0.51172   0.26044   0.38839   0.41882   0.13665   0.03738   0.00788   0.14391   0.21386   0.07741   0.10432   0.08079   0.05844   0.03328   8.82558   1.58024   0.79545   1.06345   0.92931   0.53170  
 70 62.6254  14515.480285  x:  2.04081   0.37770   0.68653   0.74849   0.93104   0.50515   0.18581   0.38559   0.37944   0.11162   0.02956   0.00000   0.13579   0.23770   0.11035   0.07561   0.09853   0.03100   0.03921   1.35098   0.17285   0.60402   0.67325   1.03942   0.50742   0.25681   0.38729   0.41778   0.13920   0.03743   0.00768   0.14684   0.21771   0.07857   0.10428   0.08000   0.06059   0.03390   8.82616   1.57996   0.79406   1.06537   0.92883   0.53072  
 71 42.4170  14515.280720  x:  2.04349   0.38145   0.68938   0.74963   0.93584   0.50487   0.17753   0.38269   0.37590   0.10812   0.02612   0.00000   0.13548   0.24043   0.10996   0.07595   0.09832   0.03089   0.03860   1.35431   0.18616   0.59891   0.67744   1.03062   0.50399   0.25392   0.38683   0.41695   0.13849   0.03641   0.00751   0.14758   0.22194   0.08073   0.10471   0.07981   0.05665   0.03387   8.82672   1.58006   0.79291   1.06639   0.92779   0.53015  
 72 69.3927  14515.001829  x:  2.04860   0.38697   0.69251   0.75006   0.94397   0.50819   0.17111   0.38246   0.37410   0.11561   0.02559   0.00000   0.13447   0.24627   0.11247   0.07398   0.09633   0.03081   0.03872   1.36084   0.21010   0.58583   0.68037   1.00804   0.49990   0.25111   0.38786   0.41630   0.13215   0.03850   0.00748   0.14288   0.22672   0.07878   0.10483   0.08169   0.05788   0.03363   8.82797   1.58123   0.79257   1.06454   0.92531   0.53057  
 73 37.7206  14514.443361  x:  2.06010   0.39573   0.69536   0.74796   0.95992   0.52156   0.17341   0.38943   0.37858   0.11532   0.02532   0.00000   0.13626   0.24744   0.11062   0.07867   0.10193   0.03087   0.03878   1.37606   0.26405   0.55501   0.68105   0.94573   0.49677   0.25166   0.39221   0.41601   0.13397   0.03621   0.00783   0.14300   0.22192   0.07795   0.10393   0.07514   0.05790   0.03372   8.83122   1.58541   0.79176   1.05662   0.92244   0.53111  
 74 49.0640  14514.150334  x:  2.06615   0.39864   0.69560   0.74601   0.96715   0.52764   0.17586   0.39271   0.38127   0.11168   0.02612   0.00000   0.13603   0.24484   0.10980   0.07496   0.09872   0.03096   0.03882   1.38430   0.29388   0.54093   0.68103   0.90869   0.49675   0.25375   0.39408   0.41616   0.13712   0.03898   0.00762   0.14508   0.21889   0.08006   0.10453   0.08181   0.05710   0.03373   8.83315   1.58796   0.78950   1.05445   0.92138   0.53008  
 75 110.8975  14513.981035  x:  2.06906   0.39692   0.69374   0.74382   0.96853   0.52747   0.17678   0.39235   0.38168   0.11074   0.02637   0.00000   0.13452   0.24112   0.11184   0.07386   0.09485   0.03065   0.03856   1.38877   0.31176   0.53916   0.68106   0.88304   0.49896   0.25700   0.39366   0.41640   0.13583   0.03387   0.00756   0.14597   0.21954   0.07974   0.10503   0.08135   0.05887   0.03373   8.83452   1.58960   0.78678   1.05687   0.92119   0.52856  
 76 47.0683  14513.615888  x:  2.07479   0.38914   0.68771   0.73810   0.96832   0.52268   0.17806   0.38908   0.38112   0.11253   0.02604   0.00000   0.13274   0.23436   0.11485   0.07616   0.09494   0.03093   0.03886   1.39832   0.35298   0.54326   0.68142   0.82109   0.50547   0.26538   0.39111   0.41742   0.13570   0.03971   0.00754   0.14627   0.22342   0.07850   0.10529   0.07745   0.05693   0.03369   8.83789   1.59318   0.78321   1.06349   0.92153   0.52656  
 77 89.6406  14513.235430  x:  2.07976   0.37827   0.68112   0.73261   0.96570   0.51494   0.17931   0.38496   0.37978   0.11410   0.02548   0.00000   0.13560   0.23503   0.11015   0.07533   0.10224   0.03070   0.03870   1.40762   0.39741   0.55362   0.68156   0.75398   0.51114   0.27171   0.38767   0.41810   0.13446   0.03715   0.00740   0.14463   0.22536   0.08001   0.10448   0.08240   0.05785   0.03368   8.84171   1.59623   0.78805   1.06530   0.92304   0.52942  
 78 109.9630  14513.025834  x:  2.08127   0.37075   0.67851   0.73105   0.96275   0.50996   0.18106   0.38386   0.37929   0.11230   0.02604   0.00000   0.13654   0.24179   0.10957   0.07502   0.09630   0.03086   0.03877   1.41179   0.42327   0.56265   0.68053   0.71674   0.51145   0.27073   0.38612   0.41803   0.13612   0.03777   0.00757   0.14450   0.22279   0.07940   0.10442   0.07980   0.05757   0.03367   8.84407   1.59693   0.79411   1.06259   0.92539   0.53250  
 79 69.8489  14512.928345  x:  2.08004   0.36581   0.67930   0.73270   0.95983   0.50775   0.18364   0.38560   0.37962   0.11165   0.02614   0.00000   0.13384   0.24509   0.11355   0.07606   0.09834   0.03077   0.03873   1.41227   0.43787   0.56917   0.67755   0.69945   0.50793   0.26446   0.38676   0.41742   0.13589   0.03761   0.00752   0.14565   0.21970   0.07927   0.10516   0.08126   0.05767   0.03365   8.84557   1.59588   0.79231   1.06237   0.92717   0.53094  
 80 26.9095  14512.861505  x:  2.07762   0.36193   0.68137   0.73548   0.95708   0.50659   0.18621   0.38781   0.38005   0.11266   0.02587   0.00000   0.13460   0.24397   0.11077   0.07362   0.09837   0.03080   0.03874   1.41138   0.44974   0.57429   0.67353   0.68841   0.50449   0.25823   0.38840   0.41689   0.13553   0.03786   0.00758   0.14543   0.21961   0.07972   0.10458   0.07968   0.05761   0.03366   8.84692   1.59406   0.78978   1.06323   0.92656   0.52979  
 81 25.5199  14512.827796  x:  2.07520   0.35991   0.68324   0.73775   0.95538   0.50618   0.18751   0.38886   0.38017   0.11269   0.02591   0.00000   0.13577   0.24180   0.11023   0.07624   0.09720   0.03077   0.03874   1.41003   0.45707   0.57682   0.67024   0.68339   0.50335   0.25561   0.38988   0.41668   0.13550   0.03776   0.00754   0.14487   0.22111   0.07946   0.10448   0.08086   0.05765   0.03364   8.84786   1.59248   0.78987   1.06305   0.92500   0.53046  
 82 20.3590  14512.801818  x:  2.07154   0.35856   0.68545   0.74022   0.95383   0.50599   0.18793   0.38895   0.37992   0.11197   0.02602   0.00000   0.13529   0.24018   0.11199   0.07486   0.09798   0.03079   0.03874   1.40763   0.46422   0.57823   0.66629   0.68034   0.50419   0.25561   0.39141   0.41662   0.13587   0.03775   0.00753   0.14496   0.22276   0.07939   0.10502   0.08041   0.05763   0.03365   8.84895   1.59066   0.79133   1.06166   0.92358   0.53165  
 83 12.5434  14512.766807  x:  2.06329   0.35740   0.68873   0.74377   0.95149   0.50582   0.18717   0.38765   0.37913   0.11263   0.02593   0.00000   0.13404   0.24163   0.11074   0.07536   0.09770   0.03078   0.03873   1.40186   0.47549   0.57895   0.65949   0.67691   0.50790   0.25872   0.39274   0.41642   0.13562   0.03775   0.00751   0.14575   0.22209   0.07956   0.10417   0.08053   0.05761   0.03363   8.85110   1.58789   0.79021   1.06014   0.92417   0.53024  
 84 11.0965  14512.754822  x:  2.05880   0.35770   0.68925   0.74430   0.95081   0.50607   0.18684   0.38724   0.37923   0.11225   0.02598   0.00000   0.13609   0.24245   0.11134   0.07519   0.09778   0.03075   0.03873   1.39865   0.47923   0.57883   0.65775   0.67536   0.50887   0.25938   0.39198   0.41614   0.13570   0.03777   0.00755   0.14483   0.22126   0.07934   0.10524   0.08049   0.05763   0.03363   8.85221   1.58720   0.78930   1.06086   0.92421   0.53020  
 85  8.6566  14512.714656  x:  2.03774   0.36157   0.68812   0.74290   0.94914   0.50811   0.18610   0.38691   0.38100   0.11230   0.02595   0.00000   0.13499   0.24280   0.11166   0.07517   0.09779   0.03078   0.03875   1.38352   0.49006   0.57747   0.65580   0.66797   0.50940   0.25841   0.38615   0.41499   0.13634   0.03769   0.00761   0.14421   0.22031   0.07989   0.10320   0.08052   0.05763   0.03362   8.85732   1.58650   0.79035   1.06419   0.92319   0.53213  
 86  8.5707  14512.674679  x:  2.01484   0.36629   0.68636   0.74076   0.94744   0.50983   0.18536   0.38693   0.38210   0.11272   0.02587   0.00000   0.13439   0.24189   0.11045   0.07539   0.09778   0.03069   0.03873   1.36717   0.49999   0.57618   0.65573   0.65945   0.50914   0.25710   0.38313   0.41504   0.13542   0.03790   0.00750   0.14591   0.22144   0.07909   0.10625   0.08049   0.05762   0.03357   8.86295   1.58652   0.79205   1.06419   0.92517   0.53168  
 87 27.6939  14512.636656  x:  1.99225   0.37149   0.68472   0.73865   0.94572   0.51059   0.18473   0.38717   0.38177   0.11245   0.02593   0.00000   0.13606   0.24118   0.11169   0.07517   0.09772   0.03069   0.03871   1.35129   0.50821   0.57538   0.65783   0.65046   0.50857   0.25652   0.38523   0.41660   0.13538   0.03785   0.00749   0.14570   0.22305   0.07958   0.10395   0.08049   0.05761   0.03354   8.86870   1.58694   0.79194   1.06269   0.92814   0.53099  
 88 26.7002  14512.607111  x:  1.97395   0.37629   0.68404   0.73755   0.94406   0.51020   0.18448   0.38746   0.38032   0.11231   0.02601   0.00000   0.13465   0.24182   0.11101   0.07528   0.09778   0.03071   0.03874   1.33886   0.51378   0.57508   0.66118   0.64268   0.50806   0.25717   0.39037   0.41820   0.13640   0.03757   0.00758   0.14427   0.22222   0.07935   0.10492   0.08049   0.05761   0.03353   8.87372   1.58722   0.79066   1.06319   0.92660   0.53268  
 89 21.0051  14512.600705  x:  1.96985   0.37762   0.68442   0.73782   0.94332   0.50961   0.18472   0.38754   0.37987   0.11257   0.02594   0.00000   0.13528   0.24204   0.11125   0.07526   0.09776   0.03066   0.03872   1.33644   0.51459   0.57493   0.66237   0.64073   0.50782   0.25771   0.39131   0.41773   0.13567   0.03775   0.00754   0.14562   0.22151   0.07946   0.10473   0.08046   0.05762   0.03351   8.87514   1.58727   0.79083   1.06324   0.92491   0.53244  
 90  7.8288  14512.593235  x:  1.96496   0.38007   0.68642   0.73969   0.94115   0.50779   0.18609   0.38776   0.37971   0.11247   0.02597   0.00000   0.13510   0.24194   0.11120   0.07527   0.09778   0.03067   0.03872   1.33486   0.51465   0.57437   0.66473   0.63805   0.50711   0.25920   0.39043   0.41480   0.13594   0.03774   0.00756   0.14499   0.22181   0.07943   0.10476   0.08046   0.05762   0.03350   8.87791   1.58712   0.79003   1.06164   0.92404   0.53192  
 91  3.3609  14512.591084  x:  1.96361   0.38109   0.68705   0.74032   0.93988   0.50724   0.18649   0.38771   0.37991   0.11255   0.02594   0.00000   0.13517   0.24192   0.11120   0.07527   0.09776   0.03065   0.03871   1.33509   0.51470   0.57398   0.66527   0.63748   0.50677   0.25960   0.39014   0.41482   0.13568   0.03779   0.00754   0.14547   0.22191   0.07943   0.10475   0.08046   0.05762   0.03349   8.87923   1.58689   0.78951   1.06160   0.92452   0.53297  
 92  2.5135  14512.580294  x:  1.95692   0.38714   0.68938   0.74267   0.93072   0.50484   0.18783   0.38689   0.38119   0.11258   0.02591   0.00000   0.13515   0.24206   0.11121   0.07527   0.09778   0.03063   0.03871   1.33895   0.51519   0.57124   0.66682   0.63562   0.50468   0.26084   0.38923   0.41838   0.13595   0.03766   0.00756   0.14522   0.22193   0.07943   0.10475   0.08046   0.05761   0.03346   8.88800   1.58576   0.79100   1.06341   0.92551   0.53228  
 93  3.3292  14512.539455  x:  1.93260   0.41369   0.68655   0.73954   0.89339   0.50754   0.18910   0.38813   0.37717   0.11267   0.02594   0.00000   0.13520   0.24233   0.11121   0.07525   0.09777   0.03048   0.03867   1.36193   0.52219   0.56920   0.66980   0.63551   0.50356   0.26150   0.39016   0.41548   0.13613   0.03764   0.00760   0.14534   0.22218   0.07944   0.10475   0.08047   0.05759   0.03327   8.92721   1.58342   0.79163   1.06444   0.92641   0.53232  
 94  4.3136  14512.518708  x:  1.91957   0.42974   0.68613   0.73842   0.87965   0.50732   0.18590   0.38838   0.38289   0.11274   0.02590   0.00000   0.13523   0.24246   0.11121   0.07525   0.09778   0.03041   0.03867   1.37532   0.52411   0.57253   0.66911   0.63469   0.50540   0.26057   0.39075   0.41564   0.13632   0.03759   0.00763   0.14541   0.22224   0.07944   0.10476   0.08047   0.05758   0.03318   8.94909   1.58421   0.79012   1.06222   0.92461   0.53206  
 95  8.3274  14512.502596  x:  1.90857   0.44250   0.68782   0.73940   0.87582   0.50934   0.18788   0.38598   0.38108   0.11281   0.02588   0.00000   0.13525   0.24265   0.11123   0.07523   0.09777   0.03035   0.03865   1.38704   0.52345   0.57705   0.66633   0.63309   0.50733   0.25892   0.38984   0.41713   0.13643   0.03755   0.00764   0.14546   0.22241   0.07944   0.10477   0.08049   0.05756   0.03309   8.96789   1.58612   0.78996   1.06204   0.92438   0.53175  
 96  5.8323  14512.488250  x:  1.89715   0.44680   0.68882   0.74042   0.87724   0.50792   0.18670   0.39108   0.37967   0.11279   0.02596   0.00000   0.13529   0.24282   0.11122   0.07522   0.09777   0.03029   0.03864   1.39910   0.52269   0.57895   0.66433   0.63297   0.50795   0.25972   0.39027   0.41620   0.13659   0.03752   0.00766   0.14555   0.22259   0.07944   0.10477   0.08051   0.05754   0.03301   8.98730   1.58699   0.79185   1.06486   0.92651   0.53162  
 97  3.7816  14512.308372  x:  1.74301   0.42962   0.68444   0.74223   0.90727   0.50779   0.19171   0.38420   0.38689   0.11373   0.02566   0.00000   0.13558   0.24468   0.11128   0.07512   0.09778   0.02943   0.03847   1.55988   0.52402   0.58410   0.67041   0.64983   0.49496   0.26803   0.39606   0.40979   0.13807   0.03707   0.00797   0.14619   0.22425   0.07944   0.10480   0.08055   0.05736   0.03190   9.24762   1.58338   0.79542   1.07051   0.93045   0.52999  
 98  7.3493  14512.184201  x:  1.63590   0.40951   0.68624   0.74460   0.92353   0.51198   0.19007   0.39184   0.38255   0.11410   0.02575   0.00000   0.13581   0.24593   0.11132   0.07506   0.09778   0.02885   0.03838   1.67062   0.52313   0.58609   0.68219   0.66012   0.49812   0.26782   0.38798   0.42014   0.13936   0.03654   0.00819   0.14659   0.22524   0.07945   0.10481   0.08058   0.05725   0.03113   9.42777   1.58180   0.79133   1.06456   0.92536   0.52862  
 99 49.4740  14512.157573  x:  1.61235   0.40256   0.69148   0.74616   0.92488   0.51573   0.18852   0.39070   0.38406   0.11424   0.02571   0.00000   0.13585   0.24623   0.11134   0.07505   0.09779   0.02873   0.03836   1.69448   0.52063   0.58415   0.68708   0.66032   0.50654   0.26192   0.38988   0.41829   0.13953   0.03654   0.00823   0.14669   0.22549   0.07944   0.10482   0.08060   0.05722   0.03098   9.46707   1.58324   0.79293   1.06700   0.92712   0.52860  
100 12.1074  14512.155065  x:  1.60845   0.40226   0.69479   0.74215   0.92495   0.51408   0.18962   0.39067   0.38400   0.11421   0.02572   0.00000   0.13584   0.24623   0.11133   0.07505   0.09780   0.02874   0.03836   1.69846   0.52166   0.58394   0.68702   0.66103   0.50677   0.26163   0.38986   0.41835   0.13948   0.03654   0.00825   0.14668   0.22548   0.07942   0.10482   0.08060   0.05721   0.03099   9.47404   1.58457   0.79289   1.06697   0.92708   0.52868  
101  0.6168  14512.140685  x:  1.57997   0.40191   0.70031   0.73751   0.92431   0.51870   0.18655   0.39063   0.38406   0.11395   0.02583   0.00000   0.13579   0.24595   0.11128   0.07505   0.09781   0.02890   0.03843   1.72716   0.52051   0.58555   0.68605   0.65655   0.50388   0.26403   0.38976   0.41818   0.13903   0.03658   0.00845   0.14654   0.22521   0.07931   0.10476   0.08059   0.05714   0.03116   9.52552   1.57958   0.79303   1.06703   0.92731   0.52844  
102  1.0821  14512.045867  x:  1.38315   0.40605   0.69211   0.74344   0.92381   0.51303   0.18843   0.39008   0.38299   0.11215   0.02649   0.00000   0.13543   0.24439   0.11093   0.07508   0.09798   0.03004   0.03893   1.92672   0.53525   0.58208   0.68702   0.64461   0.50830   0.26018   0.38982   0.41809   0.13569   0.03695   0.00987   0.14552   0.22338   0.07845   0.10439   0.08055   0.05663   0.03240   9.88288   1.58012   0.79290   1.06641   0.92733   0.52807  
103  9.8693  14512.043176  x:  1.37733   0.40525   0.69247   0.74455   0.92287   0.51443   0.18759   0.39007   0.38301   0.11210   0.02651   0.00000   0.13542   0.24433   0.11092   0.07508   0.09798   0.03007   0.03894   1.93240   0.53578   0.58240   0.68669   0.64442   0.50685   0.26127   0.38981   0.41808   0.13561   0.03695   0.00991   0.14549   0.22331   0.07843   0.10439   0.08054   0.05662   0.03243   9.89338   1.58423   0.79286   1.06646   0.92732   0.52831  
104  2.6631  14512.002318  x:  1.22210   0.40708   0.69150   0.74308   0.92012   0.51377   0.18816   0.38993   0.38306   0.11363   0.02570   0.00000   0.13559   0.24496   0.11136   0.07518   0.09782   0.02881   0.03893   2.09084   0.53889   0.58052   0.68287   0.63638   0.50650   0.26179   0.39013   0.41758   0.13787   0.03682   0.00992   0.14613   0.22457   0.07940   0.10480   0.08044   0.05734   0.03285  10.21888   1.58440   0.79220   1.06629   0.92683   0.52838  
105  0.2898  14511.990306  x:  1.12759   0.40676   0.69172   0.74326   0.92019   0.51343   0.18793   0.38978   0.38294   0.11314   0.02597   0.00000   0.13556   0.24468   0.11119   0.07512   0.09785   0.02893   0.03879   2.18115   0.52927   0.58107   0.68205   0.64638   0.50615   0.26149   0.39017   0.41757   0.13732   0.03692   0.01003   0.14590   0.22399   0.07914   0.10467   0.08051   0.05714   0.03191  10.45702   1.58366   0.79235   1.06612   0.92698   0.52846  
106  0.1609  14511.986045  x:  1.08443   0.40566   0.69140   0.74350   0.92065   0.51336   0.18812   0.38985   0.38295   0.11324   0.02595   0.00000   0.13558   0.24477   0.11120   0.07512   0.09785   0.02913   0.03873   2.22367   0.53075   0.58165   0.68248   0.64479   0.50670   0.26123   0.39004   0.41770   0.13745   0.03684   0.00972   0.14598   0.22410   0.07911   0.10467   0.08050   0.05710   0.03248  10.63109   1.58384   0.79235   1.06618   0.92699   0.52833  
107  0.0816  14511.985193  x:  1.08997   0.40669   0.69152   0.74338   0.92019   0.51351   0.18806   0.38985   0.38300   0.11319   0.02595   0.00000   0.13555   0.24474   0.11121   0.07513   0.09785   0.02917   0.03878   2.21964   0.53240   0.58128   0.68248   0.64322   0.50645   0.26149   0.39013   0.41763   0.13736   0.03689   0.00955   0.14596   0.22411   0.07913   0.10468   0.08050   0.05714   0.03223  10.67992   1.58387   0.79232   1.06621   0.92698   0.52831  
108  0.0323  14511.984955  x:  1.12322   0.40646   0.69163   0.74355   0.92056   0.51356   0.18789   0.38981   0.38294   0.11320   0.02595   0.00000   0.13556   0.24471   0.11120   0.07512   0.09785   0.02918   0.03879   2.18563   0.53142   0.58111   0.68270   0.64474   0.50636   0.26139   0.39010   0.41765   0.13739   0.03689   0.00951   0.14596   0.22405   0.07913   0.10467   0.08051   0.05713   0.03227  10.68103   1.58387   0.79235   1.06616   0.92700   0.52831  
109  0.0144  14511.984812  x:  1.14307   0.40636   0.69146   0.74346   0.92041   0.51350   0.18803   0.38984   0.38298   0.11320   0.02595   0.00000   0.13556   0.24474   0.11121   0.07513   0.09785   0.02916   0.03878   2.16600   0.53193   0.58130   0.68248   0.64371   0.50648   0.26144   0.39011   0.41764   0.13738   0.03688   0.00957   0.14596   0.22410   0.07913   0.10468   0.08050   0.05713   0.03226  10.69530   1.58398   0.79233   1.06618   0.92698   0.52831  
110  0.0152  14511.984799  x:  1.14051   0.40645   0.69151   0.74348   0.92040   0.51352   0.18801   0.38984   0.38298   0.11320   0.02595   0.00000   0.13556   0.24474   0.11121   0.07513   0.09785   0.02915   0.03878   2.16857   0.53180   0.58127   0.68252   0.64395   0.50645   0.26144   0.39012   0.41764   0.13738   0.03688   0.00958   0.14596   0.22410   0.07913   0.10468   0.08050   0.05713   0.03226  10.70904   1.58397   0.79232   1.06617   0.92697   0.52831  
111  0.0099  14511.984799  x:  1.14063   0.40643   0.69150   0.74348   0.92042   0.51352   0.18801   0.38984   0.38298   0.11320   0.02595   0.00000   0.13556   0.24474   0.11121   0.07513   0.09785   0.02915   0.03878   2.16845   0.53184   0.58126   0.68254   0.64392   0.50645   0.26144   0.39011   0.41764   0.13738   0.03688   0.00958   0.14596   0.22410   0.07913   0.10468   0.08050   0.05713   0.03226  10.70922   1.58397   0.79233   1.06618   0.92698   0.52831  
112  0.0002  14511.984799  x:  1.14063   0.40643   0.69150   0.74348   0.92042   0.51352   0.18801   0.38984   0.38298   0.11320   0.02595   0.00000   0.13556   0.24474   0.11121   0.07513   0.09785   0.02915   0.03878   2.16845   0.53184   0.58126   0.68254   0.64392   0.50645   0.26144   0.39011   0.41764   0.13738   0.03688   0.00958   0.14596   0.22410   0.07913   0.10468   0.08050   0.05713   0.03226  10.70919   1.58397   0.79233   1.06618   0.92698   0.52831  
113  0.0000  14511.984799  x:  1.14063   0.40643   0.69150   0.74348   0.92042   0.51352   0.18801   0.38984   0.38298   0.11320   0.02595   0.00000   0.13556   0.24474   0.11121   0.07513   0.09785   0.02915   0.03878   2.16845   0.53184   0.58126   0.68254   0.64392   0.50645   0.26144   0.39011   0.41764   0.13738   0.03688   0.00958   0.14596   0.22410   0.07913   0.10468   0.08050   0.05713   0.03226  10.70919   1.58397   0.79233   1.06618   0.92698   0.52831  
114  0.0000  14511.984799  x:  1.14063   0.40643   0.69150   0.74348   0.92042   0.51352   0.18801   0.38984   0.38298   0.11320   0.02595   0.00000   0.13556   0.24474   0.11121   0.07513   0.09785   0.02915   0.03878   2.16845   0.53184   0.58126   0.68254   0.64392   0.50645   0.26144   0.39011   0.41764   0.13738   0.03688   0.00958   0.14596   0.22410   0.07913   0.10468   0.08050   0.05713   0.03226  10.70919   1.58397   0.79233   1.06618   0.92698   0.52831  

TREE # 2

  0  0.0000  15172.552786  x:  2.50119   0.38972   0.30841   0.20298   0.38045   0.27941   0.20843   0.14404   0.18833   0.20004   0.04696   0.09119   0.01413   0.11403   0.16301   0.07482   0.10120   0.06946   0.04647   0.06598   0.88613   0.23623   0.37087   0.29557   0.34930   0.22745   0.11652   0.16293   0.22866   0.07500   0.08631   0.00000   0.08216   0.14018   0.07320   0.06883   0.09750   0.04927   0.07141   1.58397   0.79064   1.04295   0.90901   0.52831  
  1 99.0000  15172.526729  x:  2.50119   0.38972   0.30841   0.20299   0.38045   0.27941   0.20844   0.14405   0.18834   0.20005   0.04697   0.09118   0.01413   0.11403   0.16302   0.07482   0.10120   0.06946   0.04647   0.06597   0.88614   0.23623   0.37088   0.29557   0.34930   0.22746   0.11652   0.16293   0.22867   0.07500   0.08630   0.00000   0.08216   0.14019   0.07320   0.06883   0.09750   0.04927   0.07141   1.58397   0.79064   1.04295   0.90901   0.52831  
  2 1374.6330  15120.655557  x:  2.50727   0.40376   0.32282   0.22564   0.39633   0.29509   0.22657   0.15803   0.20434   0.21523   0.01155   0.08037   0.01463   0.11831   0.16966   0.07557   0.10172   0.07104   0.04612   0.05569   0.89636   0.25274   0.38803   0.31694   0.36621   0.24414   0.12843   0.17958   0.24124   0.07896   0.07525   0.00000   0.08706   0.15118   0.07608   0.06958   0.09793   0.04333   0.06204   1.57971   0.78959   1.04277   0.91190   0.54261  
  3 1764.9194  15089.941781  x:  2.52451   0.43954   0.34855   0.24119   0.42407   0.32303   0.23324   0.15096   0.20543   0.21891   0.01499   0.06267   0.02793   0.11772   0.17609   0.07279   0.10111   0.06727   0.02270   0.04598   0.92279   0.28159   0.42097   0.35170   0.39855   0.25515   0.11558   0.16358   0.25305   0.07122   0.05235   0.00000   0.04923   0.14540   0.04243   0.05943   0.10084   0.05186   0.05364   1.57068   0.78902   1.04622   0.91375   0.53174  
  4 585.4413  15068.091065  x:  2.55270   0.49448   0.38124   0.24540   0.45928   0.35852   0.22985   0.12833   0.19474   0.21161   0.01650   0.04850   0.03217   0.11276   0.18017   0.06951   0.09985   0.06316   0.06291   0.04439   0.96354   0.31684   0.46341   0.39190   0.44085   0.26157   0.08670   0.12999   0.26344   0.06444   0.03002   0.00000   0.05100   0.13082   0.04796   0.05406   0.10476   0.06565   0.05101   1.55719   0.78904   1.05237   0.91507   0.50480  
  5 731.5751  15054.013450  x:  2.58077   0.54445   0.40382   0.23383   0.48403   0.38308   0.22227   0.10993   0.18302   0.20032   0.01664   0.05591   0.02539   0.10858   0.17933   0.06988   0.09929   0.06447   0.03715   0.05074   1.00074   0.33906   0.49252   0.41440   0.47139   0.26470   0.07006   0.11960   0.26814   0.07430   0.04013   0.00000   0.07722   0.12430   0.06567   0.06073   0.10619   0.07232   0.05642   1.54470   0.78980   1.05764   0.91601   0.48743  
  6 568.7181  15042.931499  x:  2.62240   0.60905   0.41991   0.19673   0.50361   0.40048   0.21304   0.10445   0.17397   0.18741   0.01589   0.07580   0.00853   0.10763   0.17205   0.07364   0.09974   0.06952   0.04655   0.06316   1.04913   0.34933   0.51226   0.41766   0.49606   0.26704   0.07582   0.14593   0.26519   0.07951   0.06087   0.00000   0.06179   0.12994   0.05958   0.06686   0.10343   0.07051   0.06764   1.52819   0.79229   1.06305   0.91729   0.48648  
  7 337.7727  15036.035278  x:  2.67130   0.67747   0.42873   0.15646   0.51884   0.40934   0.20858   0.11524   0.17464   0.18477   0.01584   0.08270   0.04371   0.11179   0.16532   0.07445   0.10052   0.06970   0.05012   0.06888   1.10068   0.34703   0.52127   0.40481   0.51150   0.26327   0.08231   0.15733   0.25501   0.07025   0.06947   0.00000   0.06620   0.13533   0.05770   0.06464   0.10013   0.06419   0.07329   1.51109   0.79580   1.06788   0.91864   0.49258  
  8 421.0819  15023.558605  x:  2.76572   0.79443   0.43164   0.12312   0.54181   0.40898   0.20688   0.14554   0.18983   0.20094   0.01655   0.06461   0.02082   0.11196   0.15942   0.07217   0.09994   0.05835   0.04259   0.06158   1.18954   0.31998   0.51733   0.35905   0.51908   0.24715   0.08606   0.14166   0.23268   0.05605   0.06028   0.00000   0.06726   0.13503   0.06638   0.05642   0.09807   0.05164   0.06791   1.48438   0.80263   1.07444   0.92132   0.49939  
  9 352.5971  15014.039438  x:  2.86135   0.89907   0.42698   0.14394   0.56157   0.39828   0.19844   0.15205   0.19146   0.20670   0.01691   0.05730   0.02208   0.11328   0.16409   0.07146   0.10019   0.07313   0.04623   0.05206   1.26986   0.28111   0.50362   0.31277   0.51412   0.23584   0.09205   0.13753   0.22492   0.08861   0.05157   0.00000   0.07295   0.13167   0.05177   0.06634   0.10093   0.05193   0.05967   1.46423   0.80752   1.07891   0.92535   0.49167  
 10 417.8641  15008.636987  x:  2.92668   0.95953   0.41826   0.17199   0.56658   0.38448   0.19553   0.14318   0.18600   0.20308   0.01664   0.06438   0.02759   0.11337   0.17073   0.07263   0.10048   0.07133   0.04263   0.05144   1.31699   0.25237   0.49279   0.29583   0.50652   0.23661   0.09829   0.14653   0.23267   0.08095   0.04305   0.00000   0.06130   0.13285   0.07127   0.06453   0.10247   0.05825   0.05798   1.45620   0.80886   1.08014   0.92923   0.48496  
 11 373.6839  15004.700460  x:  2.98194   1.00037   0.40613   0.19064   0.55983   0.36791   0.20155   0.13327   0.18292   0.19951   0.01645   0.06944   0.02381   0.11235   0.17491   0.07329   0.10036   0.06288   0.04296   0.05513   1.34962   0.23004   0.48471   0.30001   0.49958   0.24226   0.09998   0.15084   0.24510   0.06392   0.04412   0.00000   0.07393   0.13547   0.05852   0.05763   0.10276   0.06194   0.06022   1.45462   0.80866   1.07948   0.93289   0.48428  
 12 306.8068  14998.443663  x:  3.09293   1.06028   0.37500   0.20192   0.52214   0.32851   0.23013   0.12403   0.18898   0.20153   0.01667   0.06409   0.02681   0.11235   0.17580   0.07099   0.09974   0.06087   0.04593   0.05954   1.39975   0.19559   0.47197   0.34265   0.48976   0.25555   0.08857   0.13551   0.26729   0.06878   0.06477   0.00000   0.06574   0.13742   0.06079   0.06381   0.10049   0.05924   0.06467   1.46229   0.80686   1.07541   0.93887   0.49129  
 13 247.1593  14995.126042  x:  3.16637   1.08043   0.36025   0.19841   0.48697   0.31017   0.23184   0.12280   0.18927   0.20351   0.01674   0.06298   0.02413   0.11281   0.17090   0.07317   0.10033   0.07857   0.04321   0.05152   1.41954   0.18853   0.46394   0.37127   0.49266   0.26019   0.08933   0.14501   0.26501   0.06956   0.04767   0.00000   0.06884   0.13051   0.06249   0.05875   0.10142   0.05623   0.05880   1.47596   0.80665   1.07334   0.93667   0.48041  
 14 172.1466  14991.702721  x:  3.25490   1.08523   0.35710   0.20730   0.45041   0.30528   0.21928   0.12787   0.18634   0.20444   0.01663   0.06760   0.02486   0.11359   0.16892   0.07289   0.10068   0.05754   0.04267   0.05021   1.43011   0.19472   0.45438   0.39020   0.50456   0.25748   0.09349   0.14812   0.24934   0.07837   0.03459   0.00000   0.06996   0.13602   0.06172   0.06699   0.10345   0.05724   0.05620   1.49718   0.80565   1.07106   0.93059   0.48078  
 15 158.2098  14989.953942  x:  3.32283   1.08081   0.36088   0.21972   0.43164   0.30892   0.21166   0.13324   0.18633   0.20546   0.01672   0.06804   0.02477   0.11350   0.17059   0.07224   0.10061   0.06189   0.04330   0.05255   1.43275   0.20229   0.44789   0.39469   0.51446   0.25317   0.09479   0.14560   0.23981   0.07595   0.04198   0.01195   0.06958   0.13792   0.06234   0.06136   0.10362   0.05860   0.05765   1.51395   0.80374   1.06948   0.92576   0.48509  
 16 247.6926  14985.761177  x:  3.43111   1.07148   0.36760   0.23768   0.40527   0.31572   0.20207   0.14079   0.18699   0.20662   0.01689   0.06798   0.02463   0.11325   0.17340   0.07148   0.10046   0.06955   0.04418   0.05632   1.43544   0.21390   0.43815   0.39920   0.52942   0.24670   0.09593   0.14232   0.22764   0.07099   0.05312   0.00000   0.06900   0.13907   0.06312   0.05484   0.10298   0.05981   0.06080   1.54036   0.80033   1.06694   0.91842   0.49138  
 17 859.7300  14977.199309  x:  3.71460   1.01496   0.38809   0.23935   0.39120   0.34001   0.21950   0.14063   0.19600   0.20248   0.01804   0.05301   0.02548   0.11228   0.17669   0.07444   0.10030   0.07143   0.04439   0.05391   1.42134   0.23129   0.42399   0.37650   0.55158   0.24152   0.08782   0.15521   0.24808   0.05254   0.06127   0.00000   0.06953   0.12415   0.06098   0.08851   0.09767   0.05481   0.06306   1.60375   0.78689   1.06171   0.90552   0.48034  
 18 274.0404  14959.691871  x:  4.29383   0.88249   0.41900   0.21403   0.40337   0.37948   0.25712   0.12052   0.20609   0.19597   0.01869   0.05946   0.02559   0.11274   0.17620   0.07356   0.10024   0.05752   0.04520   0.04686   1.38220   0.25198   0.41437   0.33316   0.58021   0.25315   0.08308   0.15668   0.29607   0.08135   0.05407   0.00000   0.07053   0.13125   0.06461   0.04955   0.09544   0.04846   0.05868   1.71894   0.76145   1.04944   0.88832   0.47667  
 19 815.4702  14946.630234  x:  4.73212   0.76792   0.42560   0.19261   0.45343   0.39204   0.26052   0.10453   0.19859   0.20657   0.01837   0.07804   0.02109   0.11578   0.17026   0.06931   0.10139   0.07985   0.04267   0.05468   1.34560   0.25129   0.43649   0.32711   0.58272   0.27485   0.09562   0.13082   0.30002   0.07505   0.02883   0.00000   0.07203   0.15478   0.06362   0.06779   0.10644   0.05736   0.05434   1.78098   0.75379   1.03981   0.88399   0.50516  
 20 789.0840  14926.115501  x:  5.44856   0.56257   0.41364   0.18393   0.57566   0.38772   0.23098   0.12415   0.18114   0.23996   0.02021   0.05983   0.02397   0.11764   0.16589   0.07820   0.10373   0.06663   0.04588   0.04587   1.28081   0.23109   0.51153   0.36625   0.55998   0.29685   0.10367   0.15260   0.25652   0.07414   0.05825   0.00000   0.07383   0.13331   0.06695   0.06368   0.11526   0.06412   0.05117   1.83573   0.76518   1.03436   0.88261   0.49722  
 21 785.4929  14919.778548  x:  5.64232   0.49610   0.40922   0.18855   0.60714   0.38444   0.22680   0.14678   0.19813   0.22201   0.02026   0.07064   0.02315   0.11411   0.17644   0.06864   0.09991   0.07001   0.04504   0.05525   1.26446   0.23052   0.53412   0.38310   0.54623   0.27891   0.07996   0.16247   0.24972   0.07597   0.04520   0.00000   0.07409   0.14412   0.06615   0.06354   0.09730   0.04856   0.06305   1.81265   0.77120   1.04371   0.89126   0.48959  
 22 367.1966  14911.695133  x:  5.87609   0.40089   0.41004   0.18797   0.60689   0.38409   0.21760   0.14950   0.21504   0.17789   0.02195   0.06031   0.02098   0.11619   0.18659   0.08611   0.10293   0.07023   0.04447   0.04217   1.25624   0.25944   0.54427   0.39949   0.52961   0.25266   0.10462   0.15580   0.26389   0.07714   0.04471   0.00000   0.07604   0.13997   0.06824   0.06357   0.09232   0.04962   0.04965   1.70780   0.78087   1.07412   0.91692   0.50181  
 23 216.6365  14901.627523  x:  6.15468   0.27556   0.42032   0.19028   0.58252   0.39150   0.22382   0.14559   0.21783   0.20608   0.02249   0.05591   0.02074   0.11755   0.17953   0.06165   0.09939   0.07082   0.04421   0.05919   1.25757   0.31040   0.54058   0.40464   0.50756   0.24070   0.12336   0.15888   0.28369   0.07933   0.04376   0.00000   0.07692   0.14029   0.06943   0.06244   0.11326   0.05721   0.05887   1.54034   0.80245   1.11285   0.94895   0.48316  
 24 386.4464  14897.390880  x:  6.26183   0.22059   0.42836   0.19534   0.56905   0.39812   0.23346   0.14199   0.20376   0.22746   0.02190   0.07110   0.02141   0.11577   0.17463   0.08343   0.10187   0.07114   0.04561   0.04661   1.26725   0.33407   0.53464   0.40012   0.49628   0.25329   0.10425   0.15773   0.28088   0.07678   0.04550   0.00000   0.07616   0.14458   0.06821   0.06389   0.10461   0.04870   0.05549   1.46479   0.81757   1.11952   0.96033   0.48124  
 25 293.4378  14895.061790  x:  6.30024   0.19133   0.43284   0.19625   0.56255   0.40190   0.23770   0.13720   0.19512   0.21864   0.02265   0.06199   0.02049   0.11692   0.17585   0.06958   0.10015   0.07139   0.04498   0.04449   1.28631   0.34582   0.52983   0.39403   0.48873   0.28074   0.09120   0.16450   0.26870   0.07760   0.04430   0.00000   0.07736   0.14198   0.06921   0.06372   0.09247   0.04980   0.04954   1.43288   0.82691   1.10928   0.96316   0.49036  
 26 106.0023  14892.122537  x:  6.32603   0.15231   0.43614   0.19746   0.55963   0.40482   0.24261   0.14178   0.21099   0.20350   0.02335   0.05611   0.02012   0.11845   0.18180   0.08165   0.10266   0.07158   0.04448   0.05344   1.33206   0.35910   0.52597   0.38896   0.47841   0.31495   0.08747   0.16301   0.25366   0.07906   0.04194   0.00000   0.07751   0.14407   0.06965   0.06345   0.10689   0.05193   0.06018   1.41116   0.83014   1.08567   0.96105   0.48070  
 27 83.9782  14883.144044  x:  6.36235   0.03931   0.43764   0.20051   0.56444   0.40611   0.22929   0.14879   0.24563   0.20147   0.02314   0.08365   0.02045   0.11395   0.18375   0.06202   0.09716   0.07000   0.04790   0.03132   1.49992   0.39199   0.52730   0.39331   0.45303   0.33403   0.08850   0.15793   0.25591   0.07188   0.05728   0.00000   0.07725   0.14214   0.06862   0.06804   0.12080   0.04613   0.04040   1.38877   0.80541   1.03029   0.94012   0.46747  
 28 122.9010  14877.334046  x:  6.36901   0.00000   0.43740   0.20125   0.56767   0.40579   0.22571   0.14988   0.24812   0.20507   0.02346   0.08264   0.02032   0.11402   0.18283   0.06402   0.09731   0.06993   0.04779   0.03456   1.56077   0.40194   0.52882   0.39571   0.44450   0.33301   0.08849   0.15973   0.26063   0.07290   0.05586   0.00000   0.07778   0.14067   0.06902   0.06783   0.11802   0.04600   0.03968   1.38316   0.79552   1.01562   0.93134   0.47019  
 29 584.7068  14877.334046  x:  6.36901   0.00000   0.43740   0.20125   0.56767   0.40579   0.22571   0.14988   0.24812   0.20507   0.02346   0.08264   0.02032   0.11402   0.18283   0.06402   0.09731   0.06993   0.04779   0.03456   1.56077   0.40194   0.52882   0.39571   0.44450   0.33301   0.08849   0.15973   0.26063   0.07290   0.05586   0.00000   0.07778   0.14067   0.06902   0.06783   0.11802   0.04600   0.03968   1.38316   0.79552   1.01562   0.93134   0.47019  
 30 1420.7019  14710.539037  x:  6.37049   0.01902   0.45772   0.26301   0.58850   0.42736   0.28369   0.20245   0.28593   0.26287   0.26410   0.07100   0.00000   0.13082   0.19654   0.08004   0.10246   0.07766   0.06109   0.03020   1.57718   0.42250   0.54940   0.42967   0.46984   0.36616   0.14122   0.23608   0.29361   0.09916   0.03799   0.00000   0.12752   0.18790   0.10863   0.07811   0.10639   0.02079   0.03672   1.38549   0.79152   1.01895   0.93581   0.54152  
 31 1519.7493  14653.016846  x:  6.37312   0.05471   0.49143   0.35322   0.62228   0.46381   0.35910   0.26454   0.33712   0.33224   0.25511   0.01940   0.15467   0.15308   0.21839   0.08255   0.10580   0.08908   0.05520   0.03799   1.60841   0.45802   0.58607   0.48875   0.51425   0.41124   0.19859   0.31716   0.33826   0.11614   0.01509   0.00000   0.14582   0.23346   0.11922   0.07705   0.09309   0.06767   0.04435   1.39528   0.78629   1.03159   0.93719   0.59798  
 32 839.8939  14601.909622  x:  6.37629   0.09776   0.52537   0.43388   0.65467   0.50148   0.41847   0.30749   0.37761   0.38633   0.18372   0.01405   0.11973   0.14936   0.22790   0.07987   0.10289   0.07324   0.05697   0.01984   1.64626   0.49542   0.62503   0.55071   0.56245   0.44840   0.23613   0.37189   0.37373   0.12452   0.05546   0.00000   0.14189   0.25679   0.11272   0.07200   0.09417   0.01245   0.02866   1.41343   0.78567   1.04852   0.93232   0.60848  
 33 551.1082  14565.158981  x:  6.38043   0.15250   0.56488   0.52470   0.69129   0.54570   0.48231   0.35042   0.41973   0.44396   0.10968   0.04262   0.02742   0.14081   0.23481   0.07828   0.10013   0.06235   0.06071   0.04551   1.69435   0.53964   0.67089   0.62382   0.62049   0.48834   0.27233   0.42819   0.40977   0.12282   0.06557   0.00000   0.13592   0.27682   0.10628   0.07045   0.09750   0.05659   0.04147   1.43848   0.78701   1.06774   0.92620   0.60731  
 34 1161.8029  14554.836013  x:  6.38235   0.17524   0.57614   0.54829   0.70000   0.55871   0.49505   0.35384   0.42477   0.45232   0.09517   0.04070   0.00615   0.14279   0.23365   0.07860   0.10288   0.08300   0.05422   0.03467   1.71416   0.55314   0.68425   0.64622   0.63995   0.49545   0.27318   0.43514   0.41320   0.11020   0.02340   0.00000   0.13321   0.27361   0.10721   0.07494   0.09640   0.05114   0.04286   1.45062   0.78986   1.07104   0.92539   0.59251  
 35 352.7812  14548.628683  x:  6.38586   0.21371   0.58970   0.57200   0.70791   0.57520   0.50107   0.34378   0.42072   0.45086   0.10429   0.06332   0.01757   0.14433   0.22821   0.07794   0.10492   0.08460   0.05964   0.04543   1.74747   0.57080   0.70089   0.67559   0.66791   0.49788   0.26030   0.42803   0.40860   0.10633   0.01057   0.00000   0.12821   0.25700   0.10715   0.07589   0.10008   0.03992   0.04168   1.47232   0.79566   1.07377   0.92473   0.55560  
 36 210.1863  14541.842653  x:  6.39160   0.27263   0.60657   0.59964   0.71518   0.59640   0.50434   0.32239   0.40894   0.44151   0.12017   0.05002   0.02123   0.15047   0.22053   0.07930   0.10885   0.09734   0.05180   0.03209   1.79812   0.59359   0.72111   0.71378   0.70673   0.49770   0.23615   0.41182   0.39763   0.10920   0.02836   0.00000   0.12923   0.23365   0.11213   0.07869   0.09875   0.05081   0.04633   1.50342   0.80237   1.07398   0.92707   0.51780  
 37 346.7607  14537.044670  x:  6.39706   0.32295   0.61696   0.61405   0.71655   0.61051   0.50249   0.30052   0.39659   0.42944   0.12508   0.02351   0.01761   0.15161   0.21775   0.07924   0.10696   0.08518   0.05869   0.04361   1.84082   0.60826   0.73251   0.73887   0.73542   0.49587   0.21404   0.39565   0.38678   0.11334   0.02378   0.00000   0.13413   0.22406   0.11262   0.07493   0.09580   0.05218   0.03892   1.52561   0.80269   1.07239   0.93155   0.52303  
 38 271.8751  14532.804960  x:  6.40435   0.38430   0.62524   0.62287   0.71327   0.62348   0.49803   0.27371   0.38278   0.41471   0.12602   0.03393   0.01943   0.15086   0.21972   0.07901   0.10323   0.07481   0.05386   0.02994   1.89226   0.62059   0.73971   0.76125   0.76538   0.49432   0.18980   0.37810   0.37542   0.11775   0.01875   0.00000   0.14001   0.22727   0.11125   0.07237   0.09309   0.05366   0.04526   1.54809   0.79833   1.06981   0.93737   0.55653  
 39 257.3903  14531.268130  x:  6.40876   0.41684   0.62536   0.62066   0.70721   0.62626   0.49616   0.26246   0.37906   0.40894   0.12483   0.03777   0.01978   0.15036   0.22338   0.07989   0.10489   0.09149   0.05119   0.03960   1.91908   0.62167   0.73723   0.76570   0.77660   0.49583   0.18267   0.37441   0.37332   0.11614   0.02414   0.00000   0.13967   0.23815   0.11225   0.07750   0.09470   0.04992   0.04326   1.55746   0.79580   1.06888   0.93716   0.56951  
 40 149.1388  14529.149891  x:  6.41844   0.48014   0.61742   0.60464   0.68832   0.62391   0.49613   0.25027   0.38153   0.40481   0.12576   0.03620   0.02074   0.14750   0.23108   0.07943   0.10856   0.09446   0.06959   0.03223   1.97029   0.61292   0.72075   0.76063   0.78927   0.50434   0.18191   0.38028   0.37785   0.10982   0.02560   0.00000   0.13247   0.26356   0.11214   0.07800   0.10067   0.05355   0.04125   1.57142   0.79335   1.06893   0.92852   0.56527  
 41 108.4970  14526.293149  x:  6.43275   0.56874   0.60302   0.57946   0.66103   0.61759   0.49919   0.24039   0.38913   0.40346   0.12778   0.03187   0.02056   0.14621   0.23726   0.07826   0.10848   0.08286   0.05091   0.03596   2.04131   0.59539   0.69361   0.74818   0.80262   0.51731   0.18550   0.39257   0.38631   0.10820   0.02334   0.00000   0.12906   0.28629   0.11155   0.07323   0.09935   0.05137   0.04614   1.58768   0.79063   1.06736   0.91763   0.55178  
 42 240.7194  14524.329728  x:  6.44580   0.64034   0.58840   0.56129   0.64355   0.60992   0.50654   0.24498   0.39804   0.40857   0.12285   0.03761   0.01974   0.15154   0.23091   0.07979   0.10243   0.08495   0.05285   0.03486   2.09743   0.57400   0.66989   0.73364   0.80751   0.52536   0.19033   0.40191   0.39150   0.11952   0.02162   0.00000   0.14176   0.27174   0.11301   0.07605   0.08810   0.05318   0.03588   1.59353   0.78791   1.06026   0.91921   0.54850  
 43 138.3419  14523.393099  x:  6.45359   0.67953   0.57975   0.55385   0.63717   0.60527   0.51153   0.25107   0.40259   0.41270   0.12081   0.03655   0.01951   0.15299   0.22602   0.08016   0.10219   0.08709   0.05785   0.03670   2.12758   0.55985   0.65767   0.72517   0.80829   0.52817   0.19292   0.40561   0.39311   0.12184   0.02179   0.00000   0.14455   0.25716   0.11280   0.07672   0.09134   0.04939   0.04770   1.59367   0.78657   1.05637   0.92174   0.55077  
 44 196.9243  14522.638038  x:  6.46137   0.71292   0.57168   0.55238   0.63763   0.60095   0.51608   0.26024   0.40484   0.41741   0.12260   0.03647   0.02007   0.15024   0.22281   0.07922   0.10695   0.08664   0.05485   0.03580   2.15229   0.54416   0.64964   0.71805   0.80624   0.52765   0.19455   0.40596   0.39232   0.11527   0.02286   0.00000   0.13748   0.24245   0.11105   0.07517   0.10226   0.05120   0.04252   1.58909   0.78617   1.05528   0.92387   0.55639  
 45 107.2759  14522.050715  x:  6.47073   0.74297   0.56290   0.55907   0.64838   0.59627   0.51757   0.27145   0.40201   0.42110   0.12396   0.03633   0.02046   0.14612   0.22499   0.07870   0.10661   0.08575   0.05573   0.03619   2.17246   0.52325   0.64800   0.71235   0.79957   0.52137   0.19433   0.40093   0.38771   0.10862   0.02457   0.00000   0.12947   0.24022   0.11169   0.07734   0.09081   0.05087   0.04357   1.57727   0.78813   1.05963   0.92330   0.55701  
 46 52.6163  14521.302026  x:  6.48645   0.78541   0.54927   0.57256   0.66990   0.58928   0.51506   0.28583   0.39436   0.42428   0.12259   0.03660   0.01973   0.14705   0.22947   0.08025   0.10333   0.08644   0.05533   0.03613   2.19877   0.48880   0.65158   0.70564   0.78721   0.50928   0.19483   0.39237   0.38050   0.11499   0.02307   0.00000   0.13644   0.24898   0.11177   0.07499   0.09712   0.05072   0.04336   1.55548   0.79205   1.06680   0.92372   0.55077  
 47 74.9928  14521.135395  x:  6.49323   0.79626   0.54554   0.57433   0.67566   0.58825   0.50906   0.28409   0.39228   0.42248   0.12207   0.03701   0.01932   0.15130   0.22611   0.07731   0.10893   0.08467   0.05534   0.03635   2.20305   0.47885   0.65845   0.70618   0.78479   0.50762   0.20017   0.39435   0.38348   0.11484   0.02307   0.00000   0.13691   0.25102   0.11124   0.07742   0.09653   0.05054   0.04339   1.54847   0.79225   1.06456   0.92837   0.54957  
 48 24.3060  14521.009138  x:  6.50090   0.80521   0.54259   0.57401   0.67961   0.58829   0.50219   0.28055   0.39168   0.42022   0.12237   0.03706   0.01946   0.15067   0.22362   0.08051   0.10576   0.08578   0.05548   0.03637   2.20474   0.47040   0.66726   0.70769   0.78387   0.50677   0.20637   0.39771   0.38774   0.11385   0.02326   0.00000   0.13536   0.25028   0.11089   0.07390   0.09609   0.05053   0.04336   1.54259   0.79237   1.06303   0.93046   0.54925  
 49 28.2724  14520.948240  x:  6.50670   0.80996   0.54126   0.57238   0.68068   0.58919   0.49886   0.27892   0.39272   0.41931   0.12253   0.03670   0.01972   0.14796   0.22439   0.07901   0.10343   0.08554   0.05525   0.03617   2.20411   0.46594   0.67317   0.70861   0.78442   0.50597   0.20904   0.39920   0.38951   0.11444   0.02301   0.00000   0.13553   0.24843   0.11191   0.07692   0.09709   0.05061   0.04334   1.53998   0.79244   1.06387   0.92850   0.54939  
 50 20.4110  14520.876509  x:  6.51694   0.81611   0.54000   0.56846   0.68047   0.59176   0.49654   0.27862   0.39580   0.41908   0.12256   0.03687   0.01962   0.14694   0.22748   0.07913   0.10711   0.08605   0.05543   0.03623   2.20084   0.46033   0.68138   0.70925   0.78683   0.50405   0.21033   0.39964   0.38983   0.11553   0.02283   0.00000   0.13709   0.24588   0.11145   0.07533   0.09617   0.05049   0.04342   1.53791   0.79204   1.06570   0.92425   0.54980  
 51 17.2301  14520.723711  x:  6.54563   0.83010   0.53796   0.55888   0.67831   0.60009   0.49699   0.28274   0.40299   0.42051   0.12294   0.03695   0.01907   0.15391   0.22968   0.07987   0.10448   0.08506   0.05553   0.03642   2.18863   0.44831   0.69756   0.70837   0.79577   0.49911   0.20921   0.39766   0.38669   0.11355   0.02335   0.00000   0.13546   0.24651   0.11109   0.07625   0.09688   0.05033   0.04331   1.53682   0.78985   1.06395   0.92326   0.54932  
 52 19.9763  14520.536749  x:  6.58492   0.84738   0.53533   0.55100   0.67681   0.61098   0.49997   0.28807   0.40595   0.42177   0.12312   0.03690   0.01925   0.14683   0.22506   0.07740   0.10521   0.08567   0.05552   0.03641   2.17015   0.43454   0.71110   0.70450   0.80920   0.49581   0.20787   0.39573   0.38332   0.11503   0.02316   0.00000   0.13542   0.25058   0.11199   0.07444   0.09647   0.05015   0.04330   1.53831   0.78955   1.05877   0.92715   0.54755  
 53 35.4751  14520.332029  x:  6.63306   0.86700   0.53122   0.54861   0.67767   0.62236   0.50249   0.29005   0.40107   0.42123   0.12260   0.03706   0.01935   0.14412   0.22180   0.08495   0.10739   0.08336   0.05532   0.03646   2.14609   0.42033   0.71726   0.69757   0.82626   0.49668   0.20834   0.39570   0.38288   0.11445   0.02318   0.00000   0.13666   0.25155   0.11101   0.07886   0.09699   0.04979   0.04328   1.54192   0.79081   1.05924   0.92679   0.54688  
 54 44.5659  14519.532820  x:  6.82141   0.94218   0.51321   0.54814   0.68405   0.66315   0.50941   0.29107   0.37680   0.41809   0.12309   0.03884   0.01775   0.14836   0.21789   0.07838   0.10436   0.08313   0.05632   0.03733   2.05058   0.36816   0.72894   0.67018   0.89293   0.50478   0.21177   0.39827   0.38556   0.11203   0.02430   0.00000   0.13781   0.24887   0.10774   0.07550   0.09710   0.04866   0.04302   1.55678   0.79452   1.06846   0.92156   0.54652  
 55 144.0445  14519.130982  x:  6.92075   0.98109   0.50037   0.55326   0.68841   0.67855   0.50819   0.28532   0.37561   0.42003   0.12233   0.03994   0.01621   0.14877   0.22796   0.07955   0.10585   0.08185   0.05665   0.03781   1.99973   0.34402   0.72661   0.66246   0.92581   0.50788   0.20979   0.39842   0.38750   0.11789   0.02332   0.00000   0.13144   0.24568   0.11665   0.07448   0.09786   0.04789   0.04283   1.56197   0.79155   1.06873   0.92840   0.54414  
 56 107.6280  14518.587348  x:  7.05523   1.03337   0.47946   0.56460   0.69381   0.69162   0.50249   0.27321   0.38905   0.42612   0.12411   0.04021   0.01538   0.14516   0.23637   0.07877   0.10437   0.08104   0.05706   0.03822   1.93096   0.31637   0.71516   0.66375   0.96645   0.50972   0.20277   0.39633   0.38946   0.11379   0.02436   0.00000   0.13604   0.24385   0.10612   0.07598   0.09764   0.04723   0.04273   1.56425   0.79214   1.06555   0.93541   0.54047  
 57 115.6664  14518.098983  x:  7.17943   1.08189   0.45899   0.57420   0.69530   0.69751   0.49764   0.26422   0.40469   0.42895   0.12358   0.04142   0.01475   0.14690   0.22363   0.07894   0.10483   0.07936   0.05755   0.03881   1.86818   0.29621   0.70043   0.67723   0.99866   0.50972   0.19515   0.39287   0.38897   0.11188   0.02493   0.00000   0.13662   0.24565   0.11356   0.07434   0.09831   0.04636   0.04253   1.56107   0.79762   1.06716   0.92759   0.54099  
 58 111.5612  14517.855772  x:  7.24285   1.10725   0.45032   0.57585   0.69213   0.69721   0.49862   0.26556   0.40567   0.42474   0.12484   0.04140   0.01394   0.14709   0.21883   0.07906   0.10479   0.07998   0.05762   0.03880   1.83724   0.29092   0.69227   0.69290   1.00945   0.51003   0.19434   0.39220   0.38756   0.11869   0.02385   0.00000   0.13078   0.24627   0.10794   0.07553   0.09815   0.04622   0.04249   1.55629   0.79236   1.06988   0.92518   0.53993  
 59 65.2414  14517.424836  x:  7.35853   1.15461   0.43926   0.57430   0.68217   0.69375   0.50388   0.27461   0.39708   0.41207   0.12435   0.04290   0.01311   0.14521   0.22300   0.07883   0.10450   0.07803   0.05813   0.03941   1.78268   0.28808   0.67766   0.72917   1.02033   0.51103   0.19723   0.39246   0.38487   0.11280   0.02513   0.00000   0.13559   0.24512   0.11122   0.07456   0.09863   0.04533   0.04231   1.54544   0.78597   1.06741   0.92587   0.53594  
 60 82.0788  14517.286821  x:  7.39688   1.17117   0.44056   0.57274   0.67925   0.69269   0.50428   0.27684   0.39313   0.41164   0.12431   0.04332   0.01251   0.14583   0.22654   0.07878   0.10442   0.07778   0.05826   0.03958   1.76595   0.29066   0.67362   0.73909   1.01803   0.51048   0.19793   0.39292   0.38485   0.11481   0.02492   0.00000   0.13351   0.24460   0.11007   0.07476   0.09875   0.04508   0.04224   1.54331   0.79508   1.06204   0.92474   0.53610  
 61 45.7185  14516.557828  x:  7.61143   1.27046   0.48776   0.56100   0.67363   0.68800   0.49086   0.27313   0.37814   0.44320   0.12455   0.04398   0.01125   0.14484   0.22441   0.07863   0.10426   0.07625   0.05883   0.04017   1.68335   0.33291   0.65919   0.76342   0.95766   0.50015   0.19516   0.39348   0.39088   0.11384   0.02536   0.00000   0.13360   0.24422   0.11004   0.07442   0.09917   0.04368   0.04196   1.54743   0.79640   1.07251   0.93087   0.53248  
 62 30.5904  14515.529496  x:  7.91955   1.41609   0.55180   0.56536   0.69263   0.65711   0.49120   0.27214   0.40089   0.41461   0.12567   0.04604   0.00884   0.14398   0.22403   0.07837   0.10394   0.07405   0.05964   0.04104   1.57154   0.42231   0.65941   0.75446   0.85672   0.51227   0.20775   0.38351   0.38179   0.11412   0.02590   0.00000   0.13316   0.24320   0.10984   0.07408   0.09977   0.04167   0.04160   1.56738   0.79427   1.06995   0.92765   0.52885  
 63 53.6342  14515.192921  x:  8.02179   1.46386   0.55453   0.56945   0.69578   0.62538   0.49934   0.27132   0.39818   0.41141   0.12552   0.04693   0.00807   0.14354   0.22365   0.07831   0.10383   0.07318   0.05995   0.04137   1.53613   0.46507   0.67598   0.74210   0.83049   0.50761   0.18912   0.39501   0.39147   0.11376   0.02626   0.00000   0.13293   0.24264   0.10963   0.07398   0.10006   0.04090   0.04145   1.56941   0.79201   1.06669   0.92490   0.52726  
 64 34.2588  14515.082793  x:  8.05676   1.47966   0.55038   0.57076   0.69216   0.60931   0.50092   0.26827   0.39454   0.41997   0.12555   0.04697   0.00786   0.14346   0.22364   0.07830   0.10381   0.07310   0.06000   0.04140   1.52516   0.48370   0.68606   0.73632   0.82668   0.51417   0.19344   0.38877   0.38655   0.11377   0.02626   0.00000   0.13288   0.24270   0.10959   0.07395   0.10010   0.04065   0.04141   1.56635   0.79288   1.06789   0.92586   0.52660  
 65 16.8441  14515.013933  x:  8.08598   1.48900   0.55632   0.57786   0.67915   0.60932   0.49806   0.27033   0.39685   0.41558   0.12577   0.04679   0.00787   0.14357   0.22358   0.07833   0.10382   0.07347   0.05988   0.04118   1.52095   0.48986   0.68705   0.72947   0.83065   0.51093   0.19381   0.38725   0.38875   0.11375   0.02612   0.00000   0.13294   0.24269   0.10964   0.07398   0.10002   0.04046   0.04140   1.55517   0.79714   1.07388   0.93095   0.52585  
 66  2.3492  14514.766376  x:  8.19818   1.51810   0.57002   0.59549   0.66323   0.60602   0.49218   0.26800   0.39273   0.41762   0.12549   0.04592   0.00825   0.14395   0.22327   0.07842   0.10396   0.07493   0.05933   0.04026   1.50507   0.48763   0.68738   0.72271   0.83440   0.50702   0.19447   0.39258   0.37845   0.11326   0.02594   0.00000   0.13305   0.24201   0.10977   0.07425   0.09968   0.03955   0.04135   1.54802   0.78625   1.05701   0.91852   0.52442  
 67  6.7133  14513.565728  x:  8.75380   1.65400   0.59600   0.60273   0.65385   0.56319   0.50797   0.25912   0.39061   0.41230   0.12816   0.03954   0.01090   0.14699   0.22367   0.07904   0.10503   0.08433   0.05602   0.03478   1.42572   0.45422   0.69504   0.73810   0.84018   0.51096   0.18901   0.37071   0.39722   0.11255   0.02341   0.00000   0.13492   0.24201   0.11131   0.07552   0.09750   0.03553   0.04131   1.58250   0.78816   1.05925   0.92250   0.52799  
 68 29.5006  14513.256057  x:  8.89622   1.68938   0.59936   0.58992   0.66764   0.55695   0.50677   0.25586   0.39148   0.40959   0.12794   0.03807   0.01171   0.14777   0.22374   0.07916   0.10525   0.08660   0.05519   0.03342   1.40751   0.45600   0.69182   0.74123   0.84877   0.51141   0.18613   0.38909   0.37687   0.11180   0.02337   0.00000   0.13527   0.24167   0.11153   0.07578   0.09696   0.03435   0.04125   1.58346   0.79520   1.06940   0.93119   0.52852  
 69 42.6512  14513.141325  x:  8.94896   1.70323   0.59742   0.57595   0.68579   0.56444   0.50211   0.26052   0.39068   0.41037   0.12866   0.03711   0.01206   0.14820   0.22392   0.07924   0.10534   0.08760   0.05480   0.03280   1.40391   0.46896   0.68501   0.73935   0.85888   0.51089   0.18617   0.38517   0.38191   0.11193   0.02297   0.00000   0.13561   0.24220   0.11178   0.07590   0.09671   0.03398   0.04126   1.57316   0.79249   1.06505   0.92809   0.52771  
 70 11.9297  14513.006869  x:  9.00703   1.71146   0.53629   0.58009   0.68181   0.62387   0.49456   0.26533   0.38976   0.41060   0.12901   0.03661   0.01208   0.14826   0.22394   0.07926   0.10537   0.08790   0.05464   0.03237   1.41571   0.48954   0.68635   0.73954   0.83486   0.51176   0.18548   0.38517   0.38144   0.11188   0.02297   0.00000   0.13571   0.24229   0.11180   0.07595   0.09661   0.03317   0.04111   1.57957   0.79281   1.06542   0.92856   0.52835  
 71  2.1287  14512.975878  x:  9.01962   1.71169   0.52901   0.57942   0.68187   0.63515   0.50567   0.25570   0.38963   0.41080   0.12912   0.03666   0.01197   0.14821   0.22391   0.07926   0.10535   0.08784   0.05468   0.03233   1.42072   0.49011   0.68608   0.73924   0.83121   0.50987   0.18644   0.38464   0.38130   0.11187   0.02299   0.00000   0.13568   0.24204   0.11178   0.07595   0.09661   0.03292   0.04105   1.57425   0.79273   1.06500   0.92834   0.52796  
 72  2.8586  14512.337886  x:  9.25406   1.67055   0.53447   0.57665   0.68234   0.64033   0.50128   0.25748   0.38750   0.41192   0.13171   0.03779   0.00906   0.14612   0.22350   0.07909   0.10478   0.08319   0.05606   0.03232   1.58480   0.41785   0.69327   0.74194   0.90498   0.51764   0.17939   0.38310   0.38083   0.11208   0.02491   0.00000   0.13513   0.24241   0.11083   0.07541   0.09742   0.02664   0.03925   1.58068   0.79232   1.06542   0.92726   0.52988  
 73  1.2223  14512.328308  x:  9.25841   1.67020   0.53356   0.57697   0.68260   0.63932   0.50151   0.25742   0.38751   0.41186   0.13161   0.03785   0.00901   0.14606   0.22351   0.07908   0.10476   0.08308   0.05609   0.03233   1.58714   0.41805   0.69256   0.74164   0.90737   0.51070   0.18386   0.38300   0.38070   0.11210   0.02494   0.00000   0.13509   0.24243   0.11079   0.07539   0.09745   0.02655   0.03921   1.58355   0.79232   1.06554   0.92721   0.53008  
 74  2.1650  14512.145931  x:  9.51422   1.71689   0.53107   0.57519   0.68218   0.64212   0.50279   0.26037   0.38903   0.41482   0.13519   0.03677   0.01002   0.14525   0.22387   0.07892   0.10454   0.07923   0.05745   0.03099   1.58353   0.40709   0.69124   0.73996   0.91580   0.51209   0.18674   0.38693   0.38217   0.11295   0.02659   0.00000   0.13464   0.24442   0.11061   0.07493   0.09823   0.02958   0.03745   1.58377   0.79241   1.06618   0.92658   0.52907  
 75  0.2462  14512.041605  x:  9.95440   1.84650   0.52887   0.57993   0.68276   0.64684   0.50688   0.26291   0.39069   0.41898   0.13815   0.03619   0.00936   0.14641   0.22415   0.07916   0.10464   0.08038   0.05716   0.03253   1.47969   0.40769   0.68952   0.74305   0.91829   0.51456   0.18889   0.39160   0.38358   0.11363   0.02661   0.00000   0.13592   0.24501   0.11150   0.07508   0.09761   0.02888   0.03952   1.58432   0.79260   1.06624   0.92709   0.52729  
 76  0.2458  14512.011271  x: 10.20855   1.94334   0.53237   0.58493   0.68238   0.64455   0.50789   0.26135   0.39035   0.41834   0.13890   0.03653   0.00972   0.14601   0.22423   0.07920   0.10485   0.08112   0.05705   0.03214   1.37447   0.40938   0.69225   0.74552   0.92039   0.51377   0.18814   0.39069   0.38295   0.11303   0.02588   0.00000   0.13574   0.24490   0.11138   0.07523   0.09795   0.02905   0.03839   1.58541   0.79230   1.06604   0.92691   0.52896  
 77  0.1634  14511.990619  x: 10.53225   2.09548   0.53309   0.58184   0.68207   0.64240   0.50682   0.26160   0.39043   0.41787   0.13824   0.03710   0.00957   0.14606   0.22411   0.07911   0.10451   0.07996   0.05714   0.03210   1.20813   0.40542   0.69174   0.74410   0.92115   0.51356   0.18849   0.39017   0.38330   0.11357   0.02544   0.00000   0.13560   0.24532   0.11117   0.07507   0.09758   0.02922   0.03909   1.58388   0.79231   1.06631   0.92676   0.52827  
 78  0.1197  14511.985339  x: 10.65971   2.15287   0.53150   0.58076   0.68289   0.64394   0.50636   0.26168   0.39012   0.41774   0.13762   0.03688   0.00960   0.14595   0.22408   0.07914   0.10469   0.08054   0.05722   0.03236   1.15204   0.40696   0.69126   0.74317   0.91973   0.51350   0.18809   0.38999   0.38293   0.11318   0.02590   0.00000   0.13561   0.24463   0.11125   0.07510   0.09792   0.02910   0.03867   1.58361   0.79237   1.06619   0.92709   0.52842  
 79  0.0953  14511.984868  x: 10.69879   2.16746   0.53175   0.58127   0.68250   0.64398   0.50640   0.26145   0.39008   0.41764   0.13748   0.03683   0.00955   0.14597   0.22410   0.07914   0.10469   0.08053   0.05712   0.03221   1.13990   0.40638   0.69151   0.74332   0.92030   0.51346   0.18804   0.38983   0.38296   0.11318   0.02597   0.00000   0.13557   0.24472   0.11122   0.07514   0.09786   0.02914   0.03877   1.58389   0.79232   1.06615   0.92698   0.52836  
 80  0.0351  14511.984814  x: 10.70794   2.17054   0.53187   0.58130   0.68251   0.64386   0.50644   0.26143   0.39011   0.41763   0.13742   0.03687   0.00959   0.14596   0.22410   0.07913   0.10467   0.08049   0.05713   0.03225   1.13780   0.40652   0.69154   0.74343   0.92028   0.51350   0.18802   0.38983   0.38298   0.11320   0.02598   0.00000   0.13556   0.24475   0.11121   0.07513   0.09785   0.02914   0.03879   1.58393   0.79232   1.06617   0.92696   0.52833  
 81  0.0106  14511.984801  x: 10.70978   2.17074   0.53187   0.58127   0.68254   0.64388   0.50645   0.26145   0.39012   0.41764   0.13739   0.03688   0.00958   0.14596   0.22409   0.07913   0.10468   0.08050   0.05713   0.03226   1.13821   0.40645   0.69151   0.74350   0.92041   0.51352   0.18801   0.38984   0.38298   0.11320   0.02596   0.00000   0.13556   0.24474   0.11121   0.07512   0.09785   0.02916   0.03878   1.58396   0.79233   1.06618   0.92698   0.52831  
 82  0.0018  14511.984800  x: 10.70838   2.16984   0.53185   0.58126   0.68254   0.64391   0.50645   0.26144   0.39011   0.41764   0.13738   0.03688   0.00958   0.14596   0.22410   0.07913   0.10468   0.08050   0.05713   0.03226   1.13928   0.40644   0.69150   0.74349   0.92042   0.51353   0.18801   0.38984   0.38298   0.11320   0.02595   0.00000   0.13556   0.24474   0.11121   0.07513   0.09785   0.02915   0.03878   1.58397   0.79233   1.06618   0.92698   0.52831  
 83  0.0016  14511.984799  x: 10.70784   2.16921   0.53184   0.58126   0.68253   0.64393   0.50645   0.26144   0.39011   0.41764   0.13738   0.03688   0.00958   0.14596   0.22410   0.07913   0.10468   0.08050   0.05713   0.03226   1.13991   0.40642   0.69151   0.74348   0.92043   0.51352   0.18801   0.38984   0.38298   0.11320   0.02595   0.00000   0.13556   0.24474   0.11121   0.07513   0.09785   0.02915   0.03878   1.58397   0.79233   1.06618   0.92698   0.52831  
 84  0.0005  14511.984799  x: 10.70872   2.16855   0.53184   0.58126   0.68254   0.64392   0.50645   0.26144   0.39011   0.41764   0.13738   0.03688   0.00958   0.14596   0.22410   0.07913   0.10468   0.08050   0.05713   0.03226   1.14054   0.40642   0.69150   0.74348   0.92043   0.51352   0.18801   0.38984   0.38298   0.11320   0.02595   0.00000   0.13556   0.24474   0.11121   0.07513   0.09785   0.02915   0.03878   1.58397   0.79233   1.06618   0.92698   0.52831  
 85  0.0003  14511.984799  x: 10.70917   2.16845   0.53184   0.58126   0.68254   0.64392   0.50645   0.26144   0.39011   0.41764   0.13738   0.03688   0.00958   0.14596   0.22410   0.07913   0.10468   0.08050   0.05713   0.03226   1.14064   0.40643   0.69150   0.74348   0.92043   0.51352   0.18801   0.38984   0.38298   0.11320   0.02595   0.00000   0.13556   0.24474   0.11121   0.07513   0.09785   0.02915   0.03878   1.58397   0.79233   1.06618   0.92698   0.52831  
 86  0.0003  14511.984799  x: 10.70918   2.16845   0.53184   0.58126   0.68254   0.64392   0.50645   0.26144   0.39011   0.41764   0.13738   0.03688   0.00958   0.14596   0.22410   0.07913   0.10468   0.08050   0.05713   0.03226   1.14063   0.40643   0.69150   0.74348   0.92042   0.51352   0.18801   0.38984   0.38298   0.11320   0.02595   0.00000   0.13556   0.24474   0.11121   0.07513   0.09785   0.02915   0.03878   1.58397   0.79233   1.06618   0.92698   0.52831  
 87  0.0000  14511.984799  x: 10.70919   2.16845   0.53184   0.58126   0.68254   0.64392   0.50645   0.26144   0.39011   0.41764   0.13738   0.03688   0.00958   0.14596   0.22410   0.07913   0.10468   0.08050   0.05713   0.03226   1.14063   0.40643   0.69150   0.74348   0.92042   0.51352   0.18801   0.38984   0.38298   0.11320   0.02595   0.00000   0.13556   0.24474   0.11121   0.07513   0.09785   0.02915   0.03878   1.58397   0.79233   1.06618   0.92698   0.52831  