

TREE # 1

  0  0.0000   2252.173392  x:  0.01972   0.20925   0.02571   0.03211   0.02495   0.05815   0.02188   0.05666   0.08536   0.02661   0.17168   0.01972   0.20925   0.02571   0.03211   0.02495   0.05815   0.02188   0.05666   0.08536   0.02661   0.17168   0.21568   8.40433   1.48305   1.27152   1.37370   1.00000  
  1 99.0000   2116.938333  x:  0.00000   0.21383   0.18580   0.13710   0.02263   0.05785   0.02497   0.06037   0.07572   0.06967   0.15417   0.00985   0.21309   0.11492   0.12492   0.02648   0.05815   0.01173   0.06269   0.07331   0.10147   0.15498   0.19848   8.40431   1.48340   1.26984   1.37541   1.00042  
  2 1740.0120   2084.464229  x:  0.00000   0.23439   0.17246   0.15484   0.02129   0.05681   0.02401   0.06166   0.01473   0.04886   0.06130   0.00885   0.23001   0.10967   0.14518   0.02086   0.05769   0.01847   0.07796   0.00752   0.10086   0.06552   0.10437   8.40427   1.48664   1.26157   1.38272   1.00290  
  3 244.1261   2078.485898  x:  0.00000   0.24163   0.16814   0.15942   0.02389   0.05677   0.02450   0.06100   0.01033   0.04497   0.02934   0.01489   0.23562   0.10890   0.15062   0.02248   0.05752   0.01379   0.07991   0.02352   0.10029   0.03368   0.06756   8.40425   1.48793   1.25791   1.38604   1.00401  
  4 442.3185   2077.234356  x:  0.00000   0.24514   0.16704   0.16073   0.02479   0.05690   0.02466   0.06013   0.02355   0.04602   0.02672   0.01424   0.23809   0.10841   0.15119   0.02344   0.05752   0.01263   0.07898   0.02007   0.09955   0.02577   0.05001   8.40423   1.48869   1.25555   1.38824   1.00471  
  5 177.9063   2076.686854  x:  0.00000   0.24881   0.16629   0.16114   0.02413   0.05706   0.02467   0.05958   0.02163   0.04800   0.03250   0.01550   0.24062   0.10873   0.15141   0.02390   0.05756   0.01327   0.07721   0.02066   0.09906   0.02766   0.03594   8.40420   1.48959   1.25262   1.39104   1.00556  
  6 86.6822   2076.521740  x:  0.00000   0.25557   0.16563   0.16108   0.02433   0.05722   0.02465   0.05905   0.02095   0.05028   0.03166   0.01139   0.24532   0.10952   0.15071   0.02350   0.05759   0.01143   0.07391   0.02103   0.09828   0.02884   0.03553   8.40415   1.49153   1.24616   1.39731   1.00748  
  7 25.3550   2076.222786  x:  0.00000   0.27096   0.16499   0.16143   0.02480   0.05743   0.02464   0.05815   0.02149   0.05365   0.02985   0.01443   0.25612   0.11126   0.14953   0.02356   0.05766   0.01417   0.06789   0.02051   0.09721   0.03013   0.03753   8.40401   1.49631   1.23036   1.41274   1.01221  
  8 91.0670   2076.055404  x:  0.00000   0.27846   0.16528   0.16163   0.02420   0.05719   0.02461   0.05857   0.02139   0.05087   0.03349   0.01583   0.26143   0.11163   0.14935   0.02450   0.05751   0.01151   0.06951   0.02043   0.09731   0.02714   0.03946   8.40392   1.49982   1.21929   1.42372   1.01564  
  9 56.0466   2075.949976  x:  0.00000   0.28169   0.16622   0.16153   0.02393   0.05691   0.02464   0.05928   0.02200   0.04733   0.03445   0.01385   0.26366   0.11143   0.14941   0.02443   0.05741   0.01421   0.07308   0.02166   0.09768   0.02718   0.03971   8.40385   1.50272   1.21062   1.43252   1.01845  
 10 55.8996   2075.856786  x:  0.00000   0.28212   0.16759   0.16091   0.02405   0.05675   0.02465   0.05988   0.02272   0.04492   0.03267   0.01452   0.26376   0.11048   0.14928   0.02328   0.05732   0.01280   0.07666   0.02154   0.09809   0.03062   0.03895   8.40379   1.50589   1.20179   1.44179   1.02146  
 11 48.3280   2075.623620  x:  0.00000   0.27243   0.17146   0.15695   0.02431   0.05718   0.02445   0.05926   0.02152   0.05080   0.03182   0.01448   0.25535   0.10605   0.14773   0.02443   0.05742   0.01305   0.07836   0.02096   0.09879   0.02879   0.03830   8.40361   1.51644   1.17557   1.47091   1.03111  
 12 32.8296   2075.543803  x:  0.00000   0.26716   0.16995   0.15821   0.02437   0.05683   0.02490   0.05858   0.02148   0.04828   0.03217   0.01452   0.25141   0.10784   0.14863   0.02187   0.05726   0.01312   0.07394   0.02088   0.09913   0.02811   0.03809   8.40356   1.52077   1.16709   1.48181   1.03490  
 13 30.2206   2075.520982  x:  0.00000   0.26539   0.16867   0.15927   0.02426   0.05672   0.02451   0.05858   0.02149   0.04730   0.03186   0.01439   0.25023   0.10900   0.14926   0.02400   0.05720   0.01304   0.07269   0.02069   0.09898   0.02861   0.03803   8.40354   1.52237   1.16502   1.48534   1.03620  
 14 23.9492   2075.504983  x:  0.00000   0.26425   0.16603   0.16144   0.02410   0.05690   0.02467   0.05945   0.02167   0.04889   0.03200   0.01446   0.24990   0.11050   0.15017   0.02367   0.05725   0.01304   0.07409   0.02077   0.09790   0.02875   0.03832   8.40354   1.52466   1.16571   1.48873   1.03768  
 15  6.2678   2075.460925  x:  0.00000   0.26256   0.16585   0.16277   0.02471   0.05635   0.02229   0.05629   0.02172   0.04922   0.03232   0.01442   0.25134   0.10983   0.15023   0.02326   0.05713   0.01306   0.07465   0.02098   0.09768   0.02893   0.03860   8.40357   1.53565   1.17732   1.50117   1.04389  
 16  4.9056   2075.373900  x:  0.00000   0.25947   0.16646   0.16403   0.02524   0.05595   0.02582   0.05323   0.02175   0.04931   0.03264   0.01429   0.25409   0.10839   0.14983   0.02394   0.05702   0.01302   0.07466   0.02114   0.09777   0.02944   0.03896   8.40364   1.55900   1.20239   1.52728   1.05688  
 17 85.2748   2075.245848  x:  0.00000   0.25630   0.16860   0.16254   0.02367   0.05711   0.02474   0.05965   0.02217   0.04915   0.03284   0.01421   0.25642   0.10779   0.14848   0.02381   0.05725   0.01301   0.07233   0.02146   0.09885   0.02956   0.03899   8.40376   1.59348   1.23947   1.56525   1.07541  
 18 88.3151   2075.217339  x:  0.00000   0.25853   0.16864   0.15953   0.02568   0.05665   0.02473   0.05966   0.02211   0.04922   0.03297   0.01427   0.25294   0.11092   0.14878   0.02387   0.05718   0.01301   0.07287   0.02123   0.09909   0.02945   0.03891   8.40382   1.60142   1.24714   1.57293   1.07802  
 19 14.9298   2075.201911  x:  0.00000   0.26037   0.16869   0.15826   0.02386   0.05663   0.02477   0.05888   0.02229   0.04927   0.03280   0.01431   0.25022   0.11214   0.14917   0.02380   0.05716   0.01300   0.07311   0.02127   0.09895   0.02947   0.03894   8.40388   1.60566   1.25086   1.57664   1.07877  
 20 20.5563   2075.182785  x:  0.00000   0.26379   0.16905   0.15998   0.02427   0.05754   0.02475   0.05907   0.02234   0.04890   0.03307   0.01425   0.24538   0.10994   0.15002   0.02383   0.05729   0.01300   0.07258   0.02145   0.09807   0.02972   0.03920   8.40400   1.61124   1.25429   1.58017   1.07738  
 21  7.1056   2075.166957  x:  0.00000   0.26465   0.16875   0.16127   0.02410   0.05499   0.02479   0.05954   0.02239   0.04923   0.03311   0.01420   0.24390   0.10933   0.14850   0.02387   0.05696   0.01300   0.07247   0.02158   0.09967   0.02985   0.03927   8.40418   1.61572   1.25534   1.58165   1.07340  
 22  4.1591   2075.108295  x:  0.00000   0.26392   0.16845   0.16269   0.02417   0.05841   0.02473   0.05874   0.02253   0.04938   0.03334   0.01410   0.24339   0.11056   0.14417   0.02396   0.05733   0.01299   0.07272   0.02183   0.10352   0.03019   0.03950   8.40494   1.63196   1.25692   1.58541   1.05503  
 23 10.4728   2074.992751  x:  0.00000   0.25970   0.17157   0.16006   0.02413   0.05680   0.02473   0.05901   0.02320   0.04949   0.03416   0.01405   0.24633   0.11163   0.14735   0.02404   0.05737   0.01294   0.07169   0.02240   0.09834   0.03100   0.04033   8.40644   1.66110   1.25865   1.59176   1.01867  
 24 24.1628   2074.966269  x:  0.00000   0.25938   0.16992   0.15842   0.02414   0.05717   0.02473   0.05902   0.02364   0.05018   0.03451   0.01392   0.24674   0.11007   0.15129   0.02402   0.05605   0.01294   0.07139   0.02261   0.10175   0.03148   0.04075   8.40677   1.65943   1.25863   1.59306   1.01522  
 25  2.4447   2074.854671  x:  0.00000   0.25825   0.17037   0.15767   0.02414   0.05630   0.02474   0.05884   0.02439   0.05088   0.03546   0.01373   0.24568   0.10985   0.15258   0.02411   0.06434   0.01280   0.07074   0.02329   0.10393   0.03248   0.04163   8.40812   1.64053   1.25785   1.59786   1.00847  
 26  5.1748   2074.457273  x:  0.00000   0.25431   0.17784   0.15932   0.02408   0.05706   0.02476   0.05875   0.02615   0.05248   0.03825   0.01343   0.24058   0.11372   0.14606   0.02443   0.05724   0.01270   0.06897   0.02543   0.10096   0.03511   0.04399   8.41268   1.57313   1.25441   1.61216   0.99011  
 27 35.7906   2073.976954  x:  0.00000   0.24974   0.18439   0.15841   0.02418   0.05717   0.02483   0.05838   0.02879   0.05562   0.04230   0.01310   0.23798   0.11623   0.14506   0.02473   0.05738   0.01251   0.06660   0.02829   0.10254   0.03909   0.04777   8.41736   1.56639   1.21081   1.53289   1.05963  
 28  4.2242   2070.523250  x:  0.00000   0.27422   0.23723   0.20381   0.02335   0.05725   0.02446   0.05841   0.02561   0.05598   0.04538   0.01481   0.25531   0.13803   0.18253   0.02452   0.05717   0.01127   0.07572   0.02782   0.11749   0.03730   0.03554   8.41764   1.60805   1.23696   1.57267   1.04661  
 29  0.0383   2069.970246  x:  0.00000   0.25777   0.25389   0.20739   0.02445   0.05694   0.02486   0.05875   0.02162   0.05389   0.04004   0.01327   0.24119   0.14184   0.18535   0.02402   0.05756   0.01265   0.07092   0.02343   0.12002   0.03436   0.04304   8.50737   1.57160   1.22587   1.52812   1.05156  
 30  0.0804   2069.936264  x:  0.00000   0.26134   0.26050   0.20745   0.02414   0.05701   0.02488   0.05876   0.02033   0.05368   0.03852   0.01367   0.24432   0.14265   0.18474   0.02419   0.05725   0.01215   0.07089   0.02240   0.12007   0.03394   0.04168   8.54163   1.57580   1.22522   1.53209   1.05517  
 31  0.0271   2069.933901  x:  0.00000   0.26142   0.26220   0.20689   0.02414   0.05703   0.02487   0.05876   0.02057   0.05382   0.03881   0.01358   0.24412   0.14250   0.18419   0.02419   0.05735   0.01225   0.07120   0.02275   0.11988   0.03445   0.04160   8.54685   1.57580   1.22470   1.53207   1.05582  
 32  0.0042   2069.933780  x:  0.00000   0.26118   0.26250   0.20672   0.02416   0.05702   0.02487   0.05875   0.02054   0.05375   0.03878   0.01359   0.24399   0.14237   0.18408   0.02417   0.05735   0.01224   0.07108   0.02273   0.11983   0.03438   0.04163   8.54641   1.57565   1.22509   1.53229   1.05528  
 33  0.0008   2069.933774  x:  0.00000   0.26123   0.26250   0.20668   0.02416   0.05702   0.02488   0.05875   0.02055   0.05374   0.03880   0.01360   0.24403   0.14232   0.18407   0.02417   0.05734   0.01224   0.07109   0.02274   0.11983   0.03436   0.04164   8.54557   1.57564   1.22501   1.53215   1.05524  
 34  0.0007   2069.933774  x:  0.00000   0.26123   0.26250   0.20668   0.02416   0.05702   0.02488   0.05875   0.02055   0.05374   0.03880   0.01359   0.24403   0.14231   0.18408   0.02417   0.05734   0.01224   0.07109   0.02274   0.11984   0.03436   0.04164   8.54541   1.57565   1.22502   1.53219   1.05526  
 35  0.0001   2069.933774  x:  0.00000   0.26123   0.26251   0.20669   0.02416   0.05702   0.02488   0.05875   0.02055   0.05374   0.03880   0.01360   0.24403   0.14231   0.18408   0.02417   0.05734   0.01224   0.07109   0.02274   0.11984   0.03436   0.04164   8.54539   1.57565   1.22502   1.53218   1.05526  
 36  0.0000   2069.933774  x:  0.00000   0.26123   0.26251   0.20669   0.02416   0.05702   0.02488   0.05875   0.02055   0.05374   0.03880   0.01360   0.24403   0.14231   0.18408   0.02417   0.05734   0.01224   0.07109   0.02274   0.11984   0.03436   0.04164   8.54539   1.57565   1.22502   1.53218   1.05526  
 37  0.0000   2069.933774  x:  0.00000   0.26123   0.26251   0.20669   0.02416   0.05702   0.02488   0.05875   0.02055   0.05374   0.03880   0.01360   0.24403   0.14231   0.18408   0.02417   0.05734   0.01224   0.07109   0.02274   0.11984   0.03436   0.04164   8.54539   1.57565   1.22502   1.53218   1.05526  
 38  0.0000   2069.933774  x:  0.00000   0.26123   0.26251   0.20669   0.02416   0.05702   0.02488   0.05875   0.02055   0.05374   0.03880   0.01360   0.24403   0.14231   0.18408   0.02417   0.05734   0.01224   0.07109   0.02274   0.11984   0.03436   0.04164   8.54539   1.57565   1.22502   1.53218   1.05526  

TREE # 2

  0  0.0000   2259.889959  x:  0.00000   0.26123   0.26251   0.20669   0.02416   0.05702   0.02488   0.05875   0.02055   0.05374   0.03880   0.01360   0.24403   0.14231   0.18408   0.02417   0.05734   0.01224   0.07109   0.02274   0.11984   0.03436   0.04164   8.54539   1.43025   1.13186   1.51518   1.05526  
  1 99.0000   2172.886883  x:  0.12418   0.23086   0.22808   0.21391   0.15848   0.12367   0.03554   0.14022   0.11976   0.03334   0.05913   0.00925   0.21262   0.11267   0.19677   0.09675   0.18673   0.06198   0.14426   0.07982   0.09038   0.06098   0.02519   8.54541   1.43245   1.13323   1.51335   1.05478  
  2 1117.0179   2117.397970  x:  0.07514   0.13034   0.13272   0.22431   0.16696   0.14863   0.01291   0.18710   0.09876   0.00000   0.06099   0.03838   0.10777   0.03272   0.22153   0.08739   0.24524   0.02372   0.19505   0.06221   0.01157   0.06065   0.01610   8.54554   1.43728   1.13898   1.50590   1.05505  
  3 345.7047   2112.470366  x:  0.06884   0.11703   0.12013   0.22567   0.16807   0.15185   0.01049   0.19319   0.09628   0.00365   0.06125   0.04149   0.09391   0.02262   0.22475   0.08618   0.25279   0.01904   0.20156   0.06012   0.00235   0.06061   0.01542   8.54556   1.43793   1.13973   1.50494   1.05510  
  4 4718.0330   2101.187615  x:  0.05434   0.08519   0.09031   0.22882   0.16993   0.15866   0.00900   0.20617   0.09063   0.00613   0.06160   0.04452   0.06096   0.00352   0.23208   0.08298   0.26910   0.01105   0.21579   0.05726   0.01105   0.06043   0.01747   8.54559   1.43947   1.14146   1.50271   1.05520  
  5 1422.4620   2081.510105  x:  0.02818   0.02369   0.03347   0.23473   0.17209   0.17043   0.01163   0.22879   0.08012   0.00815   0.06184   0.04526   0.00000   0.01713   0.24601   0.07658   0.29807   0.00113   0.24086   0.05247   0.01614   0.05986   0.02255   8.54566   1.44249   1.14474   1.49854   1.05545  
  6 1512.8534   2081.510105  x:  0.02818   0.02369   0.03347   0.23473   0.17209   0.17043   0.01163   0.22879   0.08012   0.00815   0.06184   0.04526   0.00000   0.01713   0.24601   0.07658   0.29807   0.00113   0.24086   0.05247   0.01614   0.05986   0.02255   8.54566   1.44249   1.14474   1.49854   1.05545  
  7 313.2202   2075.307979  x:  0.03718   0.01706   0.03352   0.23506   0.16752   0.16820   0.01836   0.22637   0.07928   0.02820   0.06073   0.03282   0.00473   0.03949   0.24664   0.07275   0.29696   0.02952   0.23978   0.05468   0.02400   0.05905   0.02454   8.54567   1.44328   1.14512   1.49801   1.05552  
  8 413.6662   2073.874311  x:  0.03884   0.01441   0.03309   0.23540   0.16435   0.16649   0.01950   0.22435   0.07803   0.02806   0.05994   0.02463   0.00000   0.04088   0.24708   0.07027   0.29560   0.02907   0.23822   0.05571   0.02470   0.05859   0.02486   8.54568   1.44379   1.14546   1.49762   1.05553  
  9 157.3814   2072.867477  x:  0.04354   0.02388   0.04154   0.23564   0.15470   0.16097   0.01854   0.21778   0.07549   0.02839   0.05899   0.01298   0.00000   0.04435   0.24904   0.06386   0.29138   0.02804   0.23329   0.05641   0.02343   0.05802   0.02403   8.54570   1.44576   1.14643   1.49641   1.05554  
 10 133.8763   2071.773458  x:  0.04674   0.02088   0.04694   0.23631   0.12838   0.14668   0.02003   0.19947   0.07050   0.02875   0.05809   0.02160   0.00000   0.04546   0.25487   0.04949   0.27958   0.02547   0.21957   0.05744   0.02261   0.05731   0.02462   8.54576   1.45187   1.14932   1.49277   1.05550  
 11 71.0501   2071.429897  x:  0.03980   0.02335   0.04342   0.23664   0.11937   0.14201   0.01962   0.19016   0.07326   0.02839   0.05991   0.02008   0.00000   0.04001   0.25927   0.05398   0.27368   0.02890   0.21287   0.05517   0.02322   0.05859   0.02305   8.54579   1.45697   1.15132   1.49029   1.05526  
 12 39.8111   2071.301525  x:  0.04239   0.02451   0.04151   0.23703   0.11930   0.14237   0.02114   0.18584   0.07529   0.02628   0.06020   0.02033   0.00000   0.04051   0.26208   0.05928   0.26965   0.02648   0.20917   0.05499   0.02188   0.05875   0.02640   8.54581   1.46206   1.15316   1.48818   1.05495  
 13 22.5825   2071.207369  x:  0.04365   0.02388   0.04163   0.23746   0.12167   0.14394   0.01991   0.18344   0.07579   0.02564   0.05970   0.02060   0.00000   0.04083   0.26394   0.06156   0.26601   0.02323   0.20677   0.05583   0.02279   0.05835   0.02284   8.54582   1.46779   1.15526   1.48595   1.05461  
 14 24.8348   2071.107640  x:  0.04083   0.02300   0.04427   0.23795   0.12618   0.14666   0.01914   0.18303   0.07421   0.02556   0.05885   0.02013   0.00000   0.03799   0.26506   0.05951   0.26180   0.02094   0.20558   0.05614   0.02278   0.05785   0.02481   8.54584   1.47711   1.15872   1.48260   1.05411  
 15 21.5873   2071.074776  x:  0.04097   0.02335   0.04368   0.23799   0.12697   0.14704   0.02040   0.18417   0.07358   0.02372   0.05923   0.02009   0.00000   0.03707   0.26485   0.05782   0.26107   0.02130   0.20624   0.05541   0.02143   0.05816   0.02387   8.54584   1.48175   1.16050   1.48117   1.05387  
 16 17.0468   2071.037711  x:  0.04180   0.02442   0.04136   0.23782   0.12604   0.14613   0.01880   0.18679   0.07372   0.02305   0.06019   0.02008   0.00000   0.03661   0.26389   0.05619   0.26150   0.02025   0.20827   0.05485   0.02250   0.05883   0.02437   8.54585   1.48950   1.16354   1.47914   1.05348  
 17 15.8506   2071.005757  x:  0.04108   0.02459   0.04117   0.23760   0.12416   0.14497   0.01983   0.18921   0.07448   0.02444   0.06012   0.01996   0.00000   0.03684   0.26287   0.05667   0.26294   0.01821   0.21035   0.05515   0.02179   0.05870   0.02410   8.54585   1.49809   1.16701   1.47728   1.05306  
 18 19.4041   2070.970503  x:  0.04086   0.02350   0.04316   0.23746   0.12212   0.14391   0.01939   0.19073   0.07482   0.02274   0.05904   0.01996   0.00000   0.03703   0.26188   0.05854   0.26526   0.01871   0.21234   0.05613   0.02199   0.05790   0.02424   8.54586   1.50921   1.17164   1.47534   1.05256  
 19 23.0426   2070.935084  x:  0.04280   0.02281   0.04364   0.23769   0.12245   0.14439   0.01914   0.18901   0.07391   0.02433   0.05902   0.01978   0.00000   0.03531   0.26147   0.05907   0.26740   0.01973   0.21219   0.05531   0.02160   0.05814   0.02414   8.54586   1.52270   1.17769   1.47425   1.05204  
 20 14.0525   2070.885977  x:  0.04164   0.02339   0.04297   0.23807   0.12414   0.14570   0.02029   0.18559   0.07282   0.02449   0.05977   0.01987   0.00000   0.03761   0.26127   0.05812   0.26962   0.02032   0.21080   0.05468   0.02303   0.05875   0.02420   8.54586   1.54230   1.18679   1.47372   1.05136  
 21 33.5944   2070.875416  x:  0.04125   0.02332   0.04240   0.23811   0.12459   0.14584   0.01942   0.18527   0.07351   0.02461   0.05971   0.01981   0.00000   0.03836   0.26150   0.05751   0.26945   0.02077   0.21027   0.05528   0.02181   0.05846   0.02424   8.54586   1.54639   1.18894   1.47447   1.05126  
 22 14.4100   2070.862046  x:  0.04155   0.02369   0.04213   0.23805   0.12504   0.14576   0.01997   0.18616   0.07536   0.02474   0.05931   0.01986   0.00000   0.03784   0.26239   0.05662   0.26794   0.02149   0.20939   0.05676   0.02227   0.05779   0.02424   8.54584   1.55139   1.19211   1.47742   1.05124  
 23  9.6051   2070.827582  x:  0.04167   0.02256   0.04314   0.23764   0.12507   0.14488   0.01976   0.19033   0.07599   0.02498   0.05951   0.01957   0.00000   0.03869   0.26528   0.05700   0.26252   0.02212   0.20766   0.05451   0.02250   0.05868   0.02424   8.54578   1.56318   1.20102   1.48967   1.05145  
 24 11.3319   2070.796203  x:  0.04151   0.02315   0.04201   0.23736   0.12454   0.14457   0.01973   0.19178   0.07208   0.02535   0.05970   0.01962   0.00000   0.03868   0.26624   0.05842   0.25974   0.02260   0.20775   0.05648   0.02224   0.05820   0.02423   8.54571   1.57287   1.20938   1.50370   1.05185  
 25 15.5386   2070.684969  x:  0.04148   0.02247   0.04169   0.23734   0.12267   0.14655   0.01986   0.18518   0.07367   0.02482   0.05836   0.01899   0.00000   0.03826   0.26145   0.05726   0.26098   0.02137   0.21285   0.05513   0.02239   0.05726   0.02423   8.54541   1.60422   1.23964   1.56161   1.05398  
 26 17.9991   2070.673040  x:  0.04151   0.02196   0.04234   0.23753   0.12308   0.14572   0.01989   0.18515   0.07400   0.02464   0.05994   0.01882   0.00000   0.03805   0.26110   0.05710   0.26275   0.02120   0.21155   0.05624   0.02225   0.05892   0.02423   8.54538   1.60717   1.24252   1.56748   1.05429  
 27 10.6743   2070.660288  x:  0.04142   0.02202   0.04200   0.23791   0.12410   0.14370   0.01990   0.18612   0.07369   0.02449   0.05926   0.01877   0.00000   0.03790   0.26124   0.05683   0.26631   0.02095   0.20797   0.05567   0.02234   0.05799   0.02423   8.54534   1.60962   1.24493   1.57277   1.05475  
 28  6.5275   2070.638954  x:  0.04136   0.02203   0.04137   0.23791   0.12206   0.14683   0.01977   0.18694   0.07347   0.02442   0.05716   0.01855   0.00000   0.03789   0.26486   0.05602   0.26878   0.02079   0.20706   0.05602   0.02232   0.05982   0.02423   8.54528   1.60985   1.24427   1.57330   1.05617  
 29  0.7550   2070.594576  x:  0.04146   0.02112   0.04133   0.23800   0.11934   0.15081   0.01968   0.18760   0.07339   0.02429   0.06017   0.01783   0.00000   0.03790   0.27054   0.05486   0.27173   0.02042   0.20679   0.05582   0.02245   0.05702   0.02428   8.54516   1.60967   1.24236   1.57292   1.05911  
 30  6.7488   2070.223000  x:  0.04175   0.01573   0.03866   0.24101   0.12375   0.13727   0.02129   0.18093   0.07195   0.02425   0.05803   0.01347   0.00000   0.03843   0.28111   0.05212   0.26998   0.01977   0.21533   0.05703   0.02292   0.05745   0.02447   8.54440   1.60365   1.22618   1.55966   1.08078  
 31  4.2366   2070.020538  x:  0.04203   0.01332   0.03707   0.24350   0.11845   0.14228   0.02145   0.18312   0.07130   0.02420   0.05770   0.01122   0.00000   0.03863   0.26397   0.05324   0.26326   0.02048   0.20604   0.05759   0.02327   0.05712   0.02458   8.54408   1.59777   1.22125   1.54984   1.08906  
 32  9.9899   2069.987494  x:  0.04202   0.01301   0.03684   0.24672   0.11827   0.14214   0.02157   0.18315   0.07125   0.02423   0.05770   0.01097   0.00000   0.03871   0.26561   0.05299   0.26385   0.02043   0.20675   0.05773   0.02331   0.05714   0.02459   8.54431   1.58769   1.23713   1.54404   1.07357  
 33  2.3457   2069.984127  x:  0.04203   0.01289   0.03679   0.24348   0.11842   0.14206   0.02161   0.18293   0.07121   0.02421   0.05768   0.01087   0.00000   0.03869   0.26565   0.05290   0.26397   0.02041   0.20655   0.05776   0.02332   0.05713   0.02460   8.54437   1.58720   1.23726   1.54384   1.06973  
 34  1.5473   2069.977846  x:  0.04203   0.01282   0.03669   0.24476   0.11826   0.14199   0.02166   0.18287   0.07115   0.02423   0.05764   0.01085   0.00000   0.03869   0.26561   0.05275   0.26383   0.02044   0.20650   0.05778   0.02333   0.05710   0.02460   8.54456   1.58852   1.23189   1.54508   1.05733  
 35  1.2636   2069.935855  x:  0.04184   0.01363   0.03418   0.24383   0.11904   0.14233   0.02231   0.18370   0.07101   0.02417   0.05738   0.01242   0.00000   0.03879   0.26146   0.05353   0.26244   0.02063   0.20611   0.05845   0.02385   0.05702   0.02477   8.54563   1.57842   1.22757   1.53469   1.05411  
 36  0.0304   2069.933830  x:  0.04162   0.01364   0.03431   0.24402   0.11993   0.14235   0.02265   0.18416   0.07110   0.02417   0.05734   0.01222   0.00000   0.03878   0.26116   0.05380   0.26251   0.02058   0.20676   0.05871   0.02412   0.05702   0.02487   8.54580   1.57558   1.22498   1.53208   1.05524  
 37  0.0055   2069.933781  x:  0.04163   0.01358   0.03438   0.24404   0.11988   0.14231   0.02271   0.18411   0.07109   0.02417   0.05734   0.01225   0.00000   0.03879   0.26120   0.05376   0.26250   0.02055   0.20671   0.05874   0.02415   0.05702   0.02488   8.54559   1.57556   1.22495   1.53208   1.05529  
 38  0.0004   2069.933774  x:  0.04164   0.01360   0.03437   0.24403   0.11984   0.14230   0.02273   0.18407   0.07109   0.02417   0.05734   0.01224   0.00000   0.03879   0.26123   0.05374   0.26250   0.02055   0.20668   0.05875   0.02416   0.05702   0.02488   8.54546   1.57561   1.22499   1.53214   1.05527  
 39  0.0003   2069.933774  x:  0.04164   0.01359   0.03436   0.24403   0.11984   0.14231   0.02274   0.18408   0.07109   0.02417   0.05734   0.01224   0.00000   0.03880   0.26124   0.05374   0.26251   0.02055   0.20669   0.05875   0.02416   0.05702   0.02488   8.54542   1.57564   1.22501   1.53218   1.05526  
 40  0.0001   2069.933774  x:  0.04164   0.01360   0.03436   0.24403   0.11984   0.14231   0.02274   0.18408   0.07109   0.02417   0.05734   0.01224   0.00000   0.03880   0.26123   0.05374   0.26251   0.02055   0.20668   0.05875   0.02416   0.05702   0.02488   8.54541   1.57565   1.22502   1.53218   1.05526  
 41  0.0000   2069.933774  x:  0.04164   0.01360   0.03436   0.24403   0.11984   0.14231   0.02274   0.18408   0.07109   0.02417   0.05734   0.01224   0.00000   0.03880   0.26123   0.05374   0.26251   0.02055   0.20669   0.05875   0.02416   0.05702   0.02488   8.54540   1.57565   1.22502   1.53218   1.05526  
 42  0.0000   2069.933774  x:  0.04164   0.01360   0.03436   0.24403   0.11984   0.14231   0.02274   0.18408   0.07109   0.02417   0.05734   0.01224   0.00000   0.03880   0.26123   0.05374   0.26251   0.02055   0.20669   0.05875   0.02416   0.05702   0.02488   8.54539   1.57565   1.22502   1.53218   1.05526  
 43  0.0000   2069.933774  x:  0.04164   0.01360   0.03436   0.24403   0.11984   0.14231   0.02274   0.18408   0.07109   0.02417   0.05734   0.01224   0.00000   0.03880   0.26123   0.05374   0.26251   0.02055   0.20669   0.05875   0.02416   0.05702   0.02488   8.54539   1.57565   1.22502   1.53218   1.05526  