

TREE # 1

  0  0.0000  21732.661057  x:  0.07686   0.05033   0.13021   0.16772   0.02251   0.06603   0.09264   0.07387   0.05937   0.07561   0.06894   0.02178   0.05035   0.04349   0.10364   0.06067   0.06689   0.06127   0.09265   0.00000   0.11647   0.12370   0.13989   0.06042   0.09314   0.07481   0.14730   0.04184   0.12180   0.04497   0.03508   0.04860   0.07518   0.03308   0.03373   0.09034   0.07763   0.05865   0.49907   8.40433   0.71006   1.01230   0.81258   1.00000  
  1 99.0000  17975.812632  x:  0.14918   0.84678   0.90267   0.69938   1.10126   0.90483   0.47249   0.72178   0.69898   0.33727   0.16719   0.03039   0.29533   1.53598   0.07418   0.12394   0.13790   0.17305   0.02848   0.41013   0.70796   0.65862   0.68567   0.50354   0.73852   0.55018   0.50568   0.95158   0.20652   0.11450   0.00597   0.29023   0.75213   0.25093   0.23395   0.13676   0.06521   0.00000   0.94689   8.33387   0.64939   1.06711   0.77738   0.97560  
  2 8437.2356  17948.962922  x:  0.15052   0.86262   0.91828   0.71015   1.12271   0.92149   0.48003   0.73464   0.71165   0.34237   0.16898   0.03022   0.29996   1.56559   0.07346   0.12506   0.13917   0.17515   0.02726   0.41820   0.71982   0.66941   0.69671   0.51242   0.75144   0.55963   0.51286   0.96963   0.20817   0.11569   0.00522   0.29483   0.76554   0.25497   0.23763   0.13773   0.06524   0.02899   0.95654   8.33221   0.64840   1.06808   0.77687   0.97492  
  3 41921.5506  17920.255042  x:  0.14758   0.86258   0.92587   0.71600   1.12263   0.92097   0.47952   0.73384   0.71008   0.33925   0.16375   0.01978   0.29233   1.56373   0.06921   0.12053   0.13467   0.17094   0.02970   0.41553   0.72290   0.67409   0.70252   0.51425   0.75415   0.55959   0.51464   0.96854   0.20685   0.10980   0.00000   0.28829   0.76425   0.24574   0.22822   0.13586   0.06577   0.02899   0.97963   8.32447   0.65548   1.06434   0.78319   0.96891  
  4 765.8274  17891.287727  x:  0.13906   0.86119   0.94015   0.72680   1.12053   0.91883   0.47804   0.73165   0.70615   0.33482   0.15648   0.00895   0.28111   1.55768   0.07625   0.12307   0.13415   0.16731   0.00400   0.40707   0.72874   0.68259   0.71308   0.51662   0.75916   0.55866   0.51792   0.96472   0.20904   0.10371   0.00000   0.28070   0.76212   0.22855   0.21051   0.13956   0.06416   0.02895   1.01839   8.30585   0.64681   1.07044   0.78333   0.95724  
  5 1312.1878  17847.723542  x:  0.12482   0.85871   0.96081   0.74225   1.11671   0.91543   0.47579   0.72838   0.70019   0.32973   0.14803   0.00000   0.26763   1.54809   0.09553   0.13364   0.13948   0.16599   0.00624   0.39281   0.73735   0.69469   0.72806   0.51943   0.76653   0.55698   0.52271   0.95854   0.21526   0.09850   0.00000   0.27320   0.75962   0.20441   0.18552   0.14939   0.06045   0.02890   1.07030   8.27645   0.62087   1.08739   0.77566   0.94045  
  6 2292.8276  17722.411179  x:  0.00000   0.84272   1.05806   0.80462   1.09131   0.90092   0.46238   0.71621   0.67092   0.33509   0.15020   0.00000   0.26803   1.50337   0.10848   0.13837   0.21420   0.21364   0.00337   0.27087   0.78435   0.74386   0.78872   0.51573   0.80505   0.54249   0.54540   0.92606   0.25689   0.11805   0.00000   0.28629   0.76046   0.13474   0.11551   0.17023   0.12071   0.02816   1.21233   8.07612   0.70389   1.08000   0.70257   0.88416  
  7 527.7297  17561.870808  x:  0.00000   0.82372   1.18059   0.87543   1.05392   0.88410   0.44816   0.70587   0.63528   0.34489   0.15627   0.00000   0.27534   1.44877   0.06888   0.10582   0.26001   0.24356   0.00000   0.07790   0.84853   0.79972   0.86092   0.50052   0.85536   0.52179   0.57536   0.88492   0.27531   0.12254   0.00000   0.30266   0.76641   0.11307   0.10052   0.15508   0.06506   0.02851   1.36204   7.77518   0.71354   1.06659   0.77494   0.83585  
  8 1012.4554  17561.870808  x:  0.00000   0.82372   1.18059   0.87543   1.05392   0.88410   0.44816   0.70587   0.63528   0.34489   0.15627   0.00000   0.27534   1.44877   0.06888   0.10582   0.26001   0.24356   0.00000   0.07790   0.84853   0.79972   0.86092   0.50052   0.85536   0.52179   0.57536   0.88492   0.27531   0.12254   0.00000   0.30266   0.76641   0.11307   0.10052   0.15508   0.06506   0.02851   1.36204   7.77518   0.71354   1.06659   0.77494   0.83585  
  9 1376.6160  17545.378312  x:  0.00000   0.82324   1.18195   0.87641   1.05297   0.88341   0.44787   0.70534   0.63449   0.34363   0.15434   0.00000   0.27266   1.44728   0.06784   0.10475   0.25739   0.24158   0.05047   0.07643   0.84902   0.80042   0.86195   0.50055   0.85561   0.52141   0.57558   0.88404   0.27376   0.11988   0.00000   0.30003   0.76557   0.11201   0.09945   0.15387   0.06536   0.02915   1.36792   7.77217   0.71366   1.06589   0.77788   0.83486  
 10 2701.0632  17368.177596  x:  0.00000   0.80098   1.24395   0.92088   1.00949   0.85211   0.43441   0.68137   0.59993   0.28436   0.06672   0.00000   0.14719   1.37988   0.02348   0.05808   0.11098   0.11650   0.05322   0.00910   0.87147   0.83227   0.90894   0.50191   0.86665   0.50445   0.58588   0.84374   0.20399   0.00000   0.00000   0.18079   0.72746   0.06550   0.05306   0.10030   0.07742   0.05235   1.63536   7.63501   0.72066   1.03366   0.90870   0.79137  
 11 596.1145  17346.441418  x:  0.00000   0.79794   1.25228   0.92689   1.00336   0.84790   0.43266   0.67831   0.59547   0.27814   0.05908   0.00000   0.13407   1.37067   0.03005   0.06031   0.09563   0.10443   0.05356   0.00000   0.87460   0.83653   0.91520   0.50193   0.86815   0.50214   0.58741   0.83854   0.19926   0.01291   0.00000   0.16753   0.72254   0.06528   0.05381   0.09759   0.07740   0.05085   1.67057   7.61581   0.72127   1.03179   0.92033   0.78649  
 12 1582.1327  17307.734338  x:  0.00000   0.78974   1.27442   0.94291   0.98586   0.83666   0.42832   0.67082   0.58450   0.26932   0.05890   0.00000   0.11845   1.34544   0.05924   0.08147   0.07979   0.09693   0.05390   0.00000   0.88341   0.84782   0.93152   0.50114   0.87219   0.49585   0.59159   0.82372   0.19401   0.00000   0.00000   0.14568   0.71018   0.08354   0.07634   0.10623   0.07235   0.03397   1.76139   7.56172   0.72244   1.03545   0.92954   0.77686  
 13 1376.9030  17180.213936  x:  0.00000   0.75041   1.37860   1.01858   0.89864   0.78346   0.40879   0.63745   0.53518   0.24863   0.10761   0.00000   0.11734   1.22305   0.00000   0.07413   0.10725   0.13657   0.05271   0.00000   0.92629   0.90050   1.00738   0.49397   0.89085   0.46561   0.61187   0.75268   0.19729   0.01254   0.00000   0.09892   0.65405   0.12716   0.11938   0.15885   0.05533   0.00391   2.18209   7.29492   0.73077   1.06828   0.92895   0.74269  
 14 1493.3092  17180.213936  x:  0.00000   0.75041   1.37860   1.01858   0.89864   0.78346   0.40879   0.63745   0.53518   0.24863   0.10761   0.00000   0.11734   1.22305   0.00000   0.07413   0.10725   0.13657   0.05271   0.00000   0.92629   0.90050   1.00738   0.49397   0.89085   0.46561   0.61187   0.75268   0.19729   0.01254   0.00000   0.09892   0.65405   0.12716   0.11938   0.15885   0.05533   0.00391   2.18209   7.29492   0.73077   1.06828   0.92895   0.74269  
 15 11101.8576  17143.451738  x:  0.00000   0.74989   1.37981   1.01949   0.89705   0.78284   0.40870   0.63721   0.53477   0.24895   0.10696   0.00000   0.11907   1.22155   0.05671   0.08293   0.10717   0.13579   0.04996   0.00000   0.92691   0.90104   1.00817   0.49343   0.89098   0.46521   0.61217   0.75179   0.19880   0.02075   0.00000   0.10381   0.65365   0.12480   0.11683   0.15777   0.05860   0.05318   2.18670   7.29035   0.73095   1.06865   0.92729   0.74336  
 16 2737.6221  17109.408750  x:  0.00000   0.74234   1.39730   1.03261   0.87400   0.77392   0.40732   0.63373   0.52893   0.25337   0.09748   0.00000   0.14147   1.19582   0.07950   0.09066   0.10660   0.12523   0.01455   0.00000   0.93587   0.90873   1.01955   0.48552   0.89274   0.45939   0.61631   0.73868   0.21467   0.09038   0.00000   0.16427   0.64814   0.09236   0.08169   0.13870   0.07727   0.02102   2.25308   7.22461   0.73523   1.07367   0.90385   0.75232  
 17 415.7261  17081.780631  x:  0.00000   0.72853   1.42941   1.05677   0.83029   0.75729   0.40485   0.62748   0.51830   0.26147   0.08348   0.00000   0.16802   1.14766   0.07581   0.08787   0.10695   0.11586   0.09103   0.00000   0.95265   0.92270   1.04036   0.46989   0.89556   0.44851   0.62381   0.71370   0.22524   0.14012   0.00000   0.22764   0.63812   0.05666   0.04412   0.11050   0.08821   0.02123   2.37573   7.10102   0.74015   1.08021   0.86887   0.76581  
 18 780.7530  16972.696206  x:  0.00000   0.67525   1.55403   1.15115   0.65207   0.69155   0.39577   0.60454   0.47879   0.29105   0.05321   0.00000   0.21546   0.95655   0.01071   0.06312   0.09842   0.09873   0.10720   0.00000   1.01976   0.97593   1.12062   0.40256   0.90421   0.40567   0.65309   0.61498   0.22329   0.19957   0.00000   0.35771   0.60086   0.12231   0.14956   0.05474   0.07258   0.09104   2.85683   6.60313   0.74463   1.09093   0.78032   0.80366  
 19 977.0023  16794.128436  x:  0.00000   0.59807   1.73968   1.29303   0.37075   0.59277   0.38386   0.57326   0.42428   0.33026   0.05114   0.00000   0.23522   0.66929   0.08833   0.09807   0.09123   0.11031   0.15400   0.00000   1.12384   1.05323   1.23900   0.28850   0.91261   0.34242   0.69699   0.46767   0.18510   0.16122   0.00000   0.44841   0.54948   0.18430   0.24865   0.10688   0.02492   0.00715   3.58405   5.82732   0.73398   1.08470   0.72877   0.83630  
 20 2827.6706  16615.500294  x:  0.00000   0.51760   1.94956   1.45571   0.03225   0.48440   0.37400   0.54349   0.37125   0.36229   0.08352   0.00000   0.22065   0.35451   0.07646   0.12685   0.09355   0.13644   0.13438   0.00000   1.24809   1.13728   1.37045   0.13730   0.91466   0.27711   0.74710   0.30845   0.13855   0.06949   0.00000   0.49113   0.49793   0.16317   0.24459   0.20643   0.15475   0.01667   4.42222   4.90138   0.71127   1.05148   0.76714   0.84162  
 21 4644.9333  16565.133754  x:  0.00000   0.51066   1.98463   1.48454   0.00000   0.47621   0.37622   0.54265   0.36755   0.35945   0.08126   0.00000   0.21018   0.34121   0.07253   0.11513   0.09535   0.13241   0.12048   0.00000   1.27241   1.14931   1.39066   0.10580   0.91000   0.28100   0.75589   0.29713   0.14892   0.05801   0.00000   0.47682   0.49423   0.14534   0.22377   0.19857   0.12392   0.02470   4.56905   4.72494   0.71098   1.04064   0.78750   0.82796  
 22 1531.0228  16411.850904  x:  0.00000   0.48484   2.11638   1.59277   0.05152   0.44935   0.38926   0.53900   0.35278   0.35263   0.07957   0.00000   0.17581   0.28578   0.06361   0.08460   0.10060   0.12660   0.07980   0.00000   1.36360   1.19466   1.46664   0.00000   0.89204   0.29867   0.78830   0.25358   0.16816   0.01925   0.00000   0.42433   0.48002   0.09768   0.16370   0.18035   0.06164   0.04431   5.11897   4.06521   0.70835   1.00909   0.84246   0.78370  
 23 5548.7173  16411.850904  x:  0.00000   0.48484   2.11638   1.59277   0.05152   0.44935   0.38926   0.53900   0.35278   0.35263   0.07957   0.00000   0.17581   0.28578   0.06361   0.08460   0.10060   0.12660   0.07980   0.00000   1.36360   1.19466   1.46664   0.00000   0.89204   0.29867   0.78830   0.25358   0.16816   0.01925   0.00000   0.42433   0.48002   0.09768   0.16370   0.18035   0.06164   0.04431   5.11897   4.06521   0.70835   1.00909   0.84246   0.78370  
 24 3366.8522  16339.156859  x:  0.00000   0.50584   2.11165   1.59357   0.08851   0.48581   0.40090   0.55547   0.37418   0.32669   0.07406   0.00000   0.15988   0.46568   0.06320   0.08238   0.10334   0.12009   0.00218   0.00000   1.37023   1.18283   1.45452   0.04931   0.87718   0.35869   0.78434   0.33107   0.20430   0.17189   0.00000   0.34014   0.50358   0.07911   0.09813   0.14195   0.07705   0.00000   5.13143   3.99105   0.72172   1.00686   0.86195   0.73034  
 25 688.3698  16337.498943  x:  0.00000   0.50621   2.11157   1.59358   0.08914   0.48644   0.40110   0.55575   0.37455   0.32624   0.07396   0.00000   0.15960   0.46878   0.06319   0.08234   0.10339   0.11998   0.00117   0.00000   1.37034   1.18262   1.45431   0.05015   0.87692   0.35973   0.78427   0.33241   0.20492   0.17448   0.00000   0.33868   0.50399   0.07880   0.09700   0.14129   0.07733   0.00054   5.13165   3.98976   0.72195   1.00682   0.86229   0.72942  
 26 11656.7544  16295.441297  x:  0.00000   0.52233   2.10789   1.59415   0.11629   0.51413   0.40998   0.56829   0.39096   0.30647   0.07000   0.00000   0.14770   0.60387   0.06281   0.08074   0.10631   0.11649   0.02391   0.00000   1.37543   1.17345   1.44492   0.08600   0.86534   0.40490   0.78115   0.39085   0.23098   0.28445   0.00000   0.27382   0.52200   0.06577   0.04811   0.11268   0.08912   0.00646   5.14130   3.93228   0.73201   1.00530   0.87696   0.68870  
 27 7708.3492  16248.966287  x:  0.00000   0.55562   2.09740   1.59312   0.11464   0.55462   0.42393   0.58922   0.42398   0.27307   0.07895   0.00000   0.13800   0.75203   0.05976   0.08539   0.10500   0.12967   0.02726   0.00000   1.38563   1.14946   1.42071   0.07431   0.83268   0.45523   0.76952   0.46194   0.20329   0.25565   0.00000   0.13757   0.55578   0.14980   0.16290   0.10938   0.05835   0.00768   5.16690   3.78070   0.74047   1.01483   0.89061   0.62963  
 28 464.6131  16195.279212  x:  0.00000   0.60592   2.07941   1.58984   0.08257   0.59524   0.43953   0.61224   0.46205   0.24294   0.08896   0.00000   0.14298   0.88794   0.05861   0.08618   0.10344   0.12920   0.02204   0.00000   1.40214   1.11049   1.38117   0.02000   0.78063   0.50240   0.74810   0.53008   0.14250   0.11031   0.00000   0.05587   0.59358   0.10514   0.12295   0.14429   0.09645   0.00567   5.20990   3.52448   0.74739   1.03059   0.89602   0.60318  
 29 452.9616  16174.961259  x:  0.00000   0.62818   2.07126   1.58823   0.07024   0.61193   0.44628   0.62169   0.47751   0.23182   0.09199   0.00000   0.14355   0.94726   0.05815   0.08661   0.10312   0.12944   0.02063   0.00000   1.40966   1.09321   1.36355   0.00000   0.75830   0.52346   0.73855   0.55912   0.12872   0.05895   0.03375   0.06699   0.60924   0.09548   0.11433   0.15263   0.09628   0.00522   5.22900   3.41003   0.75091   1.03606   0.89890   0.59355  
 30 1528.4846  16148.924476  x:  0.00000   0.65855   2.05909   1.58519   0.05172   0.62711   0.45415   0.63097   0.49316   0.22669   0.09363   0.00000   0.14452   1.00519   0.05793   0.08698   0.10322   0.12911   0.01977   0.00000   1.42068   1.06884   1.33844   0.00000   0.72938   0.54605   0.72447   0.58714   0.14315   0.01450   0.00000   0.10282   0.62492   0.09125   0.11023   0.15186   0.07727   0.00513   5.25619   3.24526   0.75499   1.04078   0.90065   0.59675  
 31 868.0420  16148.924476  x:  0.00000   0.65855   2.05909   1.58519   0.05172   0.62711   0.45415   0.63097   0.49316   0.22669   0.09363   0.00000   0.14452   1.00519   0.05793   0.08698   0.10322   0.12911   0.01977   0.00000   1.42068   1.06884   1.33844   0.00000   0.72938   0.54605   0.72447   0.58714   0.14315   0.01450   0.00000   0.10282   0.62492   0.09125   0.11023   0.15186   0.07727   0.00513   5.25619   3.24526   0.75499   1.04078   0.90065   0.59675  
 32 805.6836  16133.823420  x:  0.00000   0.65921   2.05854   1.58490   0.05148   0.62609   0.45405   0.63046   0.49241   0.22835   0.09299   0.00000   0.14450   1.00283   0.05800   0.08683   0.10347   0.12888   0.02798   0.00000   1.42107   1.06807   1.33761   0.00000   0.72897   0.54558   0.72393   0.58587   0.14960   0.03026   0.00533   0.10922   0.62422   0.09072   0.10764   0.15064   0.07696   0.05349   5.25706   3.23958   0.75499   1.04030   0.90039   0.59904  
 33 1329.6818  16116.806930  x:  0.00000   0.66556   2.05318   1.58211   0.04912   0.61620   0.45312   0.62556   0.48534   0.24365   0.08709   0.00000   0.14403   0.98008   0.05867   0.08547   0.10455   0.12562   0.05738   0.00000   1.42481   1.06059   1.32946   0.00000   0.72493   0.54086   0.71881   0.57297   0.19409   0.09951   0.01420   0.15507   0.61720   0.08616   0.08475   0.13393   0.06234   0.03497   5.26543   3.18481   0.75519   1.03603   0.89774   0.61970  
 34 349.8960  16108.333728  x:  0.00000   0.66932   2.04965   1.58019   0.04778   0.61022   0.45259   0.62263   0.48122   0.25075   0.08418   0.00000   0.14372   0.96607   0.05898   0.08507   0.10406   0.12380   0.04684   0.00000   1.42703   1.05576   1.32421   0.00000   0.72226   0.53790   0.71585   0.56492   0.20197   0.10279   0.00000   0.16340   0.61286   0.08713   0.07984   0.12682   0.06409   0.03614   5.27061   3.15057   0.75505   1.03403   0.89620   0.62708  
 35 304.9288  16032.496730  x:  0.00000   0.74793   1.96432   1.53152   0.02948   0.48678   0.44281   0.56175   0.39843   0.35042   0.04017   0.00000   0.14634   0.66012   0.06077   0.08306   0.11226   0.13719   0.11754   0.00000   1.47414   0.94340   1.20148   0.00000   0.66055   0.47887   0.65367   0.39096   0.26270   0.05083   0.00000   0.30358   0.54123   0.12512   0.11876   0.14872   0.04443   0.05130   5.38643   2.37222   0.73871   1.00480   0.87207   0.67295  
 36 788.9658  16004.616216  x:  0.00000   0.77777   1.91668   1.50199   0.04688   0.45642   0.44423   0.54676   0.38424   0.34748   0.08309   0.00000   0.14869   0.55604   0.06064   0.08395   0.10546   0.12904   0.13892   0.00000   1.49318   0.88853   1.14036   0.00000   0.63408   0.47232   0.63664   0.34647   0.25558   0.08179   0.00000   0.29097   0.52572   0.07774   0.09037   0.16319   0.11345   0.04713   5.44010   2.00674   0.73668   0.99585   0.87691   0.61830  
 37 638.2065  15979.096747  x:  0.00000   0.79728   1.87081   1.47186   0.05597   0.45283   0.44887   0.54439   0.38745   0.30903   0.08681   0.00000   0.14902   0.52081   0.06134   0.08325   0.09841   0.11768   0.12113   0.00000   1.50664   0.84329   1.08833   0.00000   0.61642   0.48291   0.63349   0.34531   0.23286   0.11366   0.00000   0.23663   0.52614   0.07318   0.07544   0.14983   0.04567   0.04731   5.48501   1.71192   0.74347   0.99154   0.88502   0.56425  
 38 535.3940  15968.065928  x:  0.00000   0.80593   1.83838   1.44961   0.04726   0.46149   0.45284   0.54827   0.39657   0.27676   0.06564   0.00000   0.14888   0.54238   0.06128   0.08259   0.10602   0.12591   0.11438   0.00000   1.51333   0.81840   1.05776   0.00000   0.61007   0.49697   0.63808   0.36545   0.22167   0.12808   0.00000   0.20545   0.53463   0.11208   0.10647   0.13935   0.06776   0.04202   5.51333   1.55459   0.74969   0.99251   0.88752   0.57218  
 39 331.0141  15959.817090  x:  0.00000   0.81079   1.80171   1.42381   0.02510   0.47124   0.45495   0.55246   0.40589   0.27534   0.07092   0.00000   0.14748   0.59173   0.06068   0.08430   0.11235   0.13866   0.10788   0.00000   1.51759   0.79997   1.03177   0.00000   0.60793   0.50935   0.64367   0.38678   0.20994   0.08273   0.00000   0.20604   0.54398   0.07814   0.09698   0.15508   0.06665   0.04215   5.54202   1.46158   0.75095   0.99842   0.88457   0.60830  
 40 150.8596  15958.241545  x:  0.00000   0.81170   1.78942   1.41534   0.02925   0.47235   0.45493   0.55177   0.40556   0.28255   0.07504   0.01829   0.14685   0.59878   0.06048   0.08355   0.10733   0.13319   0.10292   0.00000   1.51825   0.79617   1.02528   0.00000   0.60738   0.51042   0.64325   0.38655   0.21176   0.06901   0.00000   0.21092   0.54436   0.08388   0.09783   0.15785   0.06781   0.04182   5.55082   1.45628   0.75056   0.99857   0.88532   0.59697  
 41 97.4475  15955.134572  x:  0.00000   0.81405   1.76144   1.39610   0.03505   0.47444   0.45476   0.55039   0.40495   0.29550   0.07979   0.00729   0.14035   0.61327   0.06037   0.08284   0.09819   0.12541   0.09221   0.00000   1.51986   0.78751   1.01051   0.00000   0.60616   0.51278   0.64242   0.38641   0.21377   0.04021   0.00000   0.21837   0.54534   0.09010   0.09993   0.16481   0.07023   0.04100   5.57114   1.44174   0.74966   0.99904   0.88661   0.57720  
 42 211.3047  15952.963716  x:  0.00000   0.81894   1.72377   1.37116   0.03576   0.46736   0.45196   0.54493   0.39717   0.30786   0.07025   0.00701   0.14763   0.60435   0.06098   0.08679   0.11382   0.13860   0.07125   0.00000   1.52193   0.78086   0.99542   0.00000   0.60512   0.50783   0.63718   0.37279   0.20251   0.04115   0.00000   0.20345   0.54127   0.08008   0.11572   0.18362   0.06895   0.03826   5.60001   1.45328   0.74665   0.99663   0.88731   0.56651  
 43 65.9517  15951.546032  x:  0.00000   0.82506   1.69232   1.35115   0.03600   0.46197   0.45032   0.54204   0.39309   0.30841   0.07116   0.00772   0.14748   0.59082   0.05692   0.08102   0.10471   0.13685   0.07136   0.00000   1.52413   0.77806   0.98550   0.02407   0.60505   0.50387   0.63397   0.36375   0.18848   0.04104   0.00000   0.18428   0.53879   0.08359   0.11340   0.18855   0.06841   0.03674   5.62596   1.46553   0.74628   0.99457   0.88574   0.57926  
 44 75.6872  15950.901301  x:  0.00000   0.83041   1.66614   1.33491   0.02952   0.45992   0.44873   0.54115   0.39269   0.30263   0.07343   0.00854   0.14562   0.58252   0.06807   0.08826   0.10366   0.13376   0.07374   0.00000   1.52548   0.77692   0.97875   0.02251   0.60143   0.49880   0.63292   0.36094   0.18455   0.03882   0.00000   0.17699   0.53823   0.08611   0.11060   0.18554   0.06871   0.03633   5.64861   1.47338   0.74596   0.99434   0.88495   0.58356  
 45 65.5536  15949.654136  x:  0.00000   0.84413   1.60491   1.29762   0.02091   0.45959   0.44616   0.54079   0.39424   0.28703   0.07722   0.00959   0.14226   0.57011   0.05670   0.08403   0.10743   0.13153   0.07512   0.00000   1.52862   0.77542   0.96444   0.01026   0.59183   0.48851   0.63258   0.36056   0.18352   0.03487   0.00000   0.17359   0.53867   0.08629   0.10966   0.17864   0.06892   0.03619   5.70328   1.48623   0.74491   0.99545   0.88383   0.58697  
 46 104.6285  15947.256717  x:  0.00000   0.87905   1.47468   1.22071   0.04305   0.46968   0.44606   0.54386   0.40065   0.26296   0.08187   0.00983   0.14024   0.56490   0.06238   0.08226   0.10571   0.13719   0.07064   0.00000   1.53631   0.77592   0.93829   0.01584   0.57774   0.47784   0.63652   0.37339   0.19055   0.03495   0.00000   0.19112   0.54292   0.08085   0.11698   0.17603   0.06716   0.03718   5.82650   1.49836   0.74345   0.99876   0.88284   0.59565  
 47 146.1386  15945.456822  x:  0.00000   0.91085   1.37809   1.16639   0.02621   0.47323   0.44547   0.54543   0.40247   0.28123   0.07970   0.00741   0.14772   0.58224   0.05845   0.08871   0.10290   0.13376   0.07152   0.00000   1.54092   0.78054   0.92408   0.02397   0.57861   0.47716   0.63951   0.38481   0.19451   0.04330   0.00000   0.19507   0.54577   0.08789   0.10936   0.18436   0.06803   0.03755   5.93209   1.49784   0.74697   0.99607   0.88628   0.58868  
 48 120.0198  15944.803888  x:  0.00000   0.92688   1.34869   1.15327   0.02999   0.47389   0.44603   0.54536   0.40077   0.29333   0.07097   0.00765   0.14579   0.59109   0.06368   0.07905   0.10915   0.13199   0.07890   0.00000   1.54203   0.78620   0.92470   0.02145   0.58476   0.48149   0.63929   0.38279   0.19578   0.04180   0.00000   0.18672   0.54466   0.08490   0.10579   0.17511   0.06957   0.03772   5.98088   1.49863   0.74627   0.99634   0.88745   0.58598  
 49 68.7514  15944.121950  x:  0.00000   0.94851   1.32816   1.14978   0.03788   0.47337   0.44687   0.54563   0.39896   0.30163   0.07455   0.00797   0.14077   0.59920   0.05724   0.08966   0.10552   0.13436   0.08170   0.00000   1.54211   0.79632   0.93247   0.01262   0.59640   0.49077   0.63789   0.37489   0.19375   0.04314   0.00000   0.17846   0.54248   0.08232   0.11150   0.16694   0.06832   0.03747   6.04676   1.50092   0.74483   0.99835   0.88661   0.58877  
 50 58.9048  15942.347772  x:  0.00000   0.99679   1.30662   1.15988   0.03297   0.46973   0.44783   0.54784   0.39814   0.28835   0.08279   0.00697   0.14488   0.60770   0.06310   0.07965   0.09983   0.13525   0.07420   0.00000   1.53962   0.82031   0.95709   0.00000   0.62238   0.51361   0.63568   0.36065   0.18561   0.04621   0.00000   0.18199   0.54054   0.08466   0.11408   0.17434   0.06703   0.03680   6.20608   1.50887   0.74709   0.99993   0.88399   0.58733  
 51 83.8664  15941.013938  x:  0.00000   1.03629   1.30196   1.17748   0.03082   0.46972   0.44985   0.55070   0.39937   0.26835   0.07543   0.00743   0.14593   0.60853   0.05757   0.08979   0.11083   0.13018   0.07321   0.00000   1.53635   0.83862   0.97944   0.00846   0.63760   0.53126   0.63720   0.35965   0.18897   0.03976   0.00000   0.18623   0.54190   0.08583   0.10450   0.17538   0.06912   0.03706   6.35533   1.51815   0.74730   0.99921   0.88626   0.58023  
 52 173.8799  15938.264395  x:  0.00000   1.08927   1.32569   1.22361   0.01635   0.48018   0.45328   0.55545   0.40820   0.27296   0.08067   0.00986   0.13135   0.59841   0.06091   0.08504   0.10492   0.14000   0.06894   0.00000   1.52682   0.84835   1.00575   0.01866   0.61197   0.53175   0.65211   0.40003   0.20990   0.03637   0.00000   0.16888   0.55551   0.08063   0.11432   0.17675   0.06786   0.03662   6.68941   1.54328   0.74026   0.99790   0.89496   0.57115  
 53 105.6290  15935.509128  x:  0.00000   1.12168   1.35598   1.26461   0.02975   0.49185   0.45744   0.55764   0.41627   0.28717   0.07758   0.00588   0.15302   0.60236   0.05906   0.08703   0.10823   0.12991   0.06775   0.00000   1.51743   0.84236   1.01779   0.01041   0.57028   0.51670   0.66378   0.43350   0.18927   0.03759   0.00000   0.16232   0.56796   0.08445   0.10904   0.17886   0.06802   0.03546   7.03882   1.56808   0.75215   1.00305   0.88263   0.57247  
 54 246.0290  15933.586106  x:  0.00000   1.10716   1.38893   1.28326   0.02854   0.48816   0.46009   0.55676   0.41845   0.28165   0.06807   0.00751   0.13897   0.63006   0.05847   0.08776   0.10251   0.13346   0.06642   0.00000   1.51143   0.82156   1.01022   0.01409   0.55465   0.49920   0.66079   0.42849   0.16396   0.04594   0.00000   0.17315   0.56780   0.08362   0.10426   0.17017   0.06984   0.03485   7.28231   1.58471   0.74155   1.00889   0.89157   0.56493  
 55 136.4417  15930.637170  x:  0.00000   1.04800   1.44836   1.30022   0.03124   0.47926   0.46402   0.55590   0.42239   0.26497   0.09192   0.00426   0.13945   0.68330   0.05947   0.08523   0.11759   0.13099   0.06657   0.00000   1.50390   0.77849   0.98637   0.02630   0.55316   0.47877   0.65033   0.40409   0.17797   0.04758   0.00000   0.16485   0.56241   0.08779   0.10727   0.16132   0.06635   0.03519   7.67456   1.60668   0.75489   1.00586   0.89717   0.56337  
 56 227.4535  15929.057421  x:  0.00000   0.99730   1.47757   1.29837   0.03408   0.48105   0.46338   0.55549   0.42154   0.25491   0.07717   0.00434   0.14999   0.69518   0.05834   0.08684   0.10014   0.12887   0.06665   0.00000   1.50166   0.75913   0.97278   0.01897   0.56666   0.48172   0.64732   0.39850   0.19435   0.04606   0.00000   0.15384   0.56001   0.08121   0.10631   0.16718   0.06820   0.03510   7.87909   1.61922   0.75584   1.00905   0.89500   0.56273  
 57 200.6169  15926.074847  x:  0.00000   0.85891   1.53505   1.27624   0.04199   0.50438   0.45606   0.56005   0.42138   0.26206   0.08188   0.00347   0.14515   0.67918   0.05854   0.08589   0.10957   0.13125   0.06272   0.00000   1.50094   0.73937   0.95359   0.00407   0.62148   0.52255   0.65218   0.41926   0.18891   0.04815   0.00000   0.15236   0.56177   0.09204   0.09583   0.17240   0.06696   0.03482   8.27588   1.63964   0.74225   1.01358   0.89702   0.56808  
 58 174.6532  15925.400888  x:  0.00000   0.82250   1.54913   1.26942   0.03797   0.51012   0.45276   0.56175   0.42207   0.26357   0.08041   0.00411   0.14326   0.67404   0.05882   0.08597   0.10765   0.12815   0.06342   0.00000   1.50059   0.74343   0.95458   0.00623   0.63319   0.53041   0.65361   0.42487   0.18269   0.04850   0.00000   0.15792   0.56356   0.08491   0.10381   0.16280   0.06747   0.03481   8.36364   1.64339   0.75538   1.00615   0.89487   0.56516  
 59 138.8676  15924.949316  x:  0.00000   0.78609   1.55806   1.25804   0.03760   0.51386   0.44659   0.56445   0.42556   0.26323   0.08231   0.00295   0.15253   0.67678   0.05884   0.08587   0.10615   0.13183   0.06339   0.00000   1.49894   0.77614   0.97263   0.01087   0.62858   0.51997   0.65307   0.42107   0.18302   0.04690   0.00000   0.15758   0.56864   0.08503   0.10390   0.15661   0.06734   0.03484   8.42003   1.63880   0.75035   1.00733   0.89865   0.56330  
 60 27.9897  15924.751489  x:  0.00000   0.76978   1.56147   1.25227   0.03975   0.51517   0.44372   0.56509   0.42621   0.26294   0.08042   0.00375   0.14507   0.67887   0.05876   0.08585   0.10749   0.12843   0.06163   0.00000   1.49700   0.79350   0.98151   0.01076   0.62502   0.51303   0.65267   0.41885   0.18419   0.04834   0.00000   0.15540   0.56988   0.08563   0.10295   0.16291   0.06731   0.03465   8.44388   1.63642   0.75292   1.00759   0.89668   0.56407  
 61 43.6849  15924.700592  x:  0.00000   0.76869   1.56208   1.25084   0.04086   0.51390   0.44448   0.56312   0.42313   0.26194   0.08057   0.00384   0.14455   0.67953   0.05866   0.08592   0.10690   0.13243   0.06170   0.00000   1.49037   0.79845   0.97999   0.01016   0.62577   0.51083   0.65320   0.42226   0.18409   0.04786   0.00000   0.15500   0.56431   0.08688   0.10066   0.16289   0.06743   0.03464   8.44661   1.63618   0.75519   1.00609   0.89643   0.56353  
 62  4.0287  15924.583109  x:  0.00000   0.76802   1.56361   1.24799   0.04139   0.51129   0.44690   0.55912   0.41721   0.26012   0.08185   0.00355   0.14560   0.68118   0.05872   0.08578   0.10733   0.12807   0.06119   0.00000   1.47247   0.80902   0.97443   0.01029   0.62847   0.50684   0.65432   0.43008   0.18368   0.04817   0.00000   0.15484   0.55308   0.08572   0.10290   0.16257   0.06720   0.03453   8.45075   1.63516   0.75261   1.00652   0.89747   0.56442  
 63 15.5879  15924.179717  x:  0.00000   0.77390   1.56762   1.24096   0.04034   0.51469   0.45314   0.56037   0.42457   0.26158   0.08121   0.00356   0.14450   0.67914   0.05895   0.08561   0.10758   0.12969   0.05830   0.00000   1.40771   0.83354   0.94821   0.01229   0.63573   0.50392   0.65127   0.42836   0.18470   0.04861   0.00000   0.15500   0.56300   0.08602   0.10216   0.15860   0.06718   0.03443   8.45593   1.63439   0.75279   1.01302   0.88949   0.56380  
 64  9.5750  15923.982584  x:  0.00000   0.77743   1.56800   1.23758   0.04271   0.51734   0.45262   0.56174   0.42773   0.26232   0.07978   0.00341   0.14513   0.67838   0.05881   0.08560   0.10701   0.12860   0.05666   0.00000   1.38042   0.84282   0.93733   0.00955   0.63635   0.50476   0.65001   0.42572   0.18422   0.04842   0.00000   0.15461   0.56884   0.08626   0.10134   0.15943   0.06704   0.03434   8.45808   1.63459   0.75366   1.00505   0.89870   0.56708  
 65 31.7562  15923.368056  x:  0.00000   0.78700   1.56195   1.23382   0.04215   0.52364   0.41340   0.56566   0.41841   0.25971   0.08034   0.00302   0.14480   0.68497   0.05903   0.08534   0.10692   0.12833   0.05254   0.00000   1.35868   0.84281   0.93813   0.01165   0.61851   0.52731   0.65305   0.42109   0.18570   0.04917   0.00000   0.15387   0.56520   0.08667   0.10011   0.15491   0.06690   0.03412   8.45387   1.63655   0.75266   1.00481   0.89547   0.56796  
 66  5.6480  15920.674965  x:  0.00000   0.81954   1.51882   1.22695   0.03818   0.52323   0.43915   0.59237   0.44776   0.25948   0.07612   0.00176   0.14435   0.69255   0.05979   0.08453   0.10569   0.12743   0.03248   0.00000   1.38725   0.81418   0.99801   0.01074   0.61299   0.53732   0.66575   0.42752   0.18601   0.05008   0.00000   0.14967   0.53878   0.08849   0.09577   0.14162   0.06606   0.03269   8.42623   1.64881   0.75707   1.00859   0.89743   0.57075  
 67  7.6142  15920.171892  x:  0.00000   0.82780   1.51026   1.22913   0.03903   0.52127   0.44208   0.57239   0.42939   0.25571   0.07786   0.00138   0.14410   0.69713   0.05991   0.08434   0.10547   0.12691   0.02797   0.00000   1.40424   0.81282   1.00409   0.00926   0.62246   0.52938   0.66082   0.43727   0.18612   0.05043   0.00000   0.14879   0.56313   0.08865   0.09447   0.13750   0.06585   0.03244   8.42134   1.65087   0.75583   1.00621   0.89563   0.57135  
 68 17.2602  15920.077376  x:  0.00000   0.83216   1.51019   1.23624   0.03802   0.53159   0.43651   0.56613   0.43651   0.25596   0.07754   0.00133   0.14412   0.69767   0.05996   0.08433   0.10544   0.12681   0.02765   0.00000   1.42061   0.82455   0.98845   0.00928   0.62626   0.52575   0.65136   0.43899   0.18608   0.05055   0.00000   0.14858   0.55856   0.08871   0.09421   0.13707   0.06588   0.03240   8.42244   1.65208   0.75573   1.00588   0.89566   0.57132  
 69  4.8846  15920.006539  x:  0.00000   0.83382   1.50972   1.24334   0.03863   0.52259   0.43624   0.57480   0.43483   0.25625   0.07731   0.00130   0.14407   0.69869   0.05998   0.08432   0.10534   0.12664   0.02754   0.00000   1.43694   0.83931   0.96901   0.00843   0.62535   0.52826   0.65668   0.43988   0.18621   0.05068   0.00000   0.14854   0.56025   0.08874   0.09388   0.13639   0.06591   0.03237   8.42601   1.65391   0.75645   1.00692   0.89624   0.57125  
 70  4.2088  15919.958005  x:  0.00000   0.83386   1.50890   1.24530   0.03666   0.52777   0.44518   0.57202   0.43010   0.25587   0.07765   0.00127   0.14402   0.69968   0.06003   0.08431   0.10531   0.12651   0.02781   0.00000   1.44223   0.84453   0.96396   0.00861   0.61920   0.53439   0.66182   0.43512   0.18661   0.05097   0.00000   0.14871   0.55964   0.08883   0.09349   0.13575   0.06599   0.03238   8.43142   1.65500   0.75513   1.00479   0.89437   0.57143  
 71  2.1086  15919.442421  x:  0.00000   0.84220   1.49818   1.24623   0.03701   0.51242   0.45038   0.54744   0.44171   0.25959   0.07620   0.00137   0.14329   0.70095   0.06031   0.08405   0.10447   0.12507   0.03200   0.00000   1.45375   0.84508   0.97811   0.00734   0.61389   0.54637   0.65858   0.44154   0.19027   0.05200   0.00000   0.15068   0.56229   0.08924   0.08939   0.12907   0.06687   0.03248   8.50637   1.66297   0.76461   1.01909   0.90479   0.57694  
 72  1.6979  15918.991180  x:  0.00000   0.85417   1.49024   1.24694   0.03727   0.51608   0.44809   0.56353   0.43626   0.26131   0.07563   0.00144   0.14290   0.70446   0.06042   0.08392   0.10368   0.12336   0.03594   0.00000   1.46191   0.83908   0.99358   0.00597   0.62462   0.53330   0.65174   0.44903   0.19244   0.05320   0.00000   0.15155   0.56382   0.08946   0.08550   0.12315   0.06781   0.03246   8.57325   1.66820   0.75290   1.00048   0.88995   0.57936  
 73 15.0335  15918.934900  x:  0.00000   0.85703   1.49004   1.24700   0.03639   0.52430   0.44641   0.56954   0.42930   0.26187   0.07568   0.00146   0.14296   0.70353   0.06049   0.08390   0.10357   0.12324   0.03630   0.00000   1.46304   0.83742   0.99542   0.00619   0.62954   0.52643   0.65601   0.44729   0.19277   0.05328   0.00000   0.15190   0.56372   0.08951   0.08502   0.12252   0.06795   0.03246   8.58243   1.66866   0.75719   1.00696   0.89507   0.58012  
 74  6.5289  15918.930612  x:  0.00000   0.85779   1.49069   1.24619   0.03650   0.52451   0.44513   0.56804   0.43067   0.26194   0.07562   0.00146   0.14297   0.70362   0.06048   0.08390   0.10356   0.12323   0.03630   0.00000   1.46339   0.83718   0.99537   0.00620   0.63091   0.52501   0.66029   0.44641   0.19276   0.05333   0.00000   0.15195   0.56364   0.08952   0.08499   0.12251   0.06797   0.03245   8.58470   1.66866   0.75679   1.00633   0.89461   0.58009  
 75  1.0712  15918.854195  x:  0.00000   0.87315   1.51087   1.21518   0.03617   0.52292   0.44732   0.56925   0.43023   0.26421   0.07553   0.00152   0.14321   0.70415   0.06047   0.08384   0.10325   0.12338   0.03576   0.00000   1.47283   0.83765   0.99579   0.00583   0.62931   0.52691   0.65859   0.44650   0.19421   0.05368   0.00000   0.15339   0.56218   0.08932   0.08457   0.12427   0.06843   0.03220   8.67047   1.67126   0.75676   1.00671   0.89449   0.58140  
 76  0.5899  15918.662121  x:  0.00000   0.85983   1.48359   1.24051   0.03568   0.52168   0.44837   0.56925   0.43089   0.27083   0.07494   0.00169   0.14392   0.70385   0.06044   0.08364   0.10247   0.12384   0.03426   0.00000   1.47087   0.83299   1.00205   0.00687   0.62951   0.52540   0.65933   0.44518   0.19843   0.05456   0.00000   0.15766   0.55730   0.08886   0.08344   0.12885   0.06966   0.03157   8.89913   1.67361   0.75583   1.00634   0.89360   0.58571  
 77  4.2254  15918.470692  x:  0.00000   0.86343   1.47293   1.23319   0.03596   0.52038   0.45006   0.56919   0.43195   0.26879   0.07570   0.00131   0.14418   0.69688   0.06033   0.08312   0.10319   0.12359   0.03412   0.00000   1.47701   0.82753   1.00094   0.00754   0.62927   0.52635   0.65908   0.44287   0.19853   0.05819   0.00000   0.15154   0.55549   0.08897   0.08560   0.12589   0.06953   0.02949   9.38807   1.66408   0.75647   1.00635   0.89504   0.58397  
 78  0.3248  15918.360761  x:  0.00000   0.86493   1.47791   1.23580   0.03591   0.52198   0.44637   0.56818   0.42949   0.26528   0.07573   0.00163   0.14363   0.70150   0.06046   0.08391   0.10322   0.12425   0.03473   0.00000   1.46978   0.83334   0.99373   0.00744   0.62960   0.52489   0.65786   0.44332   0.19663   0.05577   0.00000   0.15591   0.56022   0.08891   0.08487   0.12689   0.06819   0.02946   9.90211   1.66773   0.75615   1.00615   0.89368   0.58306  
 79  0.2587  15918.334804  x:  0.00000   0.86640   1.47704   1.23670   0.03602   0.52174   0.44767   0.56925   0.43133   0.26775   0.07563   0.00131   0.14363   0.70122   0.06039   0.08356   0.10301   0.12371   0.03444   0.00000   1.46819   0.83308   0.99847   0.00741   0.62851   0.52664   0.65907   0.44351   0.19651   0.05501   0.00000   0.15378   0.55818   0.08880   0.08465   0.12657   0.06904   0.02978  10.17252   1.67108   0.75632   1.00656   0.89437   0.58308  
 80  0.1709  15918.330722  x:  0.00000   0.86588   1.47688   1.23648   0.03603   0.52169   0.44780   0.56907   0.43109   0.26710   0.07562   0.00175   0.14370   0.70038   0.06041   0.08351   0.10313   0.12388   0.03446   0.00000   1.46969   0.83248   0.99851   0.00738   0.62882   0.52618   0.65896   0.44367   0.19673   0.05523   0.00000   0.15375   0.55816   0.08892   0.08507   0.12660   0.06896   0.03010  10.26483   1.67044   0.75619   1.00648   0.89436   0.58329  
 81  0.0890  15918.329726  x:  0.00000   0.86563   1.47681   1.23623   0.03604   0.52169   0.44771   0.56890   0.43084   0.26684   0.07565   0.00151   0.14373   0.70023   0.06042   0.08354   0.10312   0.12390   0.03451   0.00000   1.47025   0.83233   0.99804   0.00741   0.62898   0.52589   0.65881   0.44367   0.19678   0.05531   0.00000   0.15396   0.55834   0.08899   0.08506   0.12670   0.06894   0.03026  10.30254   1.66998   0.75618   1.00643   0.89428   0.58325  
 82  0.0520  15918.329637  x:  0.00000   0.86570   1.47679   1.23613   0.03601   0.52170   0.44763   0.56890   0.43086   0.26690   0.07568   0.00152   0.14370   0.70042   0.06042   0.08358   0.10311   0.12389   0.03448   0.00000   1.46998   0.83247   0.99783   0.00745   0.62892   0.52599   0.65880   0.44362   0.19669   0.05536   0.00000   0.15395   0.55839   0.08895   0.08493   0.12665   0.06896   0.03030  10.31221   1.66999   0.75622   1.00645   0.89426   0.58324  
 83  0.0100  15918.329632  x:  0.00000   0.86575   1.47678   1.23615   0.03602   0.52171   0.44763   0.56892   0.43086   0.26694   0.07567   0.00152   0.14370   0.70048   0.06041   0.08358   0.10311   0.12389   0.03448   0.00000   1.46994   0.83250   0.99783   0.00745   0.62892   0.52599   0.65881   0.44362   0.19667   0.05538   0.00000   0.15395   0.55840   0.08895   0.08497   0.12666   0.06896   0.03030  10.31317   1.67002   0.75622   1.00645   0.89425   0.58325  
 84  0.0010  15918.329632  x:  0.00000   0.86575   1.47677   1.23615   0.03602   0.52171   0.44763   0.56892   0.43087   0.26693   0.07566   0.00152   0.14370   0.70049   0.06041   0.08357   0.10311   0.12389   0.03448   0.00000   1.46994   0.83249   0.99784   0.00744   0.62892   0.52599   0.65881   0.44362   0.19666   0.05539   0.00000   0.15395   0.55840   0.08895   0.08497   0.12666   0.06896   0.03030  10.31286   1.67002   0.75622   1.00645   0.89426   0.58325  
 85  0.0003  15918.329632  x:  0.00000   0.86575   1.47677   1.23615   0.03602   0.52171   0.44763   0.56892   0.43087   0.26693   0.07566   0.00152   0.14370   0.70049   0.06041   0.08357   0.10311   0.12389   0.03448   0.00000   1.46994   0.83249   0.99784   0.00744   0.62892   0.52599   0.65881   0.44362   0.19666   0.05539   0.00000   0.15395   0.55840   0.08895   0.08497   0.12666   0.06896   0.03030  10.31272   1.67002   0.75622   1.00645   0.89426   0.58325  
 86  0.0002  15918.329632  x:  0.00000   0.86575   1.47677   1.23615   0.03602   0.52171   0.44763   0.56892   0.43087   0.26693   0.07566   0.00152   0.14370   0.70049   0.06041   0.08357   0.10311   0.12389   0.03448   0.00000   1.46994   0.83249   0.99784   0.00745   0.62892   0.52599   0.65881   0.44362   0.19666   0.05539   0.00000   0.15395   0.55840   0.08895   0.08497   0.12666   0.06896   0.03030  10.31267   1.67002   0.75622   1.00645   0.89426   0.58325  

TREE # 2

  0  0.0000  20426.783098  x:  0.38975   0.00000   0.11659   0.13686   0.06632   0.03926   0.08034   0.09190   0.10282   0.06920   0.05475   0.10318   0.03509   0.03861   0.10814   0.04080   0.10651   0.04271   0.02606   0.07603   0.09174   0.06447   0.12292   0.11808   0.11254   0.08340   0.05751   0.09476   0.07841   0.03365   0.01697   0.05329   0.09017   0.10893   0.08726   0.01688   0.06659   0.06063   0.09909   1.67002   0.73901   0.96484   0.89318   0.58325  
  1 99.0000  16925.282565  x:  0.99725   0.41092   0.70967   0.69828   1.23900   0.83697   0.88903   0.51936   0.64015   0.68976   0.33856   0.08929   0.01403   0.36690   0.57694   0.18350   0.09298   0.26837   0.23917   0.00000   0.14119   0.63555   1.01090   0.89337   0.41955   0.74145   0.63657   0.61898   0.60330   0.81536   0.56831   0.00316   0.16769   0.69428   0.06742   0.45783   0.15414   0.18454   0.02346   1.61895   0.74431   0.93901   0.92530   0.72365  
  2 7693.9486  16908.119402  x:  1.00734   0.40940   0.71142   0.70004   1.24182   0.83761   0.89041   0.51944   0.64110   0.69019   0.33678   0.08617   0.00961   0.36399   0.57795   0.18069   0.09169   0.26614   0.23569   0.01952   0.13959   0.63645   1.01463   0.89636   0.42040   0.74235   0.63686   0.61934   0.60328   0.81368   0.56545   0.00000   0.16695   0.69594   0.06433   0.45396   0.15213   0.18279   0.02470   1.61876   0.74434   0.94101   0.92387   0.72060  
  3 1168.3608  16881.838014  x:  1.02861   0.40518   0.71424   0.70292   1.24595   0.83754   0.89199   0.51881   0.64222   0.68998   0.33230   0.07933   0.00000   0.35687   0.57935   0.17424   0.08901   0.25958   0.22615   0.01960   0.13585   0.63740   1.02129   0.90158   0.42169   0.74313   0.63644   0.61917   0.60227   0.80847   0.55801   0.00000   0.16526   0.69856   0.05764   0.44448   0.14765   0.17870   0.02698   1.61845   0.74429   0.94550   0.92074   0.71354  
  4 1246.6019  16858.438765  x:  1.05883   0.39487   0.71914   0.70762   1.25293   0.83590   0.89424   0.51718   0.64402   0.68935   0.32819   0.07702   0.00000   0.34749   0.58289   0.16908   0.09410   0.25138   0.21083   0.02034   0.12530   0.63828   1.03248   0.90997   0.42246   0.74385   0.63507   0.61885   0.60044   0.79736   0.54270   0.00000   0.16562   0.70350   0.05923   0.42740   0.14476   0.17517   0.00258   1.61749   0.74547   0.94487   0.92170   0.70742  
  5 1435.3929  16685.901070  x:  1.28220   0.28121   0.76594   0.74993   1.31936   0.81296   0.91421   0.50039   0.66137   0.68409   0.31938   0.12598   0.00000   0.28648   0.62406   0.16721   0.20602   0.20224   0.08408   0.02492   0.00000   0.64293   1.13382   0.98338   0.41954   0.74846   0.62058   0.61788   0.58555   0.68598   0.38968   0.00000   0.19534   0.75220   0.16792   0.27081   0.16472   0.18156   0.00656   1.60559   0.76432   0.87945   0.97574   0.69833  
  6 1393.0711  16548.151558  x:  1.48662   0.00000   0.86345   0.82060   1.45374   0.73589   0.95303   0.46963   0.69685   0.67615   0.32348   0.21812   0.00000   0.25891   0.67892   0.17634   0.19530   0.20912   0.22145   0.01969   0.00000   0.64554   1.30101   1.09420   0.37588   0.75660   0.59768   0.63371   0.58049   0.48338   0.09692   0.00000   0.17901   0.80460   0.29037   0.00912   0.19967   0.22659   0.00563   1.58166   0.70423   0.97795   0.94141   0.77080  
  7 660.4237  16530.009592  x:  1.53549   0.00000   0.89340   0.83736   1.48966   0.69761   0.95829   0.45618   0.70395   0.66784   0.31747   0.23419   0.00000   0.25304   0.68763   0.17249   0.17344   0.21212   0.24578   0.01861   0.00000   0.64210   1.34611   1.12124   0.35272   0.75350   0.58536   0.63649   0.57793   0.41946   0.01549   0.00000   0.16978   0.81809   0.32592   0.04757   0.20192   0.22910   0.00570   1.57790   0.71620   0.98460   0.93129   0.77833  
  8 448.8162  16496.161332  x:  1.61981   0.00000   0.99738   0.87667   1.59803   0.51779   0.95732   0.40348   0.71834   0.62621   0.28625   0.26344   0.00000   0.25932   0.69138   0.15965   0.06600   0.23647   0.29439   0.01576   0.00000   0.62336   1.47458   1.18930   0.23646   0.72822   0.53194   0.65071   0.58699   0.27707   0.06612   0.00000   0.15122   0.83438   0.39055   0.02963   0.19839   0.21066   0.00611   1.57641   0.80576   0.93184   0.92958   0.76695  
  9 253.8815  16450.892964  x:  1.71634   0.00000   1.17044   0.92507   1.76093   0.18824   0.94369   0.33240   0.73942   0.55746   0.23442   0.26968   0.00000   0.26681   0.68223   0.17451   0.09795   0.25460   0.33250   0.01412   0.00000   0.61008   1.65829   1.28786   0.02813   0.68547   0.44996   0.66764   0.58945   0.15913   0.15839   0.00000   0.15044   0.85019   0.44182   0.06107   0.17014   0.17141   0.00829   1.57548   0.75189   0.97244   0.94941   0.72701  
 10 421.5129  16439.025318  x:  1.72689   0.00000   1.21574   0.93098   1.79462   0.09861   0.93307   0.33239   0.74482   0.54291   0.23050   0.26762   0.00000   0.26624   0.67535   0.17236   0.09531   0.25283   0.33248   0.01411   0.00000   0.61611   1.69496   1.30863   0.00000   0.67798   0.43690   0.66991   0.58528   0.18168   0.14949   0.00000   0.15281   0.84735   0.44385   0.05806   0.16603   0.17308   0.00821   1.57522   0.75884   0.96927   0.94645   0.72535  
 11 325.6399  16429.307350  x:  1.73003   0.00000   1.27655   0.93387   1.83371   0.00000   0.91311   0.34743   0.75013   0.52368   0.22569   0.26380   0.00000   0.26690   0.66300   0.17139   0.09538   0.25203   0.33039   0.01418   0.00000   0.62521   1.73791   1.33171   0.03998   0.66817   0.42695   0.67317   0.57767   0.17523   0.15199   0.00000   0.15268   0.83886   0.44288   0.05879   0.16288   0.16977   0.00824   1.57468   0.75644   0.96847   0.94918   0.72192  
 12 298.7363  16429.307350  x:  1.73003   0.00000   1.27655   0.93387   1.83371   0.00000   0.91311   0.34743   0.75013   0.52368   0.22569   0.26380   0.00000   0.26690   0.66300   0.17139   0.09538   0.25203   0.33039   0.01418   0.00000   0.62521   1.73791   1.33171   0.03998   0.66817   0.42695   0.67317   0.57767   0.17523   0.15199   0.00000   0.15268   0.83886   0.44288   0.05879   0.16288   0.16977   0.00824   1.57468   0.75644   0.96847   0.94918   0.72192  
 13 99.9738  16336.600445  x:  1.84982   0.00000   1.27691   0.91578   1.80160   0.01004   0.88389   0.37113   0.73578   0.50669   0.17727   0.14869   0.00000   0.18800   0.63611   0.08900   0.05839   0.16772   0.18849   0.04954   0.00000   0.63143   1.72778   1.32818   0.05645   0.64984   0.41894   0.64936   0.54412   0.22304   0.10885   0.00000   0.13755   0.81846   0.30041   0.00869   0.10767   0.12904   0.36392   1.58048   0.76740   1.00911   0.90387   0.62814  
 14 848.9653  16264.585411  x:  1.95342   0.00000   1.27823   0.90047   1.77293   0.01235   0.85838   0.38954   0.72376   0.49352   0.15862   0.06366   0.00000   0.14206   0.61587   0.07099   0.08994   0.11325   0.07052   0.00972   0.00000   0.63777   1.71923   1.32560   0.06233   0.63324   0.41310   0.63086   0.51729   0.24855   0.08119   0.00000   0.13735   0.80568   0.18935   0.10130   0.08285   0.10516   0.37011   1.58224   0.77048   1.02306   0.89059   0.58665  
 15 717.1624  16249.105261  x:  1.99529   0.00000   1.27896   0.89435   1.76115   0.01294   0.84809   0.39676   0.71896   0.48846   0.15693   0.03838   0.00000   0.13009   0.60822   0.06903   0.09778   0.09983   0.03632   0.04157   0.00000   0.64052   1.71580   1.32464   0.06389   0.62654   0.41107   0.62382   0.50702   0.25732   0.07284   0.00000   0.13837   0.79959   0.14308   0.11879   0.07922   0.10046   0.35845   1.58241   0.77109   1.02622   0.88814   0.57663  
 16 1326.0014  16214.710028  x:  2.09932   0.00000   1.28125   0.87925   1.73133   0.01478   0.82267   0.41444   0.70724   0.47692   0.16781   0.02045   0.00000   0.11882   0.59063   0.06931   0.09512   0.09230   0.05063   0.03775   0.00000   0.64778   1.70726   1.32241   0.06675   0.61017   0.40694   0.60749   0.48317   0.27697   0.06021   0.00000   0.14132   0.78211   0.02905   0.10478   0.08432   0.10139   0.33665   1.58187   0.77179   1.03062   0.88611   0.56596  
 17 637.2324  16196.257737  x:  2.23602   0.00000   1.28478   0.85939   1.69102   0.01709   0.78958   0.43697   0.69241   0.46383   0.18461   0.06515   0.00000   0.12070   0.56955   0.06833   0.08459   0.09984   0.02683   0.03383   0.00000   0.65769   1.69584   1.31953   0.06918   0.58935   0.40304   0.58792   0.45487   0.29939   0.05373   0.00000   0.14230   0.76041   0.01033   0.09941   0.08571   0.10320   0.32794   1.58071   0.77220   1.03443   0.88517   0.56233  
 18 443.8991  16126.224045  x:  2.89100   0.00000   1.30189   0.76428   1.49718   0.02470   0.63121   0.54318   0.62203   0.39903   0.22568   0.10715   0.00000   0.10828   0.46966   0.06319   0.05691   0.10203   0.06379   0.04655   0.00000   0.70515   1.64089   1.30550   0.07986   0.49008   0.38530   0.49518   0.32162   0.40423   0.02006   0.00000   0.14670   0.66069   0.05825   0.11615   0.08441   0.10261   0.29562   1.57619   0.77494   1.05493   0.87700   0.53543  
 19 1740.9333  16091.753628  x:  3.24550   0.00000   1.31546   0.71619   1.38724   0.02242   0.55557   0.59172   0.59333   0.37498   0.20899   0.07353   0.00000   0.14301   0.44153   0.09367   0.09619   0.12014   0.03718   0.03245   0.00000   0.73324   1.61048   1.29805   0.07369   0.44737   0.39196   0.46923   0.29602   0.43279   0.09743   0.00000   0.14516   0.61763   0.08169   0.06586   0.09425   0.11111   0.28894   1.57178   0.77490   1.05076   0.88602   0.57688  
 20 952.8517  16061.239318  x:  3.57017   0.00000   1.33853   0.68415   1.27570   0.01763   0.52540   0.61330   0.59543   0.38954   0.15081   0.07047   0.00000   0.16989   0.48646   0.04276   0.06365   0.12781   0.03679   0.03216   0.00000   0.76353   1.57967   1.29020   0.04447   0.44416   0.43669   0.50460   0.37110   0.36612   0.09500   0.00000   0.13449   0.61577   0.08007   0.06789   0.07490   0.10472   0.27984   1.56997   0.77292   1.02519   0.90793   0.63547  
 21 393.9869  16040.023872  x:  3.86490   0.00000   1.36377   0.66218   1.17122   0.01678   0.51672   0.62321   0.60724   0.41384   0.11808   0.09129   0.00000   0.16752   0.54278   0.10230   0.07727   0.11994   0.04718   0.03656   0.00000   0.79225   1.54982   1.28198   0.02114   0.45495   0.48294   0.54840   0.45351   0.28074   0.06515   0.00000   0.13090   0.62908   0.07746   0.07758   0.07472   0.10266   0.29706   1.57292   0.77150   1.01008   0.91368   0.64399  
 22 818.3998  16025.999914  x:  4.06049   0.00000   1.38787   0.66279   1.10060   0.01943   0.53905   0.61357   0.62727   0.44019   0.16464   0.08434   0.00000   0.14555   0.58791   0.08589   0.08536   0.11405   0.03972   0.03283   0.00000   0.81350   1.52761   1.27521   0.02896   0.47947   0.51289   0.58380   0.51203   0.22232   0.07840   0.00000   0.14424   0.65782   0.09037   0.06063   0.11330   0.11936   0.28850   1.58154   0.76796   1.01511   0.89605   0.59859  
 23 393.2477  16021.140687  x:  4.13574   0.00000   1.40370   0.68042   1.07626   0.01615   0.56983   0.59380   0.64277   0.45474   0.17896   0.08962   0.00000   0.14747   0.60334   0.08584   0.08712   0.12632   0.04844   0.03678   0.00000   0.82329   1.51781   1.27167   0.03456   0.49826   0.51674   0.59574   0.52706   0.23039   0.10702   0.00000   0.13867   0.68289   0.08750   0.06703   0.08351   0.10716   0.28538   1.58918   0.76446   1.02264   0.88043   0.57607  
 24 177.9771  16019.587777  x:  4.16720   0.00000   1.41354   0.69748   1.06871   0.01155   0.59197   0.57720   0.65190   0.46103   0.17604   0.08689   0.00000   0.14917   0.60579   0.09018   0.08003   0.12593   0.04572   0.03535   0.00000   0.82807   1.51337   1.26976   0.03411   0.50864   0.51204   0.59740   0.52494   0.24168   0.10380   0.01879   0.13792   0.69756   0.08939   0.06231   0.08262   0.10903   0.28155   1.59425   0.76236   1.02351   0.87660   0.57661  
 25 139.8816  16015.269938  x:  4.24412   0.00000   1.43885   0.74331   1.05143   0.00000   0.64871   0.53336   0.67476   0.47576   0.16813   0.08138   0.00000   0.15348   0.60947   0.09765   0.06863   0.12354   0.03964   0.03222   0.00000   0.83992   1.50234   1.26478   0.03260   0.53459   0.49731   0.60001   0.51601   0.26839   0.09239   0.00476   0.12858   0.73290   0.09371   0.05145   0.08582   0.11564   0.27403   1.60750   0.75743   1.02357   0.87011   0.58205  
 26 320.6136  16015.269938  x:  4.24412   0.00000   1.43885   0.74331   1.05143   0.00000   0.64871   0.53336   0.67476   0.47576   0.16813   0.08138   0.00000   0.15348   0.60947   0.09765   0.06863   0.12354   0.03964   0.03222   0.00000   0.83992   1.50234   1.26478   0.03260   0.53459   0.49731   0.60001   0.51601   0.26839   0.09239   0.00476   0.12858   0.73290   0.09371   0.05145   0.08582   0.11564   0.27403   1.60750   0.75743   1.02357   0.87011   0.58205  
 27 166.7384  15994.603731  x:  4.24918   0.00000   1.43964   0.74532   1.05118   0.00028   0.64756   0.53268   0.67347   0.47330   0.17371   0.07176   0.00000   0.15348   0.60539   0.09483   0.07941   0.12478   0.08457   0.03119   0.00000   0.84028   1.50191   1.26446   0.03218   0.53279   0.49365   0.59686   0.50952   0.26667   0.08613   0.00000   0.13450   0.73073   0.08026   0.07453   0.09404   0.11694   0.22292   1.60772   0.75732   1.01841   0.87735   0.58828  
 28 401.6997  15956.446970  x:  4.26747   0.00000   1.44232   0.75233   1.05006   0.00177   0.64355   0.53038   0.66883   0.46473   0.19173   0.04741   0.00000   0.15369   0.59111   0.08485   0.09331   0.12726   0.06709   0.02341   0.00000   0.84139   1.50020   1.26319   0.03158   0.52690   0.48102   0.58609   0.48723   0.26298   0.07020   0.02030   0.15128   0.72309   0.03835   0.09404   0.10894   0.11913   0.04169   1.60853   0.75766   1.00438   0.89662   0.60369  
 29 572.3104  15954.300782  x:  4.27084   0.00000   1.44276   0.75350   1.04977   0.00216   0.64289   0.53003   0.66805   0.46344   0.19393   0.04844   0.00000   0.15376   0.58888   0.08479   0.09214   0.12734   0.06496   0.03032   0.00000   0.84153   1.49984   1.26291   0.03177   0.52610   0.47903   0.58444   0.48376   0.26317   0.06967   0.01102   0.14963   0.72184   0.04541   0.09404   0.10798   0.12011   0.02511   1.60868   0.75768   1.00365   0.89771   0.60410  
 30 272.6184  15953.699394  x:  4.27696   0.00000   1.44355   0.75561   1.04925   0.00277   0.64170   0.52940   0.66668   0.46116   0.19728   0.04829   0.00000   0.15380   0.58496   0.08461   0.09133   0.12735   0.06353   0.02383   0.00000   0.84181   1.49919   1.26243   0.03208   0.52467   0.47554   0.58152   0.47759   0.26354   0.06872   0.00342   0.14938   0.71961   0.04571   0.09314   0.10841   0.12239   0.02359   1.60895   0.75774   1.00230   0.89975   0.60510  
 31 80.2587  15952.278934  x:  4.29711   0.00000   1.44610   0.76246   1.04751   0.00457   0.63788   0.52734   0.66232   0.45384   0.20690   0.04650   0.00000   0.15394   0.57250   0.08417   0.08994   0.12763   0.06216   0.02807   0.00000   0.84269   1.49705   1.26084   0.03307   0.52020   0.46445   0.57227   0.45797   0.26485   0.06652   0.00000   0.15214   0.71272   0.04375   0.09115   0.11102   0.12805   0.02653   1.60984   0.75807   0.99829   0.90582   0.60817  
 32 119.5584  15951.159021  x:  4.32573   0.00000   1.44955   0.77175   1.04486   0.00672   0.63294   0.52463   0.65675   0.44465   0.21538   0.04753   0.00000   0.15404   0.55694   0.08556   0.08748   0.12752   0.06462   0.02488   0.00000   0.84383   1.49398   1.25854   0.03463   0.51489   0.45052   0.56095   0.43344   0.26717   0.06758   0.00791   0.15388   0.70413   0.05502   0.08928   0.11068   0.13065   0.02701   1.61100   0.75868   0.99610   0.90983   0.60937  
 33 230.0556  15949.977221  x:  4.37007   0.00000   1.45417   0.78432   1.04014   0.00792   0.62743   0.52128   0.65104   0.43540   0.20894   0.04813   0.00000   0.15390   0.54227   0.08962   0.08885   0.12673   0.06803   0.02510   0.00000   0.84527   1.48923   1.25498   0.03667   0.51089   0.43719   0.55147   0.41030   0.26931   0.07620   0.00832   0.14751   0.69421   0.04913   0.08372   0.10228   0.11748   0.02567   1.61209   0.75958   1.00300   0.90273   0.60396  
 34 93.9635  15948.953396  x:  4.43095   0.00000   1.45971   0.79901   1.03327   0.00814   0.62351   0.51844   0.64773   0.42998   0.19256   0.04736   0.00000   0.15405   0.53559   0.08370   0.09205   0.12741   0.06186   0.02549   0.00000   0.84736   1.48322   1.25047   0.03735   0.51046   0.43108   0.54940   0.39963   0.26541   0.07591   0.00728   0.14459   0.68640   0.05054   0.09993   0.10607   0.11632   0.02754   1.61230   0.75915   1.01003   0.89562   0.60216  
 35 79.0072  15946.490458  x:  4.61430   0.00000   1.47482   0.83806   1.01210   0.00898   0.61786   0.51357   0.64495   0.42547   0.16740   0.07172   0.00000   0.15456   0.53542   0.08207   0.08795   0.12850   0.06613   0.02540   0.00000   0.85404   1.46624   1.23781   0.03643   0.51551   0.43061   0.55787   0.39870   0.25359   0.07100   0.00937   0.14576   0.67410   0.04552   0.09151   0.11342   0.13481   0.02437   1.61183   0.75711   1.01567   0.89088   0.60415  
 36 130.3462  15939.547749  x:  5.15018   0.00000   1.51513   0.94029   0.95006   0.00712   0.60964   0.50488   0.64628   0.42494   0.16162   0.04398   0.00000   0.15196   0.55391   0.10095   0.09756   0.12571   0.06692   0.02530   0.00000   0.87453   1.41959   1.20315   0.02920   0.53198   0.44589   0.59131   0.42482   0.24181   0.07548   0.00566   0.15772   0.65609   0.05744   0.07687   0.11011   0.12689   0.02658   1.61213   0.75665   1.00110   0.90773   0.61039  
 37 311.7263  15935.103077  x:  5.51097   0.00000   1.53883   0.99888   0.90889   0.00891   0.60910   0.50363   0.65069   0.43076   0.19838   0.05751   0.00000   0.15306   0.56872   0.08644   0.08705   0.12647   0.06486   0.02552   0.00000   0.88866   1.39110   1.18224   0.02781   0.54065   0.45780   0.60970   0.44460   0.24970   0.08185   0.00603   0.15500   0.65490   0.05254   0.09215   0.09999   0.10931   0.02849   1.61511   0.75914   0.99576   0.91054   0.60057  
 38 595.8244  15933.229120  x:  5.66548   0.00000   1.54295   1.00555   0.89394   0.00978   0.61572   0.50982   0.65669   0.43989   0.21398   0.04311   0.00000   0.15450   0.57349   0.08245   0.08626   0.12723   0.06711   0.02548   0.00000   0.89524   1.38535   1.17862   0.03072   0.53783   0.46085   0.60630   0.44897   0.26693   0.07651   0.00883   0.14120   0.67162   0.05156   0.08898   0.10202   0.12548   0.02717   1.62071   0.75933   1.00690   0.89462   0.58460  
 39 188.3900  15931.752108  x:  5.79788   0.00000   1.53948   0.98904   0.88697   0.00612   0.62700   0.52142   0.66491   0.45345   0.21707   0.05106   0.00000   0.15501   0.57413   0.09568   0.09781   0.12751   0.06451   0.02566   0.00000   0.90168   1.38947   1.18302   0.03073   0.52773   0.46016   0.59114   0.44732   0.28168   0.06401   0.00768   0.14144   0.70065   0.05234   0.09024   0.11054   0.11994   0.02772   1.62900   0.75559   1.01127   0.88843   0.58773  
 40 131.8672  15929.963638  x:  5.92932   0.00000   1.53178   0.95945   0.88506   0.00000   0.63902   0.53443   0.67283   0.46616   0.20577   0.04913   0.00000   0.15398   0.57262   0.08645   0.08732   0.12647   0.06620   0.02558   0.00000   0.90806   1.39906   1.19182   0.03079   0.51545   0.45869   0.57218   0.44507   0.28985   0.06365   0.00610   0.14761   0.73177   0.05287   0.08765   0.10788   0.11494   0.02776   1.63902   0.75324   1.00750   0.89104   0.59578  
 41 197.8513  15929.963638  x:  5.92932   0.00000   1.53178   0.95945   0.88506   0.00000   0.63902   0.53443   0.67283   0.46616   0.20577   0.04913   0.00000   0.15398   0.57262   0.08645   0.08732   0.12647   0.06620   0.02558   0.00000   0.90806   1.39906   1.19182   0.03079   0.51545   0.45869   0.57218   0.44507   0.28985   0.06365   0.00610   0.14761   0.73177   0.05287   0.08765   0.10788   0.11494   0.02776   1.63902   0.75324   1.00750   0.89104   0.59578  
 42 114.3751  15929.110336  x:  5.93002   0.00000   1.53140   0.95831   0.88580   0.00028   0.63860   0.53419   0.67227   0.46523   0.20493   0.05068   0.00000   0.15401   0.57195   0.08705   0.08673   0.12654   0.06767   0.03115   0.00000   0.90797   1.39957   1.19221   0.03122   0.51551   0.45835   0.57198   0.44451   0.28826   0.06519   0.00000   0.14622   0.73066   0.05582   0.08711   0.10666   0.11758   0.03444   1.63917   0.75362   1.00710   0.89139   0.59477  
 43 125.7219  15928.617518  x:  5.93313   0.00000   1.52969   0.95330   0.88912   0.00128   0.63677   0.53311   0.66990   0.46124   0.20120   0.05547   0.00000   0.15401   0.56910   0.08910   0.08473   0.12654   0.07042   0.02951   0.00000   0.90757   1.40184   1.19393   0.03281   0.51574   0.45688   0.57110   0.44209   0.28156   0.07140   0.00453   0.14445   0.72623   0.06330   0.08421   0.10284   0.12522   0.03668   1.63978   0.75524   1.00560   0.89273   0.59114  
 44 57.1668  15928.314255  x:  5.93629   0.00000   1.52798   0.94832   0.89247   0.00195   0.63505   0.53203   0.66768   0.45745   0.19785   0.05734   0.00000   0.15397   0.56649   0.09008   0.08378   0.12651   0.07038   0.02803   0.00000   0.90714   1.40413   1.19564   0.03380   0.51592   0.45551   0.57029   0.43975   0.27539   0.07513   0.00091   0.14257   0.72189   0.06454   0.08166   0.10066   0.12838   0.03222   1.64025   0.75626   1.00470   0.89371   0.58884  
 45 80.1547  15927.941110  x:  5.94333   0.00000   1.52427   0.93756   0.89984   0.00279   0.63160   0.52978   0.66332   0.44987   0.19228   0.05674   0.00000   0.15384   0.56146   0.09009   0.08385   0.12650   0.06765   0.03285   0.00000   0.90617   1.40916   1.19936   0.03470   0.51622   0.45286   0.56866   0.43497   0.26419   0.07863   0.00323   0.14193   0.71323   0.05959   0.07938   0.10108   0.12793   0.03111   1.64095   0.75721   1.00401   0.89505   0.58707  
 46 68.4067  15927.625900  x:  5.95093   0.00000   1.52035   0.92629   0.90768   0.00353   0.62835   0.52762   0.65924   0.44279   0.18893   0.05570   0.00000   0.15374   0.55691   0.08932   0.08466   0.12646   0.06645   0.02852   0.00000   0.90508   1.41448   1.20326   0.03487   0.51651   0.45043   0.56719   0.43041   0.25530   0.07990   0.00250   0.14209   0.70488   0.05694   0.08124   0.10295   0.12502   0.03535   1.64142   0.75737   1.00412   0.89586   0.58735  
 47 102.4623  15927.337493  x:  5.96095   0.00000   1.51539   0.91223   0.91768   0.00450   0.62516   0.52548   0.65530   0.43604   0.19008   0.05625   0.00000   0.15381   0.55284   0.08813   0.08575   0.12663   0.07010   0.02984   0.00000   0.90353   1.42116   1.20808   0.03411   0.51690   0.44823   0.56593   0.42596   0.25097   0.07913   0.00248   0.14356   0.69638   0.06107   0.08731   0.10477   0.12067   0.03341   1.64155   0.75662   1.00526   0.89595   0.59047  
 48 69.1901  15926.814099  x:  5.98780   0.00000   1.50283   0.87756   0.94298   0.00745   0.62019   0.52230   0.64960   0.42699   0.20231   0.05936   0.00000   0.15424   0.54824   0.08851   0.08520   0.12694   0.06908   0.02955   0.00000   0.89883   1.43758   1.21959   0.03170   0.51818   0.44571   0.56490   0.41983   0.26102   0.07664   0.00244   0.14613   0.68238   0.05971   0.08166   0.10224   0.12307   0.03381   1.64104   0.75510   1.00845   0.89434   0.59800  
 49 50.2956  15926.472838  x:  6.01040   0.00000   1.49311   0.85182   0.96243   0.00858   0.61856   0.52166   0.64862   0.42634   0.20173   0.04956   0.00000   0.15392   0.54865   0.08958   0.08464   0.12637   0.06749   0.02966   0.00000   0.89425   1.44953   1.22767   0.03245   0.51941   0.44592   0.56573   0.41952   0.27118   0.07596   0.00269   0.14425   0.67819   0.06196   0.08319   0.10239   0.12588   0.03357   1.64089   0.75691   1.00762   0.89447   0.59351  
 50 57.1608  15926.105146  x:  6.04172   0.00000   1.48117   0.82161   0.98686   0.00857   0.61915   0.52280   0.65096   0.43252   0.19698   0.05595   0.00000   0.15403   0.55286   0.08895   0.08488   0.12665   0.07177   0.02948   0.00000   0.88733   1.46371   1.23688   0.03472   0.52078   0.44798   0.56820   0.42354   0.27749   0.07356   0.00290   0.14160   0.68045   0.05800   0.08481   0.10475   0.12345   0.03366   1.64056   0.75890   1.00487   0.89644   0.58502  
 51 61.2474  15925.853435  x:  6.06772   0.00000   1.47303   0.80226   1.00474   0.00690   0.62136   0.52435   0.65440   0.43968   0.19287   0.05906   0.00000   0.15399   0.55718   0.08829   0.08546   0.12685   0.06526   0.02981   0.00000   0.88139   1.47349   1.24288   0.03478   0.52095   0.44994   0.57026   0.42847   0.27415   0.07238   0.00273   0.14299   0.68681   0.06165   0.08450   0.10358   0.12193   0.03370   1.63975   0.75738   1.00488   0.89693   0.58723  
 52 59.0309  15925.666505  x:  6.09085   0.00000   1.46720   0.78949   1.01857   0.00545   0.62408   0.52571   0.65752   0.44543   0.19137   0.05582   0.00000   0.15373   0.56040   0.08854   0.08538   0.12660   0.06971   0.02958   0.00000   0.87607   1.48061   1.24696   0.03390   0.52038   0.45131   0.57144   0.43260   0.26811   0.07383   0.00245   0.14499   0.69381   0.06086   0.08198   0.10223   0.12314   0.03377   1.63908   0.75569   1.00622   0.89575   0.59220  
 53 65.1778  15925.546339  x:  6.11270   0.00000   1.46448   0.78605   1.02697   0.00660   0.62709   0.52647   0.65904   0.44731   0.19821   0.05525   0.00000   0.15396   0.56070   0.08950   0.08421   0.12644   0.06866   0.02970   0.00000   0.87112   1.48402   1.24825   0.03362   0.51902   0.45132   0.57043   0.43381   0.26309   0.07826   0.00232   0.14405   0.69981   0.05904   0.08550   0.10416   0.12536   0.03355   1.63963   0.75705   1.00714   0.89315   0.59112  
 54 25.6317  15925.377157  x:  6.15351   0.00000   1.46261   0.78881   1.03664   0.00762   0.63119   0.52649   0.65948   0.44583   0.20446   0.05305   0.00000   0.15422   0.55819   0.08827   0.08630   0.12676   0.06909   0.02957   0.00000   0.86257   1.48675   1.24808   0.03450   0.51688   0.45007   0.56649   0.43204   0.25963   0.07642   0.00261   0.14224   0.70710   0.06132   0.08146   0.10220   0.12116   0.03397   1.64177   0.75775   1.00668   0.89338   0.58587  
 55 27.4047  15924.792758  x:  6.31359   0.00000   1.45973   0.80989   1.06331   0.00453   0.64147   0.52435   0.65810   0.43589   0.19866   0.05477   0.00000   0.15373   0.54783   0.08735   0.08267   0.12690   0.06900   0.02963   0.00000   0.83260   1.49288   1.24505   0.03831   0.51268   0.44501   0.55334   0.42373   0.26609   0.07331   0.00197   0.14498   0.72325   0.05962   0.08431   0.10372   0.12579   0.03356   1.64883   0.75407   1.00353   0.90131   0.58838  
 56 56.8818  15924.490782  x:  6.40324   0.00000   1.45880   0.82086   1.07065   0.00503   0.64366   0.52332   0.65724   0.43323   0.19310   0.05679   0.00000   0.15389   0.54686   0.09302   0.08931   0.12649   0.06893   0.02967   0.00000   0.81980   1.49495   1.24345   0.03842   0.51419   0.44389   0.55202   0.42343   0.27066   0.07771   0.00187   0.14447   0.72333   0.05977   0.08407   0.10357   0.12300   0.03371   1.65152   0.75815   1.00576   0.89507   0.59100  
 57 92.4842  15923.963865  x:  6.56054   0.00000   1.45756   0.83703   1.07292   0.00752   0.64272   0.52192   0.65618   0.43342   0.18862   0.05759   0.00000   0.15423   0.55138   0.08485   0.08178   0.12631   0.06897   0.02970   0.00000   0.80367   1.49697   1.24124   0.03646   0.52102   0.44434   0.55746   0.42795   0.27215   0.07875   0.00226   0.14251   0.71301   0.06071   0.08280   0.10248   0.12042   0.03399   1.65470   0.76220   1.01110   0.88462   0.59065  
 58 128.2949  15922.850719  x:  6.90603   0.00000   1.45486   0.86573   1.06373   0.01062   0.63529   0.51951   0.65530   0.44026   0.19404   0.05613   0.00000   0.15410   0.56615   0.09041   0.08597   0.12715   0.06896   0.02974   0.00000   0.77883   1.49975   1.23813   0.03309   0.53748   0.44742   0.57566   0.44056   0.26477   0.06898   0.00285   0.14260   0.68332   0.05997   0.08435   0.10380   0.12780   0.03352   1.65944   0.75401   1.01243   0.88956   0.58397  
 59 227.4570  15922.325707  x:  7.07303   0.00000   1.45331   0.87211   1.04945   0.00959   0.63077   0.51884   0.65597   0.44569   0.19974   0.05422   0.00000   0.15367   0.56992   0.08876   0.08497   0.12631   0.06892   0.02973   0.00000   0.77720   1.50045   1.23899   0.03629   0.54078   0.44759   0.58198   0.44269   0.26566   0.08031   0.00237   0.14487   0.67498   0.06054   0.08281   0.10353   0.12132   0.03400   1.65957   0.75503   1.00244   0.90079   0.58691  
 60 167.5453  15920.951109  x:  7.51477   0.00000   1.44764   0.86116   0.97909   0.00531   0.62181   0.51739   0.65895   0.45964   0.20087   0.05398   0.00000   0.15389   0.56191   0.08881   0.08583   0.12690   0.06898   0.02982   0.00000   0.80937   1.49944   1.24857   0.04238   0.52730   0.44042   0.58055   0.42643   0.26325   0.07079   0.00274   0.14371   0.68357   0.05840   0.08662   0.09697   0.12540   0.03404   1.65391   0.76935   0.99509   0.89689   0.59059  
 61 124.7304  15920.192652  x:  7.76103   0.00000   1.44515   0.85209   0.93815   0.00755   0.61944   0.51726   0.65973   0.46317   0.19795   0.05470   0.00000   0.15388   0.55635   0.08950   0.08511   0.12673   0.06897   0.02977   0.00000   0.83266   1.49759   1.25391   0.04049   0.51804   0.43793   0.57748   0.41896   0.26562   0.07544   0.00220   0.14325   0.69202   0.06133   0.08177   0.10730   0.12440   0.03370   1.65074   0.75762   1.00462   0.89501   0.58496  
 62 326.0744  15920.060551  x:  7.80391   0.00000   1.44637   0.84977   0.93301   0.00998   0.62124   0.51811   0.65885   0.45854   0.19699   0.05495   0.00000   0.15393   0.55634   0.08922   0.08544   0.12649   0.06892   0.02985   0.00000   0.84105   1.49566   1.25417   0.03753   0.51762   0.44077   0.57584   0.42184   0.26650   0.07733   0.00246   0.14302   0.69464   0.05944   0.08485   0.10072   0.12324   0.03402   1.65077   0.75388   1.00646   0.89591   0.58322  
 63 57.7323  15919.855177  x:  7.87261   0.00000   1.45253   0.84532   0.93069   0.01081   0.62657   0.52131   0.65610   0.44229   0.19657   0.05534   0.00000   0.15401   0.55872   0.08915   0.08548   0.12669   0.06898   0.02981   0.00000   0.86338   1.48878   1.25280   0.03306   0.52048   0.45099   0.57135   0.43367   0.26606   0.07567   0.00212   0.14399   0.69974   0.06027   0.08345   0.10383   0.12405   0.03387   1.65213   0.75730   1.00356   0.89669   0.58350  
 64 41.4008  15919.785968  x:  7.89653   0.00000   1.45761   0.84399   0.93466   0.00499   0.62648   0.52405   0.65637   0.43909   0.19764   0.05533   0.00000   0.15374   0.55982   0.08978   0.08495   0.12660   0.06897   0.02982   0.00000   0.87508   1.48361   1.25053   0.03808   0.52240   0.45306   0.56952   0.43558   0.26595   0.07576   0.00235   0.14229   0.69969   0.06015   0.08363   0.10345   0.12359   0.03393   1.65330   0.75588   1.00544   0.89548   0.58334  
 65 21.4246  15919.645973  x:  7.94668   0.00000   1.47428   0.84166   0.95297   0.00434   0.62551   0.53383   0.65991   0.44377   0.19723   0.05530   0.00000   0.15444   0.56110   0.08723   0.08729   0.12691   0.06895   0.02983   0.00000   0.90602   1.46672   1.24090   0.03483   0.52161   0.45068   0.56690   0.43118   0.26612   0.07675   0.00206   0.14473   0.69515   0.06014   0.08368   0.10354   0.12498   0.03381   1.65782   0.75576   1.00536   0.89480   0.58166  
 66 19.3273  15919.618867  x:  7.95658   0.00000   1.47802   0.84091   0.95691   0.00546   0.62508   0.53484   0.66038   0.44495   0.19700   0.05526   0.00000   0.15395   0.56092   0.08988   0.08488   0.12657   0.06897   0.02984   0.00000   0.91191   1.46289   1.23845   0.03381   0.52068   0.45034   0.56737   0.43034   0.26599   0.07606   0.00224   0.14352   0.69454   0.06026   0.08352   0.10351   0.12369   0.03390   1.65859   0.75579   1.00514   0.89507   0.58215  
 67 24.7609  15919.600849  x:  7.96392   0.00000   1.48189   0.83904   0.95993   0.00628   0.62329   0.53139   0.65949   0.44536   0.19696   0.05530   0.00000   0.15354   0.55941   0.08900   0.08569   0.12664   0.06896   0.02983   0.00000   0.91457   1.45868   1.23495   0.03390   0.51805   0.45111   0.57104   0.43077   0.26616   0.07599   0.00251   0.14120   0.69555   0.06024   0.08355   0.10379   0.12405   0.03388   1.65859   0.75572   1.00539   0.89564   0.58308  
 68  6.0909  15919.589879  x:  7.96873   0.00000   1.48460   0.83730   0.96161   0.00613   0.62181   0.52841   0.65870   0.44543   0.19703   0.05530   0.00000   0.15404   0.55851   0.08943   0.08530   0.12667   0.06897   0.02984   0.00000   0.91554   1.45561   1.23222   0.03421   0.51651   0.45168   0.57346   0.43108   0.26623   0.07600   0.00224   0.14326   0.69647   0.06023   0.08355   0.10356   0.12389   0.03390   1.65845   0.75609   1.00577   0.89545   0.58223  
 69  9.3146  15919.582412  x:  7.97355   0.00000   1.48743   0.83395   0.96146   0.00754   0.62150   0.52719   0.65853   0.44533   0.19700   0.05529   0.00000   0.15355   0.55987   0.08931   0.08540   0.12620   0.06896   0.02985   0.00000   0.91361   1.45252   1.22888   0.03503   0.51849   0.45148   0.57202   0.43014   0.26608   0.07596   0.00219   0.14357   0.69722   0.06023   0.08355   0.10359   0.12397   0.03389   1.65746   0.75590   1.00555   0.89528   0.58251  
 70  1.9674  15919.577228  x:  7.97717   0.00000   1.48932   0.83155   0.96122   0.00672   0.62137   0.52643   0.65849   0.44524   0.19705   0.05527   0.00000   0.15391   0.56060   0.08939   0.08532   0.12678   0.06896   0.02984   0.00000   0.91196   1.45043   1.22659   0.03392   0.51968   0.45109   0.57087   0.42965   0.26606   0.07614   0.00224   0.14306   0.69753   0.06023   0.08356   0.10358   0.12390   0.03390   1.65680   0.75585   1.00531   0.89532   0.58254  
 71  7.3724  15919.568453  x:  7.98523   0.00000   1.49153   0.82864   0.96064   0.00609   0.62386   0.52843   0.65924   0.44532   0.19708   0.05530   0.00000   0.15478   0.55816   0.08934   0.08535   0.12553   0.06897   0.02986   0.00000   0.90912   1.44849   1.22468   0.03408   0.51900   0.45050   0.57053   0.43135   0.26613   0.07596   0.00227   0.14294   0.69596   0.06025   0.08354   0.10358   0.12392   0.03391   1.65636   0.75615   1.00572   0.89570   0.58269  
 72  1.8081  15919.562528  x:  7.99101   0.00000   1.49272   0.82721   0.96042   0.00607   0.62527   0.52972   0.65961   0.44525   0.19707   0.05524   0.00000   0.15384   0.55699   0.08938   0.08531   0.12716   0.06897   0.02985   0.00000   0.90755   1.44765   1.22398   0.03453   0.51838   0.45021   0.57055   0.43222   0.26621   0.07597   0.00224   0.14318   0.69512   0.06025   0.08355   0.10354   0.12389   0.03392   1.65625   0.75631   1.00596   0.89577   0.58275  
 73  7.4092  15919.526212  x:  8.02902   0.00000   1.49571   0.82539   0.96190   0.00423   0.62632   0.53243   0.65876   0.44303   0.19718   0.05560   0.00000   0.14975   0.55969   0.08918   0.08544   0.12531   0.06893   0.02991   0.00000   0.90305   1.44816   1.22658   0.03364   0.51493   0.44942   0.57222   0.43117   0.26633   0.07602   0.00214   0.14361   0.69530   0.06027   0.08354   0.10343   0.12393   0.03396   1.65773   0.75602   1.00524   0.89490   0.58217  
 74  4.0987  15919.397716  x:  8.16580   0.00000   1.50517   0.82104   0.96825   0.00457   0.62839   0.54052   0.65589   0.43650   0.19656   0.05549   0.00000   0.15485   0.56878   0.08927   0.08514   0.12684   0.06895   0.03001   0.00000   0.88925   1.45164   1.23754   0.03585   0.50627   0.44834   0.57737   0.42681   0.26656   0.07590   0.00197   0.14313   0.69750   0.06030   0.08352   0.10346   0.12390   0.03410   1.66276   0.75408   1.00306   0.89284   0.58282  
 75 60.0829  15918.979968  x:  8.61928   0.00000   1.52312   0.81809   0.99562   0.00658   0.62020   0.53961   0.65722   0.44079   0.19657   0.05540   0.00000   0.15403   0.55325   0.08896   0.08488   0.12670   0.06891   0.03043   0.00000   0.85859   1.47061   1.27452   0.03217   0.52244   0.45687   0.57273   0.42622   0.26717   0.07587   0.00111   0.14341   0.70951   0.06045   0.08343   0.10330   0.12389   0.03457   1.67168   0.75680   1.00866   0.89514   0.58225  
 76 47.5941  15918.805172  x:  8.80664   0.00000   1.51181   0.82078   1.00943   0.00765   0.63048   0.51982   0.66161   0.44428   0.19620   0.05552   0.00000   0.15407   0.55704   0.08881   0.08473   0.12667   0.06888   0.03060   0.00000   0.85519   1.47996   1.27483   0.03476   0.51731   0.44927   0.55908   0.43454   0.26754   0.07560   0.00092   0.14340   0.70343   0.06059   0.08334   0.10323   0.12387   0.03477   1.66587   0.75551   1.00708   0.89353   0.58180  
 77 31.7825  15918.648258  x:  8.97669   0.00000   1.46877   0.82301   1.02093   0.00725   0.63810   0.52191   0.65847   0.44004   0.19607   0.05557   0.00000   0.15405   0.55525   0.08868   0.08464   0.12671   0.06887   0.03074   0.00000   0.85688   1.48618   1.24401   0.03551   0.52546   0.44209   0.56772   0.43056   0.26789   0.07551   0.00063   0.14352   0.70775   0.06062   0.08333   0.10314   0.12383   0.03496   1.66130   0.75619   1.00801   0.89426   0.58234  
 78 16.1511  15918.626133  x:  9.00181   0.00000   1.46010   0.82283   1.02188   0.00756   0.63373   0.52379   0.65904   0.44092   0.19605   0.05559   0.00000   0.15405   0.55516   0.08866   0.08462   0.12670   0.06886   0.03076   0.00000   0.85567   1.48618   1.23678   0.03573   0.52175   0.44835   0.56362   0.43064   0.26781   0.07560   0.00061   0.14349   0.70659   0.06064   0.08332   0.10315   0.12384   0.03498   1.66596   0.75574   1.00755   0.89357   0.58296  
 79  6.6513  15918.624396  x:  9.00580   0.00000   1.45978   0.82284   1.02171   0.00781   0.63240   0.52423   0.65835   0.44093   0.19607   0.05558   0.00000   0.15404   0.55554   0.08866   0.08462   0.12670   0.06886   0.03076   0.00000   0.85567   1.48597   1.23656   0.03583   0.52148   0.44672   0.56305   0.43199   0.26788   0.07552   0.00061   0.14349   0.70698   0.06063   0.08332   0.10314   0.12384   0.03498   1.66682   0.75630   1.00841   0.89426   0.58310  
 80  0.6064  15918.599420  x:  9.07765   0.00000   1.45950   0.82407   1.01886   0.00785   0.63153   0.52457   0.65409   0.44307   0.19624   0.05549   0.00000   0.15401   0.55394   0.08872   0.08468   0.12670   0.06889   0.03070   0.00000   0.85718   1.48251   1.23729   0.03606   0.52293   0.44392   0.56353   0.43472   0.26794   0.07535   0.00078   0.14351   0.70684   0.06060   0.08338   0.10317   0.12383   0.03493   1.67047   0.75269   1.00297   0.89017   0.58325  
 81  1.2012  15918.441222  x:  9.55337   0.00000   1.46020   0.83425   1.00109   0.00646   0.63616   0.52264   0.65036   0.44899   0.19684   0.05526   0.00000   0.15396   0.55981   0.08886   0.08496   0.12668   0.06902   0.03036   0.00000   0.86660   1.46233   1.24181   0.03654   0.52386   0.44841   0.56885   0.42950   0.26684   0.07565   0.00193   0.14373   0.69884   0.06047   0.08367   0.10307   0.12388   0.03464   1.67736   0.75751   1.00837   0.89559   0.58437  
 82 25.2222  15918.390300  x:  9.70328   0.00000   1.46306   0.83879   0.99650   0.00739   0.62764   0.52571   0.66190   0.44401   0.19689   0.05535   0.00000   0.15396   0.55994   0.08891   0.08508   0.12665   0.06907   0.03024   0.00000   0.86920   1.46107   1.24011   0.03616   0.52204   0.44736   0.57122   0.43051   0.26665   0.07553   0.00230   0.14378   0.69757   0.06042   0.08377   0.10304   0.12389   0.03455   1.66921   0.75669   1.00626   0.89444   0.58372  
 83 29.2919  15918.381109  x:  9.73176   0.00000   1.46821   0.83990   0.99537   0.00713   0.62654   0.52752   0.65823   0.44544   0.19692   0.05533   0.00000   0.15394   0.56014   0.08892   0.08510   0.12665   0.06908   0.03022   0.00000   0.87068   1.46941   1.23493   0.03611   0.52087   0.44875   0.57052   0.43073   0.26657   0.07553   0.00236   0.14377   0.69726   0.06041   0.08379   0.10305   0.12389   0.03453   1.66552   0.75687   1.00634   0.89457   0.58334  
 84  3.2941  15918.377942  x:  9.74271   0.00000   1.47098   0.83958   0.99419   0.00706   0.62713   0.52662   0.65988   0.44511   0.19692   0.05534   0.00000   0.15395   0.56023   0.08893   0.08510   0.12665   0.06908   0.03021   0.00000   0.87156   1.47447   1.23183   0.03613   0.52139   0.44823   0.57124   0.43051   0.26657   0.07554   0.00237   0.14379   0.69729   0.06041   0.08379   0.10304   0.12390   0.03452   1.66866   0.75685   1.00637   0.89457   0.58345  
 85  1.8339  15918.334158  x: 10.14382   0.00000   1.47088   0.83104   0.99668   0.00753   0.62879   0.52593   0.65873   0.44306   0.19655   0.05541   0.00000   0.15392   0.55798   0.08901   0.08496   0.12665   0.06891   0.03024   0.00000   0.86463   1.47773   1.23691   0.03587   0.52169   0.44749   0.56866   0.43096   0.26689   0.07572   0.00114   0.14370   0.70074   0.06036   0.08349   0.10310   0.12391   0.03433   1.66917   0.75602   1.00626   0.89424   0.58303  
 86  0.2604  15918.329888  x: 10.27422   0.00000   1.46974   0.83223   0.99813   0.00745   0.62902   0.52600   0.65888   0.44354   0.19668   0.05539   0.00000   0.15395   0.55832   0.08894   0.08496   0.12666   0.06897   0.03033   0.00000   0.86558   1.47709   1.23612   0.03601   0.52166   0.44766   0.56877   0.43088   0.26700   0.07565   0.00162   0.14368   0.70075   0.06043   0.08357   0.10311   0.12388   0.03452   1.66988   0.75621   1.00649   0.89424   0.58324  
 87  0.0993  15918.329635  x: 10.30913   0.00000   1.46994   0.83258   0.99784   0.00744   0.62891   0.52600   0.65880   0.44365   0.19666   0.05539   0.00000   0.15395   0.55843   0.08895   0.08497   0.12666   0.06897   0.03030   0.00000   0.86586   1.47669   1.23611   0.03603   0.52170   0.44764   0.56894   0.43086   0.26692   0.07567   0.00152   0.14371   0.70046   0.06041   0.08358   0.10311   0.12389   0.03449   1.67006   0.75623   1.00645   0.89426   0.58326  
 88  0.0310  15918.329632  x: 10.31250   0.00000   1.46994   0.83249   0.99784   0.00745   0.62893   0.52599   0.65881   0.44362   0.19666   0.05539   0.00000   0.15395   0.55840   0.08895   0.08497   0.12666   0.06896   0.03030   0.00000   0.86574   1.47677   1.23615   0.03602   0.52171   0.44763   0.56892   0.43087   0.26693   0.07566   0.00152   0.14370   0.70049   0.06041   0.08357   0.10311   0.12389   0.03448   1.67002   0.75622   1.00645   0.89426   0.58325  
 89  0.0032  15918.329632  x: 10.31266   0.00000   1.46994   0.83249   0.99784   0.00745   0.62892   0.52599   0.65881   0.44362   0.19666   0.05539   0.00000   0.15395   0.55840   0.08895   0.08497   0.12666   0.06896   0.03030   0.00000   0.86575   1.47677   1.23615   0.03602   0.52171   0.44763   0.56892   0.43087   0.26693   0.07566   0.00152   0.14370   0.70049   0.06041   0.08357   0.10311   0.12389   0.03448   1.67002   0.75622   1.00645   0.89426   0.58325  
 90  0.0002  15918.329632  x: 10.31266   0.00000   1.46994   0.83249   0.99784   0.00745   0.62892   0.52599   0.65881   0.44362   0.19666   0.05539   0.00000   0.15395   0.55840   0.08895   0.08497   0.12666   0.06896   0.03030   0.00000   0.86575   1.47677   1.23615   0.03602   0.52171   0.44763   0.56892   0.43087   0.26693   0.07566   0.00152   0.14370   0.70049   0.06041   0.08357   0.10311   0.12389   0.03448   1.67002   0.75622   1.00645   0.89426   0.58325  