

TREE # 1

  0  0.0000   2584.190202  x:  0.01972   0.20925   0.02571   0.03211   0.02495   0.05815   0.02188   0.05666   0.08536   0.02661   0.17168   0.01972   0.20925   0.02571   0.03211   0.02495   0.05815   0.02188   0.05666   0.08536   0.02661   0.17168   0.21568   8.40433   1.69964   1.25925   1.74105   1.00000  
  1 99.0000   2368.941786  x:  0.00000   0.20366   0.13103   0.17105   0.01750   0.06248   0.02427   0.07883   0.08808   0.16781   0.15936   0.00977   0.20438   0.16934   0.17647   0.04292   0.06967   0.03123   0.06917   0.08506   0.12745   0.15744   0.19831   8.40425   1.69964   1.25804   1.74193   0.99936  
  2 2313.7858   2356.107100  x:  0.00000   0.18941   0.12596   0.17762   0.00000   0.07147   0.01593   0.09887   0.09091   0.16295   0.13111   0.00492   0.19281   0.16409   0.18549   0.04046   0.08748   0.02040   0.07563   0.08108   0.12327   0.12460   0.15633   8.40412   1.69947   1.25678   1.74252   0.99775  
  3 221.4700   2340.339687  x:  0.00000   0.15887   0.11563   0.19218   0.02118   0.08704   0.01357   0.13755   0.09635   0.15288   0.07023   0.01697   0.16838   0.15314   0.20344   0.03640   0.11933   0.00607   0.08675   0.07328   0.11476   0.05359   0.06271   8.40383   1.69910   1.25386   1.74394   0.99409  
  4 1195.4415   2338.098994  x:  0.00000   0.15274   0.11369   0.19416   0.02097   0.08854   0.01684   0.14259   0.09717   0.15089   0.05877   0.01896   0.16336   0.15085   0.20632   0.03663   0.12373   0.01943   0.08789   0.07208   0.11320   0.04056   0.04159   8.40375   1.69901   1.25306   1.74434   0.99320  
  5 584.3801   2337.133245  x:  0.00000   0.14893   0.11400   0.19392   0.01673   0.08415   0.02358   0.13804   0.09683   0.15110   0.05649   0.02368   0.15967   0.15041   0.20700   0.03787   0.11904   0.01662   0.08523   0.07261   0.11378   0.04265   0.02459   8.40363   1.69887   1.25180   1.74504   0.99201  
  6 101.5869   2336.937642  x:  0.00000   0.14500   0.11419   0.19385   0.01681   0.08040   0.01790   0.13447   0.09664   0.15123   0.05444   0.02484   0.15540   0.14990   0.20785   0.03837   0.11513   0.01700   0.08309   0.07294   0.11419   0.04240   0.02228   8.40346   1.69866   1.25021   1.74596   0.99052  
  7 38.3659   2336.801400  x:  0.00000   0.13876   0.11402   0.19420   0.01624   0.07762   0.01965   0.13101   0.09671   0.15099   0.05158   0.02399   0.14855   0.14876   0.20945   0.03834   0.11147   0.01634   0.08122   0.07303   0.11438   0.03977   0.02499   8.40316   1.69827   1.24741   1.74761   0.98789  
  8 34.8507   2336.729861  x:  0.00000   0.13342   0.11364   0.19463   0.01697   0.07968   0.01963   0.13047   0.09729   0.15055   0.05534   0.02276   0.14232   0.14756   0.21094   0.03774   0.11143   0.01665   0.08202   0.07288   0.11451   0.04156   0.02466   8.40267   1.69761   1.24296   1.75028   0.98379  
  9 16.9369   2336.679921  x:  0.00000   0.13278   0.11405   0.19365   0.01607   0.08131   0.01949   0.13025   0.09774   0.15091   0.05403   0.02590   0.14065   0.14789   0.21045   0.03875   0.11248   0.01683   0.08340   0.07365   0.11499   0.04284   0.02563   8.40168   1.69621   1.23480   1.75529   0.97610  
 10 10.2085   2336.510461  x:  0.00000   0.13552   0.11599   0.18995   0.01701   0.08197   0.01949   0.12779   0.09824   0.15286   0.05341   0.02278   0.14023   0.14987   0.20704   0.03863   0.11324   0.01642   0.08473   0.07590   0.11713   0.04100   0.02445   8.39779   1.69071   1.20418   1.77413   0.94687  
 11 37.6949   2336.450261  x:  0.00000   0.13586   0.11471   0.19239   0.01640   0.07930   0.01962   0.12987   0.09741   0.15223   0.05457   0.02408   0.14251   0.14929   0.20840   0.03611   0.11308   0.01659   0.08234   0.07334   0.11574   0.04092   0.02480   8.39599   1.68815   1.19342   1.78085   0.93551  
 12 22.6717   2336.432444  x:  0.00000   0.13575   0.11394   0.19376   0.01659   0.07870   0.01970   0.13076   0.09695   0.15148   0.05433   0.02331   0.14377   0.14860   0.20944   0.03839   0.11240   0.01656   0.08197   0.07261   0.11488   0.04171   0.02484   8.39522   1.68707   1.19075   1.78260   0.93196  
 13 13.9735   2336.413373  x:  0.00000   0.13548   0.11391   0.19513   0.01642   0.08072   0.01955   0.13011   0.09653   0.15023   0.05413   0.02337   0.14577   0.14781   0.21106   0.03766   0.10971   0.01660   0.08260   0.07465   0.11422   0.04153   0.02481   8.39333   1.68450   1.19121   1.78285   0.92818  
 14  3.4575   2336.250313  x:  0.00000   0.13584   0.11643   0.19424   0.01584   0.07898   0.01944   0.12493   0.09801   0.14994   0.05624   0.02421   0.14767   0.14562   0.21241   0.03838   0.10987   0.01656   0.08653   0.07056   0.11739   0.04038   0.02511   8.37250   1.65786   1.20868   1.77726   0.89893  
 15  5.2391   2336.153975  x:  0.00000   0.13615   0.11591   0.19352   0.01649   0.07857   0.01972   0.12531   0.09781   0.15152   0.05365   0.02218   0.14652   0.14743   0.21176   0.03668   0.11112   0.01688   0.08361   0.07228   0.11692   0.04449   0.02515   8.35962   1.64283   1.21807   1.77351   0.88368  
 16 35.7570   2336.086643  x:  0.00000   0.13679   0.11466   0.19306   0.01591   0.07872   0.01970   0.12694   0.09687   0.15331   0.05614   0.02311   0.14475   0.15062   0.21011   0.03882   0.11065   0.01680   0.07984   0.07549   0.11505   0.04289   0.02536   8.35022   1.63383   1.22253   1.77071   0.87607  
 17 25.1044   2335.818516  x:  0.00000   0.14045   0.11533   0.19695   0.01488   0.07958   0.01976   0.13210   0.09439   0.15537   0.05614   0.02271   0.14022   0.15606   0.20030   0.03815   0.09767   0.01722   0.08383   0.07042   0.11633   0.04422   0.02559   8.30989   1.61608   1.21524   1.75886   0.87927  
 18  7.6332   2334.191003  x:  0.00000   0.14618   0.12610   0.20950   0.01139   0.06390   0.02056   0.11265   0.09640   0.15412   0.06408   0.02099   0.14588   0.15603   0.19656   0.03963   0.09524   0.01828   0.08118   0.08633   0.12702   0.05154   0.02922   8.05859   1.52811   1.14717   1.68514   0.92735  
 19 45.8898   2333.701528  x:  0.00000   0.14716   0.12567   0.20076   0.01066   0.07258   0.02012   0.10053   0.09335   0.16144   0.06452   0.02037   0.15119   0.15847   0.20442   0.04076   0.09186   0.01830   0.07191   0.07719   0.12604   0.05275   0.02985   7.98293   1.50745   1.12684   1.66234   0.94072  
 20 96.4165   2333.567022  x:  0.00000   0.14563   0.12453   0.19135   0.01064   0.06872   0.02048   0.10210   0.09302   0.16487   0.06540   0.01998   0.15357   0.16180   0.21152   0.03988   0.08871   0.01849   0.07657   0.07761   0.12259   0.05365   0.03018   7.96172   1.50875   1.12276   1.65542   0.94163  
 21 25.1906   2333.370424  x:  0.00000   0.14390   0.13047   0.18821   0.01009   0.06871   0.02069   0.10508   0.09936   0.16122   0.06644   0.01978   0.15628   0.16390   0.21126   0.04070   0.08485   0.01872   0.07185   0.07764   0.12697   0.05464   0.03081   7.92934   1.54449   1.12579   1.64401   0.92856  
 22  9.6026   2333.154849  x:  0.00000   0.14564   0.12859   0.19376   0.00960   0.06761   0.02064   0.09831   0.09199   0.16445   0.06709   0.01950   0.15604   0.16480   0.20818   0.04040   0.08627   0.01878   0.07481   0.07854   0.12519   0.05539   0.03117   7.89384   1.58888   1.13175   1.63427   0.91283  
 23 35.9128   2333.111360  x:  0.00000   0.15046   0.12572   0.19451   0.00938   0.06749   0.02066   0.09850   0.09460   0.16794   0.06721   0.01970   0.15359   0.16063   0.21014   0.04037   0.08478   0.01885   0.07456   0.07954   0.12654   0.05545   0.03123   7.88611   1.59756   1.13664   1.64204   0.91252  
 24  6.6273   2332.807959  x:  0.00000   0.15557   0.12975   0.19240   0.00871   0.06630   0.02084   0.09782   0.08565   0.16208   0.06819   0.01936   0.15053   0.16363   0.21499   0.04045   0.08344   0.01911   0.07269   0.07943   0.13024   0.05661   0.03163   7.82929   1.65376   1.18709   1.74066   0.92451  
 25 11.3222   2332.669775  x:  0.00000   0.15049   0.12968   0.19505   0.00846   0.06600   0.02076   0.09448   0.09279   0.16614   0.06845   0.01875   0.15500   0.16722   0.21122   0.04040   0.08292   0.01917   0.07350   0.07843   0.12494   0.05716   0.03172   7.80335   1.67874   1.21018   1.78645   0.93045  
 26 46.5655   2332.654762  x:  0.00000   0.14772   0.12922   0.19470   0.00838   0.06600   0.02078   0.09552   0.09161   0.16866   0.06861   0.01877   0.15703   0.16564   0.20975   0.04050   0.08271   0.01920   0.07329   0.07900   0.12695   0.05713   0.03182   7.80053   1.68092   1.21228   1.79060   0.93102  
 27  6.6305   2331.249808  x:  0.00000   0.15163   0.16254   0.20541   0.00653   0.07067   0.02169   0.11177   0.08744   0.18772   0.07009   0.01695   0.15224   0.15917   0.22080   0.04104   0.09133   0.02146   0.07348   0.07620   0.11016   0.05986   0.03177   7.51167   1.68619   1.21468   1.78255   0.92805  
 28  0.5370   2328.435724  x:  0.00000   0.15236   0.13721   0.22955   0.00285   0.08025   0.02289   0.12823   0.09615   0.19260   0.07310   0.01347   0.15282   0.19873   0.24802   0.04077   0.11022   0.02571   0.08111   0.06991   0.13665   0.06387   0.03181   6.93070   1.69629   1.21862   1.76501   0.92204  
 29 203.5131   2326.331733  x:  0.00000   0.13990   0.14908   0.25200   0.00000   0.07643   0.02065   0.12638   0.09292   0.20654   0.06826   0.01744   0.14761   0.21090   0.27259   0.04022   0.10267   0.02669   0.08007   0.06964   0.14409   0.05969   0.02869   7.95238   1.65341   1.20397   1.73096   0.91822  
 30  0.7878   2325.811823  x:  0.00000   0.13911   0.15717   0.26830   0.00282   0.07317   0.01899   0.12218   0.09171   0.21897   0.06444   0.01406   0.14784   0.22270   0.29161   0.03998   0.09562   0.02611   0.07869   0.06899   0.14955   0.05490   0.02868   8.07113   1.65134   1.20254   1.73439   0.92511  
 31  0.0988   2325.710134  x:  0.00000   0.14090   0.15817   0.26921   0.00308   0.07320   0.02024   0.11899   0.09259   0.22167   0.06363   0.01845   0.14882   0.22639   0.29628   0.04013   0.09644   0.02476   0.07903   0.06832   0.15132   0.05313   0.02848   7.99094   1.65538   1.20399   1.73650   0.92784  
 32  0.0861   2325.682532  x:  0.00000   0.14168   0.15730   0.26640   0.00495   0.07384   0.02051   0.11721   0.09297   0.22161   0.06438   0.01769   0.14930   0.22761   0.29581   0.04019   0.09776   0.02359   0.07921   0.06804   0.15130   0.05335   0.02902   7.94221   1.65891   1.20557   1.73707   0.92759  
 33  0.0466   2325.675424  x:  0.00000   0.14124   0.15719   0.26486   0.00446   0.07371   0.02070   0.11691   0.09268   0.22127   0.06482   0.01740   0.14884   0.22823   0.29457   0.04020   0.09729   0.02268   0.07907   0.06808   0.15103   0.05395   0.02893   7.91002   1.65565   1.20373   1.73433   0.92587  
 34  0.0228   2325.673870  x:  0.00000   0.14120   0.15728   0.26518   0.00436   0.07377   0.02029   0.11752   0.09278   0.22146   0.06472   0.01745   0.14882   0.22866   0.29471   0.04015   0.09743   0.02234   0.07915   0.06810   0.15120   0.05397   0.02902   7.93053   1.65625   1.20414   1.73585   0.92638  
 35  0.0144   2325.673755  x:  0.00000   0.14124   0.15735   0.26545   0.00435   0.07375   0.02039   0.11762   0.09278   0.22153   0.06467   0.01743   0.14886   0.22861   0.29490   0.04015   0.09752   0.02225   0.07916   0.06808   0.15126   0.05396   0.02897   7.93399   1.65629   1.20417   1.73545   0.92652  
 36  0.0029   2325.673742  x:  0.00000   0.14124   0.15736   0.26555   0.00435   0.07377   0.02037   0.11761   0.09276   0.22150   0.06469   0.01743   0.14887   0.22846   0.29491   0.04014   0.09752   0.02224   0.07917   0.06808   0.15124   0.05397   0.02900   7.93225   1.65637   1.20418   1.73547   0.92645  
 37  0.0011   2325.673741  x:  0.00000   0.14123   0.15734   0.26555   0.00435   0.07376   0.02037   0.11761   0.09277   0.22149   0.06469   0.01743   0.14887   0.22845   0.29491   0.04015   0.09752   0.02224   0.07917   0.06808   0.15123   0.05397   0.02899   7.93235   1.65635   1.20419   1.73550   0.92647  
 38  0.0001   2325.673741  x:  0.00000   0.14124   0.15734   0.26555   0.00435   0.07376   0.02037   0.11761   0.09277   0.22149   0.06469   0.01743   0.14887   0.22845   0.29492   0.04015   0.09752   0.02224   0.07917   0.06808   0.15123   0.05397   0.02899   7.93240   1.65634   1.20419   1.73549   0.92647  
 39  0.0000   2325.673741  x:  0.00000   0.14124   0.15734   0.26555   0.00435   0.07376   0.02037   0.11761   0.09277   0.22149   0.06469   0.01743   0.14887   0.22845   0.29492   0.04015   0.09752   0.02224   0.07917   0.06808   0.15123   0.05397   0.02899   7.93240   1.65634   1.20419   1.73549   0.92647  
 40  0.0000   2325.673741  x:  0.00000   0.14124   0.15734   0.26555   0.00435   0.07376   0.02037   0.11761   0.09277   0.22149   0.06469   0.01743   0.14887   0.22845   0.29492   0.04015   0.09752   0.02224   0.07917   0.06808   0.15123   0.05397   0.02899   7.93240   1.65634   1.20419   1.73549   0.92647  

TREE # 2

  0  0.0000   2554.018041  x:  0.00000   0.14124   0.15734   0.26555   0.00435   0.07376   0.02037   0.11761   0.09277   0.22149   0.06469   0.01743   0.14887   0.22845   0.29492   0.04015   0.09752   0.02224   0.07917   0.06808   0.15123   0.05397   0.02899   7.93240   1.62531   1.08876   1.60916   0.92647  
  1 99.0000   2466.623866  x:  0.19569   0.13097   0.14750   0.26266   0.26596   0.11633   0.05678   0.13742   0.09129   0.21009   0.07257   0.02237   0.13683   0.21692   0.28937   0.09060   0.11195   0.06617   0.11265   0.07877   0.13813   0.05882   0.02569   7.93241   1.62473   1.08975   1.60973   0.92669  
  2 3316.7288   2355.097890  x:  0.11268   0.01043   0.04821   0.21171   0.26955   0.20930   0.11551   0.26951   0.07403   0.10412   0.12094   0.02930   0.00000   0.11383   0.22959   0.25920   0.18464   0.12960   0.29025   0.13792   0.01667   0.09241   0.00070   7.93264   1.61900   1.10240   1.61189   0.92500  
  3 472.4504   2351.048563  x:  0.10726   0.00290   0.04190   0.20830   0.26994   0.21528   0.11911   0.27796   0.07291   0.09704   0.12390   0.02957   0.00000   0.10700   0.22557   0.26990   0.18918   0.13353   0.30155   0.14160   0.00884   0.09450   0.00667   7.93266   1.61862   1.10325   1.61203   0.92489  
  4 5714.4264   2347.642022  x:  0.10128   0.01780   0.03938   0.20349   0.27209   0.22048   0.11983   0.28480   0.07187   0.08712   0.12437   0.02728   0.00000   0.09846   0.21946   0.27736   0.19134   0.13486   0.30967   0.14291   0.00000   0.09417   0.00910   7.93269   1.61805   1.10455   1.61227   0.92473  
  5 405.0573   2347.642022  x:  0.10128   0.01780   0.03938   0.20349   0.27209   0.22048   0.11983   0.28480   0.07187   0.08712   0.12437   0.02728   0.00000   0.09846   0.21946   0.27736   0.19134   0.13486   0.30967   0.14291   0.00000   0.09417   0.00910   7.93269   1.61805   1.10455   1.61227   0.92473  
  6 193.8799   2340.248926  x:  0.06114   0.01294   0.05039   0.18843   0.25003   0.21851   0.10048   0.28474   0.07188   0.05935   0.11127   0.01266   0.00000   0.07724   0.20006   0.26598   0.18034   0.11757   0.30263   0.13362   0.00541   0.08129   0.07831   7.93280   1.61628   1.10897   1.61292   0.92424  
  7 251.8837   2335.398979  x:  0.03883   0.01686   0.05352   0.17952   0.23601   0.21789   0.08985   0.28486   0.07313   0.04630   0.10545   0.02284   0.00000   0.06777   0.18842   0.25910   0.17411   0.10815   0.29765   0.12860   0.00000   0.07476   0.07629   7.93287   1.61520   1.11157   1.61351   0.92394  
  8 239.8947   2332.643257  x:  0.02210   0.01553   0.05462   0.16900   0.21796   0.21782   0.07895   0.28540   0.07569   0.03727   0.09936   0.01031   0.00000   0.06134   0.17482   0.25074   0.16730   0.09870   0.29190   0.12536   0.00868   0.07075   0.06299   7.93293   1.61382   1.11486   1.61450   0.92356  
  9 242.1360   2330.735885  x:  0.03626   0.00993   0.05735   0.15223   0.18579   0.21897   0.06520   0.28720   0.08058   0.03783   0.09311   0.01493   0.00000   0.05883   0.15320   0.23661   0.15732   0.08709   0.28205   0.12047   0.02041   0.06980   0.05903   7.93302   1.61129   1.12066   1.61683   0.92296  
 10 120.3698   2330.262541  x:  0.03958   0.01717   0.05782   0.14748   0.17347   0.22020   0.06371   0.28833   0.08133   0.04066   0.09282   0.01186   0.00000   0.06172   0.14619   0.23149   0.15478   0.08592   0.27809   0.11856   0.01769   0.07097   0.05943   7.93304   1.61016   1.12310   1.61812   0.92277  
 11 107.9751   2329.828085  x:  0.03747   0.01245   0.05556   0.14400   0.15897   0.22258   0.06642   0.29029   0.08058   0.04526   0.09522   0.01003   0.00000   0.06754   0.13989   0.22572   0.15356   0.08871   0.27312   0.11726   0.01117   0.07390   0.06014   7.93305   1.60853   1.12656   1.62033   0.92260  
 12 74.0504   2329.703808  x:  0.03499   0.01340   0.05496   0.14422   0.15292   0.22432   0.06920   0.29154   0.07916   0.04599   0.09729   0.01198   0.00000   0.06950   0.13846   0.22332   0.15424   0.09187   0.27075   0.11846   0.01474   0.07541   0.06082   7.93304   1.60744   1.12889   1.62209   0.92252  
 13 37.9165   2329.629159  x:  0.03664   0.01322   0.05658   0.14671   0.14857   0.22671   0.07086   0.29318   0.07703   0.04265   0.09868   0.01145   0.00000   0.06654   0.13902   0.22125   0.15625   0.09518   0.26745   0.11994   0.01428   0.07447   0.06028   7.93302   1.60549   1.13305   1.62546   0.92243  
 14 17.6276   2329.560137  x:  0.03587   0.01325   0.05665   0.15152   0.14711   0.23020   0.06803   0.29591   0.07945   0.04585   0.09721   0.01151   0.00000   0.06487   0.14155   0.21951   0.15926   0.09523   0.26227   0.12121   0.01421   0.07275   0.06040   7.93296   1.60129   1.14248   1.63365   0.92220  
 15 11.7490   2329.499263  x:  0.03623   0.01319   0.05556   0.15323   0.14866   0.23248   0.06614   0.29829   0.07869   0.04289   0.09671   0.01165   0.00000   0.06866   0.14283   0.21927   0.16010   0.09254   0.25898   0.12057   0.01422   0.07464   0.06041   7.93288   1.59663   1.15413   1.64456   0.92196  
 16 15.0017   2329.408402  x:  0.03580   0.01313   0.05752   0.14882   0.15299   0.23245   0.06977   0.30052   0.07751   0.04476   0.09871   0.01163   0.00000   0.06621   0.14096   0.22137   0.15754   0.09153   0.26013   0.11802   0.01445   0.07565   0.05986   7.93272   1.59008   1.17471   1.66613   0.92160  
 17 15.3585   2329.362031  x:  0.03614   0.01336   0.05502   0.14660   0.15282   0.22987   0.06878   0.29897   0.07829   0.04397   0.09764   0.01170   0.00000   0.06692   0.14034   0.22279   0.15667   0.09535   0.26414   0.11944   0.01415   0.07295   0.05987   7.93261   1.58925   1.18446   1.67903   0.92142  
 18 13.8666   2329.325576  x:  0.03566   0.01307   0.05820   0.14789   0.15057   0.22680   0.06768   0.29554   0.07883   0.04393   0.09680   0.01177   0.00000   0.06752   0.14069   0.22328   0.15710   0.09554   0.26821   0.12146   0.01352   0.07522   0.05954   7.93249   1.59283   1.19001   1.69072   0.92129  
 19  9.8732   2329.270622  x:  0.03580   0.01336   0.05512   0.15144   0.14742   0.22432   0.06945   0.29057   0.07790   0.04419   0.09769   0.01176   0.00000   0.06569   0.14114   0.22233   0.15800   0.09114   0.27177   0.12092   0.01325   0.07540   0.05938   7.93229   1.60351   1.19546   1.70887   0.92112  
 20 12.7754   2329.167921  x:  0.03552   0.01296   0.05819   0.15210   0.14824   0.22547   0.07060   0.28674   0.07771   0.04408   0.09825   0.01189   0.00000   0.06876   0.14124   0.21852   0.15846   0.09092   0.27052   0.11604   0.01389   0.07000   0.05838   7.93187   1.63131   1.20187   1.74221   0.92102  
 21 16.0944   2329.011446  x:  0.03512   0.01337   0.05597   0.14802   0.15211   0.22911   0.06823   0.28625   0.07891   0.04306   0.09647   0.01210   0.00000   0.06546   0.14043   0.21483   0.15776   0.09516   0.26448   0.11522   0.01313   0.07528   0.05760   7.93122   1.67750   1.21108   1.79166   0.92114  
 22 42.5050   2328.940371  x:  0.03484   0.01336   0.05630   0.14557   0.15152   0.22939   0.06860   0.29209   0.07785   0.04324   0.09688   0.01213   0.00000   0.06595   0.14000   0.21935   0.15636   0.09220   0.26164   0.12261   0.01201   0.07326   0.05731   7.93096   1.69930   1.21708   1.80958   0.92179  
 23 18.7783   2328.872518  x:  0.03470   0.01343   0.05627   0.14830   0.14792   0.22655   0.06755   0.30137   0.07949   0.04229   0.09696   0.01228   0.00000   0.06560   0.13987   0.22675   0.15611   0.09324   0.26291   0.11767   0.01221   0.07380   0.05657   7.93084   1.71884   1.22800   1.81601   0.92374  
 24  8.2475   2328.739959  x:  0.03417   0.01352   0.05622   0.15054   0.15042   0.22561   0.06548   0.30401   0.07301   0.04424   0.09441   0.01260   0.00000   0.06532   0.13753   0.22017   0.15613   0.09358   0.26789   0.11830   0.01121   0.07355   0.05495   7.93093   1.74984   1.25728   1.81062   0.92984  
 25  7.2844   2328.631736  x:  0.03405   0.01366   0.05632   0.14909   0.15163   0.22679   0.06802   0.30156   0.08031   0.04159   0.09744   0.01275   0.00000   0.06544   0.13859   0.21545   0.15651   0.09223   0.26990   0.12033   0.01012   0.07366   0.05399   7.93107   1.77256   1.28069   1.80443   0.93526  
 26 25.5852   2328.543409  x:  0.03351   0.01382   0.05647   0.14386   0.14879   0.22959   0.06763   0.29187   0.07831   0.04227   0.09676   0.01299   0.00000   0.06489   0.14454   0.22171   0.15728   0.09209   0.26522   0.11861   0.00991   0.07362   0.05293   7.93133   1.78175   1.29204   1.79967   0.93960  
 27  7.3856   2328.362773  x:  0.03303   0.01376   0.05661   0.15127   0.15074   0.23091   0.06881   0.28107   0.07937   0.04142   0.09543   0.01340   0.00000   0.06488   0.13264   0.23065   0.15229   0.09418   0.25646   0.11946   0.00892   0.07315   0.05076   7.93214   1.78015   1.29408   1.79505   0.94701  
 28  3.9978   2327.118311  x:  0.02767   0.01507   0.05674   0.14631   0.15051   0.21566   0.05679   0.28683   0.07727   0.03893   0.10931   0.01560   0.00000   0.06110   0.13043   0.22269   0.15877   0.09160   0.25076   0.11666   0.00181   0.07080   0.03596   7.93795   1.72893   1.25811   1.77994   0.98474  
 29  6.3935   2326.763078  x:  0.02672   0.01528   0.05702   0.14500   0.14876   0.21652   0.06285   0.29023   0.07857   0.03712   0.09880   0.01652   0.00000   0.06075   0.13255   0.22006   0.15800   0.09007   0.25253   0.11578   0.00000   0.07077   0.03222   7.93936   1.71641   1.24898   1.77649   0.99120  
 30 36.9405   2326.763078  x:  0.02672   0.01528   0.05702   0.14500   0.14876   0.21652   0.06285   0.29023   0.07857   0.03712   0.09880   0.01652   0.00000   0.06075   0.13255   0.22006   0.15800   0.09007   0.25253   0.11578   0.00000   0.07077   0.03222   7.93936   1.71641   1.24898   1.77649   0.99120  
 31  8.2053   2326.210675  x:  0.02826   0.01730   0.05622   0.14550   0.14901   0.21744   0.06411   0.29054   0.07884   0.03850   0.09875   0.02188   0.00000   0.06200   0.13351   0.22021   0.15806   0.09062   0.25351   0.11681   0.00862   0.07140   0.02603   7.93937   1.71629   1.24876   1.77652   0.99063  
 32 104.0597   2326.004862  x:  0.02929   0.01806   0.05504   0.14619   0.14941   0.21878   0.06573   0.29097   0.07910   0.03978   0.09843   0.02380   0.00000   0.06345   0.13488   0.22043   0.15810   0.09135   0.25453   0.11687   0.00609   0.07218   0.01920   7.93938   1.71608   1.24841   1.77658   0.98976  
 33 54.2160   2325.918867  x:  0.02959   0.01719   0.05214   0.14828   0.15076   0.22311   0.06978   0.29234   0.07942   0.04159   0.09715   0.02282   0.00000   0.06643   0.13916   0.22114   0.15818   0.09335   0.25852   0.11736   0.00613   0.07477   0.02017   7.93943   1.71526   1.24718   1.77675   0.98650  
 34 17.4888   2325.882317  x:  0.02914   0.01934   0.05372   0.14955   0.15173   0.22665   0.07021   0.29341   0.07895   0.04016   0.09686   0.02328   0.00000   0.06557   0.14190   0.22164   0.15795   0.09386   0.26227   0.11758   0.00564   0.07460   0.02064   7.93949   1.71424   1.24576   1.77683   0.98249  
 35 13.5065   2325.853710  x:  0.02866   0.01735   0.05470   0.15024   0.15233   0.22959   0.06926   0.29438   0.07872   0.03923   0.09691   0.02320   0.00000   0.06403   0.14373   0.22197   0.15759   0.09365   0.26570   0.11778   0.00584   0.07377   0.01996   7.93957   1.71304   1.24420   1.77685   0.97792  
 36 20.6786   2325.827306  x:  0.03024   0.01763   0.05404   0.14989   0.15192   0.23182   0.06654   0.29541   0.07943   0.04103   0.09753   0.02307   0.00000   0.06373   0.14370   0.22194   0.15694   0.09223   0.26882   0.11777   0.00561   0.07297   0.02028   7.93970   1.71103   1.24180   1.77673   0.97059  
 37 12.0669   2325.804067  x:  0.02817   0.01809   0.05309   0.14906   0.15095   0.23264   0.06536   0.29620   0.07951   0.04096   0.09793   0.02294   0.00000   0.06491   0.14234   0.22160   0.15650   0.09122   0.27040   0.11774   0.00565   0.07335   0.02003   7.93986   1.70864   1.23915   1.77644   0.96238  
 38 14.9834   2325.767409  x:  0.02976   0.01745   0.05356   0.14765   0.14926   0.23225   0.06676   0.29724   0.07885   0.03880   0.09785   0.02343   0.00000   0.06604   0.13949   0.22081   0.15635   0.09117   0.27089   0.11768   0.00547   0.07477   0.02020   7.94017   1.70370   1.23405   1.77566   0.94653  
 39 19.5489   2325.739852  x:  0.02929   0.01769   0.05478   0.14753   0.14918   0.23057   0.06882   0.29742   0.07928   0.04053   0.09717   0.02238   0.00000   0.06455   0.13866   0.22047   0.15692   0.09264   0.26934   0.11774   0.00579   0.07417   0.01988   7.94044   1.69916   1.22976   1.77472   0.93351  
 40 19.3457   2325.729943  x:  0.02896   0.01746   0.05431   0.14799   0.14985   0.22954   0.06889   0.29703   0.07935   0.04082   0.09715   0.02369   0.00000   0.06422   0.13935   0.22060   0.15730   0.09318   0.26806   0.11770   0.00545   0.07362   0.02040   7.94054   1.69710   1.22804   1.77415   0.92861  
 41 15.1726   2325.719841  x:  0.02927   0.01777   0.05340   0.14889   0.15113   0.22823   0.06805   0.29609   0.07916   0.03998   0.09725   0.02306   0.00000   0.06452   0.14100   0.22102   0.15770   0.09332   0.26617   0.11774   0.00569   0.07318   0.02018   7.94065   1.69451   1.22615   1.77326   0.92368  
 42 12.9437   2325.717401  x:  0.02923   0.01763   0.05415   0.14911   0.15148   0.22807   0.06783   0.29550   0.07927   0.04025   0.09745   0.02308   0.00000   0.06487   0.14160   0.22130   0.15753   0.09269   0.26558   0.11770   0.00570   0.07393   0.02018   7.94068   1.69322   1.22549   1.77259   0.92276  
 43  3.4554   2325.713496  x:  0.02920   0.01774   0.05368   0.14890   0.15121   0.22874   0.06868   0.29392   0.07921   0.04020   0.09757   0.02307   0.00000   0.06418   0.14184   0.22185   0.15661   0.09155   0.26509   0.11750   0.00573   0.07399   0.02018   7.94073   1.68878   1.22373   1.76975   0.92253  
 44  2.1895   2325.705350  x:  0.02922   0.01758   0.05423   0.14831   0.15067   0.22987   0.06854   0.29141   0.07917   0.04032   0.09728   0.02308   0.00000   0.06527   0.14161   0.22235   0.15583   0.09273   0.26508   0.11746   0.00574   0.07294   0.02022   7.94083   1.67797   1.21936   1.76247   0.92301  
 45  6.2946   2325.697779  x:  0.02920   0.01768   0.05386   0.14837   0.15087   0.22993   0.06769   0.29115   0.07920   0.04031   0.09734   0.02309   0.00000   0.06436   0.14104   0.22210   0.15661   0.09393   0.26561   0.11777   0.00568   0.07442   0.02016   7.94092   1.66742   1.21479   1.75486   0.92394  
 46  9.6372   2325.689005  x:  0.02923   0.01765   0.05398   0.14916   0.15164   0.22890   0.06827   0.29375   0.07922   0.04029   0.09771   0.02305   0.00000   0.06478   0.14076   0.22127   0.15827   0.09256   0.26637   0.11786   0.00565   0.07374   0.02019   7.94101   1.65532   1.20889   1.74515   0.92536  
 47  9.5630   2325.687150  x:  0.02921   0.01767   0.05397   0.14876   0.15110   0.22843   0.06804   0.29518   0.07910   0.04030   0.09714   0.02308   0.00000   0.06472   0.14156   0.22132   0.15731   0.09265   0.26608   0.11749   0.00569   0.07381   0.02018   7.94102   1.65355   1.20705   1.74227   0.92566  
 48  2.3421   2325.686334  x:  0.02921   0.01767   0.05397   0.14882   0.15105   0.22856   0.06811   0.29561   0.07929   0.04024   0.09789   0.02303   0.00000   0.06472   0.14158   0.22152   0.15684   0.09293   0.26577   0.11774   0.00568   0.07379   0.02019   7.94101   1.65353   1.20578   1.74033   0.92574  
 49  1.3725   2325.685004  x:  0.02923   0.01766   0.05396   0.14915   0.15137   0.22911   0.06800   0.29548   0.07912   0.04029   0.09739   0.02305   0.00000   0.06474   0.14106   0.22185   0.15698   0.09281   0.26541   0.11792   0.00566   0.07378   0.02020   7.94098   1.65444   1.20327   1.73632   0.92574  
 50  1.6928   2325.684591  x:  0.02922   0.01767   0.05397   0.14890   0.15122   0.22899   0.06807   0.29510   0.07927   0.04025   0.09752   0.02304   0.00000   0.06473   0.14130   0.22169   0.15741   0.09280   0.26565   0.11751   0.00568   0.07380   0.02019   7.94096   1.65487   1.20255   1.73490   0.92569  
 51  1.1484   2325.684485  x:  0.02922   0.01767   0.05396   0.14884   0.15119   0.22877   0.06811   0.29491   0.07913   0.04030   0.09753   0.02303   0.00000   0.06473   0.14142   0.22149   0.15736   0.09276   0.26587   0.11775   0.00565   0.07379   0.02020   7.94094   1.65499   1.20252   1.73449   0.92564  
 52  0.3979   2325.684419  x:  0.02922   0.01767   0.05396   0.14894   0.15128   0.22863   0.06813   0.29483   0.07931   0.04025   0.09748   0.02304   0.00000   0.06473   0.14138   0.22141   0.15719   0.09277   0.26602   0.11774   0.00564   0.07380   0.02020   7.94092   1.65504   1.20270   1.73422   0.92558  
 53  0.2118   2325.684255  x:  0.02922   0.01767   0.05396   0.14906   0.15138   0.22857   0.06814   0.29487   0.07907   0.04032   0.09758   0.02302   0.00000   0.06474   0.14129   0.22151   0.15709   0.09283   0.26612   0.11750   0.00564   0.07381   0.02019   7.94082   1.65508   1.20340   1.73364   0.92537  
 54  0.2434   2325.683885  x:  0.02921   0.01766   0.05397   0.14889   0.15122   0.22876   0.06811   0.29508   0.07922   0.04028   0.09752   0.02301   0.00000   0.06475   0.14137   0.22182   0.15735   0.09280   0.26597   0.11776   0.00558   0.07381   0.02020   7.94056   1.65514   1.20488   1.73256   0.92496  
 55  0.6024   2325.683061  x:  0.02919   0.01764   0.05398   0.14893   0.15125   0.22945   0.06803   0.29517   0.07920   0.04028   0.09754   0.02295   0.00000   0.06474   0.14150   0.22051   0.15732   0.09279   0.26533   0.11766   0.00550   0.07381   0.02021   7.93986   1.65524   1.20540   1.73238   0.92493  
 56  0.1406   2325.673880  x:  0.02902   0.01745   0.05393   0.14909   0.15107   0.22847   0.06812   0.29492   0.07918   0.04018   0.09751   0.02233   0.00000   0.06473   0.14130   0.22143   0.15739   0.09279   0.26546   0.11762   0.00433   0.07378   0.02024   7.93203   1.65649   1.20444   1.73537   0.92661  
 57  0.3588   2325.673853  x:  0.02901   0.01745   0.05393   0.14890   0.15126   0.22848   0.06813   0.29494   0.07918   0.04018   0.09751   0.02233   0.00000   0.06474   0.14129   0.22144   0.15736   0.09279   0.26547   0.11762   0.00433   0.07378   0.02024   7.93201   1.65650   1.20444   1.73538   0.92662  
 58  0.1998   2325.673742  x:  0.02899   0.01743   0.05397   0.14887   0.15123   0.22844   0.06808   0.29492   0.07917   0.04014   0.09752   0.02224   0.00000   0.06469   0.14124   0.22148   0.15735   0.09277   0.26553   0.11761   0.00436   0.07376   0.02037   7.93221   1.65637   1.20422   1.73548   0.92649  
 59  0.0005   2325.673741  x:  0.02899   0.01743   0.05397   0.14887   0.15123   0.22845   0.06808   0.29492   0.07917   0.04015   0.09752   0.02224   0.00000   0.06469   0.14124   0.22149   0.15734   0.09277   0.26555   0.11761   0.00435   0.07376   0.02037   7.93237   1.65634   1.20419   1.73549   0.92646  
 60  0.0002   2325.673741  x:  0.02899   0.01743   0.05397   0.14887   0.15123   0.22845   0.06808   0.29492   0.07917   0.04015   0.09752   0.02224   0.00000   0.06469   0.14124   0.22149   0.15734   0.09277   0.26555   0.11761   0.00435   0.07376   0.02037   7.93240   1.65634   1.20419   1.73549   0.92647  
 61  0.0000   2325.673741  x:  0.02899   0.01743   0.05397   0.14887   0.15123   0.22845   0.06808   0.29492   0.07917   0.04015   0.09752   0.02224   0.00000   0.06469   0.14124   0.22149   0.15734   0.09277   0.26555   0.11761   0.00435   0.07376   0.02037   7.93240   1.65634   1.20419   1.73549   0.92647  
 62  0.0000   2325.673741  x:  0.02899   0.01743   0.05397   0.14887   0.15123   0.22845   0.06808   0.29492   0.07917   0.04015   0.09752   0.02224   0.00000   0.06469   0.14124   0.22149   0.15734   0.09277   0.26555   0.11761   0.00435   0.07376   0.02037   7.93240   1.65634   1.20419   1.73549   0.92647  
 63  0.0000   2325.673741  x:  0.02899   0.01743   0.05397   0.14887   0.15123   0.22845   0.06808   0.29492   0.07917   0.04015   0.09752   0.02224   0.00000   0.06469   0.14124   0.22149   0.15734   0.09277   0.26555   0.11761   0.00435   0.07376   0.02037   7.93240   1.65634   1.20419   1.73549   0.92647  