

TREE # 1

  0  0.0000   2344.638785  x:  0.01972   0.20925   0.02571   0.03211   0.02495   0.05815   0.02188   0.05666   0.08536   0.02661   0.17168   0.01972   0.20925   0.02571   0.03211   0.02495   0.05815   0.02188   0.05666   0.08536   0.02661   0.17168   0.21568   8.40433   1.47513   1.04123   1.37471   1.00000  
  1 99.0000   2201.749701  x:  0.02030   0.21482   0.19743   0.18549   0.07955   0.05382   0.01695   0.07925   0.11061   0.13755   0.14355   0.01967   0.21071   0.25857   0.15145   0.01572   0.04908   0.03608   0.05254   0.07217   0.13812   0.14948   0.18645   8.40445   1.47472   1.04043   1.37616   0.99721  
  2 1726.2653   2183.370750  x:  0.02238   0.21896   0.19817   0.19590   0.06865   0.05131   0.01644   0.09202   0.12034   0.13324   0.08453   0.01926   0.21041   0.25826   0.15432   0.00000   0.03979   0.02508   0.04910   0.04434   0.12725   0.10475   0.12411   8.40484   1.47357   1.04118   1.37803   0.99095  
  3 220.4470   2169.683727  x:  0.02492   0.22335   0.19890   0.20690   0.05727   0.04883   0.01609   0.10518   0.13048   0.12861   0.02087   0.01956   0.21014   0.25789   0.15785   0.00801   0.03101   0.01552   0.04690   0.01552   0.11565   0.05677   0.05655   8.40526   1.47232   1.04194   1.38010   0.98411  
  4 4390.5074   2167.233560  x:  0.02878   0.22441   0.19835   0.20914   0.05572   0.04919   0.01686   0.10699   0.13222   0.12702   0.01007   0.02417   0.21033   0.25742   0.15958   0.00716   0.03479   0.02766   0.04745   0.02002   0.11242   0.04541   0.03527   8.40541   1.47193   1.04199   1.38100   0.98161  
  5 331.1233   2166.243379  x:  0.03205   0.22532   0.19813   0.21104   0.05506   0.04948   0.01696   0.10809   0.13336   0.12605   0.01553   0.02670   0.21053   0.25726   0.16093   0.00726   0.03647   0.02659   0.04796   0.02191   0.11035   0.03838   0.02117   8.40554   1.47160   1.04200   1.38180   0.97946  
  6 190.9911   2166.124978  x:  0.03224   0.22632   0.19767   0.21308   0.05579   0.05013   0.01679   0.10813   0.13397   0.12495   0.01433   0.02958   0.21102   0.25687   0.16255   0.00721   0.03807   0.02348   0.04888   0.02532   0.10868   0.03666   0.02163   8.40574   1.47114   1.04193   1.38315   0.97611  
  7 31.7447   2165.923860  x:  0.03205   0.23061   0.19574   0.22148   0.05760   0.05134   0.01672   0.10828   0.13627   0.12071   0.01596   0.03228   0.21302   0.25443   0.16742   0.00710   0.03763   0.02545   0.05061   0.02316   0.10298   0.03317   0.02507   8.40666   1.46911   1.04166   1.38918   0.96104  
  8 28.8972   2165.629499  x:  0.03056   0.23744   0.19226   0.23410   0.05924   0.05122   0.01700   0.10674   0.13827   0.11495   0.01562   0.02985   0.21661   0.25031   0.17436   0.00707   0.03724   0.02547   0.05054   0.02354   0.09759   0.04100   0.02247   8.40847   1.46529   1.04117   1.40087   0.93173  
  9 59.3252   2165.449283  x:  0.03339   0.24021   0.19027   0.23819   0.05722   0.04969   0.01643   0.10493   0.13714   0.11465   0.01534   0.02442   0.21830   0.24854   0.17512   0.00717   0.03898   0.02525   0.04887   0.02536   0.09971   0.03918   0.02363   8.40992   1.46260   1.04094   1.40954   0.90931  
 10 46.4609   2165.084343  x:  0.03433   0.24310   0.18710   0.24045   0.05276   0.04815   0.01900   0.10156   0.13164   0.11910   0.01514   0.03025   0.22031   0.24624   0.17069   0.00709   0.03838   0.02502   0.04725   0.02389   0.10977   0.03849   0.02363   8.41351   1.45668   1.04061   1.42977   0.85593  
 11 72.4446   2164.958733  x:  0.03191   0.24252   0.18691   0.23893   0.05474   0.04956   0.01510   0.10220   0.13005   0.12114   0.01522   0.03021   0.21980   0.24606   0.16832   0.00698   0.03746   0.02528   0.04923   0.02433   0.11176   0.03767   0.02295   8.41488   1.45489   1.04064   1.43673   0.83713  
 12 68.2160   2164.880389  x:  0.03086   0.24080   0.18782   0.23637   0.05780   0.05125   0.01764   0.10413   0.12971   0.12252   0.01519   0.02866   0.21840   0.24666   0.16665   0.00688   0.03739   0.02516   0.05092   0.02477   0.11126   0.03703   0.02270   8.41596   1.45396   1.04079   1.44149   0.82400  
 13 53.2762   2164.808538  x:  0.03401   0.23722   0.19046   0.23211   0.05916   0.05070   0.01695   0.10706   0.13117   0.12319   0.01492   0.02911   0.21563   0.24867   0.16593   0.00693   0.03844   0.02506   0.05003   0.02393   0.10765   0.03847   0.02304   8.41725   1.45365   1.04120   1.44591   0.81137  
 14 29.1529   2164.775496  x:  0.03236   0.23483   0.19232   0.22936   0.05694   0.04965   0.01710   0.10739   0.13263   0.12274   0.01535   0.02903   0.21407   0.25045   0.16677   0.00704   0.03759   0.02531   0.04892   0.02494   0.10521   0.03827   0.02331   8.41811   1.45402   1.04162   1.44793   0.80556  
 15 18.5391   2164.765862  x:  0.03209   0.23385   0.19285   0.22805   0.05596   0.05030   0.01709   0.10613   0.13321   0.12185   0.01536   0.02888   0.21389   0.25128   0.16769   0.00693   0.03861   0.02526   0.04992   0.02432   0.10508   0.03840   0.02325   8.41867   1.45474   1.04196   1.44852   0.80402  
 16  6.7372   2164.757455  x:  0.03280   0.23309   0.19288   0.22657   0.05644   0.05057   0.01711   0.10458   0.13366   0.12057   0.01522   0.02889   0.21418   0.25191   0.16890   0.00689   0.03752   0.02521   0.05026   0.02436   0.10554   0.03830   0.02318   8.41952   1.45605   1.04253   1.44902   0.80302  
 17  5.5895   2164.747814  x:  0.03220   0.23279   0.19248   0.22505   0.05790   0.04981   0.01711   0.10374   0.13403   0.11951   0.01527   0.02906   0.21486   0.25237   0.17007   0.00689   0.03815   0.02519   0.04923   0.02396   0.10625   0.03796   0.02308   8.42096   1.45833   1.04351   1.44964   0.80229  
 18  5.5374   2164.669528  x:  0.03234   0.23639   0.18849   0.21942   0.05683   0.05005   0.01710   0.10889   0.13635   0.12058   0.01581   0.02910   0.22029   0.25459   0.17395   0.00693   0.03838   0.02565   0.05046   0.02459   0.10871   0.03904   0.02375   8.43609   1.48166   1.05379   1.45539   0.80018  
 19  5.2523   2164.515801  x:  0.03246   0.23940   0.18822   0.21993   0.05822   0.05345   0.01695   0.10155   0.13331   0.12620   0.01625   0.02900   0.21982   0.25641   0.16941   0.00718   0.03886   0.02601   0.04787   0.02579   0.10399   0.03985   0.02421   8.46732   1.52516   1.07409   1.46874   0.79927  
 20 17.6713   2164.446161  x:  0.03250   0.23837   0.18931   0.22191   0.05911   0.04891   0.01722   0.09966   0.13138   0.12589   0.01651   0.02904   0.21776   0.25591   0.16667   0.00710   0.03905   0.02622   0.05129   0.02652   0.10374   0.04026   0.02446   8.48162   1.54275   1.08269   1.47581   0.79979  
 21 38.3400   2164.344931  x:  0.03221   0.23165   0.19273   0.22710   0.05883   0.05101   0.01705   0.10237   0.12874   0.11936   0.01721   0.02948   0.21222   0.25184   0.16402   0.00736   0.03952   0.02670   0.05011   0.02804   0.10915   0.04096   0.02512   8.50343   1.56286   1.09370   1.48930   0.80290  
 22 22.9536   2164.222051  x:  0.03213   0.22471   0.19608   0.22511   0.05991   0.05097   0.01706   0.10031   0.12923   0.12733   0.01773   0.02975   0.21176   0.24174   0.17111   0.00733   0.03987   0.02710   0.05055   0.02867   0.11096   0.04148   0.02557   8.53263   1.56589   1.09967   1.51554   0.81419  
 23  8.4535   2164.039221  x:  0.03201   0.22756   0.19494   0.21827   0.06104   0.05131   0.01708   0.09847   0.12642   0.12315   0.01866   0.02981   0.21721   0.25233   0.16493   0.00760   0.04058   0.02779   0.05067   0.03025   0.10900   0.04285   0.02643   8.57835   1.55414   1.10234   1.55488   0.83377  
 24 13.3129   2163.981724  x:  0.03193   0.23163   0.18988   0.21677   0.06196   0.05139   0.01715   0.09678   0.13128   0.12393   0.01905   0.02992   0.20765   0.25429   0.16527   0.00769   0.04090   0.02811   0.05082   0.03084   0.11172   0.04350   0.02684   8.59514   1.54459   1.09798   1.54891   0.83490  
 25  4.2332   2163.707879  x:  0.03187   0.22872   0.18858   0.21271   0.06315   0.05197   0.01713   0.09528   0.11710   0.12482   0.02062   0.02995   0.20733   0.25464   0.17074   0.00789   0.04216   0.02929   0.05144   0.03272   0.11143   0.04593   0.02831   8.67946   1.49170   1.06677   1.48189   0.82861  
 26 10.1437   2163.601703  x:  0.03168   0.22580   0.19261   0.21287   0.06438   0.05220   0.01718   0.09263   0.12500   0.12531   0.02145   0.03008   0.21457   0.25207   0.16470   0.00817   0.04277   0.02989   0.05153   0.03460   0.11337   0.04704   0.02904   8.71360   1.47113   1.05239   1.45402   0.82553  
 27 31.5960   2163.595813  x:  0.03168   0.22750   0.19448   0.21207   0.06438   0.05221   0.01715   0.09266   0.12466   0.12479   0.02146   0.03010   0.21413   0.25128   0.16468   0.00818   0.04277   0.02990   0.05151   0.03467   0.11354   0.04701   0.02902   8.71735   1.47289   1.04546   1.45393   0.82558  
 28  1.4016   2163.592902  x:  0.03167   0.22582   0.19273   0.21278   0.06435   0.05220   0.01715   0.09268   0.12474   0.12523   0.02148   0.03008   0.21431   0.25198   0.16459   0.00819   0.04277   0.02991   0.05149   0.03466   0.11333   0.04701   0.02899   8.72043   1.47407   1.04192   1.45418   0.82568  
 29  1.3787   2163.272310  x:  0.03372   0.22820   0.18922   0.21092   0.06261   0.05161   0.01698   0.09828   0.12651   0.12342   0.02346   0.03178   0.21513   0.24485   0.16253   0.00992   0.04422   0.03202   0.05142   0.03879   0.11074   0.04426   0.02400   9.31752   1.49384   1.05541   1.46857   0.83560  
 30  0.7180   2163.127134  x:  0.03145   0.22851   0.18293   0.20480   0.06243   0.05201   0.01717   0.09153   0.12574   0.12092   0.02425   0.03110   0.21488   0.23439   0.15942   0.01149   0.04293   0.03107   0.05110   0.03938   0.10961   0.04415   0.02619   9.44802   1.48413   1.05026   1.46838   0.83151  
 31  0.0447   2163.063532  x:  0.03247   0.22851   0.17910   0.20061   0.06201   0.05178   0.01713   0.09658   0.12735   0.11952   0.02345   0.03103   0.21487   0.22774   0.15674   0.01209   0.04289   0.03025   0.05117   0.03825   0.10798   0.04421   0.02578   9.29305   1.48735   1.05058   1.46519   0.83469  
 32  0.0879   2163.055732  x:  0.03278   0.22874   0.17862   0.20102   0.06196   0.05175   0.01715   0.09497   0.12706   0.11918   0.02312   0.03131   0.21519   0.22699   0.15650   0.01185   0.04336   0.03055   0.05117   0.03814   0.10802   0.04437   0.02528   9.18762   1.48925   1.05204   1.46875   0.83300  
 33  0.0779   2163.054349  x:  0.03249   0.22850   0.17861   0.20014   0.06198   0.05178   0.01715   0.09508   0.12709   0.11923   0.02316   0.03135   0.21497   0.22699   0.15652   0.01163   0.04345   0.03086   0.05118   0.03853   0.10801   0.04444   0.02541   9.17512   1.48696   1.05081   1.46641   0.83295  
 34  0.0069   2163.053743  x:  0.03258   0.22870   0.17829   0.20060   0.06192   0.05178   0.01715   0.09518   0.12709   0.11912   0.02312   0.03133   0.21504   0.22642   0.15635   0.01141   0.04336   0.03087   0.05118   0.03871   0.10790   0.04432   0.02543   9.18795   1.48823   1.05146   1.46760   0.83296  
 35  0.0065   2163.053624  x:  0.03262   0.22864   0.17834   0.20028   0.06193   0.05177   0.01715   0.09513   0.12714   0.11910   0.02311   0.03131   0.21505   0.22658   0.15640   0.01133   0.04334   0.03079   0.05119   0.03861   0.10790   0.04434   0.02540   9.19096   1.48830   1.05146   1.46767   0.83312  
 36  0.0022   2163.053611  x:  0.03260   0.22865   0.17835   0.20036   0.06194   0.05177   0.01715   0.09513   0.12712   0.11912   0.02314   0.03132   0.21505   0.22653   0.15638   0.01132   0.04337   0.03077   0.05119   0.03858   0.10792   0.04437   0.02541   9.19129   1.48800   1.05130   1.46743   0.83306  
 37  0.0004   2163.053610  x:  0.03260   0.22865   0.17833   0.20035   0.06193   0.05177   0.01715   0.09513   0.12713   0.11911   0.02315   0.03132   0.21505   0.22653   0.15639   0.01132   0.04337   0.03077   0.05119   0.03857   0.10791   0.04437   0.02540   9.19124   1.48810   1.05136   1.46750   0.83307  
 38  0.0001   2163.053610  x:  0.03260   0.22865   0.17834   0.20035   0.06194   0.05177   0.01715   0.09513   0.12712   0.11911   0.02316   0.03132   0.21505   0.22653   0.15639   0.01132   0.04337   0.03077   0.05119   0.03857   0.10791   0.04436   0.02540   9.19096   1.48808   1.05135   1.46749   0.83307  
 39  0.0002   2163.053610  x:  0.03260   0.22865   0.17834   0.20035   0.06194   0.05177   0.01715   0.09513   0.12712   0.11911   0.02316   0.03132   0.21505   0.22653   0.15639   0.01132   0.04337   0.03077   0.05119   0.03857   0.10792   0.04436   0.02540   9.19094   1.48808   1.05135   1.46749   0.83307  
 40  0.0000   2163.053610  x:  0.03260   0.22865   0.17834   0.20035   0.06194   0.05177   0.01715   0.09513   0.12712   0.11911   0.02316   0.03132   0.21505   0.22653   0.15639   0.01132   0.04337   0.03077   0.05119   0.03857   0.10792   0.04436   0.02540   9.19094   1.48808   1.05135   1.46749   0.83307  
 41  0.0000   2163.053610  x:  0.03260   0.22865   0.17834   0.20035   0.06194   0.05177   0.01715   0.09513   0.12712   0.11911   0.02316   0.03132   0.21505   0.22653   0.15639   0.01132   0.04337   0.03077   0.05119   0.03857   0.10792   0.04436   0.02540   9.19094   1.48808   1.05135   1.46749   0.83307  

TREE # 2

  0  0.0000   2351.026957  x:  0.03260   0.22865   0.17834   0.20035   0.06194   0.05177   0.01715   0.09513   0.12712   0.11911   0.02316   0.03132   0.21505   0.22653   0.15639   0.01132   0.04337   0.03077   0.05119   0.03857   0.10792   0.04436   0.02540   9.19094   1.45653   1.00354   1.42334   0.83307  
  1 99.0000   2241.876381  x:  0.01286   0.19718   0.14768   0.20247   0.10187   0.16648   0.07796   0.11551   0.10195   0.08531   0.05927   0.03138   0.18389   0.19325   0.17505   0.29735   0.17181   0.17276   0.15876   0.09106   0.09526   0.05038   0.01316   9.19094   1.45588   1.00534   1.42357   0.83339  
  2 1462.4377   2194.376067  x:  0.03261   0.11718   0.07181   0.20540   0.11826   0.20621   0.04439   0.14037   0.04477   0.00000   0.03486   0.02521   0.10472   0.10433   0.19121   0.27980   0.18706   0.16823   0.18858   0.09851   0.06318   0.05534   0.03817   9.19104   1.45415   1.01268   1.42208   0.83301  
  3 312.0769   2180.083731  x:  0.03895   0.06724   0.02632   0.20731   0.12675   0.22871   0.02700   0.15542   0.01947   0.01407   0.02627   0.02560   0.05507   0.04844   0.20079   0.26825   0.19559   0.16500   0.20552   0.10251   0.04605   0.05689   0.04429   9.19111   1.45318   1.01696   1.42133   0.83266  
  4 916.8674   2174.663636  x:  0.03577   0.04435   0.01503   0.20847   0.12890   0.23738   0.02582   0.16104   0.03376   0.01185   0.03357   0.02855   0.03183   0.02137   0.20499   0.26083   0.19849   0.16247   0.21199   0.10379   0.04369   0.05593   0.03799   9.19114   1.45283   1.01878   1.42115   0.83249  
  5 494.9251   2173.404666  x:  0.03328   0.03537   0.02546   0.20928   0.12977   0.24247   0.02703   0.16409   0.03061   0.01141   0.03458   0.02898   0.02444   0.01321   0.20752   0.25630   0.20028   0.16096   0.21583   0.10453   0.04430   0.05521   0.03263   9.19116   1.45264   1.01988   1.42113   0.83233  
  6 182.9950   2172.560348  x:  0.03050   0.02252   0.02715   0.21029   0.13044   0.25139   0.02839   0.16882   0.02931   0.01078   0.03520   0.02909   0.02370   0.01950   0.21180   0.24894   0.20351   0.15860   0.22245   0.10575   0.04553   0.05428   0.02473   9.19119   1.45234   1.02178   1.42106   0.83205  
  7 108.6772   2171.452774  x:  0.02983   0.02703   0.02857   0.21274   0.13026   0.28100   0.02734   0.18181   0.03318   0.01124   0.03297   0.02786   0.03365   0.01649   0.22474   0.22817   0.21505   0.15291   0.24398   0.10941   0.04744   0.05375   0.01621   9.19132   1.45147   1.02804   1.42074   0.83114  
  8 72.8337   2171.048054  x:  0.02867   0.02983   0.03094   0.21372   0.12875   0.29470   0.02773   0.18619   0.03478   0.01205   0.03757   0.02955   0.03138   0.01994   0.23028   0.21848   0.22053   0.15035   0.25373   0.11040   0.04899   0.05406   0.02317   9.19140   1.45109   1.03139   1.42066   0.83057  
  9 94.3773   2170.980863  x:  0.02876   0.03202   0.03018   0.21348   0.12486   0.29792   0.02855   0.18291   0.03403   0.01192   0.03759   0.02922   0.02823   0.02107   0.23015   0.21658   0.22215   0.15056   0.25538   0.10861   0.04974   0.05385   0.02126   9.19148   1.45107   1.03342   1.42077   0.83008  
 10 17.2457   2170.901189  x:  0.02889   0.03004   0.03051   0.21297   0.11756   0.30279   0.02915   0.17494   0.03420   0.01210   0.03694   0.02949   0.02982   0.02010   0.22875   0.21437   0.22500   0.15166   0.25731   0.10522   0.05019   0.05392   0.02248   9.19168   1.45117   1.03773   1.42115   0.82902  
 11 20.3421   2170.885735  x:  0.02901   0.03005   0.03089   0.21333   0.11788   0.30376   0.02785   0.17307   0.03427   0.01214   0.03814   0.02889   0.02998   0.02031   0.22757   0.21393   0.22545   0.15186   0.25683   0.10618   0.04868   0.05401   0.02206   9.19184   1.45152   1.04035   1.42163   0.82838  
 12  5.3400   2170.848316  x:  0.02848   0.03033   0.03103   0.21455   0.12020   0.30568   0.02898   0.16991   0.03474   0.01221   0.03681   0.03045   0.02966   0.02061   0.22411   0.21284   0.22612   0.15208   0.25453   0.10966   0.04794   0.05407   0.02200   9.19237   1.45291   1.04851   1.42338   0.82636  
 13 10.7812   2170.819537  x:  0.02876   0.03024   0.03060   0.21515   0.12152   0.30634   0.03057   0.16913   0.03436   0.01232   0.03760   0.02866   0.02999   0.02022   0.22207   0.21234   0.22636   0.15214   0.25261   0.11086   0.04981   0.05393   0.02224   9.19283   1.45441   1.05505   1.42506   0.82472  
 14 16.2869   2170.724556  x:  0.02976   0.03038   0.03089   0.21499   0.12238   0.30541   0.02815   0.17290   0.03422   0.01225   0.03905   0.03122   0.03053   0.02027   0.21986   0.21432   0.22697   0.15316   0.24757   0.10616   0.05342   0.05360   0.02132   9.19464   1.46151   1.07657   1.43222   0.81923  
 15 13.4800   2170.646600  x:  0.02800   0.03042   0.03185   0.21442   0.12182   0.30386   0.02806   0.17653   0.03597   0.01248   0.03718   0.02902   0.02993   0.02102   0.21969   0.21612   0.22700   0.15389   0.24432   0.10226   0.05207   0.05374   0.02184   9.19616   1.46799   1.09275   1.43853   0.81511  
 16 43.1992   2170.580887  x:  0.02802   0.03070   0.03160   0.21348   0.11910   0.30077   0.03162   0.17833   0.03520   0.01237   0.03896   0.02996   0.03089   0.02066   0.22206   0.21680   0.22562   0.15389   0.24314   0.10233   0.04870   0.05382   0.02134   9.19753   1.47505   1.10317   1.44494   0.81248  
 17 20.6999   2170.395774  x:  0.02988   0.03020   0.03280   0.21116   0.11136   0.29024   0.03086   0.17676   0.03676   0.01273   0.03820   0.02957   0.03040   0.02121   0.23232   0.22004   0.22097   0.15442   0.24526   0.11148   0.05055   0.05360   0.02100   9.20157   1.49826   1.12416   1.46522   0.80748  
 18 26.1918   2170.301493  x:  0.02488   0.03087   0.03204   0.21149   0.11200   0.28618   0.03046   0.17359   0.03583   0.01257   0.03907   0.02988   0.03117   0.02071   0.23522   0.22060   0.21881   0.15429   0.24747   0.11167   0.05196   0.05359   0.02071   9.20357   1.51058   1.12996   1.47568   0.80650  
 19 28.5462   2169.961372  x:  0.02757   0.03132   0.03329   0.21554   0.12329   0.27508   0.03493   0.16001   0.03779   0.01345   0.03961   0.02993   0.03140   0.02156   0.24033   0.22182   0.21236   0.15370   0.25758   0.10310   0.05289   0.05368   0.01970   9.21127   1.55895   1.14327   1.51637   0.80594  
 20 51.2981   2169.541487  x:  0.02658   0.03124   0.03512   0.21359   0.11467   0.27506   0.03566   0.16507   0.03964   0.01394   0.04074   0.03013   0.03189   0.02245   0.21475   0.22147   0.21526   0.15322   0.25272   0.10452   0.05378   0.04905   0.01857   9.22098   1.61529   1.13740   1.56401   0.81552  
 21 19.0535   2169.489220  x:  0.02647   0.03114   0.03540   0.21330   0.11368   0.27583   0.03587   0.16531   0.03991   0.01404   0.04098   0.03019   0.03187   0.02257   0.21335   0.22143   0.21641   0.15303   0.24967   0.10467   0.05442   0.05477   0.01794   9.22229   1.62072   1.13578   1.56899   0.81764  
 22 19.3009   2169.344577  x:  0.02618   0.03110   0.03593   0.21299   0.11387   0.28126   0.03643   0.16175   0.04043   0.01428   0.04135   0.03026   0.03204   0.02279   0.22289   0.22226   0.22320   0.15245   0.22988   0.10397   0.05525   0.05297   0.01758   9.22608   1.62261   1.12794   1.57390   0.82786  
 23  8.4713   2168.799238  x:  0.02489   0.03141   0.03860   0.21692   0.11101   0.26709   0.03982   0.15880   0.04329   0.01531   0.04342   0.03076   0.03286   0.02427   0.22173   0.21663   0.21020   0.17857   0.22575   0.10248   0.05820   0.05233   0.01575   9.24283   1.54520   1.10027   1.53104   0.87477  
 24  5.3849   2168.502728  x:  0.02427   0.03154   0.04012   0.21154   0.10970   0.25902   0.04179   0.15382   0.04487   0.01590   0.04446   0.03105   0.03354   0.02482   0.21669   0.22831   0.20990   0.15360   0.22981   0.10179   0.05941   0.05213   0.01456   9.25208   1.50218   1.08253   1.49763   0.88337  
 25 16.6356   2168.294937  x:  0.02389   0.03162   0.04091   0.22061   0.10765   0.24972   0.04294   0.15297   0.04586   0.01613   0.04512   0.03123   0.03386   0.02522   0.21621   0.22582   0.21837   0.15652   0.22630   0.10171   0.06014   0.05202   0.01385   9.25967   1.48332   1.05351   1.45561   0.84146  
 26  7.1509   2168.246324  x:  0.02376   0.03156   0.04134   0.21210   0.10933   0.25375   0.04320   0.15202   0.04623   0.01624   0.04538   0.03130   0.03393   0.02534   0.21641   0.22576   0.21174   0.15930   0.22452   0.10151   0.06056   0.05194   0.01366   9.26158   1.47935   1.04585   1.44611   0.82886  
 27  8.0556   2168.234655  x:  0.02375   0.03150   0.04140   0.21576   0.10803   0.25659   0.04300   0.15231   0.04630   0.01624   0.04540   0.03131   0.03397   0.02534   0.21667   0.22730   0.20709   0.15855   0.22375   0.10133   0.06064   0.05192   0.01370   9.26216   1.47771   1.04453   1.44680   0.82646  
 28  1.4238   2167.983459  x:  0.02368   0.03133   0.04191   0.21380   0.10922   0.25449   0.04315   0.15338   0.04728   0.01598   0.04567   0.03128   0.03404   0.02498   0.21729   0.21931   0.21087   0.15695   0.22412   0.10116   0.06098   0.05172   0.01447   9.27637   1.43870   1.03350   1.49327   0.80020  
 29  0.8738   2164.471000  x:  0.02386   0.02730   0.05201   0.21559   0.11443   0.25738   0.04546   0.16706   0.06100   0.01363   0.04992   0.03129   0.03395   0.02183   0.23283   0.13207   0.20007   0.13036   0.22542   0.10090   0.06605   0.05162   0.02467   9.46084   1.47625   1.04700   1.45847   0.82178  
 30  1.5484   2163.290972  x:  0.02638   0.03199   0.05063   0.21560   0.10758   0.22494   0.04154   0.15815   0.05920   0.01040   0.04593   0.03049   0.03266   0.02200   0.23202   0.11944   0.17414   0.13005   0.19751   0.09540   0.06404   0.05159   0.01907   9.36829   1.50977   1.07184   1.49582   0.83577  
 31  0.0909   2163.112581  x:  0.02568   0.03213   0.04713   0.21598   0.10694   0.22734   0.03816   0.15569   0.05464   0.00976   0.04337   0.03066   0.03214   0.02259   0.22764   0.12173   0.18144   0.12634   0.20108   0.09475   0.06174   0.05175   0.01587   9.25374   1.49143   1.05556   1.47391   0.83513  
 32  0.1139   2163.069584  x:  0.02513   0.03133   0.04537   0.21485   0.10820   0.22752   0.03817   0.15623   0.05228   0.01014   0.04297   0.03082   0.03266   0.02287   0.22809   0.11978   0.17825   0.12909   0.20170   0.09548   0.06158   0.05187   0.01740   9.18984   1.48178   1.04624   1.45877   0.83286  
 33  0.0535   2163.056432  x:  0.02534   0.03106   0.04450   0.21474   0.10821   0.22669   0.03873   0.15679   0.05127   0.01077   0.04336   0.03082   0.03276   0.02311   0.22875   0.11973   0.17836   0.12612   0.20013   0.09527   0.06195   0.05178   0.01732   9.17234   1.48788   1.05040   1.46613   0.83167  
 34  0.0165   2163.054293  x:  0.02543   0.03117   0.04435   0.21501   0.10789   0.22666   0.03877   0.15651   0.05116   0.01105   0.04346   0.03078   0.03264   0.02321   0.22875   0.11867   0.17852   0.12726   0.20030   0.09511   0.06203   0.05175   0.01711   9.17821   1.48876   1.05179   1.46852   0.83258  
 35  0.0083   2163.053747  x:  0.02543   0.03130   0.04433   0.21509   0.10785   0.22640   0.03867   0.15633   0.05117   0.01125   0.04343   0.03076   0.03260   0.02323   0.22863   0.11935   0.17823   0.12731   0.20036   0.09509   0.06201   0.05176   0.01714   9.18602   1.48824   1.05162   1.46791   0.83324  
 36  0.0088   2163.053621  x:  0.02540   0.03134   0.04435   0.21508   0.10791   0.22654   0.03858   0.15636   0.05122   0.01131   0.04339   0.03076   0.03259   0.02319   0.22862   0.11910   0.17835   0.12708   0.20039   0.09514   0.06196   0.05177   0.01716   9.19052   1.48797   1.05134   1.46742   0.83319  
 37  0.0049   2163.053611  x:  0.02540   0.03133   0.04435   0.21505   0.10792   0.22653   0.03857   0.15640   0.05120   0.01132   0.04337   0.03077   0.03260   0.02317   0.22865   0.11911   0.17834   0.12713   0.20034   0.09513   0.06194   0.05177   0.01715   9.19093   1.48810   1.05136   1.46748   0.83304  
 38  0.0004   2163.053610  x:  0.02540   0.03132   0.04435   0.21505   0.10791   0.22653   0.03857   0.15638   0.05120   0.01132   0.04336   0.03077   0.03260   0.02316   0.22865   0.11911   0.17833   0.12712   0.20036   0.09513   0.06193   0.05177   0.01715   9.19102   1.48809   1.05135   1.46750   0.83306  
 39  0.0001   2163.053610  x:  0.02540   0.03132   0.04436   0.21505   0.10792   0.22653   0.03858   0.15638   0.05119   0.01132   0.04336   0.03077   0.03260   0.02316   0.22864   0.11911   0.17834   0.12712   0.20035   0.09513   0.06193   0.05177   0.01715   9.19098   1.48807   1.05135   1.46749   0.83308  
 40  0.0000   2163.053610  x:  0.02540   0.03132   0.04436   0.21505   0.10792   0.22653   0.03858   0.15639   0.05119   0.01132   0.04337   0.03077   0.03260   0.02316   0.22865   0.11911   0.17834   0.12712   0.20035   0.09513   0.06194   0.05177   0.01715   9.19094   1.48808   1.05135   1.46749   0.83307  
 41  0.0000   2163.053610  x:  0.02540   0.03132   0.04436   0.21505   0.10792   0.22653   0.03857   0.15639   0.05119   0.01132   0.04337   0.03077   0.03260   0.02316   0.22865   0.11911   0.17834   0.12712   0.20035   0.09513   0.06194   0.05177   0.01715   9.19094   1.48808   1.05135   1.46749   0.83307  
 42  0.0000   2163.053610  x:  0.02540   0.03132   0.04436   0.21505   0.10792   0.22653   0.03857   0.15639   0.05119   0.01132   0.04337   0.03077   0.03260   0.02316   0.22865   0.11911   0.17834   0.12712   0.20035   0.09513   0.06194   0.05177   0.01715   9.19094   1.48808   1.05135   1.46749   0.83307  
 43  0.0000   2163.053610  x:  0.02540   0.03132   0.04436   0.21505   0.10792   0.22653   0.03857   0.15639   0.05119   0.01132   0.04337   0.03077   0.03260   0.02316   0.22865   0.11911   0.17834   0.12712   0.20035   0.09513   0.06194   0.05177   0.01715   9.19094   1.48808   1.05135   1.46749   0.83307  