

TREE # 1

  0  0.0000   2468.080193  x:  0.01972   0.20925   0.02571   0.03211   0.02495   0.05815   0.02188   0.05666   0.08536   0.02661   0.17168   0.01972   0.20925   0.02571   0.03211   0.02495   0.05815   0.02188   0.05666   0.08536   0.02661   0.17168   0.21568   8.40433   1.62664   1.09601   1.13183   1.00000  
  1 99.0000   2291.448452  x:  0.01544   0.20948   0.16140   0.17491   0.03991   0.05452   0.01379   0.05306   0.08458   0.09209   0.16116   0.00000   0.20398   0.16652   0.11458   0.03217   0.10889   0.04859   0.05495   0.08812   0.12810   0.15951   0.19824   8.40443   1.62681   1.09462   1.13464   0.99940  
  2 2005.7172   2268.595613  x:  0.01088   0.20505   0.14033   0.18812   0.03250   0.04114   0.00578   0.02242   0.05777   0.08714   0.09339   0.00000   0.16378   0.14505   0.14913   0.02150   0.20753   0.04394   0.02934   0.07450   0.11383   0.07905   0.07710   8.40530   1.62712   1.09190   1.15131   0.99337  
  3 205.4873   2265.305448  x:  0.01795   0.20431   0.13640   0.19060   0.03505   0.04172   0.02457   0.02790   0.05439   0.08679   0.07902   0.00000   0.15465   0.14095   0.15499   0.02457   0.22432   0.04464   0.03247   0.07194   0.11183   0.06165   0.04518   8.40554   1.62726   1.09088   1.15614   0.99164  
  4 502.9545   2264.052500  x:  0.02312   0.20431   0.13539   0.19061   0.03816   0.04360   0.01641   0.03488   0.05758   0.08716   0.07504   0.00000   0.15083   0.13972   0.15469   0.02883   0.22563   0.04610   0.04146   0.07165   0.11246   0.05822   0.02807   8.40575   1.62746   1.08984   1.16020   0.99015  
  5 141.1892   2263.848598  x:  0.02283   0.20472   0.13547   0.19001   0.03683   0.04850   0.01645   0.03483   0.06288   0.08857   0.07084   0.00000   0.14549   0.13972   0.15223   0.02445   0.22335   0.04450   0.04029   0.07166   0.11584   0.05859   0.02626   8.40629   1.62810   1.08710   1.17041   0.98629  
  6 25.6824   2263.572251  x:  0.02348   0.20545   0.13465   0.18905   0.03664   0.04760   0.01607   0.03348   0.06540   0.08968   0.06571   0.00000   0.13513   0.13929   0.14935   0.03003   0.22165   0.04559   0.03951   0.07114   0.12004   0.05696   0.03004   8.40763   1.62984   1.08081   1.19469   0.97695  
  7 40.8580   2263.155505  x:  0.02226   0.20606   0.13452   0.18873   0.03902   0.04041   0.01662   0.03442   0.06032   0.08908   0.07143   0.00000   0.12560   0.14026   0.14771   0.02620   0.21904   0.04538   0.03948   0.07097   0.12191   0.05920   0.02828   8.41026   1.63386   1.07009   1.23946   0.95911  
  8 60.2498   2262.839627  x:  0.02148   0.20548   0.13525   0.19003   0.03600   0.04778   0.01664   0.03218   0.05592   0.08752   0.07617   0.00000   0.12981   0.14097   0.15029   0.02788   0.21928   0.04539   0.04196   0.07110   0.11766   0.05842   0.02791   8.41289   1.63892   1.06247   1.27895   0.94240  
  9 63.1029   2262.652491  x:  0.02250   0.20423   0.13584   0.19112   0.03788   0.04726   0.01566   0.03632   0.05859   0.08739   0.07377   0.00000   0.13894   0.14053   0.15291   0.02703   0.22083   0.04450   0.03978   0.07120   0.11345   0.05693   0.02992   8.41489   1.64384   1.06007   1.30352   0.93093  
 10 53.8143   2262.587135  x:  0.02203   0.20333   0.13600   0.19079   0.03704   0.04462   0.01659   0.03395   0.06088   0.08806   0.07200   0.00000   0.14381   0.14035   0.15294   0.02754   0.22054   0.04524   0.04051   0.07146   0.11345   0.05882   0.02836   8.41594   1.64735   1.06167   1.31184   0.92607  
 11 26.9199   2262.509654  x:  0.02511   0.20169   0.13503   0.18956   0.03837   0.04468   0.01630   0.03219   0.05874   0.08886   0.07147   0.00000   0.14717   0.14018   0.15115   0.02633   0.22048   0.04512   0.04114   0.07145   0.11784   0.05743   0.02875   8.41856   1.65821   1.07266   1.32068   0.91750  
 12 12.6428   2262.375456  x:  0.02071   0.19934   0.13433   0.18845   0.03818   0.04546   0.01627   0.03485   0.05662   0.08945   0.07160   0.00000   0.14929   0.14013   0.14871   0.02763   0.22058   0.04494   0.04042   0.07152   0.12217   0.05666   0.02825   8.42355   1.67935   1.09449   1.33494   0.90249  
 13 50.3593   2262.149952  x:  0.02369   0.19776   0.13610   0.19005   0.03445   0.04532   0.01613   0.03618   0.05959   0.08894   0.07485   0.00000   0.14494   0.14043   0.14891   0.02837   0.22252   0.04479   0.03912   0.07185   0.11826   0.05955   0.02880   8.43292   1.71945   1.13483   1.35898   0.87743  
 14 63.7712   2262.071678  x:  0.02220   0.19861   0.13693   0.19084   0.03811   0.04588   0.01648   0.03436   0.06091   0.08843   0.07451   0.00000   0.14282   0.14073   0.15000   0.02748   0.22200   0.04511   0.04158   0.07216   0.11502   0.05948   0.02986   8.43645   1.73455   1.14864   1.36746   0.87005  
 15 61.3911   2262.003575  x:  0.02249   0.20491   0.13742   0.19122   0.03730   0.04505   0.01622   0.03390   0.05885   0.08783   0.07203   0.00000   0.14284   0.14235   0.15274   0.02749   0.21493   0.04480   0.04035   0.07284   0.11291   0.05744   0.02878   8.44069   1.75208   1.15778   1.37589   0.87116  
 16 13.8899   2261.896065  x:  0.02235   0.21193   0.13474   0.19240   0.03797   0.04600   0.01621   0.03440   0.05981   0.08772   0.07326   0.00000   0.14371   0.13906   0.15715   0.02738   0.21503   0.04710   0.03987   0.06897   0.11621   0.05992   0.02906   8.44918   1.78505   1.16720   1.39128   0.88412  
 17 15.7192   2261.796867  x:  0.02179   0.21218   0.13536   0.19185   0.03651   0.04479   0.01638   0.03461   0.06130   0.08841   0.07479   0.00000   0.14418   0.13927   0.15618   0.02750   0.21696   0.04253   0.04280   0.07097   0.11720   0.05841   0.03017   8.45767   1.81585   1.17429   1.40573   0.89940  
 18 34.4627   2261.688553  x:  0.02224   0.20744   0.13791   0.19035   0.03816   0.04578   0.01629   0.03423   0.06091   0.08870   0.07515   0.00000   0.14448   0.14196   0.15077   0.02803   0.21817   0.04491   0.04048   0.07475   0.11521   0.05887   0.02939   8.46765   1.84941   1.18158   1.42172   0.91772  
 19 50.2750   2261.665874  x:  0.02225   0.20445   0.13821   0.19112   0.03710   0.04554   0.01615   0.03483   0.05968   0.08836   0.07353   0.00000   0.14423   0.14250   0.15001   0.02706   0.21747   0.04583   0.04167   0.07288   0.11431   0.05924   0.03001   8.47016   1.85529   1.18322   1.42485   0.92157  
 20 15.1119   2261.650808  x:  0.02237   0.20139   0.13795   0.19227   0.03775   0.04563   0.01615   0.03437   0.05956   0.08823   0.07351   0.00000   0.14402   0.14246   0.15048   0.02774   0.21569   0.04441   0.04101   0.07099   0.11403   0.05953   0.02959   8.47237   1.85771   1.18447   1.42665   0.92392  
 21  8.2395   2261.630900  x:  0.02215   0.19808   0.13685   0.19320   0.03739   0.04535   0.01615   0.03422   0.06055   0.08867   0.07461   0.00000   0.14360   0.14156   0.15266   0.02740   0.21332   0.04564   0.04087   0.07190   0.11444   0.05790   0.02963   8.47631   1.85811   1.18639   1.42850   0.92642  
 22  5.3326   2261.575497  x:  0.02242   0.19576   0.13609   0.19287   0.03768   0.04598   0.01594   0.03487   0.05877   0.08970   0.07280   0.00000   0.14287   0.14053   0.15672   0.02754   0.21187   0.04485   0.04119   0.07590   0.11517   0.06111   0.03009   8.48928   1.85435   1.19200   1.43258   0.93182  
 23  6.7403   2261.042562  x:  0.02185   0.20188   0.14671   0.18510   0.03797   0.04636   0.01553   0.03550   0.06149   0.09083   0.07652   0.00000   0.14538   0.14520   0.15677   0.02780   0.20387   0.04586   0.04193   0.07055   0.11689   0.06104   0.03096   8.61854   1.80862   1.24291   1.46673   0.97670  
 24 22.9496   2260.839996  x:  0.02175   0.20629   0.13956   0.19743   0.03806   0.04625   0.01556   0.03543   0.06273   0.08669   0.07702   0.00000   0.14742   0.14908   0.14890   0.02798   0.20113   0.04564   0.04246   0.07388   0.11742   0.06205   0.03137   8.66827   1.79620   1.25417   1.47402   0.98687  
 25 35.4277   2260.493854  x:  0.02141   0.20946   0.14155   0.20666   0.03811   0.04665   0.01501   0.03579   0.06005   0.10372   0.07881   0.00000   0.14862   0.14310   0.14152   0.02815   0.19342   0.04572   0.04290   0.07425   0.11464   0.06264   0.03186   8.75846   1.79304   1.24676   1.46812   0.98250  
 26 20.4638   2258.190187  x:  0.02140   0.20714   0.16293   0.20850   0.03891   0.04854   0.01245   0.03899   0.06470   0.09225   0.08377   0.00000   0.15202   0.15363   0.14319   0.02931   0.15019   0.04708   0.04551   0.07655   0.13198   0.06946   0.03525   9.32643   1.79728   1.16623   1.40838   0.92799  
 27 96.2146   2258.082751  x:  0.02133   0.20683   0.15583   0.20453   0.03895   0.04892   0.01228   0.03948   0.06585   0.09745   0.08472   0.00000   0.15182   0.16337   0.14529   0.02939   0.14936   0.04724   0.04578   0.07451   0.13085   0.07020   0.03564   9.35396   1.79768   1.16213   1.40534   0.92513  
 28 31.0564   2255.038732  x:  0.02417   0.20453   0.18323   0.22760   0.04134   0.05013   0.01519   0.04601   0.06940   0.09774   0.08923   0.00000   0.15337   0.18577   0.15562   0.03135   0.21132   0.04985   0.05279   0.07459   0.14839   0.07585   0.03519  10.34968   1.77731   1.11820   1.36379   0.89669  
 29  0.4480   2253.245078  x:  0.02252   0.20541   0.20285   0.26634   0.04034   0.04723   0.01695   0.04218   0.06078   0.10801   0.08257   0.00000   0.14677   0.20696   0.17939   0.02968   0.19272   0.05070   0.04815   0.06857   0.15640   0.06952   0.03187  10.29632   1.77614   1.20735   1.40931   0.95186  
 30  0.0733   2252.900401  x:  0.02215   0.20421   0.20882   0.27591   0.04006   0.04716   0.01557   0.03951   0.05795   0.10882   0.08092   0.00000   0.14569   0.21513   0.18064   0.02935   0.18822   0.05049   0.04561   0.06818   0.15926   0.06720   0.03217   9.90763   1.78236   1.15726   1.36743   0.91526  
 31  0.2973   2252.860871  x:  0.02224   0.20402   0.21021   0.27703   0.04034   0.04749   0.01470   0.03899   0.05868   0.10792   0.08201   0.00000   0.14651   0.21847   0.17899   0.02961   0.19240   0.05051   0.04574   0.06867   0.16000   0.06786   0.03275   9.67804   1.77772   1.16359   1.37523   0.91430  
 32  0.1564   2252.859985  x:  0.02206   0.20423   0.21024   0.27677   0.04028   0.04736   0.01500   0.03894   0.05869   0.10792   0.08211   0.00000   0.14633   0.21856   0.17910   0.02949   0.19235   0.05054   0.04575   0.06861   0.15994   0.06813   0.03283   9.65549   1.77801   1.16414   1.37448   0.91557  
 33  0.0201   2252.859918  x:  0.02211   0.20423   0.21027   0.27659   0.04029   0.04736   0.01496   0.03903   0.05868   0.10796   0.08209   0.00000   0.14628   0.21854   0.17918   0.02950   0.19229   0.05055   0.04581   0.06858   0.15993   0.06816   0.03277   9.64933   1.77813   1.16405   1.37420   0.91558  
 34  0.0047   2252.859915  x:  0.02211   0.20421   0.21029   0.27655   0.04029   0.04737   0.01498   0.03904   0.05868   0.10796   0.08208   0.00000   0.14631   0.21854   0.17918   0.02950   0.19227   0.05055   0.04581   0.06859   0.15994   0.06814   0.03277   9.64910   1.77811   1.16407   1.37430   0.91547  
 35  0.0002   2252.859915  x:  0.02211   0.20422   0.21031   0.27654   0.04029   0.04737   0.01498   0.03904   0.05868   0.10796   0.08208   0.00000   0.14631   0.21854   0.17918   0.02950   0.19227   0.05055   0.04581   0.06859   0.15994   0.06814   0.03277   9.64913   1.77811   1.16406   1.37429   0.91549  
 36  0.0000   2252.859915  x:  0.02211   0.20421   0.21031   0.27654   0.04029   0.04737   0.01498   0.03904   0.05868   0.10796   0.08208   0.00000   0.14630   0.21854   0.17918   0.02950   0.19227   0.05055   0.04581   0.06859   0.15994   0.06814   0.03277   9.64920   1.77811   1.16406   1.37429   0.91549  
 37  0.0000   2252.859915  x:  0.02211   0.20421   0.21031   0.27654   0.04029   0.04737   0.01498   0.03904   0.05868   0.10796   0.08208   0.00000   0.14631   0.21854   0.17918   0.02950   0.19227   0.05055   0.04581   0.06859   0.15994   0.06814   0.03277   9.64918   1.77811   1.16406   1.37429   0.91549  
 38  0.0000   2252.859915  x:  0.02211   0.20421   0.21031   0.27654   0.04029   0.04737   0.01498   0.03904   0.05868   0.10796   0.08208   0.00000   0.14631   0.21854   0.17918   0.02950   0.19227   0.05055   0.04581   0.06859   0.15994   0.06814   0.03277   9.64919   1.77811   1.16406   1.37429   0.91549  
 39  0.0000   2252.859915  x:  0.02211   0.20421   0.21031   0.27654   0.04029   0.04737   0.01498   0.03904   0.05868   0.10796   0.08208   0.00000   0.14631   0.21854   0.17918   0.02950   0.19227   0.05055   0.04581   0.06859   0.15994   0.06814   0.03277   9.64919   1.77811   1.16406   1.37429   0.91549  
 40  0.0000   2252.859915  x:  0.02211   0.20421   0.21031   0.27654   0.04029   0.04737   0.01498   0.03904   0.05868   0.10796   0.08208   0.00000   0.14631   0.21854   0.17918   0.02950   0.19227   0.05055   0.04581   0.06859   0.15994   0.06814   0.03277   9.64919   1.77811   1.16406   1.37429   0.91549  
check convergence!


TREE # 2

  0  0.0000   2457.142667  x:  0.02211   0.20421   0.21031   0.27654   0.04029   0.04737   0.01498   0.03904   0.05868   0.10796   0.08208   0.00000   0.14631   0.21854   0.17918   0.02950   0.19227   0.05055   0.04581   0.06859   0.15994   0.06814   0.03277   9.64919   1.77299   1.13864   1.36315   0.91549  
  1 99.0000   2371.589355  x:  0.01967   0.18514   0.19573   0.26872   0.09983   0.11561   0.10547   0.10302   0.05745   0.10245   0.12350   0.36807   0.13144   0.20547   0.18355   0.06792   0.19594   0.06330   0.12898   0.06382   0.14571   0.06181   0.01929   9.64920   1.77282   1.13934   1.36300   0.91544  
  2 2887.9222   2335.710560  x:  0.01927   0.14310   0.16432   0.25188   0.12663   0.15018   0.10153   0.13222   0.04654   0.07495   0.14297   0.34619   0.09916   0.17721   0.18887   0.09095   0.19944   0.06798   0.17499   0.04774   0.11331   0.05241   0.00000   9.64927   1.77211   1.14232   1.36136   0.91503  
  3 382.9528   2288.571960  x:  0.02379   0.03538   0.08587   0.20986   0.18437   0.22591   0.09322   0.19669   0.02282   0.00716   0.18828   0.29980   0.01821   0.10673   0.20107   0.13868   0.20717   0.07505   0.27557   0.01702   0.03561   0.04386   0.06130   9.64944   1.77036   1.14944   1.35736   0.91384  
  4 2314.3272   2281.151184  x:  0.03086   0.00000   0.06944   0.19806   0.18913   0.23482   0.09128   0.20413   0.03960   0.01351   0.19715   0.29407   0.01108   0.09192   0.20316   0.13976   0.20793   0.07138   0.28912   0.03971   0.03243   0.04477   0.06390   9.64949   1.76988   1.15121   1.35642   0.91359  
  5 330.4299   2280.138409  x:  0.03546   0.00000   0.06165   0.18460   0.18918   0.23977   0.08954   0.20763   0.04148   0.01509   0.20346   0.29180   0.02796   0.08285   0.20433   0.13567   0.20821   0.06528   0.29785   0.03977   0.03498   0.04715   0.06532   9.64955   1.76926   1.15327   1.35551   0.91334  
  6 109.3620   2279.192988  x:  0.03122   0.00000   0.06233   0.15833   0.18200   0.24201   0.08684   0.20746   0.03958   0.01815   0.21108   0.29253   0.02333   0.07266   0.20435   0.11975   0.20830   0.05338   0.30595   0.03471   0.04439   0.05040   0.06453   9.64969   1.76798   1.15767   1.35355   0.91269  
  7 67.3910   2278.889929  x:  0.03534   0.00000   0.06608   0.14341   0.17670   0.24198   0.08555   0.20581   0.03988   0.01396   0.21380   0.29359   0.02292   0.07625   0.20441   0.11083   0.20936   0.05389   0.30968   0.03655   0.03865   0.04807   0.06393   9.64980   1.76700   1.16107   1.35207   0.91209  
  8 41.1937   2278.853535  x:  0.03322   0.00000   0.06516   0.14075   0.17566   0.24202   0.08543   0.20508   0.04002   0.01561   0.21462   0.29343   0.02325   0.07852   0.20468   0.11063   0.21028   0.05677   0.31105   0.03637   0.03824   0.04817   0.06424   9.64987   1.76648   1.16290   1.35132   0.91179  
  9 13.8024   2278.839235  x:  0.03416   0.00000   0.06455   0.14020   0.17495   0.24179   0.08569   0.20397   0.03962   0.01492   0.21481   0.29337   0.02290   0.07937   0.20506   0.11146   0.21118   0.05799   0.31203   0.03654   0.04008   0.04863   0.06418   9.64998   1.76572   1.16556   1.35023   0.91136  
 10  6.9729   2278.803160  x:  0.03487   0.00000   0.06515   0.14122   0.17300   0.24050   0.08704   0.19981   0.04088   0.01562   0.21508   0.29338   0.02271   0.07902   0.20626   0.11396   0.21365   0.05660   0.31444   0.03530   0.03926   0.04863   0.06411   9.65048   1.76261   1.17669   1.34568   0.90960  
 11  8.2275   2278.788069  x:  0.03344   0.00000   0.06533   0.14206   0.17284   0.24011   0.08748   0.19880   0.03994   0.01483   0.21500   0.29336   0.02319   0.07876   0.20644   0.11395   0.21417   0.05589   0.31521   0.03675   0.03906   0.04834   0.06407   9.65074   1.76127   1.18176   1.34358   0.90881  
 12 13.3144   2278.765829  x:  0.03426   0.00000   0.06498   0.14406   0.17474   0.24001   0.08717   0.20039   0.03892   0.01601   0.21463   0.29324   0.02303   0.07897   0.20559   0.11056   0.21314   0.05672   0.31494   0.03675   0.03900   0.04830   0.06397   9.65131   1.75958   1.18943   1.34022   0.90769  
 13  6.4593   2278.754263  x:  0.03367   0.00000   0.06526   0.14432   0.17567   0.24008   0.08678   0.20192   0.04068   0.01497   0.21418   0.29320   0.02318   0.07926   0.20523   0.10968   0.21230   0.05718   0.31406   0.03624   0.03953   0.04861   0.06392   9.65168   1.75906   1.19279   1.33866   0.90725  
 14  7.6851   2278.718057  x:  0.03397   0.00000   0.06681   0.14108   0.17617   0.24030   0.08513   0.20690   0.03999   0.01583   0.21317   0.29342   0.02320   0.07956   0.20552   0.11350   0.20971   0.05702   0.30806   0.03678   0.03977   0.04851   0.06367   9.65313   1.75947   1.19886   1.33541   0.90681  
 15  4.1069   2278.666036  x:  0.03385   0.00000   0.06198   0.14002   0.17396   0.23981   0.08532   0.20704   0.03971   0.01477   0.21258   0.29451   0.02282   0.07855   0.20615   0.11339   0.20933   0.05715   0.30123   0.03623   0.03836   0.04876   0.06224   9.65541   1.76219   1.20152   1.33343   0.90732  
 16  4.1199   2278.178216  x:  0.03362   0.00000   0.06806   0.14387   0.16742   0.24925   0.09102   0.20069   0.04040   0.01458   0.22189   0.29286   0.02390   0.07029   0.21266   0.10780   0.21766   0.06649   0.27773   0.03678   0.03985   0.04544   0.05684   9.67789   1.79334   1.20792   1.32472   0.91561  
 17  7.5148   2277.453559  x:  0.03382   0.00000   0.06944   0.14985   0.16502   0.25588   0.09176   0.19169   0.04060   0.01573   0.22831   0.29043   0.02297   0.08641   0.21703   0.10289   0.22300   0.05607   0.26062   0.03856   0.04016   0.05538   0.04788   9.71220   1.83877   1.21380   1.31662   0.92797  
 18 40.8533   2276.491925  x:  0.03367   0.00000   0.06722   0.15187   0.16094   0.23712   0.08483   0.18021   0.04303   0.01875   0.21322   0.29148   0.02314   0.09174   0.21005   0.10174   0.21683   0.05240   0.25871   0.03791   0.04609   0.03877   0.04030   9.75413   1.88727   1.21851   1.31624   0.94075  
 19 39.8947   2275.678585  x:  0.03381   0.00000   0.07168   0.15189   0.15514   0.21141   0.08284   0.17187   0.04244   0.02070   0.19365   0.29232   0.02386   0.08502   0.20121   0.10144   0.20879   0.05904   0.26082   0.03992   0.04331   0.04983   0.02986   9.79178   1.92596   1.22236   1.32139   0.95054  
 20 87.5145   2275.406031  x:  0.03405   0.00000   0.07173   0.15120   0.15128   0.20008   0.10159   0.17843   0.04272   0.02164   0.19161   0.28733   0.02368   0.08748   0.20161   0.09986   0.20798   0.05778   0.25863   0.03996   0.04430   0.04864   0.02685   9.80484   1.92345   1.22441   1.33912   0.94838  
 21 15.8045   2274.808644  x:  0.03387   0.00000   0.07243   0.15425   0.14907   0.19490   0.09022   0.17385   0.04324   0.02138   0.19759   0.28914   0.02333   0.08806   0.20605   0.09726   0.21084   0.05872   0.24263   0.04040   0.04484   0.04847   0.02002   9.83185   1.88178   1.23081   1.40804   0.93057  
 22 16.5508   2274.739723  x:  0.03403   0.00000   0.07248   0.15303   0.14753   0.20424   0.09274   0.17000   0.04341   0.02237   0.19007   0.28829   0.02340   0.08826   0.20206   0.09721   0.20870   0.05872   0.24097   0.04060   0.04506   0.04851   0.01952   9.83490   1.87414   1.22991   1.41354   0.92724  
 23  8.8812   2274.307358  x:  0.03384   0.00000   0.07286   0.15857   0.13577   0.20491   0.09167   0.17243   0.04356   0.02175   0.20028   0.28421   0.02353   0.08917   0.19000   0.09973   0.20264   0.05916   0.24230   0.04099   0.04515   0.04848   0.01673   9.85007   1.78700   1.16487   1.34411   0.89063  
 24  2.5138   2273.978379  x:  0.03349   0.00000   0.07318   0.15367   0.14972   0.20122   0.09357   0.16810   0.04354   0.02265   0.19321   0.28088   0.02349   0.08877   0.20113   0.09773   0.20855   0.05904   0.23967   0.04097   0.04531   0.04834   0.01464   9.86162   1.71975   1.11531   1.29110   0.86929  
 25 43.5918   2273.837347  x:  0.03320   0.00000   0.07346   0.15696   0.14205   0.20366   0.08961   0.17619   0.04348   0.02345   0.18556   0.28008   0.02340   0.08903   0.20951   0.09557   0.21459   0.05852   0.24320   0.04117   0.04542   0.04829   0.01423   9.86600   1.69602   1.10397   1.27790   0.88400  
 26  7.5856   2273.298659  x:  0.03317   0.00000   0.07361   0.15473   0.14866   0.20356   0.09214   0.17137   0.04384   0.02254   0.19354   0.27259   0.02311   0.08916   0.19945   0.09885   0.20989   0.05958   0.24315   0.04147   0.04512   0.04818   0.01199   9.88218   1.61895   1.08033   1.24614   0.97144  
 27 13.2249   2272.192122  x:  0.03260   0.00000   0.07408   0.15847   0.14677   0.21240   0.09430   0.16528   0.04387   0.02254   0.20074   0.25665   0.02207   0.09039   0.23069   0.09994   0.16935   0.06374   0.25965   0.04157   0.04473   0.04802   0.00948   9.91283   1.63093   1.08950   1.25920   0.97248  
 28  1.8657   2267.519104  x:  0.03215   0.00000   0.07506   0.15671   0.16239   0.22760   0.08940   0.18321   0.04407   0.02477   0.20337   0.20623   0.02036   0.09130   0.21800   0.10892   0.18883   0.06198   0.29369   0.04332   0.04298   0.04817   0.00125  10.01311   1.69441   1.12698   1.31276   0.94924  
 29 26.3678   2260.765439  x:  0.03022   0.00000   0.07579   0.15090   0.20353   0.27268   0.07848   0.22751   0.04363   0.02775   0.21741   0.10579   0.01698   0.09151   0.20095   0.13310   0.21726   0.06041   0.38642   0.04484   0.03868   0.04579   0.00964  10.19922   1.73496   1.17344   1.40085   0.89898  
 30  1.5109   2257.439769  x:  0.03161   0.00000   0.06628   0.13406   0.19948   0.27510   0.06706   0.22256   0.04356   0.02912   0.20531   0.05319   0.02126   0.07824   0.20857   0.12964   0.21223   0.05752   0.38384   0.03943   0.03763   0.04316   0.00913  10.04159   1.79426   1.18443   1.32941   0.92947  
 31  0.1216   2255.016027  x:  0.03322   0.00000   0.06011   0.13161   0.17053   0.24342   0.05758   0.19114   0.04444   0.02819   0.18692   0.07421   0.02586   0.07054   0.21143   0.11271   0.20796   0.05502   0.31985   0.03453   0.03945   0.04473   0.00920   9.73886   1.81327   1.18121   1.31027   0.93746  
 32  0.3239   2253.265697  x:  0.03310   0.00000   0.06371   0.14528   0.15305   0.22274   0.07404   0.17433   0.04507   0.02855   0.18606   0.05097   0.02707   0.07728   0.20940   0.10506   0.20757   0.05667   0.27739   0.03550   0.04125   0.04704   0.00929   9.56389   1.76858   1.15876   1.35414   0.91642  
 33  0.1987   2252.996149  x:  0.03269   0.00000   0.06892   0.14799   0.16050   0.21945   0.06591   0.18129   0.04495   0.02892   0.19269   0.05026   0.02395   0.08271   0.20256   0.10851   0.20972   0.05877   0.27718   0.03911   0.04049   0.04797   0.01029   9.62284   1.77150   1.16079   1.37983   0.91256  
 34  0.0655   2252.926928  x:  0.03269   0.00000   0.06933   0.14593   0.16099   0.21702   0.07075   0.17925   0.04546   0.02965   0.19340   0.05197   0.02133   0.08334   0.20352   0.10845   0.21188   0.05892   0.27493   0.03991   0.04015   0.04829   0.01163   9.64827   1.78788   1.16833   1.37915   0.91750  
 35  0.0227   2252.888037  x:  0.03276   0.00000   0.06801   0.14545   0.16022   0.21767   0.06847   0.17812   0.04626   0.03007   0.19181   0.04871   0.02079   0.08203   0.20485   0.10795   0.21130   0.05850   0.27578   0.03986   0.04008   0.04791   0.01304   9.65692   1.78265   1.16588   1.37453   0.91581  
 36  0.0090   2252.866623  x:  0.03286   0.00000   0.06750   0.14662   0.15944   0.21857   0.06784   0.17875   0.04654   0.02953   0.19206   0.05119   0.02184   0.08159   0.20475   0.10773   0.20996   0.05861   0.27604   0.03984   0.04011   0.04738   0.01423   9.66201   1.77436   1.16175   1.37171   0.91455  
 37  0.0090   2252.860700  x:  0.03281   0.00000   0.06803   0.14638   0.16000   0.21881   0.06892   0.17948   0.04614   0.02951   0.19250   0.05043   0.02222   0.08198   0.20394   0.10796   0.21012   0.05867   0.27693   0.03942   0.04029   0.04739   0.01484   9.65740   1.77786   1.16385   1.37397   0.91597  
 38  0.0052   2252.859952  x:  0.03278   0.00000   0.06816   0.14626   0.15989   0.21847   0.06856   0.17914   0.04586   0.02954   0.19235   0.05052   0.02213   0.08210   0.20422   0.10796   0.21032   0.05868   0.27639   0.03912   0.04031   0.04740   0.01498   9.65056   1.77853   1.16430   1.37462   0.91562  
 39  0.0061   2252.859916  x:  0.03277   0.00000   0.06814   0.14630   0.15995   0.21855   0.06858   0.17918   0.04581   0.02951   0.19227   0.05055   0.02211   0.08208   0.20423   0.10797   0.21032   0.05868   0.27657   0.03904   0.04029   0.04738   0.01498   9.64972   1.77813   1.16408   1.37433   0.91545  
 40  0.0009   2252.859915  x:  0.03277   0.00000   0.06814   0.14631   0.15994   0.21854   0.06859   0.17918   0.04581   0.02950   0.19227   0.05055   0.02211   0.08208   0.20422   0.10796   0.21031   0.05869   0.27654   0.03904   0.04029   0.04737   0.01498   9.64935   1.77811   1.16406   1.37428   0.91549  
 41  0.0004   2252.859915  x:  0.03277   0.00000   0.06814   0.14630   0.15994   0.21854   0.06859   0.17918   0.04581   0.02950   0.19227   0.05055   0.02211   0.08208   0.20421   0.10796   0.21031   0.05868   0.27654   0.03904   0.04029   0.04737   0.01498   9.64925   1.77811   1.16406   1.37429   0.91549  
 42  0.0001   2252.859915  x:  0.03277   0.00000   0.06814   0.14631   0.15994   0.21854   0.06859   0.17918   0.04581   0.02950   0.19227   0.05055   0.02211   0.08208   0.20422   0.10796   0.21031   0.05868   0.27654   0.03904   0.04029   0.04737   0.01498   9.64920   1.77811   1.16406   1.37429   0.91549  
 43  0.0000   2252.859915  x:  0.03277   0.00000   0.06814   0.14631   0.15994   0.21854   0.06859   0.17918   0.04581   0.02950   0.19227   0.05055   0.02211   0.08208   0.20421   0.10796   0.21031   0.05868   0.27654   0.03904   0.04029   0.04737   0.01498   9.64919   1.77811   1.16406   1.37429   0.91549  
 44  0.0000   2252.859915  x:  0.03277   0.00000   0.06814   0.14631   0.15994   0.21854   0.06859   0.17918   0.04581   0.02950   0.19227   0.05055   0.02211   0.08208   0.20421   0.10796   0.21031   0.05868   0.27654   0.03904   0.04029   0.04737   0.01498   9.64919   1.77811   1.16406   1.37429   0.91549  