-6.563959550679774324e-01
-7.481766636534005199e-01
-5.309671735916658974e-01
5.362220071048978687e-01
-4.659794484122458114e-01
-8.068719349064199520e+00
4.383213782970309946e-01
2.284374814686752408e+00
-2.522239038019222224e-01
-6.241197324505761701e-01
-3.011189448241581856e-01
-4.365375471196991652e-01
-1.003080135948419604e+00
-8.513380309424251058e-01
-1.020937806637043366e+00
-8.060837680755512658e-01
-3.843775656145108854e+00
-1.907067702334921622e+00
-2.538808602134047465e+00
-5.133510829904691875e+00
-1.855718753454594028e+00
-1.448748926811335380e+00
-2.115828657516546141e+00
-2.384073310940578505e+00
-3.044679321074588607e+00
-3.676696429559319856e+00
