

TREE # 1

  0  0.0000  21310.868563  x:  0.07826   0.14948   0.13677   0.08020   0.08892   0.08540   0.10095   0.09831   0.04861   0.11160   0.09645   0.06072   0.03891   0.03043   0.10895   0.01855   0.03648   0.03964   0.01830   0.00000   0.10174   0.12773   0.09709   0.01745   0.11184   0.06061   0.11464   0.09191   0.10358   0.10191   0.09218   0.07435   0.04166   0.10111   0.03263   0.08132   0.04511   0.06052   0.29363   8.40433   0.67641   0.95527   0.83297   1.00000  
  1 99.0000  17834.236613  x:  0.07528   0.38217   0.45088   0.60865   0.35860   0.47214   0.33500   0.40443   0.42883   0.31171   0.20059   0.30184   0.17015   0.54601   0.13293   1.00720   0.16732   0.04462   0.05775   0.08468   0.50548   0.43755   0.51900   0.71576   0.47535   0.59347   0.38041   0.34708   0.11026   0.08208   0.05232   0.23774   0.56777   0.09464   0.10767   0.10694   0.01653   0.00000   0.79588   8.36003   0.66833   1.02040   0.78258   0.99207  
  2 8526.1404  17755.438440  x:  0.07369   0.44685   0.53818   0.75478   0.43392   0.57918   0.39996   0.48907   0.53346   0.36737   0.22932   0.36797   0.20547   0.68707   0.13896   1.27811   0.20256   0.04579   0.06758   0.10715   0.61691   0.52355   0.63593   0.90766   0.57589   0.74039   0.45421   0.41776   0.11210   0.07625   0.04024   0.28260   0.71194   0.09267   0.12749   0.11416   0.01207   0.16120   0.93767   8.34686   0.66634   1.03878   0.76861   0.98941  
  3 92617.4559  17636.664689  x:  0.04546   0.46228   0.55924   0.77293   0.46401   0.59312   0.41213   0.49495   0.52862   0.37915   0.22493   0.35359   0.17157   0.65810   0.11218   1.24542   0.16977   0.03548   0.02533   0.07660   0.62280   0.54070   0.65697   0.90004   0.58667   0.74718   0.46845   0.42588   0.11110   0.06242   0.00000   0.27199   0.68817   0.08491   0.09282   0.11322   0.07758   0.16005   1.04836   8.31158   0.68715   1.04304   0.77921   0.96759  
  4 844.7089  17494.183388  x:  0.00000   0.48139   0.58727   0.79752   0.50504   0.61151   0.42832   0.50244   0.52044   0.39504   0.21870   0.33356   0.12500   0.61405   0.07756   1.19282   0.12455   0.04756   0.01765   0.02806   0.62913   0.56369   0.68553   0.88631   0.60147   0.75550   0.48750   0.43659   0.11189   0.05185   0.00703   0.26207   0.65235   0.08351   0.05241   0.10962   0.04403   0.15955   1.19959   8.25769   0.70909   1.05260   0.79303   0.93798  
  5 2004.2944  17473.249744  x:  0.00000   0.48378   0.59168   0.80197   0.51182   0.61458   0.43095   0.50378   0.51898   0.39764   0.21786   0.33105   0.11974   0.60614   0.07489   1.18227   0.11937   0.04314   0.02926   0.01734   0.62984   0.56744   0.69044   0.88356   0.60426   0.75704   0.49058   0.43830   0.11275   0.05324   0.00000   0.26067   0.64560   0.08631   0.05515   0.11010   0.04044   0.15942   1.22462   8.24654   0.71038   1.05531   0.79481   0.93358  
  6 2166.2050  17450.266408  x:  0.00000   0.48533   0.59668   0.80822   0.51997   0.61849   0.43412   0.50571   0.51736   0.40077   0.21722   0.32975   0.11829   0.59612   0.07723   1.16723   0.11752   0.03194   0.03158   0.00000   0.63039   0.57197   0.69685   0.87999   0.60839   0.75952   0.49426   0.44036   0.11439   0.05872   0.00845   0.26077   0.63703   0.09212   0.06990   0.11238   0.04133   0.15918   1.25444   8.22932   0.70837   1.06019   0.79603   0.92939  
  7 1729.4274  17422.970805  x:  0.00000   0.48418   0.60298   0.81951   0.53156   0.62464   0.43863   0.50928   0.51539   0.40514   0.21702   0.33168   0.12646   0.58022   0.09162   1.13975   0.12421   0.04122   0.01893   0.00000   0.63047   0.57843   0.70727   0.87445   0.61623   0.76468   0.49942   0.44325   0.11565   0.06833   0.00000   0.26260   0.62288   0.09781   0.09748   0.11627   0.03331   0.15887   1.29616   8.19493   0.69987   1.06952   0.79567   0.92588  
  8 1273.6379  17354.894328  x:  0.00000   0.45101   0.63027   0.90274   0.59218   0.66431   0.46251   0.53642   0.51196   0.42687   0.21995   0.36850   0.23040   0.48408   0.22290   0.95045   0.21835   0.16281   0.07893   0.00000   0.62717   0.61238   0.77466   0.85081   0.67654   0.80985   0.52622   0.45847   0.08953   0.06056   0.04426   0.29014   0.54437   0.03007   0.14195   0.12694   0.09387   0.15595   1.50562   7.92492   0.66074   1.11045   0.78009   0.92667  
  9 963.8350  17283.209748  x:  0.00000   0.37744   0.64252   1.01699   0.64159   0.71258   0.48078   0.57309   0.52576   0.44017   0.22223   0.42815   0.36994   0.38523   0.37575   0.72532   0.34984   0.17686   0.09728   0.00000   0.61728   0.63756   0.85280   0.85706   0.76208   0.88402   0.54645   0.47171   0.07583   0.00912   0.05512   0.32174   0.49117   0.17253   0.05875   0.10104   0.10563   0.15397   1.65065   7.53103   0.71412   1.08665   0.76814   0.94865  
 10 800.8845  17254.891157  x:  0.00000   0.34699   0.64514   1.06136   0.65871   0.73102   0.48628   0.58679   0.53288   0.44360   0.22191   0.44972   0.41898   0.35043   0.42670   0.64176   0.39646   0.16934   0.10017   0.00000   0.61196   0.64477   0.88168   0.86480   0.79555   0.91412   0.55279   0.47641   0.08836   0.05037   0.05512   0.33143   0.47719   0.19517   0.01032   0.09400   0.10488   0.15339   1.69507   7.37249   0.73865   1.07229   0.76889   0.95606  
 11 2365.1342  17150.287377  x:  0.00000   0.22238   0.63504   1.21755   0.70484   0.79241   0.49035   0.62713   0.56980   0.43859   0.20498   0.50140   0.52111   0.25032   0.50032   0.36648   0.49870   0.06396   0.07167   0.00000   0.57337   0.64455   0.96991   0.93741   0.91480   1.02866   0.56011   0.48418   0.12635   0.00895   0.02789   0.33032   0.49842   0.07742   0.00521   0.06958   0.03689   0.15307   1.75832   6.74044   0.87999   0.97015   0.82714   0.96102  
 12 929.6504  17115.437267  x:  0.00000   0.14935   0.62258   1.30254   0.72884   0.82443   0.48702   0.64485   0.59294   0.43053   0.19077   0.51831   0.53600   0.20724   0.47789   0.23350   0.51899   0.08895   0.07719   0.00000   0.54018   0.63327   1.01315   0.99447   0.98033   1.09360   0.55951   0.48597   0.11698   0.02893   0.03383   0.31768   0.52513   0.07444   0.04312   0.06042   0.04413   0.15276   1.76623   6.35828   0.97914   0.92179   0.85388   0.95712  
 13 1505.9094  17021.978798  x:  0.00000   0.02526   0.59037   1.43029   0.77484   0.86845   0.47160   0.66017   0.62329   0.41185   0.16539   0.53475   0.54301   0.16366   0.41553   0.06705   0.53313   0.08780   0.07587   0.00000   0.45011   0.59352   1.07073   1.09587   1.08095   1.19108   0.54984   0.48117   0.08819   0.03039   0.03299   0.28636   0.56451   0.07893   0.03557   0.13897   0.04280   0.15220   1.76098   5.67178   0.99026   0.97913   0.88848   0.93609  
 14 1641.3734  16993.503995  x:  0.00000   0.00000   0.58167   1.45144   0.78543   0.87365   0.46702   0.65972   0.62350   0.40775   0.16031   0.53595   0.54581   0.15036   0.40866   0.06594   0.53639   0.08755   0.07571   0.00000   0.42430   0.58246   1.07930   1.10604   1.09797   1.20443   0.54602   0.47778   0.08868   0.03044   0.03320   0.28046   0.56022   0.07851   0.03588   0.13275   0.04298   0.15219   1.76609   5.52581   0.99285   0.98684   0.89436   0.93075  
 15 2042.2858  16993.503995  x:  0.00000   0.00000   0.58167   1.45144   0.78543   0.87365   0.46702   0.65972   0.62350   0.40775   0.16031   0.53595   0.54581   0.15036   0.40866   0.06594   0.53639   0.08755   0.07571   0.00000   0.42430   0.58246   1.07930   1.10604   1.09797   1.20443   0.54602   0.47778   0.08868   0.03044   0.03320   0.28046   0.56022   0.07851   0.03588   0.13275   0.04298   0.15219   1.76609   5.52581   0.99285   0.98684   0.89436   0.93075  
 16 13092.4815  16834.866081  x:  0.00000   0.02088   0.58619   1.44717   0.80791   0.87290   0.46769   0.65150   0.61391   0.41301   0.15967   0.51805   0.50890   0.16967   0.37501   0.21940   0.49795   0.05283   0.03355   0.00000   0.39959   0.57582   1.07820   1.10563   1.09412   1.19681   0.54807   0.47761   0.11114   0.06104   0.00000   0.27154   0.54354   0.09226   0.06539   0.12376   0.01976   0.09350   1.81294   5.48974   0.93414   1.03934   0.89503   0.90714  
 17 1113.8338  16733.785707  x:  0.00000   0.03944   0.59038   1.43973   0.84453   0.87163   0.46908   0.63804   0.59814   0.42217   0.16021   0.48507   0.44231   0.18003   0.31421   0.23003   0.43119   0.03416   0.01106   0.00000   0.35935   0.56540   1.07686   1.10491   1.08754   1.18390   0.55151   0.47719   0.11213   0.04784   0.04049   0.26368   0.51863   0.08831   0.04733   0.11514   0.06857   0.00000   1.89051   5.42749   0.86250   1.09635   0.89360   0.86986  
 18 989.1605  16694.976822  x:  0.00000   0.05130   0.59304   1.43481   0.86865   0.87078   0.46999   0.62917   0.58775   0.42821   0.16059   0.46331   0.39834   0.18694   0.27423   0.23776   0.38712   0.02369   0.00095   0.00000   0.33281   0.55854   1.07599   1.10444   1.08320   1.17538   0.55377   0.47691   0.11304   0.03993   0.06382   0.25834   0.50221   0.08607   0.03662   0.10993   0.09780   0.00551   1.94162   5.38637   0.81622   1.13304   0.89258   0.84547  
 19 2927.1060  16625.454872  x:  0.00000   0.07891   0.59918   1.42320   0.92551   0.86877   0.47214   0.60827   0.56324   0.44241   0.16153   0.41201   0.29463   0.20366   0.18024   0.26085   0.28325   0.00511   0.02587   0.00000   0.27018   0.54235   1.07393   1.10337   1.07296   1.15525   0.55907   0.47625   0.11615   0.02361   0.11344   0.24551   0.46347   0.08188   0.01488   0.09785   0.16093   0.01414   2.06210   5.28923   0.70848   1.21851   0.89012   0.78820  
 20 23191.6451  16584.399322  x:  0.00000   0.09846   0.60315   1.41346   0.97236   0.86695   0.47384   0.59095   0.54294   0.45395   0.16249   0.36948   0.20839   0.21729   0.10459   0.27647   0.19707   0.05552   0.03357   0.00000   0.21825   0.52898   1.07225   1.10254   1.06439   1.13841   0.56329   0.47559   0.11928   0.01616   0.14602   0.23486   0.43196   0.08142   0.01721   0.08994   0.20266   0.01869   2.16156   5.20791   0.63137   1.28087   0.88762   0.74277  
 21 7035.9607  16517.906298  x:  0.00000   0.09945   0.59961   1.39891   1.03444   0.86309   0.47535   0.56727   0.51526   0.46751   0.16521   0.31173   0.09168   0.23237   0.03666   0.24301   0.08089   0.04283   0.03556   0.00000   0.14683   0.51075   1.06989   1.10186   1.05174   1.11379   0.56749   0.47360   0.12221   0.04845   0.15365   0.22216   0.39373   0.09028   0.09626   0.09669   0.21021   0.01924   2.29493   5.08985   0.63406   1.30132   0.88109   0.69918  
 22 1383.9755  16477.700290  x:  0.00000   0.09357   0.59466   1.38912   1.07539   0.86024   0.47625   0.55227   0.49794   0.47546   0.16821   0.27886   0.03425   0.24677   0.06478   0.23790   0.02311   0.04384   0.03468   0.00000   0.10016   0.49915   1.06849   1.10234   1.04345   1.09713   0.56978   0.47178   0.12005   0.04563   0.14366   0.21508   0.37078   0.08618   0.08495   0.09848   0.19864   0.01866   2.38229   5.00905   0.65065   1.30502   0.87832   0.68093  
 23 1236.9457  16391.985698  x:  0.00000   0.07474   0.58146   1.36764   1.16610   0.85401   0.47836   0.52058   0.46209   0.49206   0.17882   0.22359   0.02265   0.27491   0.05013   0.22214   0.04487   0.04447   0.03208   0.00000   0.00000   0.47461   1.06592   1.10497   1.02573   1.06028   0.57484   0.46792   0.11640   0.04178   0.11922   0.20310   0.32491   0.08124   0.06247   0.10218   0.16968   0.01721   2.57448   4.82776   0.68031   1.31100   0.87528   0.65133  
 24 1089.9275  16391.985698  x:  0.00000   0.07474   0.58146   1.36764   1.16610   0.85401   0.47836   0.52058   0.46209   0.49206   0.17882   0.22359   0.02265   0.27491   0.05013   0.22214   0.04487   0.04447   0.03208   0.00000   0.00000   0.47461   1.06592   1.10497   1.02573   1.06028   0.57484   0.46792   0.11640   0.04178   0.11922   0.20310   0.32491   0.08124   0.06247   0.10218   0.16968   0.01721   2.57448   4.82776   0.68031   1.31100   0.87528   0.65133  
 25 3995.0543  16320.202737  x:  0.00000   0.05157   0.57130   1.36481   1.17766   0.85264   0.47829   0.51934   0.46078   0.49073   0.17968   0.24035   0.13674   0.27839   0.11224   0.23850   0.08387   0.04057   0.02258   0.00000   0.00676   0.47494   1.06707   1.10893   1.02423   1.05464   0.57453   0.46694   0.11772   0.04803   0.07936   0.20825   0.33113   0.08548   0.05857   0.10551   0.12264   0.00000   2.59671   4.79559   0.72070   1.28164   0.87960   0.67683  
 26 967.4750  16292.669328  x:  0.00000   0.02494   0.55963   1.36154   1.19103   0.85106   0.47820   0.51793   0.45925   0.48923   0.18064   0.25869   0.25550   0.28173   0.17815   0.25676   0.12514   0.03669   0.01363   0.00000   0.01411   0.47527   1.06839   1.11352   1.02250   1.04812   0.57419   0.46584   0.11918   0.05488   0.03360   0.21412   0.33831   0.09018   0.05437   0.10983   0.06919   0.04002   2.62242   4.75833   0.76596   1.24826   0.88456   0.70564  
 27 9275.9572  16270.622049  x:  0.00000   0.00242   0.54955   1.35849   1.20423   0.84962   0.47806   0.51685   0.45770   0.48825   0.18098   0.26441   0.25593   0.27758   0.18043   0.26553   0.12362   0.04498   0.05669   0.00000   0.01429   0.47452   1.06961   1.11837   1.02100   1.04166   0.57422   0.46502   0.11825   0.05390   0.00000   0.21949   0.34460   0.09135   0.05559   0.11106   0.02688   0.04088   2.64792   4.72072   0.78738   1.22536   0.88935   0.72183  
 28 630.3549  16268.141174  x:  0.00000   0.00000   0.54841   1.35814   1.20581   0.84945   0.47803   0.51672   0.45752   0.48814   0.18101   0.26498   0.25531   0.27708   0.18032   0.26643   0.12320   0.04509   0.05722   0.00000   0.01421   0.47440   1.06976   1.11896   1.02083   1.04089   0.57423   0.46493   0.11818   0.05386   0.00197   0.22026   0.34540   0.09143   0.05569   0.11125   0.02417   0.04084   2.65096   4.71620   0.78937   1.22295   0.88988   0.72349  
 29 681.6951  16255.493699  x:  0.00000   0.00000   0.54125   1.35592   1.21605   0.84833   0.47789   0.51596   0.45639   0.48742   0.18125   0.26822   0.24830   0.27373   0.17792   0.27168   0.11942   0.04363   0.04960   0.00000   0.01332   0.47353   1.07070   1.12285   1.01974   1.03586   0.57433   0.46436   0.11779   0.05343   0.00000   0.22475   0.35028   0.09173   0.05629   0.11238   0.01878   0.03985   2.67067   4.68670   0.80007   1.20856   0.89308   0.73301  
 30 1486.9725  16162.941598  x:  0.00000   0.00000   0.42213   1.31862   1.38602   0.82923   0.47489   0.50361   0.43842   0.47529   0.18627   0.32476   0.18772   0.22585   0.17051   0.35578   0.08331   0.05630   0.04897   0.00000   0.00267   0.45874   1.08663   1.18789   1.00122   0.95146   0.57595   0.45471   0.11421   0.05203   0.00539   0.29011   0.42603   0.09712   0.05944   0.12793   0.10849   0.03224   2.99922   4.19086   0.95841   0.98668   0.93969   0.87921  
 31 2878.9931  16133.640403  x:  0.00000   0.00000   0.40323   1.31145   1.41680   0.82459   0.47298   0.50170   0.43568   0.47260   0.18752   0.32998   0.18434   0.22435   0.17258   0.36107   0.08691   0.05117   0.04889   0.00000   0.00000   0.45362   1.08949   1.20037   0.99722   0.93442   0.57606   0.45248   0.11529   0.05331   0.00535   0.29076   0.43190   0.09514   0.05577   0.12424   0.10849   0.03204   3.06090   4.09098   0.94581   0.98943   0.93849   0.88326  
 32 838.0530  15919.586623  x:  0.00000   0.00000   0.25026   1.24512   1.73868   0.76930   0.44418   0.48524   0.41006   0.44788   0.18732   0.33826   0.19746   0.23759   0.18507   0.36559   0.05420   0.20245   0.00000   0.00000   0.00000   0.37335   1.12730   1.34011   0.95008   0.74416   0.57504   0.42660   0.09673   0.01850   0.00403   0.26793   0.45010   0.14320   0.18570   0.14459   0.09619   0.03206   3.71711   2.95326   0.84343   1.00216   0.89246   0.81601  
 33 3644.5808  15792.707809  x:  0.00000   0.00000   0.20809   1.20967   2.00593   0.71642   0.41000   0.47642   0.39378   0.43622   0.17778   0.29332   0.24245   0.26466   0.15364   0.31033   0.01599   0.09089   0.01921   0.00000   0.00000   0.26427   1.16892   1.46941   0.90657   0.57449   0.57266   0.40464   0.09642   0.07624   0.00547   0.25974   0.42633   0.20362   0.39037   0.23592   0.09830   0.03341   4.27051   1.89950   0.82234   0.94863   0.84225   0.63888  
 34 2556.7069  15775.333511  x:  0.00000   0.00000   0.21746   1.20913   2.04902   0.70657   0.40209   0.47660   0.39338   0.43715   0.17928   0.27965   0.23273   0.26804   0.13597   0.29223   0.07862   0.08275   0.01912   0.00000   0.00000   0.24138   1.17810   1.49331   0.89889   0.54534   0.57204   0.40123   0.09398   0.07073   0.00596   0.25632   0.41211   0.20282   0.42422   0.24565   0.09794   0.03293   4.36424   1.70566   0.82830   0.92684   0.84036   0.60048  
 35 1752.5083  15755.633042  x:  0.00000   0.00000   0.28555   1.23429   2.06459   0.69737   0.38745   0.48403   0.40085   0.44869   0.17623   0.24629   0.24252   0.26992   0.14212   0.25794   0.06283   0.08174   0.01841   0.00000   0.00000   0.22105   1.19236   1.51667   0.89450   0.52843   0.57087   0.40145   0.09970   0.02559   0.00785   0.24344   0.35925   0.13226   0.39481   0.20399   0.09725   0.03410   4.42289   1.53588   0.84331   0.89818   0.87215   0.57906  
 36 320.8286  15751.897310  x:  0.00000   0.00000   0.30583   1.24592   2.06344   0.69484   0.38167   0.48713   0.40396   0.45319   0.17482   0.23813   0.24195   0.27009   0.14156   0.24974   0.06061   0.09553   0.01529   0.00000   0.00000   0.22033   1.19699   1.52345   0.89385   0.52566   0.57018   0.40240   0.10906   0.05324   0.00783   0.24061   0.34243   0.11283   0.38263   0.19068   0.09598   0.03400   4.43426   1.49177   0.85067   0.89420   0.87757   0.57762  
 37 298.0727  15749.278619  x:  0.00000   0.00000   0.32190   1.27584   2.04199   0.69186   0.36800   0.49330   0.40955   0.46125   0.16978   0.24319   0.24122   0.27030   0.13565   0.25553   0.05929   0.10057   0.01490   0.00000   0.00000   0.24083   1.20389   1.53350   0.89416   0.52725   0.56726   0.40427   0.08559   0.05757   0.00786   0.24435   0.33272   0.12624   0.35968   0.18754   0.09648   0.03381   4.43362   1.45017   0.86907   0.91256   0.86228   0.58699  
 38 71.4312  15747.328133  x:  0.00000   0.00000   0.32252   1.31150   2.00819   0.68991   0.35083   0.49885   0.41387   0.46811   0.16594   0.25276   0.23864   0.27045   0.13582   0.26668   0.05839   0.10923   0.01452   0.00000   0.00000   0.25724   1.20932   1.54497   0.89354   0.52838   0.56305   0.40604   0.11061   0.05023   0.00748   0.24771   0.33732   0.14866   0.33395   0.19613   0.09548   0.03356   4.43113   1.41464   0.87494   0.92078   0.87090   0.57928  
 39 74.4618  15745.522344  x:  0.00000   0.00000   0.29971   1.34737   1.96147   0.69254   0.33428   0.50123   0.41445   0.46945   0.16785   0.25428   0.23709   0.27033   0.14213   0.26786   0.05731   0.12078   0.01412   0.00000   0.00000   0.24813   1.21130   1.55826   0.89144   0.52701   0.55802   0.40752   0.09283   0.05544   0.00689   0.24526   0.35185   0.15027   0.31062   0.20915   0.09345   0.03354   4.43313   1.38902   0.86464   0.91369   0.89400   0.56827  
 40 55.2175  15743.134350  x:  0.00000   0.00000   0.25673   1.39139   1.89126   0.70400   0.31973   0.50014   0.41093   0.46283   0.17282   0.24621   0.23894   0.27036   0.13988   0.25592   0.05748   0.13416   0.01420   0.00000   0.00000   0.21223   1.21376   1.58028   0.88703   0.52110   0.55346   0.40813   0.09986   0.05016   0.00641   0.23981   0.36214   0.13466   0.29485   0.21659   0.09207   0.03358   4.44585   1.36531   0.86371   0.91325   0.87303   0.58367  
 41 64.8354  15740.106585  x:  0.00000   0.00000   0.23148   1.42737   1.82018   0.73487   0.33048   0.48973   0.39942   0.44203   0.17211   0.25716   0.23865   0.26883   0.14103   0.27538   0.05849   0.14680   0.01533   0.00000   0.00000   0.21268   1.23123   1.62474   0.88033   0.50423   0.55667   0.40519   0.09964   0.04838   0.00618   0.25318   0.33813   0.13204   0.30186   0.16951   0.08972   0.03439   4.50462   1.37399   0.84737   0.89732   0.86116   0.57365  
 42 35.2324  15736.099037  x:  0.00000   0.00000   0.26312   1.45445   1.74963   0.77217   0.35426   0.47996   0.39451   0.43387   0.18595   0.25645   0.23547   0.26512   0.14499   0.26989   0.06221   0.16635   0.01734   0.00000   0.00000   0.22436   1.26189   1.69258   0.87675   0.48457   0.56661   0.40224   0.10155   0.04721   0.00578   0.23608   0.33992   0.13794   0.30459   0.17137   0.08663   0.03446   4.61607   1.40763   0.81906   0.89947   0.87363   0.60861  
 43 63.0695  15730.426964  x:  0.00000   0.00000   0.28914   1.46093   1.68087   0.80018   0.37558   0.47458   0.39855   0.44131   0.19117   0.25606   0.22403   0.26036   0.15341   0.26112   0.06233   0.20188   0.01705   0.00000   0.00000   0.23502   1.29389   1.77667   0.87870   0.46770   0.57741   0.39988   0.10030   0.04489   0.00457   0.22513   0.36689   0.11563   0.25100   0.18795   0.08210   0.03377   4.78942   1.47671   0.84507   0.92270   0.85825   0.57162  
 44 109.9690  15725.917739  x:  0.00000   0.00000   0.28747   1.43943   1.65058   0.78332   0.36419   0.48728   0.41805   0.46491   0.16376   0.23563   0.23014   0.28148   0.12665   0.24334   0.06472   0.22645   0.01721   0.00000   0.00000   0.20971   1.29532   1.81561   0.89422   0.48372   0.57687   0.40579   0.09971   0.04334   0.00345   0.25385   0.34386   0.14081   0.20235   0.18383   0.07949   0.03380   4.90558   1.52730   0.85101   0.94021   0.87812   0.57264  
 45 70.4995  15720.621656  x:  0.00000   0.00000   0.27484   1.40087   1.64055   0.71978   0.32193   0.51276   0.44679   0.50350   0.15456   0.23418   0.19700   0.29578   0.15936   0.26724   0.06861   0.23988   0.01873   0.00000   0.00000   0.21305   1.26952   1.81885   0.92261   0.53742   0.56122   0.41566   0.10143   0.04065   0.00403   0.21554   0.29969   0.13328   0.19572   0.18048   0.07664   0.03217   4.98772   1.56147   0.85039   0.94620   0.87832   0.58087  
 46 50.7240  15713.211486  x:  0.00000   0.00000   0.28840   1.35879   1.65324   0.64525   0.29037   0.53088   0.45840   0.51713   0.16495   0.26478   0.19979   0.27104   0.13300   0.25003   0.06851   0.26453   0.02041   0.00000   0.00000   0.25066   1.22113   1.77570   0.94469   0.60759   0.53698   0.42122   0.10434   0.03542   0.00213   0.22879   0.33708   0.09625   0.19856   0.14566   0.07245   0.03233   5.02209   1.56898   0.82380   0.94661   0.87201   0.58317  
 47 56.1555  15701.091841  x:  0.00000   0.00000   0.32857   1.30820   1.69389   0.61664   0.33074   0.52753   0.43348   0.47241   0.16893   0.23698   0.16261   0.24665   0.15917   0.25351   0.06928   0.29484   0.02029   0.00000   0.00000   0.24865   1.14782   1.66504   0.93866   0.66906   0.52133   0.42175   0.10440   0.03458   0.00000   0.23637   0.36095   0.12211   0.12796   0.11976   0.06615   0.03008   5.00592   1.54964   0.79939   0.93668   0.84669   0.57912  
 48 69.1833  15701.091841  x:  0.00000   0.00000   0.32857   1.30820   1.69389   0.61664   0.33074   0.52753   0.43348   0.47241   0.16893   0.23698   0.16261   0.24665   0.15917   0.25351   0.06928   0.29484   0.02029   0.00000   0.00000   0.24865   1.14782   1.66504   0.93866   0.66906   0.52133   0.42175   0.10440   0.03458   0.00000   0.23637   0.36095   0.12211   0.12796   0.11976   0.06615   0.03008   5.00592   1.54964   0.79939   0.93668   0.84669   0.57912  
 49 130.3625  15674.583349  x:  0.00000   0.00000   0.32167   1.30771   1.69690   0.62073   0.33397   0.52595   0.43200   0.47141   0.17121   0.24294   0.14518   0.24734   0.14951   0.25717   0.07875   0.25459   0.02661   0.00000   0.00000   0.25245   1.14820   1.66354   0.93680   0.66591   0.52325   0.42176   0.11140   0.05065   0.04146   0.23769   0.36234   0.10708   0.10318   0.11649   0.03881   0.00428   5.00822   1.54870   0.77995   0.95372   0.85257   0.58861  
 50 574.5298  15656.986975  x:  0.00000   0.00000   0.31322   1.30711   1.70066   0.62577   0.33792   0.52399   0.43013   0.47015   0.17378   0.24981   0.12449   0.24827   0.13826   0.26152   0.08811   0.20443   0.02966   0.00000   0.00000   0.25687   1.14868   1.66166   0.93447   0.66196   0.52558   0.42169   0.11767   0.06398   0.06489   0.23773   0.36331   0.09030   0.07439   0.11267   0.01247   0.02765   5.01109   1.54760   0.75816   0.97305   0.85936   0.59929  
 51 1318.5244  15633.092586  x:  0.00000   0.00000   0.29741   1.30600   1.70801   0.63533   0.34531   0.52015   0.42642   0.46764   0.17784   0.26124   0.08911   0.25049   0.11980   0.26915   0.09882   0.10730   0.02545   0.00000   0.00000   0.26426   1.14967   1.65797   0.92984   0.65418   0.52995   0.42127   0.12298   0.07350   0.06622   0.23502   0.36395   0.06736   0.03074   0.10621   0.04324   0.03314   5.01673   1.54582   0.72549   1.00373   0.87048   0.61574  
 52 922.8950  15617.731175  x:  0.00000   0.00000   0.28574   1.30517   1.71393   0.64261   0.35079   0.51706   0.42339   0.46558   0.18003   0.26835   0.07104   0.25302   0.11050   0.27417   0.10100   0.03505   0.02421   0.00000   0.00000   0.26857   1.15053   1.65495   0.92606   0.64784   0.53323   0.42071   0.12227   0.07090   0.04588   0.23179   0.36410   0.06854   0.04001   0.10302   0.03415   0.02579   5.02134   1.54490   0.71210   1.02009   0.87680   0.62386  
 53 688.1588  15616.492470  x:  0.00000   0.00000   0.27826   1.30464   1.71845   0.64767   0.35443   0.51476   0.42113   0.46402   0.18094   0.27250   0.07158   0.25562   0.10893   0.27691   0.10025   0.03426   0.03319   0.00000   0.00000   0.27035   1.15124   1.65263   0.92320   0.64304   0.53548   0.42018   0.12160   0.06908   0.03493   0.23061   0.36420   0.06971   0.03177   0.10336   0.02947   0.02211   5.02491   1.54457   0.71135   1.02680   0.87982   0.62668  
 54 116.1506  15614.209493  x:  0.00000   0.00000   0.25111   1.30269   1.73612   0.66683   0.36800   0.50598   0.41265   0.45814   0.18452   0.28755   0.07207   0.26446   0.10368   0.28658   0.10037   0.04457   0.02482   0.00000   0.00000   0.27622   1.15416   1.64365   0.91224   0.62448   0.54404   0.41819   0.12300   0.07137   0.02495   0.22920   0.36590   0.06951   0.03438   0.10494   0.02628   0.01882   5.03898   1.54351   0.70851   1.05243   0.89163   0.63688  
 55 128.8233  15613.065454  x:  0.00000   0.00000   0.23536   1.30156   1.74985   0.68019   0.37692   0.49969   0.40681   0.45399   0.18659   0.29494   0.07540   0.26938   0.10481   0.29132   0.09872   0.04442   0.03332   0.00000   0.00000   0.27747   1.15669   1.63682   0.90410   0.61044   0.55003   0.41645   0.12279   0.07183   0.03019   0.22987   0.36729   0.07206   0.04068   0.10618   0.03092   0.02158   5.05014   1.54337   0.71656   1.06436   0.89859   0.63933  
 56 164.2953  15611.677551  x:  0.00000   0.00000   0.22053   1.30057   1.77116   0.69824   0.38794   0.49104   0.39923   0.44844   0.18871   0.29966   0.08044   0.27335   0.11111   0.29424   0.09347   0.03923   0.02719   0.00000   0.00000   0.27443   1.16114   1.62665   0.89236   0.58962   0.55817   0.41350   0.11992   0.06798   0.03527   0.23144   0.36853   0.07438   0.03501   0.10699   0.03032   0.02234   5.06788   1.54398   0.73951   1.07186   0.90650   0.63580  
 57 161.6657  15610.688025  x:  0.00000   0.00000   0.22279   1.30118   1.79577   0.71354   0.39497   0.48423   0.39466   0.44457   0.19079   0.29551   0.06810   0.26947   0.11022   0.29061   0.09314   0.04157   0.02895   0.00000   0.00000   0.26489   1.16733   1.61628   0.88162   0.56868   0.56543   0.41023   0.12001   0.06836   0.03314   0.23224   0.36847   0.06500   0.03711   0.10380   0.02944   0.02162   5.08943   1.54507   0.75108   1.07516   0.91523   0.62931  
 58 83.0496  15609.574543  x:  0.00000   0.00000   0.23675   1.30369   1.83412   0.73159   0.40003   0.47743   0.39201   0.44145   0.19320   0.28608   0.07047   0.26216   0.10634   0.28224   0.09846   0.04182   0.02834   0.00000   0.00000   0.25027   1.17762   1.60173   0.86871   0.54037   0.57453   0.40585   0.12259   0.07345   0.03229   0.23271   0.36729   0.07687   0.03543   0.10293   0.03009   0.02184   5.12467   1.54619   0.74841   1.08039   0.92572   0.62502  
 59 103.1077  15608.981029  x:  0.00000   0.00000   0.24364   1.30625   1.85983   0.73897   0.39854   0.47600   0.39329   0.44164   0.19326   0.28077   0.08161   0.25990   0.10934   0.27907   0.09920   0.04006   0.02848   0.00000   0.00000   0.24647   1.18440   1.59331   0.86388   0.52587   0.57865   0.40385   0.12059   0.07138   0.03156   0.23219   0.36670   0.06847   0.03690   0.10584   0.02975   0.02147   5.15045   1.54643   0.74254   1.08174   0.92475   0.62781  
 60 85.8625  15607.749572  x:  0.00000   0.00000   0.24462   1.31417   1.92519   0.74637   0.38301   0.47924   0.40224   0.44686   0.19008   0.27319   0.07326   0.25828   0.11714   0.28026   0.09310   0.04191   0.02832   0.00000   0.00000   0.25436   1.20023   1.57516   0.86196   0.50158   0.58385   0.40177   0.11451   0.06304   0.03518   0.23047   0.36537   0.07270   0.03625   0.10855   0.02972   0.02190   5.22287   1.54663   0.73280   1.07523   0.90377   0.64055  
 61 75.0238  15606.216756  x:  0.00000   0.00000   0.23289   1.32473   2.01311   0.74911   0.35498   0.48574   0.41392   0.45453   0.18512   0.27652   0.07679   0.26128   0.10854   0.28491   0.09529   0.04025   0.02855   0.00000   0.00000   0.26588   1.21848   1.55337   0.86810   0.48031   0.58622   0.40190   0.12541   0.07717   0.03120   0.22992   0.36417   0.07119   0.03647   0.10241   0.02983   0.02151   5.32884   1.54909   0.73111   1.05126   0.88363   0.63775  
 62 133.7579  15605.024501  x:  0.00000   0.00000   0.21996   1.33231   2.08044   0.74691   0.33062   0.49005   0.41775   0.45798   0.18304   0.28878   0.07524   0.26630   0.10466   0.28863   0.10115   0.04080   0.02846   0.00000   0.00000   0.26185   1.22779   1.54123   0.88289   0.47877   0.58341   0.40507   0.11788   0.06780   0.03380   0.23186   0.36607   0.07136   0.03627   0.10678   0.02964   0.02175   5.42294   1.55248   0.71915   1.03555   0.89281   0.61968  
 63 108.9352  15603.538915  x:  0.00000   0.00000   0.21442   1.34191   2.16123   0.74271   0.30566   0.49302   0.41136   0.45565   0.18434   0.30035   0.07292   0.27137   0.12154   0.28842   0.09020   0.04043   0.02869   0.00000   0.00000   0.23304   1.23142   1.53861   0.91703   0.50388   0.57358   0.41325   0.12366   0.07463   0.03077   0.23367   0.36959   0.07202   0.03649   0.10297   0.02955   0.02130   5.56364   1.55371   0.72005   1.04718   0.90016   0.61916  
 64 86.5372  15602.425034  x:  0.00000   0.00000   0.21291   1.34974   2.21601   0.74189   0.29541   0.49481   0.40424   0.45155   0.18811   0.30019   0.07491   0.26833   0.10511   0.28413   0.09415   0.04068   0.02862   0.00000   0.00000   0.21926   1.23152   1.54429   0.94377   0.52931   0.56486   0.41794   0.12025   0.06846   0.03173   0.23261   0.37070   0.07183   0.03676   0.10599   0.02947   0.02131   5.67661   1.55386   0.73535   1.06163   0.89869   0.62768  
 65 140.2911  15601.318565  x:  0.00000   0.00000   0.21090   1.35897   2.25544   0.74812   0.30713   0.49642   0.39642   0.44507   0.19195   0.27717   0.07658   0.25963   0.11217   0.28325   0.10314   0.04079   0.02864   0.00000   0.00000   0.24329   1.22729   1.56708   0.96364   0.55827   0.55590   0.41593   0.12181   0.06829   0.03037   0.22941   0.36579   0.07222   0.03709   0.10431   0.02934   0.02096   5.80998   1.55673   0.74144   1.06946   0.91166   0.62244  
 66 69.0230  15600.604733  x:  0.00000   0.00000   0.21615   1.36312   2.26301   0.75299   0.32788   0.49724   0.39493   0.44496   0.18830   0.27514   0.07761   0.26227   0.10293   0.28594   0.08251   0.04037   0.02863   0.00000   0.00000   0.24884   1.21991   1.59474   0.96244   0.57044   0.55493   0.40997   0.12150   0.07061   0.03138   0.23330   0.36412   0.07195   0.03705   0.10942   0.02930   0.02113   5.92298   1.56149   0.73566   1.06679   0.90899   0.61256  
 67 58.3924  15598.536680  x:  0.00000   0.00000   0.22881   1.36949   2.25751   0.75875   0.38433   0.49801   0.39839   0.45142   0.18353   0.29696   0.07623   0.27526   0.10765   0.29363   0.09471   0.04051   0.02872   0.00000   0.00000   0.23932   1.19803   1.67425   0.94089   0.58852   0.56093   0.39428   0.11730   0.06793   0.03021   0.24076   0.36447   0.07261   0.03755   0.10009   0.02913   0.02083   6.23082   1.57419   0.72647   1.04791   0.88499   0.60694  
 68 141.3459  15597.385199  x:  0.00000   0.00000   0.21856   1.36989   2.23948   0.74731   0.40022   0.49538   0.40190   0.45656   0.18440   0.29770   0.07285   0.27076   0.11148   0.28788   0.09770   0.03979   0.02884   0.00000   0.00000   0.22866   1.18930   1.71707   0.92014   0.58881   0.56894   0.39255   0.12467   0.07070   0.02842   0.23226   0.36774   0.07272   0.03756   0.11931   0.02896   0.02042   6.41067   1.57996   0.72547   1.03182   0.88603   0.61614  
 69 146.9690  15595.785536  x:  0.00000   0.00000   0.19699   1.36829   2.20282   0.71870   0.40432   0.48906   0.40616   0.46133   0.18579   0.28831   0.07734   0.25928   0.10884   0.27676   0.09015   0.04040   0.02884   0.00000   0.00000   0.21687   1.18417   1.76932   0.88677   0.58004   0.58109   0.39624   0.12420   0.06482   0.03006   0.22195   0.37164   0.07317   0.03800   0.10169   0.02873   0.02039   6.65345   1.58559   0.72108   1.02522   0.89155   0.62278  
 70 215.7923  15594.183102  x:  0.00000   0.00000   0.19456   1.36580   2.14975   0.67760   0.38797   0.48095   0.40796   0.45816   0.18576   0.28056   0.07727   0.25841   0.11109   0.28006   0.09493   0.04027   0.02909   0.00000   0.00000   0.21881   1.19307   1.81202   0.85013   0.56038   0.58908   0.40466   0.11614   0.07151   0.02584   0.23392   0.37072   0.07376   0.03854   0.10801   0.02845   0.01967   6.90743   1.58645   0.72832   1.04976   0.88693   0.60728  
 71 153.5985  15593.359932  x:  0.00000   0.00000   0.21273   1.36455   2.11282   0.66222   0.37650   0.48097   0.40787   0.45283   0.18517   0.28712   0.07685   0.26829   0.10910   0.28917   0.09248   0.04028   0.02909   0.00000   0.00000   0.22936   1.20771   1.82260   0.83677   0.54744   0.58629   0.40890   0.12113   0.06647   0.02570   0.23723   0.36817   0.07393   0.03897   0.10631   0.02837   0.01952   7.04264   1.58171   0.73830   1.05211   0.90484   0.61716  
 72 102.4746  15592.366213  x:  0.00000   0.00000   0.21804   1.35616   2.04000   0.68067   0.37199   0.49710   0.40736   0.44534   0.18911   0.29724   0.07683   0.26698   0.11088   0.28024   0.09049   0.04040   0.02910   0.00000   0.00000   0.23360   1.23785   1.79164   0.84781   0.53283   0.56151   0.40853   0.11780   0.06826   0.02647   0.21452   0.36498   0.07434   0.03948   0.10656   0.02837   0.01942   7.20801   1.56816   0.74031   1.05526   0.90257   0.61012  
 73 42.0842  15591.433251  x:  0.00000   0.00000   0.21205   1.34605   1.96226   0.70817   0.36972   0.50740   0.40405   0.44348   0.19119   0.28972   0.07756   0.26139   0.11111   0.27792   0.09122   0.04023   0.02922   0.00000   0.00000   0.23092   1.26127   1.74601   0.86850   0.52256   0.54446   0.41239   0.12023   0.06583   0.02384   0.23838   0.36633   0.07454   0.03975   0.10673   0.02801   0.01894   7.36820   1.55692   0.73697   1.04742   0.90072   0.61442  
 74 97.8028  15590.898767  x:  0.00000   0.00000   0.21759   1.34076   1.91558   0.72394   0.36520   0.49377   0.39696   0.45071   0.18561   0.27751   0.07803   0.26726   0.10954   0.29239   0.09333   0.04023   0.02921   0.00000   0.00000   0.23052   1.25599   1.70379   0.88733   0.52271   0.55973   0.42168   0.11902   0.06611   0.02379   0.23045   0.37047   0.07480   0.03994   0.10648   0.02797   0.01884   7.45886   1.56112   0.73509   1.04274   0.89699   0.61344  
 75 40.7882  15590.522658  x:  0.00000   0.00000   0.22586   1.33753   1.88489   0.72956   0.36007   0.48069   0.39941   0.45688   0.18653   0.28673   0.07813   0.26262   0.11111   0.27834   0.09168   0.04021   0.02927   0.00000   0.00000   0.24344   1.23471   1.66392   0.89956   0.52466   0.57699   0.41958   0.12017   0.06460   0.02322   0.23305   0.36755   0.07500   0.04021   0.10667   0.02787   0.01866   7.52153   1.57079   0.73637   1.04427   0.89643   0.61349  
 76 31.9970  15590.276715  x:  0.00000   0.00000   0.22914   1.33195   1.86932   0.72561   0.35863   0.48454   0.41266   0.45104   0.18820   0.28415   0.07853   0.26192   0.11091   0.28238   0.09103   0.04022   0.02929   0.00000   0.00000   0.24513   1.20554   1.63070   0.90034   0.52516   0.57736   0.40372   0.11509   0.06792   0.02234   0.23293   0.36604   0.07521   0.04047   0.10641   0.02784   0.01850   7.55987   1.57683   0.73928   1.04603   0.90045   0.61647  
 77 19.0824  15590.211720  x:  0.00000   0.00000   0.23000   1.32906   1.86682   0.72294   0.35955   0.48653   0.41348   0.44892   0.18754   0.28280   0.07859   0.26279   0.11084   0.28279   0.09144   0.04027   0.02928   0.00000   0.00000   0.24561   1.19704   1.62127   0.89823   0.52558   0.57575   0.40158   0.12101   0.06361   0.02262   0.23233   0.36719   0.07525   0.04051   0.10665   0.02777   0.01846   7.56910   1.57649   0.73905   1.04763   0.89920   0.61473  
 78 16.1069  15590.030533  x:  0.00000   0.00000   0.23451   1.31546   1.86764   0.71061   0.36878   0.49253   0.40048   0.44714   0.18519   0.28192   0.07852   0.26504   0.11102   0.27834   0.09165   0.04020   0.02933   0.00000   0.00000   0.25104   1.17634   1.59525   0.88423   0.53050   0.56715   0.41203   0.11822   0.06516   0.02172   0.23260   0.37267   0.07550   0.04070   0.10648   0.02771   0.01829   7.59006   1.56606   0.73785   1.04355   0.89753   0.61543  
 79  9.6920  15589.944881  x:  0.00000   0.00000   0.23623   1.30843   1.86969   0.70546   0.37380   0.49364   0.39834   0.45190   0.19093   0.28358   0.07915   0.25958   0.11124   0.28330   0.09065   0.04022   0.02933   0.00000   0.00000   0.25141   1.17309   1.58581   0.87812   0.53489   0.56474   0.41673   0.11875   0.06430   0.02167   0.23241   0.36656   0.07557   0.04093   0.10660   0.02766   0.01819   7.59769   1.56301   0.73784   1.04268   0.89682   0.61463  
 80  9.1223  15589.619557  x:  0.00000   0.00000   0.23451   1.28755   1.88157   0.69366   0.38820   0.48736   0.41140   0.45838   0.18071   0.27994   0.07901   0.26703   0.11142   0.27840   0.09139   0.04020   0.02940   0.00000   0.00000   0.24937   1.19133   1.56813   0.86481   0.55764   0.56466   0.41688   0.11856   0.06313   0.02036   0.23250   0.35489   0.07605   0.04174   0.10699   0.02746   0.01772   7.61642   1.56768   0.73997   1.04365   0.89849   0.61465  
 81  5.2651  15589.216221  x:  0.00000   0.00000   0.23693   1.27634   1.89637   0.68441   0.39711   0.47923   0.41994   0.45746   0.18282   0.28245   0.08030   0.25884   0.11240   0.28178   0.08972   0.04013   0.02950   0.00000   0.00000   0.25157   1.21369   1.55642   0.85467   0.57863   0.56687   0.40912   0.11818   0.06221   0.01745   0.23274   0.37734   0.07711   0.04240   0.10692   0.02715   0.01705   7.63663   1.57562   0.74146   1.04233   0.89741   0.61325  
 82 14.6876  15588.060571  x:  0.00000   0.00000   0.23171   1.30791   1.93246   0.68415   0.38433   0.47923   0.39448   0.42965   0.20759   0.27793   0.08143   0.27083   0.11351   0.27815   0.08650   0.04001   0.02973   0.00000   0.00000   0.24518   1.23268   1.56029   0.85228   0.59122   0.57983   0.39083   0.11728   0.05868   0.01194   0.23342   0.36721   0.07925   0.04503   0.10775   0.02634   0.01529   7.68493   1.58655   0.73706   1.02514   0.88591   0.61170  
 83  8.6686  15587.097537  x:  0.00000   0.00000   0.22900   1.34269   1.96232   0.69766   0.37197   0.49638   0.38921   0.43244   0.18124   0.28222   0.08373   0.25513   0.11599   0.28331   0.08622   0.03993   0.02999   0.00000   0.00000   0.23990   1.23066   1.57502   0.86023   0.58424   0.58566   0.39395   0.11647   0.05545   0.00681   0.23362   0.36174   0.08113   0.04734   0.10863   0.02567   0.01375   7.72343   1.58315   0.74279   1.02531   0.88793   0.60940  
 84 22.7748  15586.693599  x:  0.00000   0.00000   0.22921   1.35466   1.97605   0.70748   0.36687   0.50253   0.39888   0.45254   0.18758   0.27751   0.08394   0.26456   0.11615   0.27955   0.08536   0.03996   0.03004   0.00000   0.00000   0.23913   1.22391   1.58588   0.86852   0.57410   0.58123   0.40100   0.11609   0.05421   0.00430   0.23409   0.36843   0.08204   0.04824   0.10871   0.02540   0.01308   7.74018   1.57755   0.74784   1.02938   0.89156   0.60618  
 85 23.3345  15586.524403  x:  0.00000   0.00000   0.23019   1.34324   1.98368   0.71267   0.36258   0.48167   0.40689   0.44834   0.18715   0.27774   0.08429   0.26349   0.11646   0.28006   0.08486   0.03997   0.03006   0.00000   0.00000   0.23972   1.21493   1.59738   0.88182   0.55957   0.56518   0.40691   0.11596   0.05356   0.00368   0.23377   0.36711   0.08237   0.04866   0.10882   0.02531   0.01286   7.74838   1.57382   0.74704   1.02620   0.88946   0.60619  
 86  8.1295  15586.462901  x:  0.00000   0.00000   0.23172   1.32633   1.98751   0.71360   0.36198   0.48839   0.40833   0.44298   0.18903   0.27773   0.08447   0.26336   0.11663   0.27976   0.08449   0.04003   0.03002   0.00000   0.00000   0.24074   1.21281   1.60432   0.89285   0.55135   0.57146   0.41148   0.11584   0.05332   0.00362   0.23395   0.36728   0.08252   0.04882   0.10885   0.02533   0.01283   7.75355   1.57668   0.74733   1.02567   0.88907   0.60584  
 87  3.7339  15586.413234  x:  0.00000   0.00000   0.23221   1.31541   1.99041   0.71164   0.36009   0.49072   0.40055   0.44910   0.18734   0.27717   0.08462   0.26328   0.11676   0.27967   0.08467   0.04011   0.02999   0.00000   0.00000   0.24114   1.21241   1.60855   0.90032   0.54514   0.57173   0.40313   0.11568   0.05326   0.00371   0.23393   0.36720   0.08266   0.04898   0.10887   0.02538   0.01284   7.75960   1.57858   0.74782   1.02586   0.88932   0.60624  
 88  3.7479  15585.726873  x:  0.00000   0.00000   0.22994   1.34228   2.02490   0.69425   0.37382   0.48600   0.40993   0.45144   0.18530   0.27504   0.08686   0.26325   0.11905   0.27842   0.08278   0.04189   0.02900   0.00000   0.00000   0.23590   1.21613   1.61657   0.93476   0.52544   0.58094   0.39887   0.11417   0.05090   0.00867   0.23390   0.36732   0.08469   0.05139   0.10950   0.02671   0.01385   7.87839   1.54705   0.75226   1.02065   0.88869   0.60049  
 89  1.4895  15585.411344  x:  0.00000   0.00000   0.23054   1.35296   2.03930   0.70567   0.36525   0.49083   0.40803   0.45486   0.18414   0.27372   0.08800   0.26318   0.12014   0.27813   0.08213   0.04271   0.02853   0.00000   0.00000   0.23495   1.21415   1.62058   0.92940   0.52191   0.56136   0.41497   0.11368   0.04953   0.01078   0.23393   0.36776   0.08572   0.05245   0.10982   0.02733   0.01428   7.93371   1.58389   0.75454   1.02067   0.88765   0.60211  
 90 10.2312  15585.329304  x:  0.00000   0.00000   0.23157   1.34433   2.04335   0.72808   0.34363   0.49134   0.40942   0.45510   0.18405   0.27316   0.08831   0.26308   0.12033   0.27797   0.08200   0.04289   0.02839   0.00000   0.00000   0.23568   1.20947   1.62636   0.91385   0.53475   0.56286   0.41316   0.11350   0.04934   0.01137   0.23397   0.36771   0.08595   0.05277   0.10986   0.02753   0.01441   7.95130   1.57704   0.75478   1.01965   0.88724   0.60129  
 91  4.0588  15584.776337  x:  0.00000   0.00000   0.22721   1.35354   2.07054   0.72375   0.34793   0.49354   0.40409   0.45084   0.18444   0.27487   0.08868   0.26190   0.12036   0.27867   0.08386   0.04062   0.02561   0.00000   0.00000   0.23192   1.21960   1.63009   0.90987   0.53619   0.57034   0.40735   0.11388   0.05539   0.01018   0.23309   0.36642   0.08851   0.05888   0.10982   0.03181   0.01532   8.42898   1.57941   0.75289   1.02321   0.88734   0.60384  
 92  0.3890  15584.560448  x:  0.00000   0.00000   0.22686   1.34823   2.06006   0.71812   0.35282   0.49271   0.40536   0.45096   0.18517   0.27544   0.08892   0.26213   0.11982   0.27826   0.08347   0.04287   0.02800   0.00000   0.00000   0.23244   1.21879   1.63403   0.90139   0.53970   0.56924   0.40783   0.11452   0.05036   0.00992   0.23321   0.36704   0.08791   0.06103   0.11000   0.03092   0.01437   8.90647   1.58157   0.75032   1.02135   0.88591   0.60374  
 93  0.2613  15584.476702  x:  0.00000   0.00000   0.22750   1.34781   2.06334   0.72347   0.34944   0.49188   0.40693   0.45289   0.18475   0.27495   0.08800   0.26265   0.11963   0.27849   0.08327   0.04183   0.02732   0.00000   0.00000   0.23297   1.21528   1.63288   0.90757   0.53684   0.56683   0.41015   0.11417   0.05408   0.01022   0.23331   0.36745   0.08664   0.06049   0.10957   0.02949   0.01410   9.22936   1.58288   0.75121   1.02146   0.88667   0.60292  
 94  0.1896  15584.448951  x:  0.00000   0.00000   0.22685   1.35147   2.06946   0.72220   0.34980   0.49279   0.40534   0.45155   0.18479   0.27517   0.08808   0.26229   0.11982   0.27857   0.08389   0.04179   0.02689   0.00000   0.00000   0.23179   1.21886   1.63435   0.90784   0.53877   0.56908   0.40808   0.11438   0.05244   0.01004   0.23334   0.36697   0.08647   0.05910   0.10982   0.02985   0.01459   9.43682   1.58338   0.75137   1.02173   0.88646   0.60358  
 95  0.1189  15584.445872  x:  0.00000   0.00000   0.22697   1.35044   2.06847   0.72198   0.35002   0.49266   0.40577   0.45184   0.18477   0.27521   0.08826   0.26235   0.11987   0.27849   0.08347   0.04195   0.02726   0.00000   0.00000   0.23206   1.21794   1.63519   0.90679   0.53801   0.56849   0.40861   0.11430   0.05284   0.01005   0.23325   0.36710   0.08679   0.05861   0.10978   0.02992   0.01465   9.48340   1.58338   0.75116   1.02138   0.88624   0.60342  
 96  0.0416  15584.445618  x:  0.00000   0.00000   0.22694   1.35019   2.06832   0.72221   0.34998   0.49258   0.40587   0.45194   0.18478   0.27521   0.08822   0.26239   0.11981   0.27851   0.08350   0.04181   0.02724   0.00000   0.00000   0.23213   1.21769   1.63507   0.90679   0.53776   0.56833   0.40877   0.11428   0.05273   0.01009   0.23321   0.36713   0.08694   0.05854   0.10977   0.02990   0.01460   9.49178   1.58338   0.75110   1.02146   0.88632   0.60341  
 97  0.0092  15584.445578  x:  0.00000   0.00000   0.22693   1.35025   2.06836   0.72218   0.34998   0.49259   0.40586   0.45194   0.18478   0.27517   0.08824   0.26238   0.11982   0.27850   0.08353   0.04185   0.02721   0.00000   0.00000   0.23210   1.21778   1.63495   0.90686   0.53784   0.56838   0.40873   0.11429   0.05276   0.01008   0.23323   0.36712   0.08700   0.05850   0.10977   0.02991   0.01457   9.49347   1.58340   0.75112   1.02143   0.88631   0.60340  
 98  0.0016  15584.445575  x:  0.00000   0.00000   0.22693   1.35029   2.06838   0.72217   0.34998   0.49259   0.40584   0.45192   0.18478   0.27519   0.08823   0.26238   0.11982   0.27850   0.08352   0.04184   0.02722   0.00000   0.00000   0.23209   1.21779   1.63498   0.90687   0.53786   0.56840   0.40871   0.11429   0.05276   0.01009   0.23323   0.36712   0.08700   0.05850   0.10977   0.02993   0.01457   9.49270   1.58340   0.75112   1.02144   0.88631   0.60341  
 99  0.0006  15584.445575  x:  0.00000   0.00000   0.22694   1.35028   2.06837   0.72217   0.34998   0.49259   0.40584   0.45193   0.18478   0.27518   0.08823   0.26238   0.11982   0.27850   0.08353   0.04184   0.02722   0.00000   0.00000   0.23210   1.21779   1.63498   0.90686   0.53786   0.56839   0.40872   0.11429   0.05276   0.01009   0.23323   0.36712   0.08700   0.05850   0.10977   0.02993   0.01457   9.49262   1.58340   0.75112   1.02144   0.88631   0.60341  
100  0.0001  15584.445575  x:  0.00000   0.00000   0.22694   1.35028   2.06837   0.72217   0.34998   0.49259   0.40585   0.45193   0.18478   0.27518   0.08823   0.26238   0.11982   0.27850   0.08352   0.04184   0.02722   0.00000   0.00000   0.23210   1.21779   1.63498   0.90687   0.53785   0.56839   0.40872   0.11429   0.05276   0.01009   0.23323   0.36712   0.08700   0.05850   0.10977   0.02993   0.01457   9.49266   1.58340   0.75112   1.02144   0.88631   0.60341  
101  0.0000  15584.445575  x:  0.00000   0.00000   0.22694   1.35028   2.06837   0.72217   0.34998   0.49259   0.40585   0.45193   0.18478   0.27518   0.08823   0.26238   0.11982   0.27850   0.08352   0.04184   0.02722   0.00000   0.00000   0.23210   1.21779   1.63498   0.90687   0.53785   0.56839   0.40872   0.11429   0.05276   0.01009   0.23323   0.36712   0.08700   0.05850   0.10977   0.02993   0.01457   9.49266   1.58340   0.75112   1.02144   0.88631   0.60341  

TREE # 2

  0  0.0000  16597.222862  x:  2.80324   0.00000   0.61582   0.33591   0.37973   0.06566   0.48666   0.26803   0.34264   0.16790   0.09138   0.04897   0.00747   0.19331   0.14278   0.08280   0.08419   0.13728   0.04353   0.04003   0.02239   0.50489   0.39550   0.39188   0.18519   0.43156   0.10277   0.36092   0.08016   0.20604   0.13569   0.00000   0.12387   0.05825   0.15611   0.12474   0.22301   0.05589   0.03270   1.58340   0.71427   0.99200   0.84268   0.60341  
  1 99.0000  16596.545744  x:  2.80324   0.00000   0.61582   0.33592   0.37973   0.06566   0.48666   0.26803   0.34265   0.16790   0.09138   0.04897   0.00747   0.19331   0.14279   0.08280   0.08419   0.13728   0.04353   0.04003   0.02239   0.50489   0.39550   0.39188   0.18519   0.43156   0.10278   0.36092   0.08016   0.20604   0.13569   0.00006   0.12387   0.05826   0.15611   0.12474   0.22301   0.05588   0.03270   1.58340   0.71427   0.99200   0.84268   0.60341  
  2 11810.6969  16583.698080  x:  2.80356   0.00000   0.61640   0.33708   0.38085   0.06636   0.48733   0.26930   0.34346   0.16958   0.09170   0.04920   0.00846   0.19361   0.14477   0.08285   0.08383   0.13707   0.04303   0.03909   0.02167   0.50562   0.39656   0.39305   0.18600   0.43236   0.10489   0.36187   0.08302   0.20770   0.13693   0.00000   0.12380   0.06220   0.15595   0.12646   0.22285   0.05556   0.03236   1.58281   0.71477   0.99206   0.84271   0.60484  
  3 1732.2576  16558.375159  x:  2.80528   0.00000   0.61922   0.34269   0.38625   0.06935   0.49057   0.27531   0.34721   0.17656   0.09273   0.04956   0.00000   0.19474   0.15129   0.08299   0.08219   0.13583   0.04139   0.03514   0.01758   0.50917   0.40172   0.39876   0.18959   0.43595   0.11198   0.36598   0.08896   0.21443   0.14121   0.00002   0.12475   0.05772   0.15468   0.13148   0.22243   0.05439   0.03157   1.58009   0.71626   0.99180   0.84273   0.60984  
  4 1805.8362  16499.501150  x:  2.81250   0.00000   0.63067   0.36529   0.40805   0.08080   0.50359   0.29923   0.36217   0.20277   0.09647   0.05120   0.01067   0.19992   0.17443   0.08344   0.07585   0.13125   0.03604   0.02041   0.00000   0.52352   0.42262   0.42191   0.20359   0.45010   0.13584   0.38195   0.10230   0.23957   0.15596   0.00031   0.12941   0.02262   0.14931   0.14746   0.22149   0.05036   0.02955   1.56913   0.72123   0.99029   0.84279   0.62775  
  5 4358.5305  16440.586365  x:  2.83214   0.00000   0.65661   0.41443   0.45605   0.09880   0.53219   0.34855   0.39240   0.23836   0.09715   0.04710   0.01167   0.20906   0.17964   0.08300   0.06550   0.12049   0.04006   0.01261   0.00000   0.55553   0.46946   0.47423   0.22910   0.47795   0.13918   0.41092   0.02659   0.27286   0.16224   0.00006   0.14469   0.03147   0.14131   0.14423   0.22932   0.05029   0.03684   1.54493   0.72160   0.98232   0.84172   0.63961  
  6 961.1235  16429.848034  x:  2.83705   0.00000   0.66182   0.42323   0.46501   0.10001   0.53776   0.35657   0.39750   0.23987   0.09622   0.04578   0.01198   0.21022   0.17358   0.08282   0.06522   0.11895   0.04243   0.02011   0.00000   0.56174   0.47835   0.48425   0.23294   0.48325   0.13443   0.41695   0.02978   0.27559   0.16090   0.00000   0.14778   0.03188   0.14032   0.13803   0.23251   0.05161   0.03811   1.53993   0.72012   0.98012   0.84133   0.63675  
  7 762.6864  16429.848034  x:  2.83705   0.00000   0.66182   0.42323   0.46501   0.10001   0.53776   0.35657   0.39750   0.23987   0.09622   0.04578   0.01198   0.21022   0.17358   0.08282   0.06522   0.11895   0.04243   0.02011   0.00000   0.56174   0.47835   0.48425   0.23294   0.48325   0.13443   0.41695   0.02978   0.27559   0.16090   0.00000   0.14778   0.03188   0.14032   0.13803   0.23251   0.05161   0.03811   1.53993   0.72012   0.98012   0.84133   0.63675  
  8 820.2882  16133.652810  x:  2.84106   0.00000   0.66717   0.43235   0.47423   0.10372   0.54396   0.36569   0.40402   0.25085   0.09935   0.04905   0.01672   0.21220   0.19196   0.08353   0.06415   0.11827   0.03655   0.01465   0.00000   0.56815   0.48713   0.49400   0.23911   0.49116   0.15639   0.42783   0.10482   0.29045   0.18623   0.60302   0.14693   0.13871   0.14098   0.15816   0.24037   0.04902   0.03122   1.53749   0.72067   0.97960   0.84371   0.64484  
  9 10422.2339  15938.028837  x:  2.87714   0.00000   0.71337   0.51118   0.55337   0.13836   0.59351   0.44852   0.45749   0.34511   0.11997   0.06843   0.01824   0.22723   0.32725   0.08840   0.05618   0.11152   0.00409   0.01193   0.00000   0.62347   0.56284   0.57846   0.29759   0.54826   0.31372   0.48884   0.33763   0.36140   0.21400   0.56275   0.10645   0.24732   0.13095   0.27259   0.15889   0.02399   0.00524   1.51971   0.73122   0.97284   0.86283   0.69094  
 10 852.4394  15886.506414  x:  2.90110   0.00000   0.74290   0.56144   0.60391   0.15960   0.62497   0.50128   0.49108   0.40373   0.13105   0.07794   0.01669   0.23624   0.40860   0.09105   0.05208   0.10743   0.06664   0.01542   0.00000   0.65868   0.61124   0.63257   0.33380   0.58389   0.40935   0.52619   0.47684   0.40518   0.23031   0.53936   0.08006   0.31304   0.12420   0.34049   0.10559   0.02113   0.03920   1.50848   0.73796   0.96932   0.87447   0.71746  
 11 6958.3413  15876.104771  x:  2.91501   0.00000   0.75280   0.57779   0.62097   0.16139   0.63437   0.51826   0.49893   0.41496   0.12240   0.06509   0.00329   0.23553   0.41160   0.08938   0.05738   0.10761   0.06344   0.01054   0.00000   0.66978   0.62771   0.65184   0.33999   0.59120   0.42051   0.52967   0.48577   0.41178   0.22761   0.53857   0.07320   0.31709   0.11969   0.33811   0.08521   0.07604   0.04091   1.50597   0.73980   0.97381   0.87423   0.70749  
 12 459.8177  15864.829807  x:  2.94881   0.00000   0.77263   0.60925   0.65448   0.15930   0.65170   0.55099   0.51117   0.42983   0.10295   0.03884   0.02024   0.23496   0.39956   0.08472   0.06393   0.11113   0.06097   0.04221   0.00000   0.69124   0.66016   0.69065   0.34657   0.60166   0.42587   0.52910   0.47355   0.41841   0.21689   0.54228   0.06664   0.31108   0.11161   0.31391   0.05207   0.07929   0.03863   1.50204   0.74269   0.98679   0.87115   0.67509  
 13 336.0586  15846.586262  x:  3.00738   0.00000   0.80490   0.65815   0.70715   0.15182   0.67827   0.60249   0.52880   0.45059   0.09119   0.03151   0.00756   0.23193   0.37446   0.08031   0.06561   0.11440   0.06130   0.01028   0.00000   0.72569   0.71106   0.75216   0.35397   0.61677   0.42993   0.52634   0.44596   0.42792   0.20228   0.54794   0.06529   0.29865   0.10509   0.27333   0.02993   0.05445   0.03982   1.49547   0.74651   1.00558   0.86779   0.62936  
 14 548.9277  15833.660500  x:  3.08032   0.00000   0.84284   0.71174   0.76553   0.13781   0.70664   0.65983   0.54669   0.47146   0.10460   0.06541   0.00108   0.23042   0.34838   0.08192   0.06230   0.11595   0.05830   0.01978   0.00000   0.76557   0.76736   0.82104   0.35860   0.63257   0.43376   0.52350   0.41347   0.43947   0.19368   0.55210   0.07183   0.28571   0.10850   0.23633   0.06887   0.05407   0.04094   1.48726   0.74969   1.02147   0.86802   0.59951  
 15 582.4591  15831.254847  x:  3.10037   0.00000   0.85213   0.72304   0.77816   0.13173   0.71208   0.67225   0.54959   0.47438   0.10750   0.06832   0.01701   0.23101   0.34369   0.08362   0.06108   0.11523   0.05824   0.01245   0.00000   0.77503   0.77951   0.83635   0.35734   0.63524   0.43335   0.52276   0.40402   0.44167   0.19228   0.55289   0.07391   0.28289   0.11220   0.23240   0.07707   0.05749   0.04104   1.48536   0.75009   1.02311   0.86946   0.60119  
 16 477.9521  15821.673028  x:  3.20273   0.00000   0.89253   0.75886   0.82082   0.08637   0.72469   0.71439   0.55141   0.47145   0.11136   0.03834   0.01140   0.23032   0.33111   0.09525   0.05448   0.10356   0.05992   0.01214   0.00000   0.81395   0.82036   0.89131   0.33422   0.63822   0.42274   0.51968   0.35451   0.44644   0.18999   0.55729   0.08312   0.27394   0.14128   0.25113   0.09035   0.05357   0.03465   1.47861   0.74972   1.01507   0.88374   0.66149  
 17 259.5770  15814.504441  x:  3.31689   0.00000   0.93258   0.77575   0.84472   0.02308   0.72324   0.74036   0.54171   0.45506   0.12814   0.06235   0.01162   0.23186   0.33743   0.08357   0.06836   0.11404   0.04960   0.01496   0.00000   0.85003   0.84353   0.92687   0.28775   0.63124   0.40897   0.52195   0.31523   0.44522   0.19288   0.56108   0.07377   0.27123   0.13450   0.28123   0.06388   0.05274   0.04847   1.48098   0.75174   1.00292   0.88958   0.68560  
 18 220.2770  15810.360989  x:  3.36534   0.00000   0.95006   0.77782   0.84928   0.00000   0.71985   0.74750   0.53648   0.44754   0.12636   0.06115   0.01147   0.23253   0.34472   0.08180   0.06376   0.11492   0.05328   0.01433   0.00000   0.86545   0.84828   0.93569   0.26379   0.62668   0.40674   0.52617   0.30986   0.44413   0.19854   0.56065   0.07267   0.27403   0.12591   0.28983   0.06710   0.05311   0.04222   1.48431   0.75180   1.00029   0.88763   0.68033  
 19 269.9082  15810.360989  x:  3.36534   0.00000   0.95006   0.77782   0.84928   0.00000   0.71985   0.74750   0.53648   0.44754   0.12636   0.06115   0.01147   0.23253   0.34472   0.08180   0.06376   0.11492   0.05328   0.01433   0.00000   0.86545   0.84828   0.93569   0.26379   0.62668   0.40674   0.52617   0.30986   0.44413   0.19854   0.56065   0.07267   0.27403   0.12591   0.28983   0.06710   0.05311   0.04222   1.48431   0.75180   1.00029   0.88763   0.68033  
 20 284.1045  15802.203494  x:  3.37311   0.00000   0.95370   0.77539   0.84686   0.00279   0.71821   0.74705   0.53560   0.44702   0.12022   0.05262   0.00950   0.23241   0.34775   0.08465   0.06003   0.11268   0.02530   0.01287   0.00000   0.86863   0.84623   0.93349   0.25826   0.62534   0.40966   0.52877   0.31575   0.44340   0.19978   0.53541   0.07467   0.27332   0.12330   0.28714   0.06942   0.03902   0.01968   1.48607   0.75091   1.00207   0.88468   0.67020  
 21 262.2621  15794.086773  x:  3.39811   0.00000   0.96540   0.76782   0.83930   0.01006   0.71271   0.74571   0.53297   0.44568   0.10763   0.03737   0.01301   0.23289   0.35679   0.09049   0.05382   0.10808   0.01388   0.02823   0.00000   0.87888   0.83983   0.92664   0.24120   0.62130   0.41862   0.53660   0.33318   0.44120   0.20288   0.45611   0.07994   0.27098   0.11699   0.27961   0.07535   0.03178   0.03765   1.49121   0.74810   1.00650   0.87673   0.64298  
 22 266.6463  15783.597625  x:  3.43684   0.00000   0.98354   0.75637   0.82786   0.01991   0.70402   0.74375   0.52907   0.44388   0.09415   0.02483   0.01280   0.23345   0.36970   0.09745   0.04786   0.10302   0.03421   0.02421   0.00000   0.89482   0.83012   0.91625   0.21567   0.61528   0.43212   0.54814   0.35871   0.43797   0.20680   0.33604   0.08728   0.26738   0.10909   0.26906   0.08329   0.02849   0.03291   1.49864   0.74393   1.01224   0.86562   0.60623  
 23 1061.2925  15777.577489  x:  3.46292   0.00000   0.99583   0.74927   0.82074   0.02375   0.69786   0.74277   0.52689   0.44330   0.09792   0.04178   0.01201   0.23408   0.37650   0.09827   0.05092   0.10346   0.02828   0.01362   0.00000   0.90573   0.82408   0.90978   0.20048   0.61182   0.44039   0.55477   0.37293   0.43624   0.20788   0.26389   0.09076   0.26510   0.10775   0.26441   0.08691   0.04441   0.03441   1.50250   0.74144   1.01381   0.86082   0.59402  
 24 669.9929  15775.833790  x:  3.47868   0.00000   1.00338   0.74595   0.81732   0.02255   0.69363   0.74263   0.52616   0.44350   0.10480   0.04950   0.00981   0.23423   0.37796   0.09420   0.05579   0.10654   0.03018   0.02469   0.00000   0.91258   0.82118   0.90666   0.19440   0.61057   0.44415   0.55708   0.37711   0.43596   0.20650   0.23920   0.09133   0.26404   0.11153   0.26513   0.08788   0.03966   0.03044   1.50325   0.74058   1.01182   0.86157   0.60371  
 25 200.6835  15774.002955  x:  3.50312   0.00000   1.01516   0.74145   0.81257   0.01865   0.68674   0.74273   0.52537   0.44399   0.10917   0.04446   0.01172   0.23444   0.37855   0.08760   0.05794   0.10987   0.02945   0.01696   0.00000   0.92336   0.81717   0.90228   0.18699   0.60911   0.44896   0.55938   0.38037   0.43611   0.20335   0.21931   0.09182   0.26258   0.11730   0.26791   0.08957   0.03069   0.03536   1.50373   0.73997   1.00764   0.86428   0.62353  
 26 178.8442  15772.620369  x:  3.53195   0.00000   1.02904   0.73644   0.80720   0.01360   0.67861   0.74306   0.52447   0.44454   0.10875   0.03272   0.01071   0.23433   0.37820   0.08485   0.05554   0.11045   0.02807   0.01843   0.00000   0.93609   0.81263   0.89724   0.17904   0.60746   0.45382   0.56126   0.38242   0.43660   0.19970   0.20978   0.09264   0.26100   0.12018   0.27077   0.09195   0.04094   0.03287   1.50454   0.73982   1.00364   0.86666   0.63911  
 27 183.1288  15767.984152  x:  3.61984   0.00000   1.07118   0.72195   0.79136   0.00000   0.65473   0.74510   0.52162   0.44639   0.10621   0.03810   0.01506   0.23476   0.37575   0.09612   0.04721   0.10476   0.02884   0.01905   0.00000   0.97486   0.79922   0.88200   0.15583   0.60224   0.46620   0.56505   0.38495   0.43871   0.19101   0.21414   0.09528   0.25702   0.11424   0.27499   0.09756   0.04021   0.03224   1.50901   0.74050   0.99788   0.86784   0.64610  
 28 154.7697  15767.984152  x:  3.61984   0.00000   1.07118   0.72195   0.79136   0.00000   0.65473   0.74510   0.52162   0.44639   0.10621   0.03810   0.01506   0.23476   0.37575   0.09612   0.04721   0.10476   0.02884   0.01905   0.00000   0.97486   0.79922   0.88200   0.15583   0.60224   0.46620   0.56505   0.38495   0.43871   0.19101   0.21414   0.09528   0.25702   0.11424   0.27499   0.09756   0.04021   0.03224   1.50901   0.74050   0.99788   0.86784   0.64610  
 29 633.9343  15766.138558  x:  3.62359   0.00000   1.07303   0.72205   0.79131   0.00023   0.65412   0.74581   0.52175   0.44668   0.11033   0.04633   0.00974   0.23443   0.37473   0.09348   0.05422   0.10693   0.02999   0.01034   0.00000   0.97666   0.79918   0.88184   0.15648   0.60230   0.46586   0.56431   0.38297   0.43913   0.19086   0.22171   0.09392   0.25752   0.11558   0.27541   0.09532   0.04185   0.02604   1.50886   0.74049   0.99803   0.86806   0.64641  
 30 169.4775  15765.041991  x:  3.62949   0.00000   1.07591   0.72220   0.79123   0.00057   0.65315   0.74690   0.52195   0.44709   0.11481   0.05473   0.00636   0.23417   0.37333   0.08969   0.06114   0.10967   0.03102   0.01698   0.00000   0.97947   0.79910   0.88158   0.15745   0.60237   0.46534   0.56318   0.37996   0.43976   0.19067   0.23262   0.09202   0.25825   0.11739   0.27600   0.09213   0.04332   0.02250   1.50863   0.74050   0.99829   0.86839   0.64682  
 31 209.2216  15763.910455  x:  3.64174   0.00000   1.08182   0.72249   0.79106   0.00118   0.65111   0.74906   0.52234   0.44778   0.11863   0.06067   0.01327   0.23431   0.37101   0.08374   0.06533   0.11306   0.02951   0.01661   0.00000   0.98525   0.79893   0.88106   0.15918   0.60244   0.46435   0.56097   0.37411   0.44093   0.19039   0.25171   0.08899   0.25960   0.12008   0.27699   0.08690   0.04340   0.03105   1.50822   0.74064   0.99883   0.86898   0.64742  
 32 156.3276  15762.008418  x:  3.67645   0.00000   1.09820   0.72320   0.79050   0.00200   0.64532   0.75477   0.52328   0.44921   0.11478   0.04885   0.00985   0.23316   0.36480   0.07836   0.05499   0.11380   0.02840   0.01567   0.00000   1.00124   0.79835   0.87953   0.16286   0.60228   0.46202   0.55543   0.35960   0.44359   0.19023   0.29064   0.08441   0.26264   0.12340   0.27876   0.07829   0.03745   0.02744   1.50723   0.74141   1.00009   0.87028   0.64795  
 33 128.7466  15761.104033  x:  3.70460   0.00000   1.11087   0.72358   0.78995   0.00082   0.64079   0.75888   0.52378   0.45002   0.11234   0.04347   0.01187   0.23309   0.36181   0.08766   0.05587   0.11105   0.03335   0.01549   0.00000   1.01357   0.79777   0.87827   0.16377   0.60170   0.46081   0.55218   0.35124   0.44487   0.19103   0.30429   0.08501   0.26404   0.12205   0.27897   0.07970   0.04769   0.02636   1.50681   0.74214   1.00066   0.87094   0.64714  
 34 118.1483  15760.567497  x:  3.71624   0.00000   1.11592   0.72368   0.78970   0.00000   0.63903   0.76044   0.52392   0.45027   0.11228   0.04397   0.01133   0.23311   0.36108   0.09061   0.05648   0.10995   0.03147   0.01558   0.00000   1.01849   0.79750   0.87775   0.16353   0.60134   0.46051   0.55124   0.34878   0.44518   0.19149   0.30556   0.08570   0.26432   0.12099   0.27883   0.08120   0.04690   0.02679   1.50673   0.74241   1.00081   0.87109   0.64661  
 35 152.5915  15757.519812  x:  3.85235   0.00000   1.17351   0.72449   0.78665   0.00000   0.61969   0.77789   0.52499   0.45241   0.11432   0.05435   0.01924   0.23438   0.35704   0.09445   0.05187   0.10580   0.04482   0.01558   0.00000   1.07455   0.79424   0.87173   0.15619   0.59637   0.45877   0.54347   0.32732   0.44738   0.19582   0.29842   0.08930   0.26576   0.11265   0.27691   0.09004   0.03298   0.02296   1.50658   0.74445   1.00242   0.87221   0.64091  
 36 323.4528  15751.679135  x:  4.12108   0.00000   1.28479   0.72558   0.78047   0.00000   0.58300   0.81078   0.52638   0.45535   0.11417   0.05994   0.00715   0.23438   0.35309   0.07310   0.04282   0.10807   0.04547   0.01523   0.00000   1.18287   0.78770   0.86014   0.13640   0.58587   0.45791   0.53276   0.29510   0.45028   0.20170   0.26857   0.08900   0.26673   0.10730   0.27428   0.09173   0.04588   0.03233   1.50709   0.74656   1.00535   0.87370   0.63238  
 37 706.7154  15748.431493  x:  4.27588   0.00000   1.34660   0.72581   0.77683   0.00000   0.56329   0.82829   0.52661   0.45602   0.11067   0.05062   0.01720   0.23465   0.35457   0.06403   0.05475   0.11430   0.03520   0.01560   0.00000   1.24302   0.78397   0.85386   0.12156   0.57954   0.45989   0.53069   0.28588   0.45112   0.20269   0.25032   0.08553   0.26628   0.11361   0.27433   0.08399   0.04866   0.02194   1.50809   0.74626   1.00669   0.87410   0.63062  
 38 794.1724  15746.463824  x:  4.37607   0.00000   1.38257   0.72531   0.77439   0.00000   0.55324   0.83726   0.52580   0.45497   0.11143   0.04291   0.01123   0.23354   0.35915   0.07169   0.06394   0.12146   0.04155   0.01538   0.00000   1.27802   0.78170   0.85059   0.10734   0.57521   0.46538   0.53601   0.29552   0.45041   0.19993   0.24358   0.08193   0.26444   0.12666   0.27639   0.07326   0.04215   0.02842   1.50988   0.74408   1.00643   0.87360   0.63403  
 39 356.4560  15743.924687  x:  4.51246   0.00000   1.42394   0.72349   0.77095   0.00000   0.54434   0.84534   0.52311   0.45148   0.12082   0.04880   0.01422   0.23296   0.37018   0.08128   0.04922   0.12601   0.03683   0.01542   0.00000   1.31821   0.77896   0.84764   0.08322   0.56930   0.47962   0.55307   0.33231   0.44730   0.19221   0.24874   0.08343   0.25950   0.14234   0.28032   0.07163   0.04642   0.02437   1.51477   0.73980   1.00342   0.87115   0.64193  
 40 267.6387  15742.299161  x:  4.60803   0.00000   1.44556   0.72135   0.76853   0.00000   0.54173   0.84760   0.52017   0.44803   0.11769   0.04440   0.01276   0.23293   0.37784   0.07052   0.05654   0.11698   0.03878   0.01537   0.00000   1.33911   0.77747   0.84705   0.06988   0.56610   0.49323   0.56870   0.36725   0.44400   0.18602   0.26051   0.08766   0.25542   0.13575   0.28096   0.08466   0.04527   0.02581   1.52081   0.73858   0.99890   0.86774   0.64160  
 41 200.8230  15741.593557  x:  4.65540   0.00000   1.44729   0.71963   0.76760   0.00000   0.54395   0.84544   0.51827   0.44663   0.11235   0.04750   0.01302   0.23372   0.37792   0.07201   0.05646   0.11431   0.03827   0.01544   0.00000   1.34059   0.77737   0.84857   0.07431   0.56656   0.50089   0.57537   0.38291   0.44260   0.18329   0.26302   0.08199   0.25572   0.12054   0.27885   0.07347   0.04567   0.02566   1.52615   0.73902   0.99592   0.86528   0.63363  
 42 79.9939  15740.626980  x:  4.74471   0.00000   1.42699   0.71579   0.76758   0.00000   0.55521   0.83405   0.51565   0.44657   0.11059   0.04642   0.01291   0.23461   0.36888   0.07207   0.05617   0.12792   0.03825   0.01538   0.00000   1.32004   0.77895   0.85615   0.10082   0.57081   0.51076   0.57801   0.39460   0.44260   0.18601   0.26282   0.08943   0.26730   0.12392   0.27630   0.07706   0.04553   0.02562   1.53826   0.73523   0.99338   0.86283   0.62235  
 43 49.3575  15738.961912  x:  4.90607   0.00000   1.37403   0.70990   0.77001   0.00000   0.57782   0.80970   0.51394   0.44927   0.11931   0.04473   0.01361   0.23496   0.35712   0.07060   0.05630   0.10948   0.03822   0.01540   0.00000   1.26655   0.78220   0.87181   0.12357   0.57513   0.51602   0.57257   0.39573   0.44413   0.18899   0.25914   0.07390   0.27331   0.13495   0.27665   0.08014   0.04570   0.02556   1.55584   0.73185   0.99250   0.85882   0.63132  
 44 108.3544  15736.465072  x:  5.16410   0.00000   1.27683   0.70275   0.77645   0.00000   0.61192   0.77020   0.51417   0.45516   0.11811   0.04495   0.01367   0.23233   0.35749   0.06945   0.05712   0.10932   0.03820   0.01540   0.00000   1.16823   0.78602   0.89520   0.12059   0.57755   0.50774   0.55703   0.38173   0.44575   0.18447   0.26116   0.09490   0.26294   0.12767   0.27947   0.06919   0.04549   0.02570   1.57578   0.73588   0.99152   0.85742   0.65207  
 45 200.4310  15735.524580  x:  5.26152   0.00000   1.23753   0.70175   0.77984   0.00000   0.62198   0.75752   0.51492   0.45687   0.11361   0.04540   0.01323   0.23186   0.36508   0.07154   0.05619   0.12208   0.03809   0.01535   0.00000   1.12840   0.78655   0.90170   0.11336   0.57970   0.49925   0.55219   0.37579   0.44567   0.18328   0.26418   0.08290   0.25488   0.12435   0.28058   0.07800   0.04528   0.02557   1.57827   0.73767   0.99263   0.86050   0.64760  
 46 194.9936  15735.116406  x:  5.30493   0.00000   1.21787   0.70505   0.78323   0.00000   0.62106   0.75788   0.51627   0.45627   0.11407   0.04597   0.01290   0.23392   0.37565   0.07120   0.05599   0.11617   0.03815   0.01537   0.00000   1.10855   0.78567   0.90004   0.11185   0.58565   0.48860   0.55460   0.37529   0.44482   0.18383   0.26585   0.08491   0.25572   0.13042   0.28031   0.07587   0.04533   0.02562   1.56857   0.73794   0.99639   0.86558   0.63222  
 47 51.8858  15734.764588  x:  5.34445   0.00000   1.19919   0.71325   0.78879   0.00000   0.61570   0.76695   0.51870   0.45431   0.11639   0.04459   0.01261   0.23474   0.38319   0.07099   0.05608   0.11754   0.03809   0.01534   0.00000   1.09039   0.78477   0.89324   0.12074   0.59752   0.47428   0.56355   0.37947   0.44359   0.18695   0.26603   0.08423   0.25980   0.12679   0.27874   0.07602   0.04528   0.02557   1.54472   0.74301   1.00027   0.86711   0.63871  
 48 34.2720  15734.694964  x:  5.35254   0.00000   1.19465   0.71617   0.78956   0.00000   0.61604   0.77121   0.51866   0.45290   0.11221   0.04657   0.01297   0.23285   0.37574   0.07090   0.05615   0.11709   0.03813   0.01537   0.00000   1.08707   0.78507   0.88896   0.12063   0.59865   0.47136   0.56618   0.38063   0.44249   0.18557   0.26569   0.08435   0.25771   0.12820   0.27991   0.07617   0.04530   0.02563   1.53774   0.74110   0.99851   0.86824   0.63893  
 49 12.5258  15734.664851  x:  5.35617   0.00000   1.19229   0.71782   0.78931   0.00000   0.61716   0.77378   0.51831   0.45182   0.11546   0.04501   0.01313   0.23261   0.37138   0.07094   0.05621   0.11757   0.03805   0.01535   0.00000   1.08604   0.78572   0.88556   0.11937   0.59790   0.47078   0.56701   0.38077   0.44211   0.18504   0.26562   0.08450   0.25657   0.12742   0.28011   0.07608   0.04527   0.02558   1.53480   0.74121   0.99693   0.86675   0.63715  
 50  9.6283  15734.614264  x:  5.36262   0.00000   1.18792   0.72131   0.78641   0.00000   0.62145   0.77922   0.51724   0.45035   0.11415   0.04549   0.01288   0.23588   0.37261   0.07112   0.05619   0.11758   0.03795   0.01535   0.00000   1.08695   0.78950   0.87560   0.11786   0.59344   0.47377   0.56598   0.37922   0.44327   0.18710   0.26634   0.08431   0.25918   0.12761   0.27878   0.07597   0.04525   0.02560   1.53252   0.73872   0.99489   0.86213   0.63731  
 51  4.2820  15734.555824  x:  5.37018   0.00000   1.18396   0.72500   0.78242   0.00000   0.62350   0.78365   0.51668   0.45018   0.11512   0.04515   0.01296   0.23237   0.37662   0.07127   0.05617   0.11721   0.03780   0.01534   0.00000   1.08938   0.79494   0.86488   0.12036   0.59032   0.47768   0.56407   0.37756   0.44349   0.18608   0.26668   0.08428   0.25856   0.12726   0.27927   0.07605   0.04519   0.02561   1.53270   0.73768   0.99073   0.86542   0.63771  
 52  8.3363  15734.462878  x:  5.38220   0.00000   1.18017   0.72936   0.77660   0.00000   0.62027   0.78544   0.51724   0.45189   0.11423   0.04572   0.01298   0.23030   0.37743   0.07154   0.05612   0.11683   0.03761   0.01533   0.00000   1.09371   0.80343   0.85272   0.12343   0.58978   0.48079   0.56166   0.37743   0.44267   0.18240   0.26726   0.08460   0.25463   0.12852   0.28146   0.07650   0.04510   0.02565   1.53579   0.74230   0.99736   0.86292   0.63717  
 53  8.0497  15734.287557  x:  5.40490   0.00000   1.17685   0.73561   0.76834   0.00000   0.61085   0.78351   0.51859   0.45513   0.11548   0.04482   0.01260   0.23688   0.37220   0.07191   0.05624   0.11736   0.03714   0.01529   0.00000   1.10090   0.81679   0.83833   0.12106   0.59159   0.48138   0.55913   0.38002   0.44378   0.18334   0.26889   0.08464   0.25535   0.12637   0.28096   0.07625   0.04491   0.02565   1.54230   0.74131   1.00589   0.87203   0.63858  
 54 13.8543  15734.098016  x:  5.42936   0.00000   1.17802   0.74024   0.76348   0.00000   0.60334   0.77952   0.51879   0.45642   0.11356   0.04574   0.01268   0.23590   0.36803   0.07246   0.05616   0.11704   0.03667   0.01528   0.00000   1.10735   0.82633   0.83173   0.11592   0.59409   0.47855   0.55854   0.38144   0.44557   0.18788   0.27081   0.08404   0.26152   0.12802   0.27837   0.07600   0.04474   0.02571   1.54677   0.75101   1.00164   0.87438   0.63829  
 55 17.9335  15733.388104  x:  5.51999   0.00000   1.19775   0.75023   0.75845   0.00000   0.59215   0.76658   0.51650   0.45374   0.11435   0.04561   0.01335   0.21770   0.36743   0.07471   0.05620   0.11638   0.03474   0.01517   0.00000   1.12784   0.84380   0.83205   0.10917   0.60273   0.46398   0.56193   0.37569   0.44542   0.19315   0.27809   0.08353   0.27007   0.12472   0.27429   0.07589   0.04397   0.02583   1.54910   0.73549   0.99839   0.86136   0.63553  
 56 22.1591  15732.132695  x:  5.68350   0.00000   1.24232   0.76051   0.75751   0.00000   0.58856   0.75421   0.51445   0.45008   0.11381   0.04547   0.01124   0.23810   0.37120   0.07887   0.05617   0.11499   0.03110   0.01497   0.00000   1.16216   0.85789   0.84369   0.11616   0.61359   0.44700   0.56910   0.35932   0.43960   0.18601   0.28954   0.08433   0.25829   0.12612   0.28221   0.07719   0.04263   0.02612   1.54394   0.72823   0.97553   0.85076   0.63204  
 57 67.8342  15730.610292  x:  5.88241   0.00000   1.30123   0.74717   0.76757   0.00000   0.61556   0.77635   0.52501   0.45716   0.11314   0.04557   0.01067   0.23319   0.36470   0.08399   0.05656   0.11317   0.02654   0.01475   0.00000   1.19004   0.82535   0.86153   0.11269   0.59819   0.46272   0.56998   0.34967   0.44700   0.19680   0.30363   0.08464   0.25822   0.12498   0.27942   0.07737   0.04125   0.02642   1.52474   0.74606   1.00297   0.87230   0.62610  
 58 43.4262  15730.201997  x:  5.93506   0.00000   1.30992   0.73170   0.77189   0.00000   0.59605   0.79408   0.52201   0.45457   0.11313   0.04579   0.01042   0.23394   0.36274   0.08544   0.05663   0.11288   0.02549   0.01469   0.00000   1.19072   0.79748   0.86128   0.11014   0.59136   0.47024   0.55831   0.34823   0.44315   0.18120   0.30611   0.08344   0.27164   0.12328   0.28020   0.07892   0.04081   0.02654   1.52859   0.74564   1.00239   0.87217   0.62686  
 59 23.1400  15730.018154  x:  5.95914   0.00000   1.31095   0.72229   0.77516   0.00000   0.57915   0.80578   0.51941   0.45309   0.11300   0.04595   0.01035   0.23365   0.36236   0.08599   0.05666   0.11246   0.02508   0.01466   0.00000   1.19070   0.78188   0.86096   0.11181   0.58839   0.47508   0.55200   0.35005   0.44768   0.19011   0.30789   0.08426   0.26395   0.12376   0.28012   0.07822   0.04067   0.02658   1.53366   0.74305   0.99881   0.86899   0.62676  
 60 21.9145  15729.927801  x:  5.97242   0.00000   1.30133   0.72076   0.78510   0.00000   0.57433   0.81895   0.52197   0.45889   0.11317   0.04619   0.01029   0.23382   0.36223   0.08666   0.05687   0.11222   0.02502   0.01464   0.00000   1.19969   0.78534   0.87007   0.11086   0.58533   0.47649   0.56075   0.34680   0.44836   0.18836   0.30645   0.08460   0.26319   0.12395   0.27525   0.07896   0.04080   0.02660   1.54091   0.74233   0.99803   0.86803   0.62626  
 61  2.8709  15729.854991  x:  5.98376   0.00000   1.29497   0.72007   0.79097   0.00000   0.57316   0.82416   0.52010   0.45663   0.11319   0.04661   0.01026   0.23369   0.36246   0.08716   0.05715   0.11200   0.02503   0.01463   0.00000   1.20716   0.78767   0.87545   0.10962   0.58422   0.47711   0.56233   0.34644   0.44869   0.19068   0.30427   0.08486   0.26590   0.12213   0.28492   0.07946   0.04097   0.02662   1.54319   0.74288   0.99908   0.86848   0.62547  
 62  6.6286  15729.607380  x:  6.02307   0.00000   1.28407   0.71844   0.79853   0.00000   0.57522   0.82219   0.51081   0.43979   0.11330   0.04832   0.01015   0.23422   0.36306   0.08905   0.05814   0.11092   0.02523   0.01459   0.00000   1.22694   0.78820   0.88136   0.10919   0.58635   0.47747   0.55093   0.35045   0.44488   0.19048   0.29726   0.08622   0.26337   0.12164   0.27696   0.08159   0.04162   0.02668   1.53891   0.74558   1.00262   0.87172   0.62510  
 63  6.9019  15729.160529  x:  6.09616   0.00000   1.28366   0.71599   0.79210   0.00000   0.57867   0.80522   0.52811   0.45703   0.11407   0.05087   0.00999   0.23452   0.36422   0.09243   0.06007   0.10896   0.02574   0.01451   0.00000   1.24149   0.77452   0.87100   0.10802   0.59066   0.47627   0.54308   0.35767   0.44729   0.18984   0.28265   0.08857   0.26386   0.11816   0.27807   0.08589   0.04288   0.02679   1.52877   0.74185   0.99610   0.86678   0.62223  
 64 11.4621  15728.944566  x:  6.13266   0.00000   1.30011   0.71963   0.78079   0.00000   0.57673   0.80132   0.51758   0.45443   0.11434   0.05239   0.00988   0.23473   0.36498   0.09424   0.06091   0.10795   0.02604   0.01446   0.00000   1.22663   0.77011   0.86087   0.10808   0.58667   0.47560   0.56363   0.34873   0.44784   0.19078   0.27561   0.08986   0.26340   0.11681   0.27749   0.08818   0.04347   0.02685   1.53663   0.74362   0.99871   0.86871   0.62307  
 65  9.4826  15728.870658  x:  6.14686   0.00000   1.31575   0.72445   0.77781   0.00000   0.57601   0.81241   0.51973   0.45401   0.11444   0.05278   0.00984   0.23484   0.36521   0.09477   0.06122   0.10772   0.02615   0.01445   0.00000   1.20974   0.78222   0.86440   0.10716   0.58675   0.47580   0.55715   0.35227   0.44358   0.19208   0.27339   0.09025   0.26330   0.11631   0.27736   0.08865   0.04367   0.02687   1.54062   0.74341   0.99844   0.86828   0.62271  
 66  5.0485  15728.860065  x:  6.15025   0.00000   1.31768   0.72337   0.77800   0.00000   0.57453   0.81265   0.51949   0.45338   0.11443   0.05286   0.00984   0.23486   0.36518   0.09477   0.06124   0.10772   0.02621   0.01445   0.00000   1.20752   0.78561   0.86541   0.10702   0.58635   0.47767   0.55663   0.35234   0.44918   0.18993   0.27292   0.09026   0.26335   0.11626   0.27736   0.08888   0.04368   0.02688   1.53855   0.74333   0.99832   0.86817   0.62235  
 67  1.8683  15728.820644  x:  6.16912   0.00000   1.31991   0.71456   0.78179   0.00000   0.56988   0.80893   0.51890   0.45502   0.11443   0.05293   0.00985   0.23480   0.36502   0.09463   0.06115   0.10788   0.02651   0.01444   0.00000   1.20541   0.79294   0.86441   0.10651   0.58239   0.48395   0.55798   0.34998   0.44396   0.19186   0.27309   0.09017   0.26344   0.11639   0.27728   0.08864   0.04355   0.02691   1.53180   0.74320   0.99793   0.86824   0.62195  
 68  1.1184  15728.480138  x:  6.34339   0.00000   1.33384   0.68408   0.81367   0.00000   0.58044   0.80840   0.51853   0.45500   0.11460   0.05290   0.00968   0.23446   0.36544   0.09307   0.06035   0.10930   0.02905   0.01438   0.00000   1.20713   0.80190   0.84043   0.10824   0.58352   0.46679   0.55673   0.35297   0.44761   0.19073   0.27334   0.08937   0.26297   0.11737   0.27754   0.08799   0.04244   0.02717   1.54507   0.74342   0.99812   0.86794   0.62288  
 69  4.6387  15727.969240  x:  6.61072   0.00000   1.33550   0.71193   0.80404   0.00000   0.57920   0.81305   0.52024   0.45359   0.11466   0.05310   0.00949   0.23405   0.36526   0.09074   0.05899   0.11181   0.03295   0.01428   0.00000   1.21732   0.78310   0.85434   0.09862   0.60474   0.49196   0.55508   0.34277   0.44735   0.19107   0.27395   0.08816   0.26256   0.11902   0.27798   0.08675   0.04067   0.02759   1.55106   0.74245   0.99687   0.86651   0.62231  
 70 16.7395  15727.735231  x:  6.73097   0.00000   1.33197   0.72378   0.77954   0.00000   0.57425   0.81554   0.51936   0.45503   0.11462   0.05320   0.00942   0.23380   0.36532   0.08951   0.05843   0.11274   0.03469   0.01424   0.00000   1.22522   0.77544   0.87287   0.10389   0.58075   0.48176   0.55288   0.34744   0.44797   0.19052   0.27448   0.08749   0.26249   0.11975   0.27802   0.08608   0.03989   0.02777   1.54849   0.74316   0.99764   0.86711   0.62231  
 71 24.6106  15727.729612  x:  6.73488   0.00000   1.33129   0.72026   0.77545   0.00000   0.57529   0.81734   0.51854   0.45537   0.11464   0.05316   0.00942   0.23379   0.36537   0.08949   0.05842   0.11275   0.03468   0.01424   0.00000   1.22581   0.77609   0.87377   0.10342   0.58319   0.48101   0.55334   0.34719   0.44782   0.19064   0.27445   0.08749   0.26245   0.11975   0.27803   0.08607   0.03989   0.02777   1.54819   0.74313   0.99754   0.86705   0.62236  
 72  1.2068  15727.291342  x:  7.17039   0.00000   1.32503   0.72031   0.77575   0.00000   0.57778   0.80540   0.52755   0.44759   0.11401   0.05125   0.01025   0.23349   0.36646   0.08563   0.05726   0.11150   0.02948   0.01462   0.00000   1.21917   0.79062   0.86618   0.10288   0.58516   0.47847   0.55879   0.34994   0.44651   0.19063   0.26834   0.08752   0.26172   0.12026   0.27814   0.08512   0.04184   0.02658   1.55318   0.74179   0.99505   0.86528   0.62312  
 73  0.5550  15727.267333  x:  7.19434   0.00000   1.32510   0.72226   0.77755   0.00000   0.57864   0.80508   0.51797   0.45556   0.11408   0.05101   0.01030   0.23348   0.36652   0.08542   0.05721   0.11142   0.02919   0.01464   0.00000   1.21885   0.79125   0.86598   0.10259   0.58597   0.47799   0.55678   0.35151   0.44669   0.19039   0.26800   0.08752   0.26169   0.12027   0.27811   0.08506   0.04195   0.02651   1.55209   0.74168   0.99501   0.86510   0.62299  
 74  6.8594  15727.204252  x:  7.37473   0.00000   1.32554   0.72178   0.77822   0.00000   0.57649   0.81106   0.51797   0.45581   0.11488   0.05124   0.01031   0.23407   0.36533   0.08654   0.05876   0.11006   0.02997   0.01456   0.00000   1.21676   0.78463   0.86761   0.10324   0.58564   0.47840   0.55621   0.35155   0.44710   0.19022   0.27344   0.08806   0.26265   0.11940   0.27802   0.08524   0.04248   0.02676   1.55022   0.74280   0.99653   0.86676   0.62230  
 75  0.1348  15727.198444  x:  7.44354   0.00000   1.32509   0.72152   0.77877   0.00000   0.57696   0.81020   0.51825   0.45543   0.11466   0.05129   0.01011   0.23401   0.36562   0.08684   0.05876   0.11094   0.02988   0.01457   0.00000   1.21844   0.78588   0.86685   0.10288   0.58591   0.47858   0.55620   0.35151   0.44705   0.19027   0.27210   0.08796   0.26246   0.11971   0.27804   0.08534   0.04223   0.02682   1.55070   0.74262   0.99617   0.86639   0.62219  
 76  0.0538  15727.198222  x:  7.45365   0.00000   1.32511   0.72151   0.77873   0.00000   0.57705   0.80997   0.51823   0.45546   0.11463   0.05126   0.01020   0.23396   0.36563   0.08685   0.05863   0.11077   0.02992   0.01457   0.00000   1.21813   0.78611   0.86683   0.10290   0.58595   0.47852   0.55622   0.35149   0.44705   0.19027   0.27224   0.08795   0.26245   0.11969   0.27805   0.08532   0.04220   0.02680   1.55085   0.74259   0.99612   0.86636   0.62224  
 77  0.0098  15727.198219  x:  7.45453   0.00000   1.32516   0.72151   0.77872   0.00000   0.57703   0.80999   0.51823   0.45546   0.11464   0.05127   0.01018   0.23397   0.36562   0.08685   0.05862   0.11077   0.02992   0.01457   0.00000   1.21810   0.78610   0.86683   0.10290   0.58596   0.47851   0.55623   0.35150   0.44705   0.19027   0.27226   0.08795   0.26245   0.11968   0.27805   0.08532   0.04221   0.02681   1.55084   0.74259   0.99613   0.86637   0.62224  
 78  0.0009  15727.198219  x:  7.45453   0.00000   1.32516   0.72151   0.77872   0.00000   0.57703   0.80999   0.51823   0.45546   0.11464   0.05127   0.01018   0.23397   0.36562   0.08686   0.05862   0.11077   0.02992   0.01457   0.00000   1.21810   0.78609   0.86683   0.10290   0.58595   0.47851   0.55623   0.35150   0.44705   0.19027   0.27225   0.08795   0.26245   0.11968   0.27805   0.08532   0.04221   0.02681   1.55084   0.74259   0.99613   0.86637   0.62224  
 79  0.0000  15727.198219  x:  7.45452   0.00000   1.32516   0.72151   0.77872   0.00000   0.57703   0.80999   0.51823   0.45546   0.11464   0.05127   0.01018   0.23397   0.36562   0.08686   0.05862   0.11077   0.02992   0.01457   0.00000   1.21810   0.78609   0.86683   0.10290   0.58595   0.47851   0.55623   0.35150   0.44705   0.19027   0.27225   0.08795   0.26245   0.11968   0.27805   0.08532   0.04221   0.02681   1.55084   0.74259   0.99613   0.86637   0.62224  