-6.321648254566837322e-01
-7.550217290303313789e-01
-5.844417446545933092e-01
5.901119110458709072e-01
-5.709991880924458751e-01
-5.875277228229500714e+00
2.700832754516054868e-01
2.258214599945306489e+00
-3.919254151352782323e-01
-2.617309279350287787e-01
-3.170966945164813700e-01
-3.578890784997800223e-01
-1.306923138818739227e+00
-6.266397332062149106e-01
-9.738645683484793425e-01
-8.528515006210363181e-01
-3.452818912502072735e+00
-1.981329158494059772e+00
-2.282348122055561923e+00
-3.675521130767260836e+00
-1.941855442014919442e+00
-1.490964194828091172e+00
-2.261840969431971438e+00
-2.687070029439983632e+00
-3.011418864883059321e+00
-3.109217704994913678e+00
