-6.809263083465330046e-01
-8.576027659675884429e-01
-5.316198228398757442e-01
6.446047052406832512e-01
-1.268979513889754607e+00
1.860213807304725298e-01
-1.119580169934044811e+01
1.965136045909692042e+00
-1.177689134478362476e+01
2.185174603651491021e-01
-9.136772719846135704e-01
-2.637160723610004087e+00
-8.198664364555005024e-01
-2.197938662118911424e+00
-1.812215260718109677e+00
-9.800205067006890758e+00
-9.612934923449077962e-01
-7.116844578204682970e-01
-4.059935205184006968e+00
-2.756288440563867681e+00
-2.622049925190693132e-01
-3.716624366813824909e-01
-6.879674513645770428e-01
-8.265862715187322074e-01
-8.799725092534848025e-01
-1.719946285990948676e-01
-1.200777983032048857e+00
-7.245380045214230291e-01
-3.742045037842962607e+00
-3.266977560833268956e+00
-2.527729465935570463e+00
-3.258423369714335660e+00
-2.679283716567215201e+00
-1.778872268680824931e+00
-1.873809543166222280e+00
-1.094615858318267243e+00
