

TREE # 1

  0  0.0000   2330.935107  x:  0.01972   0.20925   0.02571   0.03211   0.02495   0.05815   0.02188   0.05666   0.08536   0.02661   0.17168   0.01972   0.20925   0.02571   0.03211   0.02495   0.05815   0.02188   0.05666   0.08536   0.02661   0.17168   0.21568   8.40433   1.73753   1.14886   1.30028   1.00000  
  1 99.0000   2197.545555  x:  0.01575   0.21357   0.19515   0.12738   0.03759   0.06066   0.02599   0.05531   0.07414   0.06100   0.15120   0.00000   0.21184   0.12859   0.13510   0.02790   0.09086   0.05410   0.08013   0.11340   0.12182   0.14724   0.19434   8.40445   1.73723   1.14774   1.30230   1.00129  
  2 1618.0456   2155.055115  x:  0.02432   0.23152   0.17799   0.13774   0.01813   0.06748   0.01925   0.05635   0.00000   0.03382   0.03866   0.00000   0.22009   0.11937   0.16488   0.01625   0.15202   0.03293   0.09885   0.18640   0.11573   0.01145   0.07419   8.40525   1.73477   1.14665   1.31119   1.00704  
  3 270.8594   2152.836563  x:  0.02491   0.23269   0.17686   0.13846   0.01721   0.06788   0.01899   0.05645   0.00096   0.03226   0.03128   0.00208   0.22062   0.11868   0.16671   0.01565   0.15588   0.03157   0.09999   0.19106   0.11528   0.00267   0.06619   8.40531   1.73460   1.14656   1.31180   1.00743  
  4 1714.5693   2152.282880  x:  0.02512   0.23314   0.17643   0.13876   0.01778   0.06794   0.01933   0.05656   0.00189   0.03221   0.02854   0.00060   0.22078   0.11827   0.16725   0.01582   0.15716   0.03117   0.10030   0.19271   0.11507   0.00319   0.06264   8.40533   1.73453   1.14650   1.31210   1.00762  
  5 318.2696   2150.241053  x:  0.02630   0.23549   0.17421   0.14027   0.02136   0.06817   0.02135   0.05719   0.00250   0.03247   0.01472   0.00185   0.22159   0.11609   0.16990   0.01700   0.16351   0.02922   0.10173   0.20105   0.11395   0.00894   0.04411   8.40548   1.73415   1.14613   1.31371   1.00858  
  6 1180.5845   2149.257763  x:  0.02791   0.23739   0.17288   0.14137   0.02700   0.06733   0.02407   0.05792   0.00223   0.03791   0.02007   0.00190   0.22195   0.11331   0.17035   0.02019   0.16611   0.02957   0.10124   0.20597   0.11305   0.00778   0.02842   8.40566   1.73373   1.14550   1.31580   1.00975  
  7 140.6659   2149.115655  x:  0.02576   0.23921   0.17284   0.14288   0.02363   0.06595   0.02158   0.05784   0.00243   0.04187   0.02117   0.00199   0.22210   0.11055   0.17008   0.01924   0.16704   0.03071   0.09928   0.21020   0.11302   0.00861   0.02730   8.40596   1.73309   1.14450   1.31910   1.01154  
  8 30.7578   2148.969159  x:  0.02453   0.24240   0.17296   0.14564   0.02537   0.06396   0.02397   0.05814   0.00229   0.04514   0.02056   0.00197   0.22226   0.10578   0.16919   0.01951   0.16757   0.03165   0.09554   0.21769   0.11347   0.00810   0.03079   8.40664   1.73172   1.14227   1.32650   1.01559  
  9 35.2245   2148.851703  x:  0.02783   0.24511   0.17394   0.14783   0.02566   0.06380   0.02242   0.05805   0.00248   0.04196   0.02242   0.00201   0.22213   0.10310   0.16826   0.02019   0.16652   0.03060   0.09279   0.22448   0.11500   0.00890   0.03218   8.40758   1.72998   1.13946   1.33619   1.02095  
 10 34.0251   2148.687155  x:  0.02371   0.24734   0.17624   0.14745   0.02476   0.06580   0.02405   0.05753   0.00245   0.03792   0.02293   0.00208   0.22084   0.10325   0.16445   0.02068   0.15936   0.03038   0.09102   0.22867   0.11769   0.00895   0.03017   8.40961   1.72671   1.13413   1.35558   1.03186  
 11 30.5148   2148.526015  x:  0.02611   0.24835   0.17768   0.14510   0.02614   0.06671   0.02184   0.05760   0.00221   0.04073   0.02033   0.00195   0.21905   0.10525   0.16050   0.01990   0.15217   0.03182   0.09205   0.22941   0.11881   0.00812   0.02927   8.41210   1.72322   1.12843   1.37770   1.04453  
 12 53.1001   2148.428157  x:  0.02806   0.24769   0.17685   0.14388   0.02349   0.06547   0.02466   0.05777   0.00232   0.04191   0.02079   0.00194   0.21803   0.10761   0.16097   0.01980   0.15294   0.03178   0.09586   0.22865   0.11754   0.00851   0.02970   8.41414   1.72119   1.12523   1.39312   1.05373  
 13 36.4402   2148.308432  x:  0.02547   0.24560   0.17482   0.14335   0.02562   0.06351   0.02275   0.05821   0.00244   0.04155   0.02205   0.00201   0.21705   0.11008   0.16346   0.02007   0.15749   0.03110   0.10046   0.22593   0.11494   0.00878   0.03094   8.41707   1.71906   1.12206   1.41264   1.06574  
 14 52.2711   2148.213598  x:  0.02600   0.24100   0.17460   0.14568   0.02569   0.06577   0.02315   0.05684   0.00237   0.04144   0.02176   0.00199   0.21745   0.10764   0.16626   0.01859   0.16292   0.03149   0.09528   0.21720   0.11411   0.00870   0.03020   8.42056   1.71899   1.12259   1.42807   1.07635  
 15 18.8099   2148.194334  x:  0.02604   0.24007   0.17473   0.14599   0.02515   0.06566   0.02289   0.05712   0.00232   0.04169   0.02129   0.00197   0.21782   0.10692   0.16679   0.02079   0.16355   0.03107   0.09423   0.21528   0.11428   0.00855   0.03018   8.42153   1.71944   1.12346   1.43099   1.07863  
 16 20.5544   2148.158471  x:  0.02600   0.23923   0.17537   0.14562   0.02506   0.06325   0.02299   0.05949   0.00231   0.04191   0.02120   0.00197   0.21974   0.10584   0.16744   0.02006   0.16278   0.02872   0.09352   0.21322   0.11565   0.00851   0.02984   8.42444   1.72237   1.12857   1.43464   1.08290  
 17  8.6506   2148.024294  x:  0.02620   0.23809   0.17571   0.14327   0.02526   0.06083   0.02306   0.06095   0.00244   0.04030   0.02149   0.00199   0.22723   0.10297   0.16908   0.01999   0.16017   0.03443   0.09506   0.21010   0.11865   0.00876   0.02976   8.43744   1.73710   1.15307   1.44637   1.09942  
 18 22.2654   2147.809564  x:  0.02561   0.23804   0.17609   0.14211   0.02602   0.06637   0.02315   0.05593   0.00266   0.04364   0.02272   0.00206   0.23509   0.10315   0.17041   0.02040   0.15594   0.03121   0.09728   0.20818   0.11877   0.00926   0.03154   8.45879   1.76231   1.19228   1.46348   1.12452  
 19 61.9688   2147.612246  x:  0.02572   0.23907   0.17686   0.14734   0.02593   0.06516   0.02330   0.05886   0.00270   0.04347   0.02294   0.00211   0.22794   0.11190   0.16541   0.02105   0.15318   0.03250   0.09182   0.20623   0.11063   0.00934   0.03163   8.47991   1.78919   1.22452   1.47734   1.14383  
 20 32.1400   2147.484805  x:  0.02572   0.23950   0.17814   0.14636   0.02641   0.06191   0.02337   0.05481   0.00280   0.04355   0.02301   0.00215   0.21383   0.11004   0.16134   0.02106   0.15460   0.03209   0.09280   0.20297   0.11621   0.00937   0.03154   8.49534   1.81058   1.23620   1.48526   1.14974  
 21 16.5234   2147.413590  x:  0.02550   0.23929   0.17844   0.14512   0.02630   0.06589   0.02341   0.05938   0.00291   0.04430   0.02355   0.00220   0.20787   0.10823   0.16097   0.02096   0.15535   0.03246   0.09399   0.20187   0.11896   0.00957   0.03221   8.50502   1.82413   1.23874   1.48978   1.15028  
 22 22.5538   2146.964259  x:  0.02514   0.23079   0.17906   0.14254   0.02705   0.06372   0.02362   0.05762   0.00328   0.04547   0.02459   0.00232   0.21149   0.10918   0.17117   0.02121   0.14150   0.03437   0.08917   0.19424   0.11523   0.01008   0.03290   8.57249   1.91574   1.21991   1.51834   1.12860  
 23 16.0854   2146.845303  x:  0.02505   0.23250   0.18063   0.14691   0.02717   0.06386   0.02367   0.05787   0.00329   0.04573   0.02482   0.00235   0.21956   0.11126   0.16001   0.02140   0.14472   0.03436   0.09127   0.18893   0.11730   0.01019   0.03309   8.59169   1.93325   1.21487   1.52605   1.11861  
 24 18.0065   2146.716127  x:  0.02492   0.23776   0.18750   0.13820   0.02764   0.06369   0.02382   0.05769   0.00352   0.04570   0.02544   0.00241   0.22048   0.11283   0.15890   0.02190   0.14712   0.03453   0.08755   0.18463   0.11463   0.01052   0.03367   8.61857   1.92085   1.21733   1.53406   1.09420  
 25  5.7421   2146.459296  x:  0.02480   0.23880   0.18400   0.14567   0.02797   0.06350   0.02403   0.05797   0.00369   0.04661   0.02596   0.00250   0.21708   0.11221   0.16182   0.02196   0.13807   0.03555   0.08934   0.17532   0.11604   0.01074   0.03404   8.67388   1.88606   1.22384   1.54764   1.04415  
 26 28.4327   2146.401287  x:  0.02468   0.22813   0.18305   0.14436   0.02818   0.06344   0.02411   0.05801   0.00381   0.04762   0.02638   0.00253   0.21696   0.11496   0.15906   0.02221   0.13816   0.03580   0.08744   0.17865   0.11887   0.01092   0.03443   8.68811   1.87551   1.22278   1.54587   1.03775  
 27  9.7151   2146.347929  x:  0.02465   0.22281   0.18840   0.14545   0.02827   0.06334   0.02415   0.05801   0.00380   0.04736   0.02647   0.00255   0.21630   0.11125   0.15692   0.02213   0.13648   0.03576   0.09012   0.17859   0.11506   0.01092   0.03438   8.70384   1.86329   1.21627   1.53611   1.04122  
 28  6.7603   2145.948161  x:  0.02431   0.22731   0.18830   0.14470   0.02908   0.06306   0.02454   0.05826   0.00431   0.04886   0.02788   0.00269   0.21650   0.11501   0.15717   0.02294   0.13003   0.03717   0.08604   0.16734   0.11925   0.01152   0.03548   8.82730   1.76794   1.15285   1.44458   1.09099  
 29 19.4268   2143.106668  x:  0.02654   0.24766   0.20699   0.15873   0.03541   0.06265   0.02754   0.05773   0.00871   0.05261   0.02625   0.00407   0.21688   0.11798   0.17676   0.02524   0.14523   0.03709   0.09268   0.20940   0.12852   0.00976   0.02706  10.84190   1.75810   1.14338   1.45193   1.11979  
 30  1.1795   2141.866041  x:  0.02466   0.23025   0.22966   0.16560   0.03229   0.06387   0.02378   0.05695   0.01181   0.04964   0.02420   0.00506   0.21662   0.13274   0.18838   0.02260   0.14546   0.03755   0.08982   0.17865   0.13607   0.00698   0.03491  10.94249   1.82410   1.19045   1.48447   1.11771  
 31  0.0661   2141.389545  x:  0.02525   0.24183   0.24649   0.16919   0.03017   0.06324   0.02511   0.05818   0.01427   0.04758   0.02494   0.00585   0.21652   0.13677   0.19299   0.02215   0.13941   0.03828   0.09085   0.19003   0.14086   0.00553   0.03209  10.35809   1.75087   1.14856   1.42934   1.09651  
 32  0.2835   2141.275572  x:  0.02532   0.23887   0.24865   0.16946   0.03030   0.06340   0.02534   0.05762   0.01544   0.04791   0.02570   0.00612   0.21598   0.13678   0.19478   0.02260   0.14548   0.03812   0.09106   0.18848   0.14150   0.00644   0.03061   9.94339   1.78540   1.16889   1.45839   1.10342  
 33  0.2751   2141.210131  x:  0.02493   0.23622   0.24513   0.16947   0.03246   0.06351   0.02425   0.05724   0.01726   0.04983   0.02465   0.00636   0.21562   0.13535   0.19558   0.02293   0.14381   0.03821   0.09151   0.18872   0.14058   0.00644   0.03356   9.81886   1.78385   1.17278   1.45030   1.10444  
 34  0.0279   2141.084784  x:  0.02578   0.24013   0.23706   0.16661   0.03318   0.06329   0.02559   0.05732   0.02151   0.04919   0.02358   0.00681   0.21696   0.13354   0.19236   0.02269   0.14353   0.03798   0.09046   0.18836   0.13837   0.00585   0.03062   9.97422   1.78365   1.16393   1.45792   1.09643  
 35  0.0337   2141.047967  x:  0.02523   0.23868   0.23635   0.16424   0.03124   0.06344   0.02503   0.05737   0.02342   0.04776   0.02504   0.00701   0.21643   0.13384   0.19086   0.02253   0.14400   0.03780   0.09103   0.18808   0.13859   0.00618   0.03144   9.93706   1.77911   1.16799   1.45365   1.10383  
 36  0.0235   2141.045557  x:  0.02525   0.23863   0.23669   0.16431   0.03101   0.06338   0.02496   0.05734   0.02380   0.04778   0.02501   0.00700   0.21632   0.13366   0.19098   0.02263   0.14385   0.03785   0.09100   0.18837   0.13859   0.00590   0.03154   9.96349   1.78516   1.16875   1.45619   1.10346  
 37  0.0204   2141.043049  x:  0.02538   0.23891   0.23700   0.16444   0.03106   0.06342   0.02506   0.05737   0.02424   0.04830   0.02519   0.00677   0.21671   0.13299   0.19134   0.02282   0.14403   0.03794   0.09088   0.18874   0.13833   0.00597   0.03147   9.97654   1.78051   1.16791   1.45518   1.10196  
 38  0.0028   2141.039829  x:  0.02519   0.23858   0.23741   0.16452   0.03111   0.06337   0.02497   0.05733   0.02431   0.04816   0.02516   0.00631   0.21634   0.13349   0.19134   0.02264   0.14380   0.03791   0.09104   0.18818   0.13856   0.00611   0.03146   9.95981   1.78398   1.16852   1.45526   1.10371  
 39  0.0058   2141.039513  x:  0.02527   0.23870   0.23705   0.16439   0.03113   0.06340   0.02499   0.05734   0.02428   0.04791   0.02505   0.00626   0.21630   0.13368   0.19117   0.02262   0.14390   0.03786   0.09099   0.18834   0.13863   0.00607   0.03150   9.96246   1.78320   1.16864   1.45566   1.10322  
 40  0.0023   2141.039505  x:  0.02526   0.23873   0.23699   0.16437   0.03112   0.06340   0.02500   0.05734   0.02428   0.04789   0.02506   0.00626   0.21634   0.13366   0.19117   0.02264   0.14391   0.03787   0.09098   0.18838   0.13863   0.00607   0.03150   9.96054   1.78316   1.16840   1.45550   1.10310  
 41  0.0018   2141.039504  x:  0.02526   0.23872   0.23698   0.16438   0.03112   0.06340   0.02500   0.05734   0.02428   0.04789   0.02506   0.00626   0.21634   0.13365   0.19118   0.02265   0.14391   0.03787   0.09098   0.18837   0.13863   0.00607   0.03150   9.96019   1.78318   1.16846   1.45553   1.10312  
 42  0.0003   2141.039504  x:  0.02526   0.23872   0.23697   0.16438   0.03112   0.06340   0.02500   0.05734   0.02428   0.04789   0.02506   0.00626   0.21634   0.13365   0.19118   0.02265   0.14391   0.03787   0.09098   0.18837   0.13863   0.00607   0.03150   9.96027   1.78318   1.16845   1.45552   1.10312  
 43  0.0001   2141.039504  x:  0.02526   0.23872   0.23697   0.16438   0.03112   0.06340   0.02500   0.05734   0.02428   0.04789   0.02506   0.00626   0.21634   0.13365   0.19118   0.02265   0.14391   0.03787   0.09098   0.18837   0.13863   0.00607   0.03150   9.96025   1.78318   1.16845   1.45552   1.10312  
 44  0.0000   2141.039504  x:  0.02526   0.23872   0.23697   0.16438   0.03112   0.06340   0.02500   0.05734   0.02428   0.04789   0.02506   0.00626   0.21634   0.13365   0.19118   0.02265   0.14391   0.03787   0.09098   0.18837   0.13863   0.00607   0.03150   9.96025   1.78318   1.16845   1.45552   1.10312  
 45  0.0000   2141.039504  x:  0.02526   0.23872   0.23697   0.16438   0.03112   0.06340   0.02500   0.05734   0.02428   0.04789   0.02506   0.00626   0.21634   0.13365   0.19118   0.02265   0.14391   0.03787   0.09098   0.18837   0.13863   0.00607   0.03150   9.96025   1.78318   1.16845   1.45552   1.10312  
check convergence!


TREE # 2

  0  0.0000   2364.289101  x:  0.02526   0.23872   0.23697   0.16438   0.03112   0.06340   0.02500   0.05734   0.02428   0.04789   0.02506   0.00626   0.21634   0.13365   0.19118   0.02265   0.14391   0.03787   0.09098   0.18837   0.13863   0.00607   0.03150   9.96025   1.78186   1.10372   1.44704   1.10312  
  1 99.0000   2263.594136  x:  0.02111   0.21790   0.21511   0.17185   0.09510   0.09577   0.15128   0.11471   0.08171   0.04082   0.13975   0.13302   0.19709   0.11481   0.19622   0.04479   0.15775   0.03501   0.10568   0.17227   0.12315   0.19689   0.03490   9.96026   1.78146   1.10507   1.44673   1.10291  
  2 1946.3767   2204.658975  x:  0.01990   0.13611   0.12898   0.19027   0.14009   0.13574   0.18733   0.16579   0.10652   0.00674   0.14470   0.09857   0.12302   0.04319   0.21156   0.05989   0.19676   0.02434   0.14599   0.11126   0.05959   0.16191   0.00000   9.96033   1.77886   1.11374   1.44388   1.10200  
  3 372.4221   2191.125083  x:  0.01992   0.11677   0.10861   0.19451   0.15025   0.14476   0.19549   0.17741   0.11207   0.00000   0.14575   0.09037   0.10559   0.02655   0.21511   0.06318   0.20571   0.02198   0.15520   0.09703   0.04518   0.15359   0.00396   9.96035   1.77826   1.11575   1.44321   1.10179  
  4 6355.4220   2173.998752  x:  0.02297   0.07978   0.06979   0.20151   0.16624   0.15843   0.20965   0.19663   0.12143   0.01896   0.14878   0.07695   0.07338   0.00000   0.22129   0.06727   0.22041   0.01918   0.16979   0.07212   0.02113   0.13906   0.00710   9.96038   1.77726   1.11930   1.44203   1.10139  
  5 2702.0079   2155.409085  x:  0.03112   0.02254   0.01020   0.20987   0.18363   0.17205   0.22854   0.21834   0.12973   0.02889   0.15518   0.06089   0.03437   0.02861   0.23130   0.06906   0.23769   0.01891   0.18571   0.04274   0.00472   0.12144   0.00976   9.96043   1.77590   1.12430   1.44044   1.10092  
  6 853.0745   2152.963235  x:  0.03198   0.01389   0.00166   0.21102   0.18594   0.17378   0.23126   0.22129   0.13067   0.02977   0.15622   0.05869   0.02864   0.03027   0.23260   0.06909   0.24007   0.01894   0.18786   0.03988   0.00919   0.11894   0.00987   9.96044   1.77569   1.12503   1.44022   1.10085  
  7 1239.9309   2151.869263  x:  0.03276   0.00490   0.00643   0.21226   0.18800   0.17499   0.23453   0.22422   0.13104   0.03065   0.15790   0.05647   0.02275   0.03215   0.23402   0.06837   0.24254   0.01936   0.18967   0.03889   0.01161   0.11612   0.01003   9.96045   1.77544   1.12597   1.43993   1.10078  
  8 233.0245   2151.134358  x:  0.03306   0.00856   0.00660   0.21507   0.19102   0.17429   0.24554   0.23075   0.12788   0.03167   0.16588   0.05144   0.01597   0.03405   0.23804   0.06190   0.24867   0.02200   0.19158   0.05009   0.01166   0.10758   0.01037   9.96049   1.77444   1.12961   1.43892   1.10049  
  9 69.8981   2150.564783  x:  0.03239   0.00512   0.00604   0.21750   0.19268   0.17158   0.25712   0.23644   0.12289   0.03233   0.17475   0.04724   0.02310   0.03372   0.24213   0.05451   0.25436   0.02271   0.19213   0.05769   0.01077   0.09900   0.01064   9.96055   1.77325   1.13391   1.43773   1.10018  
 10 118.0471   2150.277301  x:  0.03248   0.00836   0.00711   0.21887   0.19268   0.16779   0.26594   0.23997   0.11798   0.03293   0.18115   0.04496   0.02591   0.03419   0.24543   0.05061   0.25835   0.02044   0.19170   0.05224   0.01259   0.09288   0.01075   9.96062   1.77212   1.13803   1.43655   1.09989  
 11 68.3671   2149.975351  x:  0.03165   0.00698   0.00639   0.21852   0.18667   0.15598   0.27551   0.23933   0.10719   0.03121   0.18885   0.04604   0.02232   0.03211   0.24875   0.04762   0.26052   0.02025   0.18597   0.04850   0.01151   0.08832   0.01040   9.96075   1.77025   1.14497   1.43457   1.09945  
 12 47.5485   2149.905134  x:  0.03350   0.00714   0.00645   0.21857   0.18445   0.15148   0.27957   0.23972   0.10671   0.03106   0.18884   0.04412   0.02291   0.03178   0.25050   0.05328   0.26224   0.02251   0.18471   0.04843   0.01162   0.08789   0.01037   9.96087   1.76901   1.14984   1.43318   1.09918  
 13 17.4961   2149.867276  x:  0.03167   0.00707   0.00646   0.21865   0.18290   0.14866   0.28205   0.23995   0.10824   0.03133   0.18715   0.04304   0.02279   0.03209   0.25129   0.05536   0.26298   0.01999   0.18406   0.04933   0.01163   0.08817   0.01041   9.96099   1.76784   1.15464   1.43182   1.09894  
 14 15.8530   2149.803480  x:  0.03249   0.00712   0.00648   0.21902   0.18009   0.14442   0.28588   0.24007   0.11336   0.03100   0.18100   0.04385   0.02287   0.03185   0.25137   0.05168   0.26345   0.02118   0.18436   0.04902   0.01166   0.08909   0.01036   9.96137   1.76478   1.16789   1.42812   1.09840  
 15 13.2040   2149.752781  x:  0.03207   0.00720   0.00656   0.21985   0.18146   0.14862   0.28490   0.23908   0.10934   0.03147   0.17923   0.04786   0.02317   0.03218   0.25005   0.05329   0.26187   0.02129   0.18559   0.04969   0.01180   0.08819   0.01046   9.96201   1.76196   1.18389   1.42389   1.09798  
 16  6.4216   2149.728578  x:  0.03347   0.00714   0.00654   0.21974   0.18206   0.15052   0.28323   0.23799   0.10788   0.03143   0.18086   0.04513   0.02309   0.03203   0.24924   0.05277   0.26039   0.02049   0.18503   0.04989   0.01177   0.09044   0.01041   9.96242   1.76130   1.19113   1.42215   1.09790  
 17  8.7155   2149.715415  x:  0.03195   0.00720   0.00656   0.21953   0.18230   0.15119   0.28194   0.23741   0.10803   0.03152   0.18246   0.04365   0.02311   0.03209   0.24899   0.05260   0.25976   0.02170   0.18465   0.04946   0.01182   0.09122   0.01041   9.96269   1.76135   1.19450   1.42145   1.09793  
 18 10.6401   2149.671391  x:  0.03253   0.00716   0.00656   0.21826   0.18227   0.15075   0.27603   0.23571   0.11321   0.03112   0.18993   0.04449   0.02308   0.03191   0.24952   0.05316   0.25886   0.02146   0.18270   0.04954   0.01188   0.08885   0.01043   9.96386   1.76399   1.20210   1.42084   1.09846  
 19  5.6843   2149.240007  x:  0.03212   0.00737   0.00686   0.21862   0.17963   0.13466   0.25220   0.23781   0.10563   0.03144   0.19253   0.04867   0.02407   0.03168   0.25997   0.05061   0.26984   0.02109   0.18935   0.05193   0.01275   0.09990   0.01050   9.97722   1.81426   1.22377   1.43755   1.10746  
 20  3.0998   2148.094245  x:  0.03178   0.00757   0.00728   0.21787   0.15697   0.13992   0.25854   0.22849   0.10136   0.03101   0.18589   0.05200   0.02553   0.03145   0.24606   0.05027   0.24975   0.02440   0.15334   0.05454   0.01520   0.10112   0.01082  10.01246   1.94058   1.26024   1.49221   1.12983  
 21 21.5374   2147.788032  x:  0.03174   0.00746   0.00737   0.21309   0.15639   0.13261   0.26769   0.21007   0.10109   0.03085   0.18856   0.05064   0.02575   0.03133   0.23767   0.05189   0.23239   0.02410   0.16733   0.05562   0.01547   0.09846   0.01087  10.02221   1.96480   1.26682   1.51171   1.13346  
 22 20.9706   2147.643207  x:  0.03168   0.00745   0.00746   0.20924   0.16775   0.13013   0.26936   0.19469   0.10100   0.03105   0.18597   0.05093   0.02592   0.03116   0.24009   0.05090   0.23641   0.02445   0.16083   0.05595   0.01583   0.09871   0.01091  10.02704   1.95002   1.26473   1.52936   1.12903  
 23  6.4065   2147.373054  x:  0.03153   0.00738   0.00765   0.20414   0.15138   0.13418   0.26453   0.19493   0.09956   0.03105   0.18905   0.05191   0.02626   0.03105   0.24146   0.05024   0.23683   0.02447   0.16179   0.05692   0.01637   0.10148   0.01099  10.03619   1.89487   1.25314   1.56324   1.11400  
 24 10.3267   2147.280566  x:  0.03152   0.00738   0.00765   0.21229   0.15444   0.12710   0.26031   0.20199   0.09871   0.03096   0.18946   0.05208   0.02640   0.03124   0.23633   0.05086   0.22931   0.02489   0.15878   0.05715   0.01660   0.10157   0.01105  10.03946   1.87303   1.24519   1.56569   1.10738  
 25 10.2365   2146.860770  x:  0.03150   0.00729   0.00793   0.19947   0.15259   0.12355   0.25644   0.19871   0.09584   0.03102   0.18861   0.05321   0.02700   0.03139   0.23309   0.04973   0.22775   0.02532   0.15491   0.05882   0.01770   0.10253   0.01128  10.05471   1.77764   1.16909   1.45284   1.07409  
 26  5.4596   2146.806857  x:  0.03146   0.00731   0.00789   0.20911   0.14905   0.12533   0.25624   0.19250   0.09647   0.03096   0.18931   0.05351   0.02704   0.03108   0.23755   0.04942   0.22756   0.02533   0.15513   0.05888   0.01781   0.10331   0.01126  10.05670   1.76512   1.15882   1.43796   1.07315  
 27 12.1062   2146.660734  x:  0.03148   0.00716   0.00790   0.20744   0.14960   0.12435   0.25459   0.19325   0.09590   0.03101   0.18828   0.05316   0.02701   0.03091   0.23849   0.04920   0.22627   0.02540   0.15476   0.05923   0.01829   0.10265   0.01135  10.06130   1.73345   1.14513   1.41909   1.14365  
 28  1.8277   2146.584460  x:  0.03153   0.00704   0.00786   0.21068   0.14784   0.12391   0.25333   0.19093   0.09602   0.03102   0.18940   0.05283   0.02698   0.03126   0.22655   0.04954   0.23528   0.02495   0.15594   0.05926   0.01853   0.10222   0.01141  10.06390   1.73245   1.14465   1.41843   1.14734  
 29  1.0809   2143.521953  x:  0.03308   0.00000   0.00691   0.22056   0.15663   0.14831   0.18879   0.20753   0.09527   0.02811   0.14767   0.03835   0.02352   0.02464   0.24259   0.04217   0.24316   0.02465   0.17529   0.06376   0.03729   0.06198   0.01477  10.23684   1.79159   1.16448   1.45471   1.10346  
 30  1.7116   2142.297864  x:  0.03311   0.00430   0.00696   0.22214   0.15474   0.15024   0.17802   0.20751   0.09481   0.02734   0.13979   0.03643   0.02458   0.02323   0.24412   0.04264   0.24286   0.02444   0.17660   0.06333   0.04019   0.05725   0.01532  10.24830   1.80219   1.16909   1.46178   1.09775  
 31  0.0952   2141.629269  x:  0.03153   0.00496   0.00657   0.21735   0.13764   0.13505   0.19177   0.19358   0.08996   0.02730   0.14569   0.03863   0.02479   0.02402   0.23953   0.04851   0.23748   0.02432   0.16594   0.05977   0.03738   0.06793   0.01515  10.13343   1.79446   1.17421   1.46229   1.10689  
 32  0.1567   2141.503233  x:  0.03111   0.00550   0.00587   0.21481   0.13742   0.13079   0.19173   0.18823   0.09125   0.02657   0.14720   0.03801   0.02506   0.02434   0.23643   0.04865   0.23555   0.02446   0.16170   0.05708   0.03740   0.06076   0.01604  10.01064   1.77762   1.16632   1.45383   1.10446  
 33  0.0858   2141.384785  x:  0.03132   0.00625   0.00523   0.21460   0.13935   0.13259   0.18029   0.18827   0.09007   0.02607   0.14121   0.03747   0.02551   0.02528   0.23634   0.04728   0.23554   0.02460   0.16169   0.05519   0.03615   0.06393   0.01733   9.85470   1.76836   1.16088   1.44729   1.09953  
 34  0.1019   2141.238897  x:  0.03214   0.00710   0.00534   0.21667   0.13776   0.13423   0.19000   0.19348   0.08842   0.02501   0.13958   0.03680   0.02590   0.02656   0.24045   0.04669   0.23752   0.02455   0.16597   0.05549   0.03166   0.06199   0.01909   9.73602   1.78746   1.16898   1.45456   1.10132  
 35  0.0642   2141.168743  x:  0.03189   0.00736   0.00587   0.21714   0.13697   0.13492   0.18475   0.19140   0.09118   0.02354   0.14572   0.03787   0.02570   0.02615   0.24016   0.04800   0.23663   0.02442   0.16572   0.05715   0.02919   0.06235   0.02009   9.79347   1.79103   1.17195   1.45931   1.10245  
 36  0.0511   2141.127610  x:  0.03126   0.00723   0.00638   0.21661   0.13792   0.13311   0.18641   0.18900   0.09106   0.02280   0.14093   0.03758   0.02515   0.02521   0.23847   0.04831   0.23652   0.02418   0.16338   0.05840   0.02899   0.06254   0.02098   9.95387   1.78173   1.16739   1.45730   1.10225  
 37  0.1044   2141.090666  x:  0.03157   0.00680   0.00655   0.21651   0.13839   0.13323   0.18544   0.19253   0.08843   0.02365   0.14429   0.03680   0.02488   0.02539   0.23820   0.04698   0.23762   0.02411   0.16397   0.05768   0.02983   0.06207   0.02250  10.11198   1.77923   1.16601   1.45103   1.10465  
 38  0.0557   2141.057325  x:  0.03179   0.00641   0.00624   0.21634   0.13784   0.13417   0.18773   0.19115   0.09227   0.02382   0.14280   0.03821   0.02517   0.02535   0.23903   0.04762   0.23697   0.02432   0.16476   0.05656   0.03021   0.06288   0.02417  10.11129   1.78461   1.16817   1.45564   1.10614  
 39  0.0049   2141.043075  x:  0.03155   0.00625   0.00593   0.21657   0.13846   0.13373   0.18805   0.19021   0.09046   0.02309   0.14379   0.03762   0.02542   0.02471   0.23903   0.04830   0.23668   0.02438   0.16455   0.05691   0.03054   0.06337   0.02489  10.00330   1.78463   1.16879   1.45829   1.10363  
 40  0.0680   2141.040182  x:  0.03144   0.00617   0.00601   0.21633   0.13854   0.13346   0.18810   0.19148   0.09092   0.02288   0.14379   0.03788   0.02536   0.02486   0.23859   0.04776   0.23703   0.02426   0.16426   0.05740   0.03086   0.06334   0.02500   9.95687   1.78257   1.16808   1.45494   1.10266  
 41  0.0337   2141.039720  x:  0.03152   0.00617   0.00610   0.21627   0.13866   0.13383   0.18832   0.19104   0.09098   0.02278   0.14389   0.03780   0.02525   0.02502   0.23863   0.04792   0.23695   0.02424   0.16437   0.05740   0.03100   0.06333   0.02498   9.95042   1.78325   1.16854   1.45546   1.10311  
 42  0.0042   2141.039576  x:  0.03151   0.00620   0.00610   0.21636   0.13852   0.13357   0.18830   0.19116   0.09094   0.02266   0.14385   0.03790   0.02522   0.02507   0.23879   0.04790   0.23699   0.02428   0.16440   0.05731   0.03106   0.06337   0.02499   9.95480   1.78334   1.16854   1.45575   1.10310  
 43  0.0027   2141.039523  x:  0.03149   0.00623   0.00608   0.21634   0.13863   0.13364   0.18836   0.19118   0.09100   0.02262   0.14391   0.03784   0.02526   0.02509   0.23872   0.04788   0.23695   0.02429   0.16436   0.05731   0.03109   0.06340   0.02499   9.96050   1.78307   1.16836   1.45546   1.10305  
 44  0.0036   2141.039512  x:  0.03150   0.00624   0.00607   0.21633   0.13863   0.13368   0.18836   0.19118   0.09097   0.02262   0.14389   0.03789   0.02527   0.02508   0.23872   0.04790   0.23697   0.02428   0.16437   0.05734   0.03111   0.06339   0.02499   9.96148   1.78319   1.16845   1.45550   1.10313  
 45  0.0007   2141.039507  x:  0.03151   0.00625   0.00607   0.21633   0.13861   0.13364   0.18837   0.19118   0.09099   0.02264   0.14391   0.03786   0.02526   0.02507   0.23874   0.04790   0.23699   0.02427   0.16438   0.05735   0.03112   0.06340   0.02499   9.96084   1.78323   1.16850   1.45557   1.10316  
 46  0.0004   2141.039504  x:  0.03150   0.00626   0.00607   0.21634   0.13863   0.13365   0.18838   0.19118   0.09098   0.02265   0.14391   0.03787   0.02526   0.02507   0.23873   0.04789   0.23697   0.02427   0.16438   0.05734   0.03112   0.06340   0.02500   9.96020   1.78316   1.16845   1.45553   1.10311  
 47  0.0005   2141.039504  x:  0.03150   0.00626   0.00607   0.21634   0.13863   0.13365   0.18837   0.19118   0.09098   0.02265   0.14391   0.03787   0.02526   0.02506   0.23872   0.04789   0.23697   0.02428   0.16438   0.05734   0.03112   0.06340   0.02500   9.96025   1.78318   1.16846   1.45552   1.10312  
 48  0.0001   2141.039504  x:  0.03150   0.00626   0.00607   0.21634   0.13863   0.13365   0.18837   0.19118   0.09098   0.02265   0.14391   0.03787   0.02526   0.02506   0.23872   0.04789   0.23697   0.02428   0.16438   0.05734   0.03112   0.06340   0.02500   9.96025   1.78318   1.16845   1.45552   1.10312  