-6.372072805341308932e-01
-7.410725444929093797e-01
-5.907720176097444043e-01
5.471907963727321578e-01
-5.232478065806751566e-01
-5.108656808310612973e+00
2.664506361745942464e-01
3.621452443975896607e+00
-4.141042962110289549e-01
-2.922624607880217051e-01
-3.645105698452220100e-01
-2.854853547117502943e-01
-1.392664671288856626e+00
-5.534883618333311661e-01
-1.030884129964446450e+00
-7.774674567749592091e-01
-3.680282111729800132e+00
-2.021288641397063213e+00
-2.329722392423069000e+00
-3.766157184154868443e+00
-2.092015545740549598e+00
-1.559150472801812848e+00
-2.588227108994105574e+00
-2.591877581114972351e+00
-2.816410027022063556e+00
-3.399851842661288259e+00
