-6.829184940513735036e-01
-6.585991859629066747e-01
-7.841589512918692995e-01
8.107393717208549733e-01
-1.649887505536623555e-02
-1.310083912772907588e+00
-1.639200376331472420e+00
-1.220431351957673494e+00
-2.086368994210759276e+00
-2.927034234039396665e+00
-3.693550377731610546e+00
-4.139621338824892582e+00
-3.431082809917894494e+00
-4.645247157893305889e+00
-5.049498704817134254e+00
-4.128155485464747976e+00
-4.646717294980261315e+00
-5.754246606634677796e+00
-5.048345046612626064e+00
-1.149012382822634670e+01
-2.960015371672325646e+00
-5.048512361563963324e+00
-3.880116448951999253e+00
-1.653328378050677561e+00
-2.305261648764999727e+00
-2.153818453343729455e+00
-1.130230323219744903e+01
-5.826301119669193618e+00
-4.363653421515053310e+00
-4.325275255408612907e+00
