

TREE # 1

  0  0.0000   2253.966055  x:  0.25434   0.11884   0.15385   0.01801   0.02246   0.02814   0.01933   0.02106   0.01519   0.01626   0.00000   0.01284   0.04516   0.02497   0.02773   0.04014   0.11418   0.04066   0.07535   0.02081   0.01887   0.01395   0.00664   0.08124   0.12941   0.11718   0.02404   0.02759   0.01391   0.00780   0.01374   0.00384   0.00886   0.00860   0.01120   0.01778   0.01209   0.02669   0.03085   0.11192   0.02464   0.06737   0.02609   0.00571   0.00876   0.01382   0.06475   8.40433   0.95151   1.04099   1.16051   1.00000  
  1 99.0000   2253.964772  x:  0.25434   0.11884   0.15385   0.01801   0.02246   0.02814   0.01933   0.02106   0.01519   0.01626   0.00000   0.01284   0.04516   0.02497   0.02773   0.04014   0.11418   0.04066   0.07535   0.02081   0.01887   0.01395   0.00664   0.08124   0.12941   0.11718   0.02404   0.02759   0.01391   0.00780   0.01374   0.00384   0.00886   0.00860   0.01120   0.01778   0.01209   0.02669   0.03085   0.11192   0.02464   0.06737   0.02609   0.00571   0.00875   0.01382   0.06475   8.40433   0.95151   1.04099   1.16051   1.00000  
  2 497.6025   2250.498590  x:  0.25495   0.11913   0.15416   0.01809   0.02255   0.02777   0.01927   0.02114   0.01248   0.01552   0.00000   0.01305   0.04532   0.02418   0.02710   0.03968   0.11492   0.04068   0.07531   0.02095   0.01753   0.01442   0.00548   0.08119   0.12937   0.11759   0.02206   0.02758   0.01414   0.00916   0.01365   0.00000   0.01021   0.00479   0.01191   0.01753   0.00826   0.02671   0.02948   0.11246   0.02387   0.06754   0.02518   0.00193   0.01015   0.01405   0.06479   8.40411   0.95176   1.04104   1.16073   0.99994  
  3 1064.6206   2249.358014  x:  0.25522   0.11924   0.15429   0.01828   0.02268   0.02792   0.01944   0.02120   0.01133   0.01559   0.00000   0.01338   0.04529   0.02413   0.02703   0.03963   0.11516   0.04066   0.07529   0.02104   0.01736   0.01449   0.00544   0.08117   0.12935   0.11776   0.02142   0.02761   0.01416   0.00878   0.01392   0.00000   0.01017   0.00285   0.01224   0.01748   0.00631   0.02672   0.02911   0.11264   0.02374   0.06758   0.02507   0.00000   0.01008   0.01406   0.06480   8.40399   0.95188   1.04109   1.16085   0.99990  
  4 1348.7692   2248.270695  x:  0.25555   0.11934   0.15443   0.01832   0.02274   0.02832   0.01952   0.02118   0.00994   0.01577   0.00000   0.01342   0.04524   0.02423   0.02705   0.03965   0.11537   0.04064   0.07528   0.02102   0.01738   0.01436   0.00567   0.08116   0.12933   0.11795   0.02093   0.02762   0.01410   0.00912   0.01405   0.00000   0.00996   0.00000   0.01211   0.01756   0.00345   0.02674   0.02891   0.11281   0.02373   0.06759   0.02513   0.00000   0.00990   0.01400   0.06481   8.40383   0.95204   1.04116   1.16103   0.99984  
  5 2196.6981   2247.568790  x:  0.25588   0.11942   0.15455   0.01821   0.02271   0.02874   0.01944   0.02114   0.00858   0.01584   0.00000   0.01323   0.04523   0.02433   0.02711   0.03971   0.11548   0.04061   0.07528   0.02096   0.01742   0.01438   0.00594   0.08115   0.12930   0.11809   0.02076   0.02761   0.01413   0.00894   0.01392   0.00000   0.01015   0.00000   0.01191   0.01752   0.00000   0.02673   0.02890   0.11290   0.02380   0.06758   0.02524   0.00000   0.01009   0.01404   0.06481   8.40363   0.95221   1.04126   1.16124   0.99978  
  6 2183.0990   2246.755941  x:  0.25807   0.11947   0.15506   0.01789   0.02286   0.03103   0.01859   0.02158   0.00000   0.01416   0.00000   0.01310   0.04571   0.02389   0.02725   0.03979   0.11482   0.04050   0.07532   0.02141   0.01583   0.01533   0.00610   0.08122   0.12905   0.11817   0.02360   0.02747   0.01429   0.00948   0.01253   0.00000   0.00953   0.00000   0.01475   0.01719   0.00000   0.02665   0.03075   0.11258   0.02421   0.06737   0.02532   0.00000   0.00895   0.01402   0.06474   8.40153   0.95386   1.04236   1.16348   0.99906  
  7 141.3138   2245.099248  x:  0.26790   0.12317   0.15970   0.01568   0.02244   0.04064   0.01637   0.02178   0.00000   0.01494   0.00000   0.00981   0.04533   0.02563   0.02754   0.04043   0.12223   0.03965   0.07495   0.02124   0.01547   0.01906   0.01096   0.08072   0.12843   0.12477   0.00658   0.02714   0.01556   0.00964   0.00884   0.00000   0.01043   0.00000   0.01589   0.01491   0.00000   0.02677   0.02371   0.11856   0.02389   0.06786   0.02667   0.00000   0.00697   0.01468   0.06500   8.39845   0.95731   1.04343   1.16676   0.99800  
  8 50.7723   2243.794411  x:  0.29164   0.12916   0.16885   0.01546   0.02294   0.05631   0.01511   0.02190   0.00000   0.01011   0.00000   0.01102   0.04660   0.02379   0.02634   0.03991   0.13166   0.03823   0.07450   0.02149   0.00481   0.01603   0.01470   0.08019   0.12648   0.13514   0.00961   0.02687   0.01321   0.00893   0.01042   0.00000   0.00676   0.00000   0.01758   0.02098   0.00000   0.02762   0.01853   0.12673   0.02224   0.06825   0.02550   0.00000   0.01265   0.01300   0.06516   8.38563   0.96928   1.04904   1.18032   0.99368  
  9 131.6050   2243.201036  x:  0.30140   0.13119   0.17225   0.01649   0.02280   0.05856   0.01652   0.02163   0.00000   0.01074   0.00000   0.01172   0.04689   0.02244   0.02542   0.03924   0.13455   0.03783   0.07437   0.02146   0.00000   0.01442   0.01594   0.08007   0.12563   0.13846   0.01192   0.02702   0.01370   0.00909   0.01145   0.00000   0.00997   0.00000   0.01594   0.01933   0.00000   0.02755   0.01891   0.12921   0.02108   0.06842   0.02413   0.00000   0.00959   0.01362   0.06518   8.37964   0.97483   1.05159   1.18652   0.99172  
 10 145.0434   2239.572890  x:  0.32537   0.13569   0.17985   0.01846   0.02088   0.03776   0.01737   0.02169   0.00000   0.00533   0.00000   0.01373   0.04888   0.01189   0.01761   0.03313   0.14189   0.03792   0.07406   0.02304   0.00000   0.02040   0.01100   0.07988   0.12365   0.14467   0.01371   0.02732   0.01497   0.00965   0.01039   0.00000   0.00360   0.00000   0.01443   0.01447   0.00000   0.02663   0.01723   0.13468   0.01229   0.06987   0.01206   0.00000   0.01313   0.01433   0.06534   8.36432   0.98985   1.05711   1.20168   0.98708  
 11 65.0532   2238.210760  x:  0.33109   0.13664   0.18134   0.01720   0.02109   0.02455   0.01428   0.02234   0.00000   0.00512   0.00000   0.01328   0.05035   0.01161   0.01552   0.03101   0.14397   0.03817   0.07399   0.02376   0.00000   0.02071   0.00469   0.07986   0.12331   0.14556   0.01264   0.02692   0.01228   0.00915   0.00843   0.00000   0.00615   0.00000   0.01838   0.02187   0.00000   0.02682   0.01425   0.13593   0.01084   0.07058   0.01156   0.00000   0.01256   0.01155   0.06545   8.36021   0.99408   1.05818   1.20549   0.98602  
 12 210.3633   2237.985021  x:  0.33473   0.13719   0.18219   0.01643   0.02140   0.01937   0.01367   0.02224   0.00000   0.00548   0.00000   0.01215   0.05172   0.01176   0.01518   0.02998   0.14538   0.03829   0.07400   0.02381   0.00000   0.01808   0.00696   0.07984   0.12314   0.14592   0.01242   0.02658   0.01300   0.00911   0.00861   0.00000   0.00591   0.00000   0.02034   0.02210   0.00000   0.02712   0.01309   0.13675   0.01107   0.07112   0.01223   0.00000   0.01276   0.01317   0.06554   8.35696   0.99720   1.05909   1.20853   0.98520  
 13 91.6181   2237.896830  x:  0.33639   0.13717   0.18218   0.01611   0.02168   0.01831   0.01415   0.02200   0.00000   0.00540   0.00000   0.01132   0.05258   0.01252   0.01599   0.02985   0.14585   0.03841   0.07403   0.02345   0.00000   0.01613   0.00537   0.07986   0.12313   0.14531   0.01175   0.02643   0.01339   0.00910   0.00900   0.00000   0.00527   0.00000   0.02132   0.02103   0.00000   0.02730   0.01384   0.13678   0.01189   0.07149   0.01286   0.00000   0.01337   0.01341   0.06561   8.35435   0.99959   1.05976   1.21087   0.98463  
 14 55.5854   2237.837688  x:  0.33818   0.13691   0.18189   0.01599   0.02193   0.01776   0.01461   0.02176   0.00000   0.00533   0.00000   0.01088   0.05345   0.01262   0.01667   0.02975   0.14610   0.03858   0.07410   0.02314   0.00210   0.01476   0.00495   0.07991   0.12316   0.14407   0.01102   0.02636   0.01313   0.00907   0.00916   0.00000   0.00509   0.00000   0.02206   0.02034   0.00000   0.02741   0.01461   0.13649   0.01228   0.07193   0.01275   0.00000   0.01374   0.01279   0.06567   8.35065   1.00291   1.06070   1.21411   0.98384  
 15 79.4963   2237.619799  x:  0.34439   0.13491   0.17939   0.01612   0.02227   0.01884   0.01428   0.02118   0.00000   0.00855   0.00000   0.01139   0.05583   0.01085   0.01730   0.02969   0.14587   0.03922   0.07444   0.02232   0.00208   0.01452   0.00448   0.08019   0.12342   0.13700   0.01029   0.02645   0.01225   0.00922   0.00905   0.00000   0.00465   0.00000   0.02259   0.02018   0.00000   0.02761   0.01374   0.13404   0.01185   0.07345   0.01195   0.00000   0.01386   0.01311   0.06584   8.33271   1.01869   1.06522   1.22954   0.98022  
 16 72.7881   2237.220982  x:  0.35232   0.13117   0.17439   0.01709   0.02271   0.02006   0.01484   0.02078   0.00000   0.00548   0.00000   0.01331   0.05800   0.01194   0.01731   0.02981   0.14500   0.04010   0.07494   0.02174   0.00088   0.01506   0.00544   0.08057   0.12408   0.12500   0.00828   0.02682   0.01224   0.00943   0.01064   0.00000   0.00532   0.00000   0.02137   0.02109   0.00000   0.02777   0.01171   0.12970   0.01132   0.07552   0.01232   0.00000   0.01282   0.01353   0.06609   8.30264   1.04478   1.07266   1.25493   0.97439  
 17 318.9642   2237.007590  x:  0.35703   0.13035   0.17277   0.01794   0.02261   0.01915   0.01597   0.02240   0.00000   0.00658   0.00000   0.01408   0.05524   0.01334   0.01458   0.02944   0.14641   0.03966   0.07470   0.02396   0.00040   0.01625   0.00587   0.08034   0.12438   0.12304   0.00738   0.02692   0.01422   0.00953   0.01038   0.00000   0.00520   0.00000   0.01978   0.02204   0.00000   0.02756   0.01367   0.12989   0.01186   0.07532   0.01226   0.00000   0.01279   0.01158   0.06612   8.28179   1.06195   1.07824   1.27191   0.97052  
 18 125.5802   2236.710617  x:  0.35640   0.12940   0.16993   0.01870   0.02298   0.01721   0.01650   0.02357   0.00000   0.00636   0.00000   0.01450   0.04784   0.01207   0.01599   0.03071   0.14775   0.03863   0.07402   0.02588   0.00087   0.01685   0.00541   0.07973   0.12513   0.12444   0.00673   0.02697   0.01109   0.00972   0.01026   0.00000   0.00510   0.00000   0.01866   0.02138   0.00000   0.02723   0.01355   0.13115   0.01333   0.07327   0.01352   0.00000   0.01254   0.01335   0.06597   8.25242   1.08428   1.08619   1.29402   0.96584  
 19 133.6407   2236.373309  x:  0.34754   0.12823   0.16603   0.01791   0.02369   0.01684   0.01500   0.02216   0.00000   0.00671   0.00000   0.01421   0.04244   0.01309   0.01817   0.03140   0.14758   0.03822   0.07337   0.02456   0.00179   0.01564   0.00468   0.07913   0.12618   0.12827   0.00731   0.02689   0.01425   0.00986   0.01095   0.00000   0.00476   0.00000   0.01987   0.02074   0.00000   0.02736   0.01078   0.13240   0.01174   0.07047   0.01184   0.00000   0.01216   0.01230   0.06563   8.21798   1.10815   1.09576   1.31782   0.96122  
 20 166.2487   2235.815641  x:  0.32717   0.12753   0.16131   0.01691   0.02399   0.01864   0.01495   0.01992   0.00000   0.00601   0.00000   0.01450   0.04393   0.01154   0.01497   0.02904   0.14690   0.03894   0.07274   0.02139   0.00059   0.01392   0.00560   0.07850   0.12760   0.13752   0.00530   0.02682   0.01334   0.00991   0.01218   0.00000   0.00508   0.00000   0.02213   0.02203   0.00000   0.02787   0.01429   0.13518   0.00872   0.06738   0.01197   0.00000   0.01160   0.01298   0.06520   8.15924   1.14588   1.11288   1.35618   0.95416  
 21 236.3983   2235.388467  x:  0.30973   0.12821   0.15969   0.01795   0.02320   0.01875   0.01728   0.02079   0.00000   0.00633   0.00000   0.01434   0.05024   0.01279   0.01355   0.02757   0.14748   0.04019   0.07265   0.02142   0.00090   0.01511   0.00536   0.07837   0.12842   0.14494   0.00604   0.02690   0.01204   0.01010   0.01151   0.00000   0.00490   0.00000   0.02165   0.02079   0.00000   0.02817   0.01103   0.13786   0.01231   0.06771   0.01176   0.00000   0.01125   0.01219   0.06523   8.11193   1.17427   1.12710   1.38546   0.94905  
 22 319.0723   2235.173567  x:  0.30130   0.12996   0.16181   0.01931   0.02304   0.01822   0.01663   0.02274   0.00000   0.00628   0.00000   0.01504   0.05410   0.01221   0.01711   0.02934   0.14886   0.04084   0.07310   0.02424   0.00122   0.01553   0.00509   0.07875   0.12812   0.14747   0.00575   0.02699   0.01360   0.01014   0.01122   0.00000   0.00485   0.00000   0.02004   0.02168   0.00000   0.02791   0.01166   0.13926   0.01056   0.07060   0.01264   0.00000   0.01108   0.01258   0.06550   8.08578   1.18746   1.13572   1.39988   0.94681  
 23 152.6371   2234.946018  x:  0.29409   0.13345   0.16861   0.01811   0.02422   0.01819   0.01412   0.02201   0.00000   0.00635   0.00000   0.01576   0.05305   0.01419   0.01605   0.03113   0.15081   0.04042   0.07421   0.02520   0.00064   0.01527   0.00544   0.07975   0.12662   0.14564   0.00606   0.02689   0.01173   0.01015   0.01176   0.00000   0.00502   0.00000   0.01990   0.02045   0.00000   0.02742   0.01254   0.13922   0.01040   0.07589   0.01046   0.00000   0.01089   0.01260   0.06602   8.05587   1.19692   1.14714   1.41223   0.94559  
 24 75.6188   2234.669254  x:  0.28558   0.13777   0.17770   0.01677   0.02461   0.01845   0.01486   0.02058   0.00000   0.00611   0.00000   0.01564   0.05018   0.01190   0.01398   0.03156   0.15266   0.03944   0.07541   0.02402   0.00125   0.01499   0.00500   0.08086   0.12444   0.14145   0.00662   0.02677   0.01300   0.01010   0.01138   0.00000   0.00485   0.00000   0.02036   0.02008   0.00000   0.02719   0.01176   0.13818   0.01112   0.08099   0.01366   0.00000   0.01082   0.01171   0.06648   8.01665   1.20680   1.16260   1.42645   0.94466  
 25 202.7532   2234.392940  x:  0.28058   0.14133   0.18593   0.01803   0.02258   0.01894   0.01812   0.02153   0.00000   0.00612   0.00000   0.01357   0.04805   0.01241   0.01549   0.02916   0.15352   0.03804   0.07550   0.02146   0.00139   0.01524   0.00506   0.08106   0.12222   0.13725   0.00648   0.02669   0.01369   0.01001   0.00999   0.00000   0.00474   0.00000   0.02126   0.02287   0.00000   0.02780   0.01224   0.13679   0.01163   0.08067   0.01149   0.00000   0.01065   0.01406   0.06629   7.97499   1.21449   1.17949   1.43943   0.94428  
 26 154.1936   2233.939279  x:  0.27896   0.14420   0.19358   0.01959   0.02077   0.01870   0.01683   0.02275   0.00000   0.00624   0.00000   0.01179   0.04855   0.01244   0.01704   0.02617   0.15321   0.03671   0.07415   0.02166   0.00000   0.01561   0.00603   0.08008   0.11989   0.13361   0.00641   0.02684   0.01206   0.00986   0.01136   0.00000   0.00511   0.00000   0.02073   0.02123   0.00000   0.02824   0.01185   0.13521   0.01010   0.07389   0.01223   0.00000   0.01069   0.01113   0.06536   7.91780   1.22196   1.20276   1.45475   0.94449  
 27 173.5415   2233.223597  x:  0.27925   0.14648   0.20219   0.01841   0.02379   0.01892   0.01322   0.02133   0.00000   0.00619   0.00000   0.01460   0.05223   0.01224   0.01566   0.02761   0.15056   0.03609   0.07123   0.02414   0.00238   0.01443   0.00421   0.07780   0.11716   0.12921   0.00529   0.02704   0.01423   0.00962   0.01092   0.00000   0.00469   0.00000   0.01774   0.02138   0.00000   0.02776   0.01200   0.13242   0.01369   0.06010   0.01218   0.00000   0.01074   0.01415   0.06394   7.80261   1.23424   1.24871   1.48300   0.94571  
 28 344.4433   2232.262435  x:  0.28654   0.14453   0.20250   0.01318   0.02657   0.01710   0.02024   0.01946   0.00000   0.00672   0.00000   0.01440   0.05458   0.01448   0.01509   0.03540   0.14658   0.03796   0.06950   0.02322   0.00149   0.01627   0.00492   0.07592   0.11702   0.13133   0.00622   0.02622   0.01241   0.00923   0.00725   0.00000   0.00473   0.00000   0.01577   0.02101   0.00000   0.02699   0.01115   0.13194   0.00849   0.05632   0.01253   0.00000   0.01087   0.01342   0.06383   7.64361   1.24746   1.30940   1.51783   0.94855  
 29 326.4278   2230.518926  x:  0.29490   0.13931   0.19647   0.01361   0.02541   0.01658   0.01925   0.01997   0.00000   0.00605   0.00000   0.01074   0.05446   0.01173   0.01505   0.03950   0.14077   0.04011   0.06918   0.02080   0.00000   0.01765   0.00599   0.07504   0.11884   0.13595   0.00570   0.02566   0.01325   0.00863   0.00954   0.00000   0.00550   0.00000   0.01404   0.02212   0.00000   0.02663   0.01206   0.13162   0.01126   0.06058   0.01075   0.00000   0.01049   0.01181   0.06449   7.45168   1.26094   1.38059   1.55689   0.95287  
 30 873.7243   2228.647465  x:  0.30608   0.12972   0.18203   0.01896   0.02024   0.01860   0.01351   0.02116   0.00000   0.00670   0.00000   0.01012   0.05227   0.01630   0.01241   0.03401   0.13340   0.04137   0.07065   0.02094   0.00375   0.01416   0.00338   0.07580   0.12263   0.14140   0.00687   0.02659   0.01309   0.00781   0.00447   0.00000   0.00431   0.00000   0.01147   0.01982   0.00000   0.02749   0.01145   0.13109   0.00816   0.07081   0.01511   0.00000   0.01165   0.01599   0.06555   7.14713   1.28154   1.48963   1.61637   0.96032  
 31 1580.5627   2228.122180  x:  0.30825   0.12775   0.17607   0.01248   0.01959   0.01954   0.01358   0.02053   0.00000   0.00712   0.00000   0.00960   0.05220   0.01701   0.01444   0.02743   0.13472   0.03958   0.07245   0.02445   0.00527   0.01591   0.00226   0.07777   0.12386   0.14168   0.00780   0.02655   0.01338   0.00767   0.00697   0.00000   0.00417   0.00000   0.01005   0.01996   0.00000   0.02757   0.01174   0.13153   0.00800   0.07324   0.01575   0.00000   0.01125   0.01774   0.06556   7.06004   1.28721   1.51654   1.63129   0.96272  
 32 513.2117   2227.844205  x:  0.30769   0.12746   0.17177   0.01120   0.02122   0.02013   0.01394   0.01957   0.00000   0.00641   0.00000   0.01098   0.05208   0.01582   0.01644   0.02463   0.13763   0.03766   0.07402   0.02599   0.00352   0.01503   0.00344   0.07968   0.12451   0.14063   0.00815   0.02646   0.01343   0.00743   0.00439   0.00000   0.00474   0.00000   0.00950   0.02004   0.00000   0.02732   0.01225   0.13194   0.00917   0.07337   0.01472   0.00000   0.01136   0.01626   0.06528   7.01545   1.28939   1.52653   1.63661   0.96433  
 33 300.8606   2227.201135  x:  0.30505   0.12972   0.16062   0.01369   0.02291   0.02054   0.01325   0.01823   0.00000   0.00621   0.00000   0.00579   0.05382   0.01568   0.01517   0.02720   0.15043   0.03286   0.07841   0.02607   0.00379   0.01617   0.00325   0.08549   0.12538   0.13536   0.01039   0.02530   0.01355   0.00713   0.00456   0.00000   0.00475   0.00000   0.00973   0.02047   0.00000   0.02576   0.01298   0.13381   0.00879   0.06998   0.01490   0.00000   0.01138   0.01687   0.06409   6.90856   1.29537   1.53898   1.64501   0.96840  
 34 232.6695   2226.690083  x:  0.30385   0.13273   0.15358   0.01112   0.01730   0.01951   0.01128   0.02102   0.00000   0.00619   0.00000   0.00847   0.05474   0.01586   0.01503   0.03040   0.16039   0.03291   0.08046   0.02114   0.00411   0.01654   0.00319   0.08853   0.12539   0.13188   0.01139   0.02476   0.01376   0.00686   0.00445   0.00000   0.00477   0.00000   0.00909   0.01983   0.00000   0.02604   0.01401   0.13539   0.00953   0.06713   0.01537   0.00000   0.01142   0.01684   0.06338   6.81676   1.30113   1.54451   1.65070   0.97171  
 35 399.0780   2225.133586  x:  0.30288   0.14047   0.14753   0.00861   0.01803   0.02134   0.00947   0.02281   0.00000   0.00561   0.00000   0.00370   0.05185   0.01542   0.01526   0.02950   0.16909   0.05550   0.07425   0.02159   0.00389   0.01728   0.00349   0.08332   0.12192   0.12666   0.01450   0.03056   0.01398   0.00609   0.00337   0.00000   0.00523   0.00000   0.00785   0.01985   0.00000   0.03067   0.01563   0.13332   0.01040   0.06476   0.01570   0.00000   0.01171   0.01738   0.06447   6.51987   1.32241   1.53769   1.66210   0.98090  
 36 254.2543   2223.322803  x:  0.30950   0.14627   0.15018   0.01090   0.01482   0.01991   0.00738   0.01232   0.00000   0.00607   0.00000   0.00414   0.05239   0.01730   0.01855   0.02674   0.16874   0.06016   0.06836   0.01894   0.00427   0.02257   0.00363   0.07680   0.11827   0.12867   0.01606   0.02161   0.01418   0.00547   0.00282   0.00000   0.00533   0.00000   0.00452   0.02063   0.00000   0.02549   0.01786   0.13089   0.01178   0.06550   0.01744   0.00000   0.01171   0.01754   0.06511   6.19981   1.34782   1.52557   1.67566   0.98894  
 37 778.3231   2221.058054  x:  0.31355   0.14812   0.15519   0.00759   0.01469   0.02181   0.00653   0.01869   0.00000   0.00570   0.00000   0.00152   0.05391   0.01692   0.01767   0.02730   0.15758   0.05146   0.06479   0.01777   0.00439   0.02067   0.00359   0.07142   0.11516   0.13074   0.01695   0.01560   0.01451   0.00452   0.00219   0.00000   0.00572   0.00000   0.00224   0.02005   0.00000   0.01813   0.01743   0.12472   0.01164   0.06649   0.01740   0.00000   0.01264   0.01811   0.06484   5.80792   1.37614   1.50731   1.68933   0.99882  
 38 1527.1488   2220.212932  x:  0.31626   0.14826   0.15844   0.00686   0.01188   0.02140   0.00646   0.01638   0.00000   0.00566   0.00000   0.00076   0.05506   0.01686   0.01765   0.02927   0.15248   0.04516   0.06524   0.01837   0.00423   0.02094   0.00370   0.07133   0.11422   0.13263   0.01678   0.02167   0.01463   0.00418   0.00188   0.00000   0.00589   0.00000   0.00148   0.02021   0.00000   0.02082   0.01761   0.12327   0.01204   0.06664   0.01725   0.00000   0.01284   0.01800   0.06450   5.64964   1.38683   1.50026   1.69508   1.00253  
 39 1450.5077   2220.125493  x:  0.31677   0.14823   0.15891   0.00699   0.01282   0.02118   0.00625   0.01664   0.00000   0.00570   0.00000   0.00086   0.05511   0.01699   0.01781   0.02901   0.15215   0.04510   0.06580   0.01755   0.00433   0.02142   0.00365   0.07213   0.11412   0.13297   0.01681   0.02179   0.01465   0.00419   0.00190   0.00000   0.00587   0.00000   0.00107   0.02011   0.00000   0.02157   0.01773   0.12351   0.01201   0.06655   0.01742   0.00000   0.01277   0.01802   0.06442   5.63223   1.38733   1.50005   1.69579   1.00295  
 40 286.3166   2218.359439  x:  0.31571   0.14205   0.16405   0.00758   0.00949   0.02183   0.00747   0.01553   0.00000   0.00571   0.00000   0.00047   0.05283   0.01654   0.01719   0.02989   0.14518   0.05558   0.07747   0.02168   0.00389   0.01940   0.00367   0.09252   0.11390   0.13258   0.01503   0.01464   0.01437   0.00405   0.00189   0.00000   0.00605   0.00000   0.00065   0.02009   0.00000   0.02350   0.01664   0.13006   0.01218   0.06128   0.01666   0.00000   0.01244   0.01765   0.06336   5.26554   1.38324   1.49960   1.70467   1.01499  
 41 455.5195   2216.743701  x:  0.31478   0.13843   0.16597   0.00785   0.00875   0.02149   0.00776   0.01498   0.00000   0.00602   0.00000   0.00055   0.05215   0.01696   0.01780   0.02856   0.14474   0.06104   0.07978   0.02051   0.00377   0.01891   0.00379   0.10082   0.11360   0.13187   0.01436   0.02035   0.01422   0.00402   0.00200   0.00000   0.00598   0.00000   0.00050   0.02041   0.00000   0.01171   0.01628   0.13537   0.01227   0.05955   0.01679   0.00000   0.01197   0.01745   0.06310   4.95759   1.37769   1.50158   1.71208   1.02585  
 42 1470.6624   2208.707613  x:  0.29654   0.12512   0.15905   0.00723   0.00667   0.02182   0.00882   0.01430   0.00000   0.00608   0.00000   0.00062   0.05225   0.01618   0.01669   0.02972   0.15791   0.05860   0.05634   0.02288   0.00377   0.01612   0.00370   0.09275   0.11440   0.12010   0.01269   0.01864   0.01411   0.00414   0.00203   0.00000   0.00598   0.00000   0.00006   0.01983   0.00000   0.01345   0.01507   0.14955   0.01208   0.06453   0.01580   0.00000   0.00913   0.01729   0.06510   3.68573   1.34242   1.51368   1.73482   1.07568  
 43 1823.2847   2205.015424  x:  0.28931   0.11098   0.16019   0.00717   0.00708   0.02150   0.00850   0.01413   0.00000   0.00624   0.00000   0.00059   0.05220   0.01618   0.01695   0.02939   0.16217   0.05936   0.08148   0.02210   0.00398   0.01590   0.00333   0.06699   0.10527   0.11517   0.01205   0.01828   0.01405   0.00395   0.00198   0.00000   0.00601   0.00000   0.00015   0.01944   0.00000   0.01401   0.01489   0.16119   0.01232   0.06269   0.01576   0.00000   0.00770   0.01712   0.07227   2.91019   1.33660   1.51519   1.75302   1.14563  
 44 379.2188   2203.108224  x:  0.29067   0.12672   0.15615   0.00706   0.00681   0.02145   0.00910   0.01395   0.00000   0.00644   0.00000   0.00073   0.05188   0.01624   0.01662   0.02976   0.15959   0.05856   0.06564   0.02275   0.00404   0.01498   0.00334   0.08407   0.11103   0.12072   0.01049   0.01844   0.01396   0.00379   0.00204   0.00000   0.00603   0.00000   0.00024   0.01931   0.00000   0.01457   0.01408   0.14696   0.01212   0.06542   0.01557   0.00000   0.00720   0.01702   0.06142   2.51090   1.33791   1.51726   1.76226   1.18136  
 45 418.2415   2202.945098  x:  0.29152   0.13283   0.15481   0.00719   0.00659   0.02143   0.00923   0.01397   0.00000   0.00646   0.00000   0.00075   0.05174   0.01623   0.01660   0.02967   0.15977   0.05850   0.06901   0.02305   0.00401   0.01477   0.00331   0.08362   0.11502   0.12311   0.01015   0.01845   0.01393   0.00377   0.00208   0.00000   0.00603   0.00000   0.00022   0.01930   0.00000   0.01441   0.01392   0.14001   0.01191   0.06419   0.01551   0.00000   0.00715   0.01695   0.06974   2.47688   1.33800   1.51859   1.76025   1.17440  
 46 38.8904   2202.390153  x:  0.29247   0.13618   0.15395   0.00729   0.00678   0.02124   0.00926   0.01377   0.00000   0.00657   0.00000   0.00068   0.05135   0.01636   0.01661   0.02948   0.16202   0.06075   0.07858   0.02301   0.00412   0.01476   0.00314   0.07704   0.11898   0.12570   0.00968   0.01840   0.01391   0.00370   0.00210   0.00000   0.00599   0.00000   0.00016   0.01933   0.00000   0.01376   0.01384   0.13288   0.01185   0.06498   0.01558   0.00000   0.00686   0.01694   0.05739   2.37949   1.33909   1.52401   1.74031   1.11017  
 47 26.9050   2201.192447  x:  0.29160   0.12633   0.15505   0.00727   0.00830   0.02078   0.00835   0.01396   0.00000   0.00669   0.00000   0.00037   0.05154   0.01661   0.01715   0.02870   0.16423   0.06136   0.07305   0.02052   0.00444   0.01570   0.00299   0.08222   0.11466   0.12330   0.00988   0.01849   0.01398   0.00351   0.00206   0.00000   0.00592   0.00000   0.00016   0.01925   0.00000   0.01303   0.01434   0.14037   0.01181   0.06483   0.01599   0.00000   0.00611   0.01696   0.06535   2.18275   1.34182   1.53263   1.69601   0.96825  
 48 160.0675   2201.066654  x:  0.29241   0.13207   0.15045   0.00723   0.00814   0.02082   0.00853   0.01387   0.00000   0.00671   0.00000   0.00042   0.05146   0.01657   0.01706   0.02887   0.16040   0.06054   0.07409   0.02094   0.00440   0.01541   0.00298   0.08219   0.10361   0.12329   0.00952   0.01849   0.01395   0.00348   0.00208   0.00000   0.00593   0.00000   0.00015   0.01925   0.00000   0.01307   0.01414   0.14194   0.01195   0.06538   0.01589   0.00000   0.00611   0.01690   0.06560   2.17077   1.33854   1.53089   1.69588   0.95398  
 49 11.2654   2200.104079  x:  0.29254   0.14335   0.15066   0.00683   0.00775   0.02096   0.00826   0.01365   0.00000   0.00659   0.00000   0.00053   0.05159   0.01621   0.01716   0.02909   0.14767   0.05899   0.07444   0.02094   0.00421   0.01519   0.00306   0.07829   0.12012   0.11372   0.00970   0.01829   0.01397   0.00322   0.00195   0.00000   0.00607   0.00000   0.00017   0.01918   0.00000   0.01357   0.01429   0.16084   0.01201   0.06499   0.01570   0.00000   0.00606   0.01673   0.06473   2.13768   1.29397   1.49302   1.71559   0.85935  
 50 10.7705   2199.189971  x:  0.29306   0.12497   0.15868   0.00660   0.00654   0.02112   0.00822   0.01365   0.00000   0.00644   0.00000   0.00075   0.05161   0.01590   0.01680   0.03006   0.15837   0.05903   0.07348   0.02134   0.00385   0.01475   0.00326   0.08130   0.11583   0.12071   0.00954   0.01828   0.01397   0.00301   0.00185   0.00000   0.00624   0.00000   0.00018   0.01917   0.00000   0.01424   0.01436   0.14441   0.01206   0.06408   0.01546   0.00000   0.00601   0.01645   0.06479   2.11355   1.25559   1.45808   1.73162   0.77652  
 51 55.5395   2196.757346  x:  0.29424   0.11830   0.16795   0.00716   0.00619   0.02149   0.00971   0.01414   0.00000   0.00625   0.00000   0.00127   0.05184   0.01491   0.01630   0.03215   0.15218   0.05600   0.07353   0.02329   0.00305   0.01296   0.00379   0.08401   0.12568   0.12007   0.00829   0.01951   0.01398   0.00381   0.00257   0.00000   0.00659   0.00000   0.00023   0.01921   0.00000   0.01714   0.01397   0.14961   0.01220   0.06431   0.01455   0.00000   0.00524   0.01573   0.06626   2.17659   1.33251   1.44388   1.53684   0.73651  
 52  4.5792   2190.733930  x:  0.29876   0.13494   0.17253   0.01144   0.01696   0.02003   0.01389   0.01722   0.00000   0.00681   0.00000   0.00109   0.05130   0.01398   0.01673   0.03185   0.14715   0.04568   0.07138   0.02010   0.00253   0.01118   0.00383   0.08467   0.12236   0.13167   0.00227   0.02344   0.01343   0.00768   0.00586   0.00000   0.00712   0.00000   0.00029   0.01792   0.00000   0.02216   0.01199   0.12862   0.01238   0.06779   0.01342   0.00000   0.00337   0.01333   0.06539   2.40622   1.16146   1.20298   1.45465   0.69784  
 53  5.2887   2189.437473  x:  0.30408   0.12825   0.18211   0.01245   0.01914   0.01940   0.01405   0.01854   0.00000   0.00625   0.00000   0.00135   0.05230   0.01286   0.01690   0.03158   0.13786   0.04073   0.07342   0.01900   0.00222   0.01224   0.00407   0.08657   0.12174   0.13402   0.00649   0.02495   0.01374   0.00656   0.00644   0.00000   0.00756   0.00000   0.00028   0.01752   0.00000   0.02456   0.01356   0.12760   0.01260   0.06576   0.01306   0.00000   0.00682   0.01316   0.06605   2.33695   1.15331   1.11813   1.42338   0.74616  
 54  0.7190   2188.520490  x:  0.29510   0.12811   0.17295   0.01403   0.01903   0.01827   0.01441   0.01965   0.00000   0.00642   0.00000   0.00159   0.05176   0.01197   0.01622   0.02988   0.15035   0.03853   0.06744   0.02107   0.00275   0.01143   0.00360   0.07941   0.12404   0.13201   0.00517   0.02518   0.01324   0.00578   0.00634   0.00000   0.00671   0.00000   0.00037   0.01865   0.00000   0.02574   0.01208   0.13029   0.01167   0.07072   0.01196   0.00000   0.00714   0.01263   0.06623   2.32998   1.09270   1.08942   1.32801   0.81099  
 55  0.2794   2188.232752  x:  0.29977   0.13023   0.17027   0.01335   0.01909   0.01867   0.01336   0.01979   0.00000   0.00648   0.00000   0.00178   0.05171   0.01306   0.01733   0.02845   0.14802   0.03805   0.07039   0.01900   0.00340   0.01356   0.00339   0.08088   0.12257   0.13434   0.00635   0.02557   0.01256   0.00744   0.00619   0.00000   0.00571   0.00000   0.00044   0.02079   0.00000   0.02685   0.01283   0.13396   0.01177   0.07209   0.01305   0.00000   0.00521   0.01251   0.06525   2.32775   1.08101   1.09169   1.31703   0.81856  
 56  0.0334   2187.914206  x:  0.30331   0.13472   0.16424   0.01248   0.01978   0.02016   0.01213   0.01924   0.00000   0.00681   0.00000   0.00211   0.05156   0.01391   0.01783   0.02770   0.14534   0.03853   0.07368   0.01900   0.00483   0.01388   0.00206   0.08133   0.12040   0.13608   0.00560   0.02593   0.01264   0.00666   0.00657   0.00000   0.00620   0.00000   0.00057   0.01929   0.00000   0.02772   0.01290   0.13627   0.01175   0.07514   0.01376   0.00000   0.00820   0.01325   0.06410   2.34886   1.07684   1.11031   1.31489   0.79766  
 57  0.0432   2187.497555  x:  0.30320   0.13291   0.16322   0.01201   0.02097   0.02200   0.01101   0.01857   0.00000   0.00577   0.00000   0.00279   0.05205   0.01247   0.01683   0.02946   0.14116   0.03891   0.07440   0.02290   0.00372   0.01073   0.00241   0.07879   0.11789   0.13393   0.00697   0.02593   0.01265   0.00599   0.00675   0.00000   0.00660   0.00000   0.00078   0.01954   0.00000   0.02796   0.01317   0.13301   0.01177   0.07557   0.01274   0.00000   0.00638   0.01280   0.06443   2.30409   1.08428   1.10229   1.34104   0.78921  
 58  0.0522   2187.104306  x:  0.30209   0.12939   0.17138   0.01175   0.02177   0.01994   0.01321   0.01852   0.00000   0.00614   0.00000   0.00369   0.05293   0.01252   0.01691   0.02937   0.14297   0.03946   0.07542   0.01984   0.00393   0.01379   0.00224   0.07918   0.11753   0.13245   0.00520   0.02590   0.01325   0.00509   0.00597   0.00000   0.00732   0.00000   0.00103   0.01805   0.00000   0.02864   0.01325   0.13262   0.01162   0.07457   0.01258   0.00000   0.00591   0.01311   0.06611   2.26203   1.09712   1.08211   1.34130   0.79796  
 59  0.0584   2186.806624  x:  0.29753   0.13358   0.16852   0.01321   0.02113   0.01828   0.01424   0.01970   0.00000   0.00622   0.00000   0.00437   0.05280   0.01212   0.01677   0.02845   0.14893   0.04009   0.07073   0.01808   0.00365   0.01379   0.00253   0.07551   0.11779   0.13083   0.00640   0.02555   0.01322   0.00725   0.00557   0.00000   0.00714   0.00000   0.00131   0.01857   0.00000   0.02794   0.01336   0.12922   0.01146   0.07314   0.01215   0.00000   0.00635   0.01280   0.06581   2.31231   1.09253   1.09219   1.34774   0.78280  
 60  0.0765   2186.498560  x:  0.29995   0.13182   0.17202   0.01344   0.02088   0.01962   0.01251   0.02042   0.00000   0.00652   0.00000   0.00555   0.05167   0.01309   0.01735   0.02922   0.14696   0.03806   0.07207   0.01850   0.00309   0.01204   0.00327   0.08020   0.12018   0.13407   0.00495   0.02587   0.01229   0.00748   0.00557   0.00000   0.00642   0.00000   0.00170   0.02097   0.00000   0.02781   0.01242   0.13347   0.01219   0.07020   0.01268   0.00000   0.00671   0.01164   0.06543   2.35481   1.09546   1.10975   1.34474   0.80545  
 61  0.0527   2186.287236  x:  0.29937   0.13415   0.16783   0.01324   0.02028   0.01904   0.01219   0.01965   0.00000   0.00665   0.00000   0.00677   0.05153   0.01337   0.01687   0.02851   0.14526   0.03781   0.07128   0.02038   0.00446   0.01253   0.00228   0.07904   0.12102   0.13453   0.00601   0.02591   0.01274   0.00577   0.00683   0.00000   0.00647   0.00000   0.00217   0.01998   0.00000   0.02715   0.01250   0.13362   0.01206   0.07098   0.01314   0.00000   0.00576   0.01336   0.06455   2.38205   1.08716   1.10458   1.33481   0.79721  
 62  0.0284   2186.162197  x:  0.30048   0.13257   0.16764   0.01258   0.01955   0.01937   0.01239   0.01882   0.00000   0.00634   0.00000   0.00796   0.05173   0.01296   0.01695   0.02892   0.14482   0.03889   0.07253   0.02061   0.00407   0.01258   0.00254   0.07834   0.12050   0.13352   0.00542   0.02579   0.01301   0.00714   0.00711   0.00000   0.00647   0.00000   0.00259   0.01888   0.00000   0.02656   0.01266   0.13413   0.01184   0.07242   0.01294   0.00000   0.00646   0.01331   0.06479   2.30694   1.08164   1.09304   1.33471   0.79169  
 63  0.0769   2186.107286  x:  0.30122   0.13264   0.16812   0.01299   0.01938   0.01962   0.01306   0.01918   0.00000   0.00618   0.00000   0.00885   0.05183   0.01262   0.01727   0.02905   0.14583   0.03958   0.07326   0.01948   0.00288   0.01254   0.00351   0.07925   0.11975   0.13344   0.00568   0.02592   0.01291   0.00633   0.00685   0.00000   0.00635   0.00000   0.00291   0.01916   0.00000   0.02638   0.01292   0.13214   0.01164   0.07263   0.01273   0.00000   0.00640   0.01260   0.06523   2.31640   1.09206   1.10188   1.33743   0.79162  
 64  0.0183   2186.088049  x:  0.30014   0.13225   0.16943   0.01303   0.01908   0.01913   0.01293   0.01947   0.00000   0.00652   0.00000   0.00947   0.05212   0.01282   0.01702   0.02887   0.14546   0.03824   0.07322   0.01936   0.00353   0.01237   0.00300   0.07960   0.11946   0.13366   0.00566   0.02594   0.01298   0.00643   0.00664   0.00000   0.00636   0.00000   0.00315   0.01924   0.00000   0.02640   0.01275   0.13242   0.01176   0.07236   0.01283   0.00000   0.00636   0.01294   0.06544   2.32935   1.09169   1.10042   1.34021   0.79620  
 65  0.0121   2186.081699  x:  0.30011   0.13247   0.16923   0.01301   0.01909   0.01945   0.01289   0.01938   0.00000   0.00649   0.00000   0.00978   0.05190   0.01293   0.01703   0.02901   0.14591   0.03881   0.07274   0.01992   0.00341   0.01268   0.00313   0.07911   0.11984   0.13389   0.00575   0.02592   0.01284   0.00642   0.00650   0.00000   0.00637   0.00000   0.00328   0.01945   0.00000   0.02649   0.01277   0.13311   0.01189   0.07212   0.01288   0.00000   0.00642   0.01283   0.06540   2.32998   1.08927   1.09839   1.33803   0.79579  
 66  0.0038   2186.076263  x:  0.30030   0.13235   0.16842   0.01284   0.01912   0.01924   0.01268   0.01928   0.00000   0.00628   0.00000   0.00999   0.05187   0.01278   0.01706   0.02879   0.14524   0.03902   0.07276   0.01969   0.00354   0.01255   0.00291   0.07926   0.12009   0.13363   0.00580   0.02591   0.01288   0.00641   0.00635   0.00000   0.00646   0.00000   0.00339   0.01919   0.00000   0.02682   0.01276   0.13285   0.01179   0.07216   0.01277   0.00000   0.00643   0.01275   0.06509   2.32371   1.08806   1.10006   1.33695   0.79547  
 67  0.0036   2186.066698  x:  0.30165   0.13309   0.16865   0.01258   0.01917   0.01981   0.01274   0.01923   0.00000   0.00628   0.00000   0.00990   0.05197   0.01291   0.01722   0.02908   0.14574   0.03808   0.07224   0.01919   0.00363   0.01236   0.00278   0.07827   0.11958   0.13342   0.00577   0.02574   0.01286   0.00634   0.00627   0.00000   0.00665   0.00000   0.00348   0.01938   0.00000   0.02724   0.01285   0.13245   0.01186   0.07253   0.01290   0.00000   0.00647   0.01278   0.06496   2.32164   1.08956   1.09849   1.33903   0.79371  
 68  0.0017   2186.014977  x:  0.29989   0.13277   0.16994   0.01261   0.01986   0.01959   0.01238   0.01953   0.00000   0.00653   0.00000   0.00863   0.05221   0.01258   0.01686   0.02903   0.14710   0.03959   0.07332   0.01982   0.00405   0.01262   0.00222   0.07960   0.11891   0.13227   0.00547   0.02555   0.01283   0.00641   0.00573   0.00000   0.00699   0.00000   0.00370   0.02031   0.00000   0.02881   0.01289   0.13167   0.01158   0.07285   0.01263   0.00000   0.00645   0.01307   0.06534   2.33872   1.09449   1.09939   1.34645   0.79232  
 69  0.0046   2185.909265  x:  0.29771   0.13147   0.16842   0.01341   0.01957   0.01949   0.01280   0.01973   0.00000   0.00638   0.00000   0.00634   0.05183   0.01278   0.01712   0.02889   0.14468   0.03838   0.07194   0.01992   0.00377   0.01293   0.00261   0.07835   0.11983   0.13412   0.00529   0.02534   0.01253   0.00632   0.00626   0.00000   0.00695   0.00000   0.00426   0.01936   0.00000   0.02945   0.01300   0.13439   0.01171   0.07216   0.01255   0.00000   0.00615   0.01238   0.06562   2.33115   1.09059   1.10372   1.34599   0.79411  
 70  0.0044   2185.828879  x:  0.30125   0.13232   0.16918   0.01266   0.01889   0.01929   0.01322   0.01894   0.00000   0.00626   0.00000   0.00657   0.05183   0.01305   0.01693   0.02907   0.14575   0.03892   0.07269   0.01983   0.00385   0.01232   0.00271   0.07962   0.12084   0.13439   0.00578   0.02529   0.01284   0.00652   0.00662   0.00000   0.00618   0.00000   0.00534   0.01904   0.00000   0.02779   0.01255   0.13253   0.01193   0.07187   0.01284   0.00000   0.00632   0.01255   0.06554   2.32740   1.08647   1.09578   1.32499   0.79582  
 71  0.0143   2185.802985  x:  0.30094   0.13206   0.16939   0.01302   0.01861   0.01940   0.01284   0.01943   0.00000   0.00637   0.00000   0.00655   0.05193   0.01282   0.01698   0.02882   0.14561   0.03880   0.07313   0.01965   0.00323   0.01266   0.00324   0.07950   0.12002   0.13376   0.00580   0.02567   0.01296   0.00637   0.00661   0.00000   0.00639   0.00000   0.00600   0.01934   0.00000   0.02721   0.01270   0.13285   0.01181   0.07215   0.01288   0.00000   0.00647   0.01291   0.06519   2.31954   1.08982   1.10123   1.34099   0.79617  
 72  0.0146   2185.797064  x:  0.29991   0.13198   0.16913   0.01287   0.01902   0.01936   0.01283   0.01932   0.00000   0.00644   0.00000   0.00627   0.05199   0.01279   0.01707   0.02904   0.14545   0.03869   0.07316   0.01974   0.00339   0.01258   0.00309   0.07934   0.12003   0.13366   0.00577   0.02572   0.01290   0.00640   0.00636   0.00000   0.00644   0.00000   0.00630   0.01938   0.00000   0.02697   0.01282   0.13275   0.01180   0.07222   0.01283   0.00000   0.00645   0.01286   0.06545   2.32554   1.09081   1.09923   1.33815   0.79490  
 73  0.0060   2185.795815  x:  0.30028   0.13204   0.16915   0.01287   0.01918   0.01937   0.01281   0.01934   0.00000   0.00640   0.00000   0.00643   0.05192   0.01287   0.01710   0.02894   0.14571   0.03886   0.07300   0.01969   0.00351   0.01251   0.00299   0.07916   0.12003   0.13367   0.00575   0.02583   0.01288   0.00638   0.00633   0.00000   0.00643   0.00000   0.00641   0.01928   0.00000   0.02677   0.01280   0.13292   0.01183   0.07214   0.01284   0.00000   0.00641   0.01283   0.06543   2.32476   1.08970   1.09937   1.33779   0.79569  
 74  0.0016   2185.795566  x:  0.30045   0.13216   0.16913   0.01288   0.01929   0.01935   0.01278   0.01933   0.00000   0.00637   0.00000   0.00641   0.05193   0.01284   0.01706   0.02892   0.14563   0.03875   0.07297   0.01969   0.00349   0.01258   0.00300   0.07919   0.11999   0.13369   0.00572   0.02586   0.01288   0.00640   0.00638   0.00000   0.00642   0.00000   0.00641   0.01934   0.00000   0.02671   0.01277   0.13279   0.01182   0.07217   0.01282   0.00000   0.00640   0.01281   0.06536   2.32443   1.08955   1.09940   1.33771   0.79556  
 75  0.0005   2185.795507  x:  0.30035   0.13216   0.16911   0.01290   0.01934   0.01937   0.01279   0.01934   0.00000   0.00639   0.00000   0.00640   0.05193   0.01285   0.01706   0.02893   0.14564   0.03880   0.07299   0.01967   0.00349   0.01256   0.00299   0.07921   0.11999   0.13369   0.00572   0.02587   0.01288   0.00641   0.00641   0.00000   0.00644   0.00000   0.00640   0.01933   0.00000   0.02672   0.01278   0.13284   0.01182   0.07217   0.01283   0.00000   0.00639   0.01282   0.06535   2.32434   1.08970   1.09951   1.33782   0.79551  
 76  0.0003   2185.795499  x:  0.30032   0.13214   0.16911   0.01290   0.01935   0.01937   0.01280   0.01934   0.00000   0.00639   0.00000   0.00641   0.05193   0.01284   0.01706   0.02893   0.14563   0.03878   0.07299   0.01968   0.00349   0.01256   0.00299   0.07920   0.12000   0.13369   0.00572   0.02586   0.01288   0.00641   0.00641   0.00000   0.00644   0.00000   0.00640   0.01933   0.00000   0.02672   0.01278   0.13285   0.01182   0.07217   0.01283   0.00000   0.00639   0.01281   0.06536   2.32457   1.08981   1.09953   1.33788   0.79547  
 77  0.0003   2185.795498  x:  0.30034   0.13214   0.16912   0.01291   0.01936   0.01937   0.01280   0.01935   0.00000   0.00639   0.00000   0.00641   0.05193   0.01284   0.01706   0.02893   0.14563   0.03878   0.07299   0.01968   0.00349   0.01256   0.00299   0.07920   0.11999   0.13368   0.00572   0.02586   0.01288   0.00641   0.00641   0.00000   0.00643   0.00000   0.00640   0.01933   0.00000   0.02673   0.01278   0.13284   0.01182   0.07217   0.01283   0.00000   0.00640   0.01282   0.06536   2.32465   1.08980   1.09950   1.33787   0.79550  
 78  0.0001   2185.795498  x:  0.30033   0.13214   0.16912   0.01290   0.01936   0.01937   0.01280   0.01934   0.00000   0.00639   0.00000   0.00641   0.05193   0.01284   0.01706   0.02893   0.14563   0.03878   0.07299   0.01968   0.00349   0.01256   0.00300   0.07920   0.11999   0.13368   0.00572   0.02585   0.01288   0.00641   0.00641   0.00000   0.00643   0.00000   0.00640   0.01933   0.00000   0.02673   0.01278   0.13284   0.01182   0.07217   0.01283   0.00000   0.00640   0.01282   0.06536   2.32460   1.08980   1.09951   1.33786   0.79550  
 79  0.0000   2185.795498  x:  0.30033   0.13214   0.16911   0.01291   0.01936   0.01937   0.01280   0.01934   0.00000   0.00639   0.00000   0.00641   0.05193   0.01284   0.01706   0.02893   0.14563   0.03878   0.07299   0.01968   0.00349   0.01256   0.00300   0.07920   0.11999   0.13368   0.00572   0.02585   0.01288   0.00641   0.00641   0.00000   0.00643   0.00000   0.00640   0.01933   0.00000   0.02674   0.01278   0.13284   0.01182   0.07217   0.01283   0.00000   0.00640   0.01282   0.06536   2.32460   1.08980   1.09950   1.33786   0.79550  
 80  0.0000   2185.795498  x:  0.30033   0.13214   0.16911   0.01291   0.01936   0.01937   0.01280   0.01934   0.00000   0.00639   0.00000   0.00641   0.05193   0.01284   0.01706   0.02893   0.14563   0.03878   0.07299   0.01968   0.00349   0.01256   0.00300   0.07920   0.11999   0.13368   0.00572   0.02585   0.01288   0.00641   0.00641   0.00000   0.00643   0.00000   0.00640   0.01933   0.00000   0.02674   0.01278   0.13284   0.01182   0.07217   0.01283   0.00000   0.00640   0.01282   0.06536   2.32461   1.08980   1.09951   1.33787   0.79550  
 81  0.0000   2185.795498  x:  0.30033   0.13214   0.16911   0.01291   0.01936   0.01937   0.01280   0.01934   0.00000   0.00639   0.00000   0.00641   0.05193   0.01284   0.01706   0.02893   0.14563   0.03878   0.07299   0.01968   0.00349   0.01256   0.00300   0.07920   0.11999   0.13368   0.00572   0.02585   0.01288   0.00641   0.00641   0.00000   0.00643   0.00000   0.00640   0.01933   0.00000   0.02674   0.01278   0.13284   0.01182   0.07217   0.01283   0.00000   0.00640   0.01282   0.06536   2.32461   1.08980   1.09951   1.33787   0.79549  
 82  0.0000   2185.795498  x:  0.30033   0.13214   0.16911   0.01291   0.01936   0.01937   0.01280   0.01934   0.00000   0.00639   0.00000   0.00641   0.05193   0.01284   0.01706   0.02893   0.14563   0.03878   0.07299   0.01968   0.00349   0.01256   0.00300   0.07920   0.11999   0.13368   0.00572   0.02585   0.01288   0.00641   0.00641   0.00000   0.00643   0.00000   0.00640   0.01933   0.00000   0.02674   0.01278   0.13284   0.01182   0.07217   0.01283   0.00000   0.00640   0.01282   0.06536   2.32461   1.08980   1.09951   1.33787   0.79549  

TREE # 2

  0  0.0000   2194.261623  x:  0.14010   0.11645   0.01806   0.02882   0.01456   0.00352   0.01115   0.00485   0.00595   0.00218   0.01062   0.02054   0.00382   0.01605   0.02943   0.11304   0.02649   0.07323   0.01397   0.00255   0.00852   0.01268   0.06559   0.11779   0.16707   0.01586   0.01957   0.01903   0.01267   0.02152   0.00308   0.00823   0.00000   0.01475   0.04733   0.01899   0.02015   0.03768   0.12819   0.03818   0.07096   0.01618   0.01220   0.01124   0.00350   0.08227   0.27338   2.32461   1.02532   1.06536   1.24591   0.79549  
  1 99.0000   2194.260510  x:  0.14010   0.11645   0.01806   0.02882   0.01456   0.00352   0.01114   0.00485   0.00595   0.00218   0.01062   0.02054   0.00382   0.01605   0.02943   0.11305   0.02649   0.07323   0.01397   0.00255   0.00852   0.01268   0.06559   0.11779   0.16707   0.01586   0.01957   0.01903   0.01267   0.02152   0.00308   0.00823   0.00000   0.01475   0.04733   0.01899   0.02015   0.03768   0.12819   0.03818   0.07096   0.01618   0.01220   0.01124   0.00350   0.08227   0.27338   2.32461   1.02532   1.06536   1.24591   0.79549  
  2 463.6071   2192.049797  x:  0.13986   0.11671   0.01677   0.02862   0.01435   0.00293   0.01035   0.00267   0.00604   0.00000   0.00988   0.02043   0.00163   0.01702   0.02831   0.11340   0.02559   0.07320   0.01382   0.00039   0.00811   0.01270   0.06557   0.11799   0.16708   0.01551   0.01953   0.01903   0.01269   0.02132   0.00183   0.00787   0.00000   0.01362   0.04753   0.01835   0.01985   0.03723   0.12847   0.03827   0.07101   0.01653   0.01112   0.01143   0.00268   0.08220   0.27356   2.32460   1.02537   1.06534   1.24598   0.79550  
  3 2607.7564   2191.816282  x:  0.13982   0.11675   0.01661   0.02861   0.01435   0.00294   0.01034   0.00228   0.00600   0.00000   0.00989   0.02043   0.00124   0.01691   0.02815   0.11345   0.02547   0.07319   0.01383   0.00000   0.00816   0.01270   0.06557   0.11802   0.16708   0.01551   0.01955   0.01908   0.01269   0.02132   0.00171   0.00792   0.00000   0.01353   0.04755   0.01831   0.01983   0.03718   0.12851   0.03828   0.07102   0.01652   0.01108   0.01144   0.00273   0.08219   0.27359   2.32460   1.02537   1.06533   1.24599   0.79550  
  4 951.5540   2191.372434  x:  0.13971   0.11686   0.01639   0.02860   0.01438   0.00294   0.01046   0.00105   0.00627   0.00000   0.01000   0.02044   0.00000   0.01694   0.02786   0.11358   0.02525   0.07318   0.01386   0.00000   0.00811   0.01269   0.06557   0.11810   0.16709   0.01555   0.01962   0.01922   0.01268   0.02133   0.00156   0.00785   0.00000   0.01353   0.04758   0.01834   0.01985   0.03711   0.12862   0.03829   0.07104   0.01647   0.01108   0.01136   0.00293   0.08217   0.27367   2.32461   1.02540   1.06531   1.24604   0.79550  
  5 1306.3171   2191.185552  x:  0.13963   0.11694   0.01633   0.02861   0.01440   0.00293   0.01053   0.00000   0.00616   0.00000   0.01004   0.02045   0.00000   0.01704   0.02771   0.11366   0.02514   0.07317   0.01387   0.00000   0.00806   0.01269   0.06557   0.11815   0.16709   0.01559   0.01965   0.01930   0.01268   0.02135   0.00152   0.00780   0.00000   0.01361   0.04758   0.01839   0.01989   0.03708   0.12869   0.03829   0.07104   0.01646   0.01106   0.01131   0.00301   0.08215   0.27374   2.32461   1.02542   1.06530   1.24608   0.79551  
  6 1306.2544   2190.940853  x:  0.13557   0.12087   0.01750   0.02932   0.01419   0.00295   0.01012   0.00000   0.00679   0.00000   0.00879   0.02071   0.00000   0.01734   0.02402   0.11722   0.02261   0.07290   0.01333   0.00000   0.00937   0.01276   0.06571   0.12070   0.16740   0.01592   0.01972   0.01922   0.01270   0.02196   0.00170   0.01000   0.00000   0.01837   0.04721   0.02086   0.02138   0.03703   0.13205   0.03782   0.07126   0.01719   0.00818   0.01235   0.00237   0.08154   0.27749   2.32467   1.02664   1.06443   1.24862   0.79574  
  7 55.0168   2190.785700  x:  0.13132   0.12440   0.01916   0.02937   0.01382   0.00298   0.00827   0.00000   0.00672   0.00000   0.00850   0.02038   0.00000   0.01553   0.02325   0.12008   0.02204   0.07275   0.01351   0.00000   0.00823   0.01267   0.06584   0.12309   0.16778   0.01477   0.01884   0.01746   0.01269   0.02150   0.00203   0.00795   0.00000   0.01927   0.04692   0.02026   0.02116   0.03714   0.13499   0.03731   0.07135   0.01737   0.00830   0.01245   0.00350   0.08109   0.28171   2.32474   1.02815   1.06340   1.25178   0.79602  
  8 45.3071   2190.583235  x:  0.12433   0.12932   0.02085   0.02878   0.01405   0.00297   0.00995   0.00000   0.00676   0.00000   0.00978   0.01994   0.00000   0.01670   0.02480   0.12368   0.02281   0.07265   0.01383   0.00000   0.00918   0.01269   0.06598   0.12668   0.16851   0.01408   0.01841   0.01696   0.01271   0.02054   0.00335   0.00901   0.00000   0.01654   0.04682   0.01723   0.01957   0.03724   0.13908   0.03660   0.07138   0.01665   0.00830   0.01141   0.00309   0.08063   0.28927   2.32490   1.03114   1.06148   1.25803   0.79656  
  9 55.1141   2190.466696  x:  0.12065   0.13085   0.02032   0.02859   0.01433   0.00298   0.00986   0.00000   0.00678   0.00000   0.00849   0.02051   0.00000   0.01655   0.02644   0.12439   0.02383   0.07271   0.01331   0.00000   0.00844   0.01276   0.06594   0.12827   0.16906   0.01616   0.01950   0.01888   0.01270   0.02135   0.00386   0.00889   0.00000   0.01397   0.04708   0.01800   0.01950   0.03740   0.14046   0.03640   0.07130   0.01710   0.00910   0.01293   0.00298   0.08067   0.29433   2.32502   1.03360   1.06007   1.26313   0.79700  
 10 42.9501   2190.300193  x:  0.11738   0.13021   0.01758   0.02886   0.01398   0.00302   0.00888   0.00000   0.00685   0.00000   0.00969   0.02100   0.00000   0.01600   0.02797   0.12293   0.02498   0.07291   0.01367   0.00000   0.00914   0.01262   0.06570   0.12919   0.16991   0.01646   0.01973   0.01872   0.01264   0.02249   0.00180   0.00827   0.00000   0.01291   0.04761   0.02101   0.02055   0.03756   0.14026   0.03643   0.07110   0.01709   0.00943   0.01090   0.00098   0.08118   0.30155   2.32526   1.03807   1.05784   1.27231   0.79776  
 11 39.2271   2190.114904  x:  0.11581   0.12881   0.01552   0.02903   0.01379   0.00302   0.00905   0.00000   0.00694   0.00000   0.00954   0.02075   0.00000   0.01685   0.02832   0.12117   0.02535   0.07305   0.01376   0.00000   0.00923   0.01265   0.06550   0.12940   0.17054   0.01523   0.01932   0.01806   0.01268   0.02233   0.00000   0.00892   0.00000   0.01340   0.04786   0.02166   0.02092   0.03745   0.13938   0.03643   0.07097   0.01699   0.01046   0.01201   0.00163   0.08162   0.30698   2.32547   1.04198   1.05607   1.28030   0.79841  
 12 86.9825   2188.407816  x:  0.11648   0.12328   0.00479   0.02860   0.01331   0.00310   0.00712   0.00000   0.00702   0.00000   0.00909   0.01946   0.00000   0.01484   0.02045   0.11664   0.01992   0.07315   0.01415   0.00000   0.00863   0.01256   0.06498   0.12822   0.17154   0.01119   0.01898   0.01886   0.01269   0.02044   0.00000   0.00731   0.00000   0.01248   0.04901   0.01922   0.02061   0.03455   0.13573   0.03715   0.07106   0.01685   0.00710   0.01014   0.00000   0.08235   0.31578   2.32594   1.05047   1.05290   1.29729   0.79975  
 13 68.0171   2187.961443  x:  0.11795   0.12164   0.00609   0.02823   0.01230   0.00309   0.00450   0.00000   0.00701   0.00000   0.01008   0.01987   0.00000   0.01587   0.01584   0.11590   0.01634   0.07314   0.01452   0.00000   0.01029   0.01235   0.06480   0.12753   0.17156   0.01218   0.01865   0.01692   0.01261   0.02120   0.00000   0.00736   0.00000   0.00836   0.05008   0.01980   0.02088   0.03277   0.13471   0.03788   0.07125   0.01769   0.00660   0.00905   0.00147   0.08242   0.31579   2.32598   1.05154   1.05279   1.29924   0.79987  
 14 110.7411   2187.893804  x:  0.11828   0.12118   0.00649   0.02811   0.01205   0.00310   0.00583   0.00000   0.00699   0.00000   0.01004   0.02005   0.00000   0.01552   0.01504   0.11575   0.01545   0.07314   0.01458   0.00000   0.01022   0.01231   0.06474   0.12738   0.17160   0.01230   0.01832   0.01577   0.01260   0.02158   0.00000   0.00680   0.00000   0.00734   0.05053   0.02025   0.02103   0.03217   0.13445   0.03815   0.07133   0.01803   0.00611   0.00939   0.00129   0.08243   0.31617   2.32601   1.05224   1.05264   1.30054   0.79996  
 15 71.4173   2187.854560  x:  0.11916   0.12069   0.00665   0.02746   0.01290   0.00311   0.00574   0.00000   0.00703   0.00000   0.01023   0.02041   0.00000   0.01534   0.01587   0.11631   0.01434   0.07314   0.01454   0.00000   0.00932   0.01245   0.06465   0.12716   0.17163   0.01267   0.01797   0.01541   0.01265   0.02216   0.00000   0.00740   0.00000   0.00771   0.05189   0.01994   0.02074   0.03049   0.13433   0.03889   0.07163   0.01797   0.00577   0.00929   0.00134   0.08226   0.31707   2.32610   1.05454   1.05235   1.30470   0.80020  
 16 23.7751   2187.803267  x:  0.12114   0.12026   0.00691   0.02699   0.01200   0.00312   0.00584   0.00000   0.00707   0.00000   0.00985   0.02044   0.00000   0.01548   0.01643   0.11786   0.01426   0.07310   0.01433   0.00000   0.01045   0.01230   0.06461   0.12669   0.17155   0.01237   0.01816   0.01638   0.01260   0.02231   0.00000   0.00659   0.00000   0.00820   0.05357   0.01939   0.02071   0.02888   0.13437   0.03979   0.07215   0.01796   0.00570   0.00946   0.00159   0.08180   0.31817   2.32627   1.05920   1.05205   1.31295   0.80065  
 17 36.8839   2187.687554  x:  0.12664   0.12045   0.00670   0.02764   0.01229   0.00317   0.00606   0.00000   0.00722   0.00000   0.00933   0.01978   0.00000   0.01553   0.01506   0.12239   0.01631   0.07289   0.01436   0.00000   0.00945   0.01234   0.06475   0.12538   0.17089   0.01262   0.01907   0.01646   0.01255   0.02128   0.00000   0.00757   0.00000   0.00732   0.05489   0.01898   0.02175   0.02937   0.13515   0.04054   0.07309   0.01797   0.00590   0.00903   0.00184   0.08054   0.31847   2.32666   1.07095   1.05232   1.33323   0.80165  
 18 57.4781   2187.630133  x:  0.12880   0.12099   0.00631   0.02777   0.01307   0.00319   0.00578   0.00000   0.00728   0.00000   0.01061   0.02006   0.00000   0.01579   0.01513   0.12404   0.01571   0.07279   0.01454   0.00000   0.00984   0.01245   0.06480   0.12475   0.17038   0.01324   0.01883   0.01665   0.01266   0.02129   0.00000   0.00704   0.00000   0.00701   0.05399   0.01873   0.02130   0.03059   0.13569   0.04013   0.07310   0.01760   0.00562   0.01040   0.00158   0.08019   0.31735   2.32686   1.07693   1.05318   1.34322   0.80207  
 19 68.8555   2187.554673  x:  0.13005   0.12182   0.00584   0.02744   0.01257   0.00322   0.00610   0.00000   0.00739   0.00000   0.00970   0.02074   0.00000   0.01594   0.01571   0.12460   0.01351   0.07272   0.01417   0.00000   0.00992   0.01244   0.06476   0.12417   0.16969   0.01338   0.01837   0.01705   0.01268   0.02198   0.00000   0.00738   0.00000   0.00674   0.05161   0.01861   0.01966   0.03206   0.13630   0.03903   0.07253   0.01803   0.00630   0.00974   0.00184   0.08029   0.31535   2.32714   1.08520   1.05498   1.35682   0.80258  
 20 76.4398   2187.477884  x:  0.12797   0.12247   0.00665   0.02650   0.01260   0.00326   0.00613   0.00000   0.00750   0.00000   0.00974   0.02018   0.00000   0.01595   0.01460   0.12187   0.01344   0.07287   0.01466   0.00000   0.00917   0.01223   0.06453   0.12422   0.16923   0.01268   0.01992   0.01804   0.01237   0.02224   0.00000   0.00778   0.00000   0.00671   0.05002   0.01858   0.01842   0.03097   0.13642   0.03841   0.07134   0.01718   0.00576   0.01016   0.00196   0.08139   0.31303   2.32748   1.09484   1.05822   1.37234   0.80307  
 21 49.4143   2187.399518  x:  0.12477   0.12380   0.00608   0.02626   0.01328   0.00330   0.00632   0.00000   0.00761   0.00000   0.00933   0.01982   0.00000   0.01612   0.01395   0.11911   0.01418   0.07294   0.01404   0.00000   0.00983   0.01268   0.06443   0.12480   0.16870   0.01444   0.01983   0.01770   0.01283   0.02152   0.00000   0.00743   0.00000   0.00713   0.04981   0.01725   0.01891   0.02947   0.13689   0.03842   0.07044   0.01785   0.00513   0.00992   0.00283   0.08232   0.30823   2.32778   1.10367   1.06336   1.38562   0.80325  
 22 72.3173   2187.332226  x:  0.12185   0.12537   0.00598   0.02720   0.01266   0.00332   0.00630   0.00000   0.00769   0.00000   0.00974   0.02045   0.00000   0.01617   0.01459   0.11820   0.01368   0.07278   0.01393   0.00000   0.00924   0.01219   0.06455   0.12583   0.16821   0.01386   0.01891   0.01863   0.01245   0.02104   0.00000   0.00785   0.00000   0.00635   0.05140   0.01704   0.02068   0.02918   0.13773   0.03914   0.07059   0.01790   0.00449   0.01013   0.00330   0.08233   0.30127   2.32794   1.10938   1.07002   1.39273   0.80296  
 23 51.0620   2187.291903  x:  0.12008   0.12585   0.00573   0.02709   0.01330   0.00333   0.00629   0.00000   0.00772   0.00000   0.00917   0.02045   0.00000   0.01635   0.01452   0.11889   0.01343   0.07264   0.01453   0.00000   0.00970   0.01285   0.06467   0.12686   0.16816   0.01331   0.01981   0.01822   0.01277   0.02170   0.00000   0.00767   0.00000   0.00616   0.05315   0.01742   0.02005   0.02964   0.13815   0.03980   0.07145   0.01748   0.00539   0.01021   0.00283   0.08169   0.29658   2.32800   1.11199   1.07576   1.39488   0.80253  
 24 32.2798   2187.268400  x:  0.11906   0.12528   0.00545   0.02658   0.01265   0.00335   0.00630   0.00000   0.00776   0.00000   0.00965   0.02012   0.00000   0.01638   0.01412   0.11959   0.01365   0.07263   0.01418   0.00000   0.00944   0.01212   0.06465   0.12764   0.16848   0.01385   0.01984   0.01802   0.01251   0.02184   0.00000   0.00788   0.00000   0.00642   0.05382   0.01750   0.01899   0.02991   0.13802   0.03997   0.07211   0.01767   0.00592   0.01046   0.00242   0.08118   0.29519   2.32804   1.11365   1.07988   1.39614   0.80223  
 25 25.4163   2187.217291  x:  0.11709   0.12196   0.00578   0.02611   0.01316   0.00337   0.00641   0.00000   0.00784   0.00000   0.00964   0.01976   0.00000   0.01639   0.01356   0.12100   0.01374   0.07282   0.01353   0.00000   0.00935   0.01305   0.06435   0.12949   0.17000   0.01373   0.01864   0.01920   0.01271   0.02107   0.00000   0.00793   0.00000   0.00618   0.05350   0.01784   0.01843   0.03010   0.13677   0.03951   0.07319   0.01788   0.00570   0.01044   0.00267   0.08033   0.29674   2.32819   1.11845   1.09041   1.40049   0.80161  
 26 24.9697   2187.162020  x:  0.11593   0.11908   0.00562   0.02646   0.01328   0.00341   0.00647   0.00000   0.00792   0.00000   0.00897   0.02030   0.00000   0.01656   0.01400   0.12263   0.01335   0.07296   0.01460   0.00000   0.00947   0.01210   0.06417   0.13114   0.17157   0.01422   0.01973   0.01901   0.01259   0.02093   0.00000   0.00793   0.00000   0.00611   0.05240   0.01678   0.01914   0.02994   0.13571   0.03876   0.07365   0.01754   0.00472   0.01042   0.00348   0.07977   0.29903   2.32834   1.12312   1.10275   1.40383   0.80079  
 27 54.4648   2187.128608  x:  0.11667   0.11940   0.00539   0.02685   0.01266   0.00343   0.00645   0.00000   0.00797   0.00000   0.00959   0.02053   0.00000   0.01658   0.01410   0.12326   0.01340   0.07289   0.01374   0.00000   0.00919   0.01316   0.06438   0.13135   0.17209   0.01398   0.02070   0.01879   0.01264   0.02187   0.00000   0.00811   0.00000   0.00597   0.05194   0.01609   0.01947   0.02929   0.13587   0.03860   0.07288   0.01779   0.00464   0.01061   0.00360   0.08012   0.30052   2.32838   1.12516   1.11115   1.40395   0.80012  
 28 30.2606   2187.068868  x:  0.11915   0.12211   0.00519   0.02679   0.01367   0.00346   0.00652   0.00000   0.00806   0.00000   0.00930   0.02017   0.00000   0.01680   0.01372   0.12321   0.01347   0.07267   0.01356   0.00000   0.00943   0.01202   0.06490   0.13064   0.17242   0.01368   0.02000   0.01928   0.01266   0.02232   0.00000   0.00809   0.00000   0.00555   0.05220   0.01631   0.01926   0.02825   0.13688   0.03897   0.07078   0.01787   0.00537   0.01074   0.00329   0.08150   0.30407   2.32845   1.12847   1.12639   1.40325   0.79890  
 29 43.9421   2187.045057  x:  0.12008   0.12339   0.00514   0.02637   0.01301   0.00347   0.00654   0.00000   0.00810   0.00000   0.00911   0.02014   0.00000   0.01684   0.01369   0.12248   0.01308   0.07265   0.01453   0.00000   0.00926   0.01271   0.06494   0.12995   0.17231   0.01434   0.01979   0.01945   0.01257   0.02143   0.00000   0.00823   0.00000   0.00563   0.05289   0.01639   0.01899   0.02861   0.13734   0.03935   0.07035   0.01752   0.00542   0.01086   0.00319   0.08202   0.30618   2.32849   1.13000   1.13225   1.40332   0.79846  
 30 40.1063   2187.033620  x:  0.12025   0.12395   0.00524   0.02618   0.01321   0.00348   0.00657   0.00000   0.00812   0.00000   0.00917   0.02037   0.00000   0.01684   0.01370   0.12145   0.01269   0.07275   0.01393   0.00000   0.00928   0.01252   0.06468   0.12919   0.17188   0.01423   0.02038   0.01945   0.01274   0.02091   0.00000   0.00820   0.00000   0.00568   0.05356   0.01627   0.01881   0.02949   0.13757   0.03961   0.07102   0.01766   0.00508   0.01082   0.00348   0.08197   0.30783   2.32852   1.13094   1.13453   1.40373   0.79834  
 31 14.7348   2187.026901  x:  0.12024   0.12434   0.00520   0.02639   0.01327   0.00349   0.00658   0.00000   0.00813   0.00000   0.00908   0.02029   0.00000   0.01687   0.01358   0.12084   0.01292   0.07284   0.01412   0.00000   0.00928   0.01258   0.06445   0.12841   0.17114   0.01424   0.02013   0.01958   0.01243   0.02159   0.00000   0.00820   0.00000   0.00568   0.05363   0.01602   0.01859   0.02967   0.13785   0.03956   0.07211   0.01774   0.00471   0.01078   0.00377   0.08145   0.30859   2.32853   1.13121   1.13542   1.40334   0.79829  
 32  7.2935   2187.022362  x:  0.12015   0.12453   0.00517   0.02644   0.01312   0.00349   0.00658   0.00000   0.00814   0.00000   0.00910   0.02016   0.00000   0.01688   0.01364   0.12073   0.01290   0.07287   0.01414   0.00000   0.00921   0.01250   0.06438   0.12782   0.17037   0.01429   0.02011   0.01959   0.01302   0.02153   0.00000   0.00825   0.00000   0.00560   0.05332   0.01612   0.01863   0.02925   0.13810   0.03942   0.07280   0.01759   0.00478   0.01082   0.00371   0.08092   0.30877   2.32853   1.13110   1.13560   1.40247   0.79827  
 33  6.0546   2187.016482  x:  0.11992   0.12456   0.00513   0.02630   0.01324   0.00350   0.00658   0.00000   0.00815   0.00000   0.00910   0.02022   0.00000   0.01692   0.01370   0.12082   0.01275   0.07287   0.01403   0.00000   0.00927   0.01259   0.06441   0.12720   0.16935   0.01430   0.02028   0.01952   0.01248   0.02109   0.00000   0.00823   0.00000   0.00555   0.05293   0.01625   0.01884   0.02872   0.13837   0.03933   0.07324   0.01763   0.00516   0.01089   0.00346   0.08036   0.30892   2.32853   1.13084   1.13533   1.40113   0.79829  
 34  8.1909   2186.995175  x:  0.11870   0.12357   0.00519   0.02576   0.01330   0.00352   0.00664   0.00000   0.00819   0.00000   0.00916   0.02097   0.00000   0.01698   0.01314   0.12152   0.01279   0.07279   0.01439   0.00000   0.00914   0.01254   0.06486   0.12618   0.16653   0.01413   0.02020   0.01988   0.01280   0.02133   0.00000   0.00833   0.00000   0.00568   0.05305   0.01548   0.01925   0.02900   0.13859   0.04000   0.07214   0.01814   0.00567   0.01105   0.00310   0.08008   0.30975   2.32854   1.12981   1.13215   1.39632   0.79861  
 35  6.5088   2186.960546  x:  0.11750   0.12253   0.00506   0.02612   0.01323   0.00356   0.00664   0.00000   0.00824   0.00000   0.00875   0.02005   0.00000   0.01714   0.01332   0.12298   0.01262   0.07264   0.01371   0.00000   0.00913   0.01258   0.06534   0.12547   0.16312   0.01448   0.02021   0.01984   0.01259   0.02147   0.00000   0.00830   0.00000   0.00546   0.05356   0.01554   0.01865   0.02938   0.13891   0.04078   0.07037   0.01710   0.00477   0.01099   0.00381   0.08029   0.31004   2.32854   1.12740   1.12664   1.38734   0.79909  
 36 30.0210   2186.926362  x:  0.11746   0.12268   0.00489   0.02667   0.01337   0.00359   0.00669   0.00000   0.00829   0.00000   0.00902   0.01976   0.00000   0.01728   0.01372   0.12394   0.01265   0.07264   0.01440   0.00000   0.00909   0.01264   0.06506   0.12618   0.16217   0.01431   0.02076   0.02008   0.01274   0.02087   0.00000   0.00840   0.00000   0.00528   0.05394   0.01597   0.01744   0.02899   0.13907   0.04050   0.07021   0.01879   0.00390   0.01106   0.00455   0.08111   0.30970   2.32851   1.12430   1.12045   1.37762   0.79961  
 37 27.9583   2186.799175  x:  0.11851   0.12468   0.00457   0.02604   0.01340   0.00373   0.00680   0.00000   0.00851   0.00000   0.00830   0.02153   0.00000   0.01787   0.01271   0.12473   0.01268   0.07300   0.01378   0.00000   0.00879   0.01268   0.06311   0.13095   0.16433   0.01459   0.02066   0.02062   0.01271   0.02060   0.00000   0.00862   0.00000   0.00492   0.05481   0.01476   0.01716   0.02820   0.13898   0.03844   0.07287   0.01760   0.00417   0.01148   0.00451   0.08420   0.30969   2.32845   1.11334   1.09670   1.34500   0.80167  
 38 53.4937   2186.764393  x:  0.11862   0.12521   0.00462   0.02561   0.01350   0.00377   0.00687   0.00000   0.00857   0.00000   0.00830   0.01960   0.00000   0.01799   0.01285   0.12430   0.01172   0.07302   0.01390   0.00000   0.00869   0.01268   0.06345   0.13193   0.16620   0.01476   0.02091   0.02102   0.01270   0.02099   0.00000   0.00868   0.00000   0.00482   0.05458   0.01404   0.01810   0.02852   0.13899   0.03899   0.07334   0.01805   0.00459   0.01167   0.00422   0.08371   0.31012   2.32844   1.11023   1.09021   1.33726   0.80223  
 39 46.3226   2186.733317  x:  0.11858   0.12594   0.00451   0.02573   0.01351   0.00381   0.00690   0.00000   0.00862   0.00000   0.00814   0.02028   0.00000   0.01814   0.01270   0.12360   0.01187   0.07281   0.01382   0.00000   0.00863   0.01271   0.06527   0.13176   0.16958   0.01479   0.02097   0.02114   0.01272   0.02075   0.00000   0.00873   0.00000   0.00472   0.05377   0.01400   0.01738   0.02837   0.13944   0.04083   0.07276   0.01798   0.00414   0.01171   0.00461   0.08074   0.31013   2.32840   1.10611   1.08461   1.33066   0.80256  
 40 21.8884   2186.718124  x:  0.11799   0.12586   0.00450   0.02567   0.01352   0.00382   0.00691   0.00000   0.00864   0.00000   0.00809   0.02020   0.00000   0.01821   0.01262   0.12382   0.01179   0.07271   0.01380   0.00000   0.00859   0.01271   0.06477   0.12987   0.17152   0.01480   0.02101   0.02121   0.01272   0.02075   0.00000   0.00874   0.00000   0.00471   0.05486   0.01388   0.01738   0.02830   0.14018   0.03892   0.07162   0.01802   0.00407   0.01175   0.00467   0.07945   0.30996   2.32833   1.10197   1.08270   1.32930   0.80240  
 41  6.3018   2186.688111  x:  0.11680   0.12564   0.00444   0.02562   0.01353   0.00386   0.00692   0.00000   0.00866   0.00000   0.00797   0.02020   0.00000   0.01835   0.01254   0.12552   0.01176   0.07283   0.01376   0.00000   0.00851   0.01272   0.06347   0.12687   0.17331   0.01479   0.02103   0.02128   0.01273   0.02066   0.00000   0.00876   0.00000   0.00466   0.05408   0.01373   0.01728   0.02821   0.14160   0.04043   0.07241   0.01806   0.00400   0.01182   0.00471   0.08163   0.30921   2.32807   1.08986   1.08065   1.32935   0.80139  
 42  6.9240   2186.647693  x:  0.11727   0.12602   0.00444   0.02562   0.01356   0.00391   0.00695   0.00000   0.00868   0.00000   0.00779   0.02016   0.00000   0.01855   0.01241   0.12534   0.01153   0.07282   0.01370   0.00000   0.00838   0.01274   0.06672   0.12909   0.17109   0.01484   0.02108   0.02144   0.01273   0.02056   0.00000   0.00878   0.00000   0.00465   0.05455   0.01344   0.01713   0.02812   0.14114   0.03931   0.07324   0.01811   0.00386   0.01191   0.00479   0.08197   0.30955   2.32764   1.07317   1.07876   1.33246   0.79962  
 43 10.2460   2186.631264  x:  0.11802   0.12668   0.00439   0.02518   0.01354   0.00393   0.00694   0.00000   0.00868   0.00000   0.00773   0.02015   0.00000   0.01864   0.01247   0.12514   0.01162   0.07271   0.01368   0.00000   0.00834   0.01274   0.06450   0.13111   0.16962   0.01478   0.02108   0.02142   0.01274   0.02059   0.00000   0.00878   0.00000   0.00460   0.05428   0.01344   0.01720   0.02816   0.14072   0.03991   0.07234   0.01815   0.00370   0.01192   0.00490   0.08035   0.30932   2.32739   1.06731   1.07843   1.33317   0.79869  
 44  9.5828   2186.627148  x:  0.11797   0.12663   0.00448   0.02605   0.01356   0.00394   0.00696   0.00000   0.00868   0.00000   0.00770   0.02014   0.00000   0.01864   0.01235   0.12496   0.01142   0.07272   0.01366   0.00000   0.00831   0.01274   0.06416   0.13133   0.16952   0.01486   0.02108   0.02148   0.01274   0.02048   0.00000   0.00877   0.00000   0.00469   0.05435   0.01325   0.01699   0.02808   0.14059   0.04005   0.07221   0.01813   0.00404   0.01197   0.00462   0.08021   0.30962   2.32730   1.06710   1.07835   1.33371   0.79842  
 45  2.9544   2186.108139  x:  0.12021   0.13283   0.00561   0.02528   0.01305   0.00458   0.00652   0.00000   0.00799   0.00000   0.00531   0.01948   0.00000   0.02102   0.01271   0.13196   0.01145   0.07285   0.01281   0.00000   0.00674   0.01279   0.06522   0.13153   0.16914   0.01337   0.01988   0.01988   0.01280   0.01951   0.00000   0.00777   0.00000   0.00632   0.05195   0.01243   0.01696   0.02833   0.14401   0.03905   0.07291   0.01934   0.00255   0.01208   0.00372   0.07929   0.30039   2.31166   1.08337   1.08996   1.33201   0.75616  
 46  1.6387   2186.074570  x:  0.12102   0.13131   0.00572   0.02526   0.01302   0.00463   0.00650   0.00000   0.00794   0.00000   0.00516   0.01943   0.00000   0.02118   0.01277   0.13127   0.01159   0.06921   0.01275   0.00000   0.00663   0.01279   0.06513   0.13251   0.16901   0.01329   0.01980   0.01978   0.01280   0.01944   0.00000   0.00770   0.00000   0.00643   0.05177   0.01236   0.01691   0.02837   0.14772   0.03896   0.07316   0.01941   0.00253   0.01209   0.00360   0.07946   0.29975   2.31030   1.08418   1.09238   1.33220   0.76730  
 47  3.6205   2186.029337  x:  0.12158   0.13144   0.00582   0.02526   0.01296   0.00470   0.00645   0.00000   0.00786   0.00000   0.00496   0.01936   0.00000   0.02142   0.01281   0.13179   0.01158   0.07365   0.01268   0.00000   0.00648   0.01280   0.06529   0.13291   0.16881   0.01312   0.01967   0.01960   0.01281   0.01935   0.00000   0.00759   0.00000   0.00658   0.05161   0.01231   0.01693   0.02838   0.14940   0.03900   0.07286   0.01952   0.00245   0.01210   0.00347   0.07913   0.29845   2.30838   1.08500   1.09630   1.33211   0.78658  
 48 14.6821   2186.012580  x:  0.12075   0.13354   0.00586   0.02524   0.01295   0.00473   0.00644   0.00000   0.00784   0.00000   0.00489   0.01935   0.00000   0.02150   0.01278   0.13296   0.01152   0.07241   0.01265   0.00000   0.00643   0.01280   0.06529   0.13186   0.16885   0.01308   0.01964   0.01956   0.01281   0.01931   0.00000   0.00756   0.00000   0.00665   0.05149   0.01227   0.01697   0.02837   0.14550   0.03895   0.07298   0.01956   0.00234   0.01210   0.00349   0.07903   0.29842   2.30788   1.08553   1.09767   1.33263   0.79439  
 49  8.3361   2185.901994  x:  0.12080   0.13432   0.00601   0.02549   0.01297   0.00514   0.00644   0.00000   0.00718   0.00000   0.00649   0.01926   0.00000   0.02315   0.01297   0.13370   0.01182   0.07226   0.01268   0.00000   0.00594   0.01280   0.06544   0.13202   0.16897   0.01280   0.01935   0.01926   0.01279   0.01917   0.00000   0.00677   0.00000   0.00677   0.05141   0.01252   0.01693   0.02879   0.14592   0.03878   0.07308   0.01961   0.00306   0.01223   0.00306   0.07892   0.29829   2.39074   1.08823   1.10112   1.33433   0.80207  
 50  0.2114   2185.848651  x:  0.12043   0.13442   0.00606   0.02569   0.01297   0.00541   0.00644   0.00000   0.00676   0.00000   0.00725   0.01924   0.00000   0.02415   0.01302   0.13372   0.01198   0.07215   0.01274   0.00000   0.00591   0.01281   0.06547   0.13213   0.16903   0.01272   0.01923   0.01915   0.01278   0.01915   0.00000   0.00633   0.00000   0.00672   0.05152   0.01270   0.01700   0.02895   0.14593   0.03868   0.07308   0.01963   0.00354   0.01230   0.00287   0.07895   0.29846   2.31186   1.08851   1.10057   1.33528   0.79762  
 51  0.4951   2185.808737  x:  0.11986   0.13361   0.00590   0.02603   0.01280   0.00583   0.00640   0.00000   0.00620   0.00000   0.00654   0.01931   0.00000   0.02580   0.01293   0.13267   0.01203   0.07215   0.01277   0.00000   0.00675   0.01283   0.06538   0.13211   0.16921   0.01286   0.01922   0.01916   0.01279   0.01935   0.00000   0.00617   0.00000   0.00638   0.05203   0.01307   0.01706   0.02917   0.14545   0.03872   0.07298   0.01988   0.00406   0.01257   0.00240   0.07925   0.30064   2.32789   1.09103   1.10032   1.34004   0.79631  
 52  0.0273   2185.799042  x:  0.11996   0.13353   0.00565   0.02602   0.01288   0.00608   0.00647   0.00000   0.00629   0.00000   0.00639   0.01932   0.00000   0.02652   0.01261   0.13266   0.01169   0.07214   0.01286   0.00000   0.00638   0.01283   0.06536   0.13221   0.16922   0.01284   0.01934   0.01940   0.01281   0.01943   0.00000   0.00637   0.00000   0.00652   0.05204   0.01318   0.01727   0.02895   0.14560   0.03880   0.07301   0.01973   0.00354   0.01264   0.00306   0.07924   0.30086   2.32654   1.08977   1.09909   1.33808   0.79534  
 53  0.0046   2185.796442  x:  0.11990   0.13355   0.00571   0.02587   0.01288   0.00620   0.00645   0.00000   0.00638   0.00000   0.00637   0.01935   0.00000   0.02677   0.01281   0.13265   0.01184   0.07218   0.01285   0.00000   0.00633   0.01282   0.06535   0.13216   0.16916   0.01294   0.01937   0.01941   0.01280   0.01937   0.00000   0.00642   0.00000   0.00639   0.05203   0.01275   0.01705   0.02894   0.14559   0.03880   0.07297   0.01969   0.00349   0.01264   0.00305   0.07925   0.30069   2.32508   1.09000   1.09929   1.33825   0.79508  
 54  0.0034   2185.795866  x:  0.12001   0.13369   0.00571   0.02584   0.01288   0.00627   0.00643   0.00000   0.00644   0.00000   0.00642   0.01933   0.00000   0.02685   0.01276   0.13285   0.01178   0.07217   0.01283   0.00000   0.00644   0.01282   0.06536   0.13216   0.16911   0.01291   0.01937   0.01939   0.01280   0.01934   0.00000   0.00641   0.00000   0.00641   0.05193   0.01279   0.01705   0.02891   0.14567   0.03879   0.07299   0.01967   0.00341   0.01260   0.00305   0.07919   0.30031   2.32419   1.08977   1.09947   1.33775   0.79533  
 55  0.0019   2185.795616  x:  0.12000   0.13372   0.00572   0.02585   0.01288   0.00634   0.00641   0.00000   0.00646   0.00000   0.00639   0.01932   0.00000   0.02685   0.01278   0.13290   0.01182   0.07217   0.01281   0.00000   0.00638   0.01281   0.06536   0.13214   0.16910   0.01291   0.01936   0.01936   0.01280   0.01934   0.00000   0.00637   0.00000   0.00640   0.05191   0.01287   0.01705   0.02893   0.14564   0.03878   0.07299   0.01967   0.00350   0.01257   0.00298   0.07918   0.30024   2.32440   1.08974   1.09955   1.33776   0.79552  
 56  0.0004   2185.795514  x:  0.12000   0.13369   0.00571   0.02585   0.01288   0.00640   0.00641   0.00000   0.00643   0.00000   0.00641   0.01933   0.00000   0.02678   0.01279   0.13285   0.01183   0.07217   0.01283   0.00000   0.00640   0.01282   0.06536   0.13214   0.16911   0.01289   0.01935   0.01936   0.01280   0.01934   0.00000   0.00640   0.00000   0.00642   0.05193   0.01284   0.01708   0.02893   0.14562   0.03878   0.07299   0.01968   0.00351   0.01255   0.00299   0.07920   0.30033   2.32466   1.08982   1.09954   1.33789   0.79561  
 57  0.0002   2185.795500  x:  0.11999   0.13368   0.00572   0.02586   0.01288   0.00641   0.00641   0.00000   0.00643   0.00000   0.00641   0.01933   0.00000   0.02675   0.01278   0.13284   0.01181   0.07217   0.01283   0.00000   0.00639   0.01282   0.06536   0.13214   0.16912   0.01291   0.01936   0.01936   0.01280   0.01935   0.00000   0.00639   0.00000   0.00641   0.05194   0.01284   0.01707   0.02893   0.14563   0.03878   0.07299   0.01968   0.00349   0.01255   0.00299   0.07920   0.30035   2.32467   1.08983   1.09951   1.33792   0.79550  
 58  0.0001   2185.795498  x:  0.11999   0.13368   0.00572   0.02585   0.01288   0.00641   0.00641   0.00000   0.00643   0.00000   0.00640   0.01933   0.00000   0.02674   0.01278   0.13284   0.01182   0.07217   0.01283   0.00000   0.00640   0.01282   0.06536   0.13215   0.16912   0.01291   0.01936   0.01937   0.01280   0.01935   0.00000   0.00639   0.00000   0.00641   0.05193   0.01285   0.01706   0.02893   0.14563   0.03878   0.07299   0.01968   0.00349   0.01256   0.00300   0.07920   0.30034   2.32464   1.08979   1.09950   1.33785   0.79549  
 59  0.0001   2185.795498  x:  0.11999   0.13368   0.00572   0.02585   0.01288   0.00641   0.00641   0.00000   0.00643   0.00000   0.00640   0.01933   0.00000   0.02674   0.01278   0.13284   0.01182   0.07217   0.01283   0.00000   0.00640   0.01282   0.06536   0.13214   0.16911   0.01290   0.01936   0.01937   0.01280   0.01934   0.00000   0.00639   0.00000   0.00641   0.05193   0.01284   0.01706   0.02893   0.14563   0.03878   0.07299   0.01968   0.00349   0.01256   0.00300   0.07920   0.30033   2.32461   1.08980   1.09951   1.33787   0.79549  
 60  0.0000   2185.795498  x:  0.11999   0.13368   0.00572   0.02585   0.01288   0.00641   0.00641   0.00000   0.00643   0.00000   0.00640   0.01933   0.00000   0.02674   0.01278   0.13284   0.01182   0.07217   0.01283   0.00000   0.00640   0.01282   0.06536   0.13214   0.16911   0.01290   0.01936   0.01937   0.01280   0.01934   0.00000   0.00639   0.00000   0.00641   0.05193   0.01284   0.01706   0.02893   0.14563   0.03878   0.07299   0.01968   0.00349   0.01256   0.00300   0.07920   0.30033   2.32460   1.08980   1.09951   1.33787   0.79549  
 61  0.0000   2185.795498  x:  0.11999   0.13368   0.00572   0.02585   0.01288   0.00641   0.00641   0.00000   0.00643   0.00000   0.00640   0.01933   0.00000   0.02674   0.01278   0.13284   0.01182   0.07217   0.01283   0.00000   0.00640   0.01282   0.06536   0.13214   0.16911   0.01291   0.01936   0.01937   0.01280   0.01934   0.00000   0.00639   0.00000   0.00641   0.05193   0.01284   0.01706   0.02893   0.14563   0.03878   0.07299   0.01968   0.00349   0.01256   0.00300   0.07920   0.30033   2.32460   1.08980   1.09951   1.33787   0.79549  
 62  0.0000   2185.795498  x:  0.11999   0.13368   0.00572   0.02585   0.01288   0.00641   0.00641   0.00000   0.00643   0.00000   0.00640   0.01933   0.00000   0.02674   0.01278   0.13284   0.01182   0.07217   0.01283   0.00000   0.00640   0.01282   0.06536   0.13214   0.16911   0.01291   0.01936   0.01937   0.01280   0.01934   0.00000   0.00639   0.00000   0.00641   0.05193   0.01284   0.01706   0.02893   0.14563   0.03878   0.07299   0.01968   0.00349   0.01256   0.00300   0.07920   0.30033   2.32460   1.08980   1.09951   1.33787   0.79549  