

TREE # 1

  0  0.0000  16871.873798  x:  0.00000   0.88691   0.29949   0.29314   0.13888   0.42190   0.12752   0.23391   0.09168   0.09431   0.06221   0.04052   0.10016   0.11891   0.06359   0.09668   0.04513   0.02980   0.02736   0.09717   0.54832   0.35038   0.31022   0.09575   0.65801   0.00000   0.83034   0.17439   0.08293   0.05928   0.04461   0.10706   0.08713   0.05729   0.14475   0.05229   0.04143   0.04546   3.28309   8.40433   0.66174   0.87434   0.81784   1.00000  
  1 99.0000  16871.818606  x:  0.00000   0.88691   0.29949   0.29315   0.13888   0.42190   0.12752   0.23391   0.09169   0.09431   0.06221   0.04052   0.10016   0.11892   0.06359   0.09668   0.04514   0.02980   0.02736   0.09717   0.54832   0.35039   0.31022   0.09575   0.65801   0.00001   0.83034   0.17440   0.08293   0.05928   0.04461   0.10706   0.08714   0.05730   0.14475   0.05229   0.04143   0.04546   3.28309   8.40433   0.66174   0.87435   0.81784   1.00000  
  2 1885.9334  16871.784019  x:  0.00000   0.88692   0.29950   0.29315   0.13888   0.42191   0.12753   0.23392   0.09170   0.09431   0.06221   0.04052   0.10016   0.11892   0.06359   0.09668   0.04514   0.02980   0.02736   0.09717   0.54833   0.35039   0.31023   0.09575   0.65802   0.00000   0.83035   0.17441   0.08294   0.05927   0.04461   0.10706   0.08714   0.05731   0.14475   0.05229   0.04143   0.04546   3.28309   8.40433   0.66174   0.87435   0.81783   1.00000  
  3 2780.3788  16786.447709  x:  0.00000   0.91483   0.33312   0.32566   0.13974   0.44759   0.15159   0.25801   0.11322   0.10252   0.05853   0.01681   0.10947   0.14132   0.06345   0.09170   0.04260   0.01024   0.02647   0.08684   0.57450   0.38214   0.34706   0.08829   0.68230   0.01139   0.84974   0.22450   0.09321   0.05172   0.02426   0.10675   0.09532   0.02006   0.13324   0.05669   0.04310   0.03328   3.29564   8.38428   0.65976   0.89887   0.79869   0.99170  
  4 2674.8692  16751.079895  x:  0.00000   0.93992   0.35780   0.34932   0.14093   0.46664   0.16498   0.27002   0.09211   0.10379   0.05517   0.00000   0.11232   0.14228   0.06264   0.08851   0.01805   0.02984   0.02573   0.07866   0.59635   0.40663   0.37427   0.08182   0.70190   0.01010   0.86628   0.24354   0.09275   0.04478   0.01049   0.10593   0.09551   0.01450   0.12472   0.04027   0.03932   0.02834   3.30769   8.36505   0.65482   0.91760   0.78508   0.98260  
  5 1702.1419  16751.079895  x:  0.00000   0.93992   0.35780   0.34932   0.14093   0.46664   0.16498   0.27002   0.09211   0.10379   0.05517   0.00000   0.11232   0.14228   0.06264   0.08851   0.01805   0.02984   0.02573   0.07866   0.59635   0.40663   0.37427   0.08182   0.70190   0.01010   0.86628   0.24354   0.09275   0.04478   0.01049   0.10593   0.09551   0.01450   0.12472   0.04027   0.03932   0.02834   3.30769   8.36505   0.65482   0.91760   0.78508   0.98260  
  6 3447.1131  16496.942416  x:  0.00000   0.96581   0.38721   0.37766   0.14021   0.49120   0.18720   0.29753   0.16314   0.11506   0.05731   0.04426   0.12493   0.17755   0.06352   0.08496   0.17727   0.07792   0.03056   0.06786   0.62067   0.43453   0.40648   0.07343   0.72536   0.03319   0.88510   0.29584   0.10985   0.04268   0.01926   0.10763   0.12110   0.50738   0.12324   0.10096   0.05190   0.02333   3.31983   8.34549   0.65179   0.93617   0.77002   0.97777  
  7 4421.7197  16387.179733  x:  0.00000   1.00108   0.42379   0.41270   0.14025   0.52100   0.21217   0.32516   0.21155   0.12332   0.05156   0.00587   0.13272   0.20514   0.06361   0.08144   0.16172   0.07169   0.02366   0.05417   0.65220   0.46977   0.44669   0.06208   0.75521   0.04140   0.90987   0.35325   0.12326   0.03633   0.00000   0.10709   0.12652   0.50937   0.11149   0.10708   0.05255   0.02213   3.33719   8.31761   0.64939   0.95465   0.75730   0.97068  
  8 880.0291  16369.100660  x:  0.00000   1.00768   0.43033   0.41894   0.14025   0.52634   0.21645   0.32985   0.21933   0.12464   0.05085   0.00000   0.13402   0.20967   0.06360   0.08093   0.15881   0.07079   0.02346   0.05170   0.65800   0.47612   0.45389   0.06002   0.76068   0.04240   0.91447   0.36313   0.12549   0.03544   0.00664   0.10725   0.12761   0.50924   0.10952   0.10817   0.05261   0.02211   3.34052   8.31226   0.64892   0.95776   0.75529   0.96934  
  9 5546.3265  16267.193757  x:  0.00000   1.10907   0.49500   0.47873   0.13754   0.58245   0.23591   0.34623   0.19856   0.12089   0.08736   0.00000   0.14320   0.21263   0.06103   0.09005   0.13646   0.09315   0.13255   0.02015   0.73579   0.54410   0.52719   0.03013   0.83349   0.00000   0.98170   0.41628   0.11045   0.03848   0.00329   0.10934   0.13220   0.49786   0.10418   0.09738   0.04738   0.04058   3.40133   8.21363   0.64149   0.96322   0.77138   0.94845  
 10 693.3445  16209.814798  x:  0.00000   1.16828   0.51981   0.50119   0.12908   0.60920   0.23220   0.34996   0.17834   0.11644   0.08214   0.00000   0.14077   0.20767   0.06242   0.08816   0.13168   0.08517   0.12058   0.00000   0.77878   0.57244   0.55665   0.01565   0.87521   0.00977   1.02267   0.42341   0.10910   0.03828   0.00163   0.10952   0.13179   0.48857   0.10602   0.09743   0.05172   0.00965   3.44192   8.14650   0.64810   0.96087   0.78327   0.93690  
 11 904.8116  16157.233932  x:  0.00000   1.22371   0.54065   0.51992   0.11999   0.63346   0.22657   0.35377   0.16264   0.11347   0.07344   0.00000   0.13805   0.20375   0.06372   0.08551   0.12893   0.07557   0.09593   0.00000   0.81865   0.59676   0.58175   0.00207   0.91443   0.01750   1.06156   0.42523   0.11012   0.03705   0.00000   0.10942   0.13104   0.47951   0.10790   0.09905   0.05623   0.02042   3.48125   8.08107   0.65589   0.95882   0.79360   0.92651  
 12 4212.2401  16157.233932  x:  0.00000   1.22371   0.54065   0.51992   0.11999   0.63346   0.22657   0.35377   0.16264   0.11347   0.07344   0.00000   0.13805   0.20375   0.06372   0.08551   0.12893   0.07557   0.09593   0.00000   0.81865   0.59676   0.58175   0.00207   0.91443   0.01750   1.06156   0.42523   0.11012   0.03705   0.00000   0.10942   0.13104   0.47951   0.10790   0.09905   0.05623   0.02042   3.48125   8.08107   0.65589   0.95882   0.79360   0.92651  
 13 1628.7280  16145.856457  x:  0.00000   1.23159   0.54604   0.52501   0.11880   0.63907   0.22960   0.35982   0.17551   0.11639   0.06920   0.00000   0.13916   0.20990   0.06361   0.08426   0.12449   0.07252   0.08259   0.00000   0.82513   0.60208   0.58778   0.00000   0.92104   0.01761   1.06757   0.43222   0.11531   0.03551   0.06519   0.11022   0.13244   0.47158   0.10549   0.10130   0.05490   0.02245   3.48663   8.07186   0.65673   0.96288   0.79018   0.92539  
 14 1246.7059  16070.576735  x:  0.00000   1.27794   0.57727   0.55454   0.11116   0.67147   0.24612   0.39366   0.24281   0.13137   0.04696   0.00000   0.14510   0.24316   0.06306   0.07801   0.10026   0.05797   0.00744   0.00000   0.86315   0.63289   0.62290   0.00000   0.95982   0.01774   1.10278   0.47232   0.13932   0.02309   0.06020   0.10657   0.13424   0.42481   0.09163   0.10615   0.04867   0.02580   3.51855   8.01715   0.66177   0.98464   0.77312   0.91900  
 15 661.0905  15976.752279  x:  0.00000   1.42026   0.67068   0.64256   0.08752   0.76797   0.29180   0.48823   0.42145   0.16848   0.00095   0.00000   0.16036   0.33211   0.06201   0.06518   0.04247   0.04061   0.07367   0.00000   0.97840   0.72537   0.72822   0.00000   1.07749   0.01335   1.21026   0.59022   0.19930   0.00000   0.05008   0.09789   0.14025   0.28212   0.05843   0.11724   0.03996   0.02520   3.61811   7.84596   0.67425   1.04270   0.73176   0.89977  
 16 1665.3722  15943.980440  x:  0.00000   1.49896   0.72124   0.69008   0.07452   0.82012   0.31520   0.53732   0.51398   0.18848   0.04730   0.00000   0.16745   0.37679   0.06180   0.06126   0.02938   0.03987   0.09877   0.00000   1.04151   0.77557   0.78537   0.00000   1.14197   0.00954   1.26945   0.65344   0.22871   0.01564   0.04530   0.09442   0.14356   0.20556   0.04762   0.12185   0.03938   0.02415   3.67388   7.74971   0.68069   1.07047   0.71507   0.88929  
 17 4993.4905  15904.955514  x:  0.00000   1.55969   0.75689   0.72318   0.06490   0.85653   0.32712   0.56583   0.56575   0.19164   0.04949   0.00000   0.16812   0.39834   0.06276   0.06818   0.09164   0.06209   0.10665   0.00000   1.08835   0.81134   0.82614   0.00000   1.18981   0.00000   1.31427   0.69530   0.23659   0.01549   0.04344   0.09633   0.14542   0.16124   0.06866   0.12035   0.04958   0.02252   3.71921   7.67043   0.68665   1.07809   0.72300   0.88128  
 18 1630.3067  15793.101615  x:  0.00000   1.83792   0.88420   0.83682   0.02774   0.98316   0.31879   0.60237   0.61517   0.10536   0.05200   0.00000   0.12229   0.36441   0.06521   0.12950   0.03930   0.07714   0.10812   0.00000   1.28366   0.94314   0.97739   0.00000   1.38900   0.00000   1.51116   0.81518   0.13676   0.02455   0.04472   0.13504   0.13462   0.20182   0.18616   0.07440   0.06927   0.02274   3.95210   7.25074   0.74064   0.97967   0.94254   0.84208  
 19 688.0189  15724.718138  x:  0.00000   2.00781   0.94281   0.88635   0.02229   1.03995   0.28860   0.58705   0.57076   0.09544   0.05579   0.00000   0.13363   0.30448   0.04998   0.09295   0.08134   0.02221   0.11168   0.00000   1.39331   1.00484   1.05075   0.00000   1.50091   0.00000   1.62665   0.84485   0.09015   0.02933   0.04514   0.12288   0.12636   0.27656   0.13638   0.12142   0.02080   0.02537   4.10943   6.95504   0.76707   0.95642   0.98971   0.80901  
 20 877.1461  15652.151791  x:  0.00000   2.22488   1.00910   0.94074   0.01772   1.10371   0.24009   0.55321   0.48444   0.10353   0.05148   0.00000   0.15420   0.21985   0.04656   0.03753   0.09347   0.07120   0.10464   0.00000   1.52916   1.07520   1.13602   0.00000   1.63978   0.00000   1.77206   0.86249   0.06520   0.03664   0.04689   0.09976   0.11959   0.37487   0.04362   0.17216   0.06032   0.03041   4.31734   6.55781   0.79081   0.94770   1.01358   0.76459  
 21 2691.7323  15556.485122  x:  0.00000   2.50441   1.07582   0.99139   0.00521   1.16787   0.15987   0.48504   0.31632   0.14191   0.04363   0.00000   0.17745   0.13127   0.09349   0.10950   0.09379   0.08109   0.09612   0.00000   1.69509   1.14742   1.22748   0.00000   1.81039   0.00000   1.95472   0.83889   0.14819   0.05087   0.04846   0.07930   0.13898   0.48431   0.03339   0.19976   0.05988   0.00264   4.59968   6.00164   0.78917   0.98246   0.97158   0.70733  
 22 1903.7362  15533.704470  x:  0.00000   2.60040   1.09756   1.00755   0.00000   1.18894   0.13181   0.46098   0.25650   0.15491   0.04240   0.00000   0.18472   0.10711   0.10702   0.13069   0.09352   0.08299   0.09448   0.00000   1.75155   1.17108   1.25774   0.00000   1.86856   0.00000   2.01720   0.82754   0.17544   0.05321   0.04824   0.07435   0.14634   0.52027   0.03644   0.20719   0.05976   0.02863   4.69751   5.80772   0.78704   0.99566   0.95395   0.68813  
 23 12119.0513  15442.248573  x:  0.00000   2.85544   1.13718   1.03155   0.00000   1.23131   0.05418   0.39219   0.07962   0.17398   0.05978   0.00000   0.19079   0.17770   0.08787   0.09324   0.08348   0.08506   0.08833   0.00000   1.89377   1.21664   1.32040   0.00000   2.01722   0.00000   2.17983   0.74570   0.19451   0.01068   0.04991   0.09969   0.16550   0.60184   0.09491   0.19739   0.06351   0.02318   4.97052   5.24844   0.76543   1.03177   0.87880   0.64622  
 24 2314.6539  15287.305108  x:  0.00000   3.13076   1.11887   0.99367   0.00000   1.23815   0.00000   0.33328   0.11759   0.15413   0.06118   0.00000   0.15541   0.20452   0.05803   0.09902   0.09679   0.08311   0.09008   0.00000   2.02215   1.20874   1.32823   0.00000   2.15957   0.00000   2.34613   0.47796   0.21359   0.01488   0.05090   0.10620   0.15520   0.68021   0.07015   0.09911   0.05883   0.02580   5.30732   4.50414   0.71628   1.02044   0.80919   0.63011  
 25 1105.2220  15287.305108  x:  0.00000   3.13076   1.11887   0.99367   0.00000   1.23815   0.00000   0.33328   0.11759   0.15413   0.06118   0.00000   0.15541   0.20452   0.05803   0.09902   0.09679   0.08311   0.09008   0.00000   2.02215   1.20874   1.32823   0.00000   2.15957   0.00000   2.34613   0.47796   0.21359   0.01488   0.05090   0.10620   0.15520   0.68021   0.07015   0.09911   0.05883   0.02580   5.30732   4.50414   0.71628   1.02044   0.80919   0.63011  
 26 3224.0473  15232.878913  x:  0.00000   3.13302   1.11020   0.98443   0.00000   1.23994   0.02566   0.37376   0.17264   0.14522   0.05164   0.00000   0.15195   0.22811   0.06401   0.08541   0.09605   0.06656   0.03921   0.00000   2.02120   1.20057   1.31985   0.00000   2.16078   0.00000   2.34697   0.44583   0.19427   0.00611   0.00000   0.10587   0.15038   0.64106   0.08139   0.10373   0.05041   0.01877   5.31441   4.47332   0.72253   0.99514   0.83595   0.63879  
 27 580.3098  15216.024108  x:  0.00000   3.13441   1.10469   0.97855   0.00000   1.24090   0.03795   0.39788   0.20314   0.14004   0.04662   0.00000   0.14999   0.24192   0.06696   0.07789   0.09571   0.05800   0.01062   0.00000   2.02052   1.19535   1.31450   0.00000   2.16145   0.00000   2.34742   0.42615   0.18299   0.00680   0.01121   0.10665   0.14800   0.61622   0.08762   0.10666   0.04660   0.01743   5.31891   4.45372   0.72579   0.98029   0.85134   0.64376  
 28 1756.0602  15180.879899  x:  0.00000   3.14042   1.07908   0.95134   0.00000   1.24358   0.05798   0.49154   0.29857   0.12252   0.03751   0.00000   0.14384   0.29212   0.07146   0.05835   0.09651   0.04831   0.06514   0.00000   2.01663   1.17088   1.28956   0.00000   2.16350   0.00000   2.34855   0.34312   0.14050   0.05046   0.02418   0.10989   0.13786   0.50196   0.10469   0.11590   0.04769   0.04171   5.33975   4.36277   0.73262   0.92655   0.90358   0.66102  
 29 922.9716  15132.264137  x:  0.00000   3.14965   1.03518   0.90491   0.00000   1.24372   0.00000   0.58553   0.33026   0.12769   0.07922   0.00000   0.14617   0.32475   0.05724   0.10539   0.09833   0.11197   0.07372   0.00000   2.00824   1.12788   1.24617   0.00000   2.16438   0.00000   2.34811   0.23224   0.10925   0.03157   0.02902   0.11064   0.12752   0.31553   0.09323   0.10821   0.06929   0.00516   5.37543   4.20452   0.71094   0.90752   0.91141   0.66987  
 30 583.2456  15120.208332  x:  0.00000   3.15375   1.01569   0.88430   0.00000   1.24392   0.00000   0.62231   0.33560   0.13063   0.09313   0.00000   0.14757   0.33513   0.05176   0.12312   0.09852   0.13386   0.06857   0.00000   2.00453   1.10868   1.22680   0.00000   2.16483   0.00000   2.34793   0.18649   0.10196   0.01997   0.02834   0.11048   0.12444   0.23609   0.08741   0.10475   0.07609   0.02858   5.39131   4.13358   0.70060   0.90374   0.90917   0.67264  
 31 2559.3485  15095.202541  x:  0.00000   3.16152   0.97884   0.84537   0.00000   1.24625   0.00000   0.66975   0.30757   0.13043   0.07296   0.00000   0.14899   0.33641   0.05737   0.11308   0.09474   0.11567   0.06025   0.00000   1.99782   1.07178   1.18952   0.00000   2.16657   0.00000   2.34820   0.13073   0.13332   0.04181   0.02359   0.10817   0.13016   0.12674   0.08576   0.10297   0.05826   0.02281   5.42169   3.99446   0.68733   0.91101   0.88311   0.67334  
 32 645.5780  15066.103667  x:  0.00000   3.17171   0.92972   0.79338   0.00000   1.25124   0.00000   0.72896   0.26786   0.13050   0.05624   0.00000   0.14901   0.33659   0.05364   0.09676   0.09606   0.09146   0.07095   0.00000   1.98907   1.02175   1.13903   0.00000   2.16961   0.00000   2.34903   0.10361   0.12238   0.00467   0.02762   0.10949   0.13304   0.11775   0.09433   0.10436   0.06464   0.01774   5.46272   3.80331   0.68258   0.90337   0.86664   0.67531  
 33 448.4807  14991.694223  x:  0.00000   3.20795   0.75366   0.60692   0.00000   1.26933   0.00000   0.93774   0.12726   0.14159   0.04556   0.00000   0.15108   0.33668   0.03395   0.08138   0.10420   0.05545   0.05153   0.00000   1.95736   0.84142   0.95706   0.00000   2.18040   0.00000   2.35170   0.03873   0.05978   0.02965   0.01882   0.11322   0.13556   0.14177   0.11191   0.10560   0.10643   0.01480   5.61059   3.11219   0.66166   0.87300   0.81891   0.68066  
 34 2862.1156  14933.782391  x:  0.00000   3.23822   0.60894   0.45347   0.00000   1.28652   0.00000   1.11764   0.05056   0.14509   0.05458   0.00000   0.15051   0.34336   0.06880   0.08477   0.10635   0.06559   0.04657   0.00000   1.93093   0.68928   0.80307   0.00000   2.18998   0.00000   2.35403   0.08280   0.09194   0.02882   0.01691   0.11388   0.13234   0.15137   0.11444   0.10710   0.11529   0.01667   5.73715   2.51626   0.64594   0.83542   0.80850   0.68405  
 35 3003.6952  14904.044646  x:  0.00000   3.25404   0.54593   0.38689   0.00000   1.29628   0.00000   1.17589   0.10487   0.14750   0.05685   0.00000   0.15131   0.31628   0.03575   0.09000   0.09842   0.07775   0.05100   0.00000   1.91499   0.60771   0.71858   0.00000   2.19358   0.00000   2.35299   0.07141   0.12778   0.02682   0.01856   0.10802   0.13702   0.18663   0.09158   0.10163   0.08126   0.01779   5.81335   2.15152   0.63498   0.84917   0.78907   0.66211  
 36 1051.9743  14891.734863  x:  0.00000   3.25909   0.55045   0.39215   0.00000   1.29886   0.00000   1.16885   0.11930   0.14356   0.05436   0.00000   0.15036   0.29190   0.08043   0.10028   0.09495   0.08033   0.05329   0.00000   1.90595   0.58273   0.68934   0.00000   2.19189   0.00000   2.34862   0.06408   0.09815   0.02581   0.01922   0.10585   0.13682   0.18779   0.08102   0.10064   0.05330   0.01821   5.85439   1.95842   0.64264   0.85824   0.80102   0.63073  
 37 479.0435  14874.895595  x:  0.00000   3.26260   0.59203   0.43750   0.00000   1.29991   0.00000   1.13418   0.11795   0.13294   0.05125   0.00000   0.14723   0.26848   0.05453   0.09220   0.09740   0.07486   0.04924   0.00000   1.89284   0.57053   0.66796   0.00000   2.18580   0.00000   2.33848   0.09182   0.07795   0.02716   0.01745   0.10785   0.13248   0.15563   0.09437   0.10538   0.06464   0.01717   5.91382   1.69266   0.66732   0.85559   0.84919   0.58443  
 38 494.0271  14869.949532  x:  0.00000   3.26200   0.61385   0.46197   0.00000   1.29816   0.00000   1.11645   0.10968   0.13316   0.06215   0.00000   0.14725   0.27885   0.05963   0.09024   0.10112   0.07499   0.04850   0.00000   1.88742   0.57822   0.67069   0.00000   2.18114   0.00000   2.33231   0.06835   0.10064   0.02659   0.01729   0.11018   0.13009   0.16406   0.09996   0.10596   0.07739   0.01722   5.93761   1.60652   0.67524   0.85269   0.86612   0.58166  
 39 279.1607  14866.301332  x:  0.00000   3.25820   0.63257   0.48522   0.00000   1.29364   0.00000   1.09487   0.09952   0.14119   0.05333   0.00000   0.14899   0.31496   0.05274   0.09272   0.09752   0.08168   0.05151   0.00000   1.88070   0.60293   0.68783   0.00000   2.17250   0.00000   2.32185   0.06963   0.09707   0.02602   0.01880   0.10835   0.13190   0.16834   0.08853   0.10140   0.06447   0.01733   5.96854   1.54148   0.66734   0.86529   0.85479   0.60442  
 40 117.6923  14864.765824  x:  0.00000   3.25289   0.62981   0.48612   0.00000   1.28870   0.00000   1.07202   0.10601   0.14184   0.06281   0.00000   0.14952   0.31983   0.05705   0.09612   0.09722   0.07296   0.05405   0.00000   1.87409   0.62075   0.69933   0.00000   2.16330   0.00000   2.31119   0.07534   0.09488   0.02629   0.01997   0.10712   0.13548   0.16575   0.09410   0.10417   0.07508   0.01718   5.99612   1.51983   0.66400   0.86895   0.82922   0.60010  
 41 67.1372  14861.532504  x:  0.00000   3.23575   0.60663   0.47318   0.00000   1.27315   0.00000   1.00388   0.09823   0.13515   0.05462   0.00000   0.14774   0.30484   0.05370   0.09852   0.10015   0.08845   0.05800   0.00000   1.85355   0.66012   0.72202   0.00000   2.13507   0.00000   2.27893   0.07135   0.09545   0.02602   0.02244   0.10946   0.13355   0.16608   0.09433   0.10501   0.07211   0.01762   6.07704   1.49138   0.65317   0.84290   0.80413   0.56987  
 42 95.8501  14861.090404  x:  0.00000   3.23253   0.60234   0.47079   0.00000   1.27053   0.00000   0.99121   0.09704   0.13678   0.05718   0.00630   0.14835   0.30008   0.05306   0.09844   0.09956   0.08627   0.05890   0.00000   1.84966   0.66412   0.72341   0.00000   2.12994   0.00000   2.27305   0.07120   0.09506   0.02583   0.02290   0.10909   0.13330   0.16534   0.09211   0.10357   0.07139   0.01754   6.09273   1.48839   0.64907   0.84052   0.80569   0.57051  
 43 136.3725  14859.513446  x:  0.00000   3.22191   0.58849   0.46324   0.00000   1.26214   0.00000   0.94983   0.09370   0.14359   0.06635   0.00135   0.14910   0.28313   0.05128   0.09839   0.09677   0.07729   0.06184   0.00000   1.83678   0.67454   0.72565   0.00000   2.11314   0.00000   2.25376   0.07099   0.09367   0.02522   0.02433   0.10752   0.13265   0.16250   0.08442   0.09843   0.06996   0.01721   6.14503   1.48029   0.63571   0.83514   0.81411   0.57748  
 44 368.6124  14857.353749  x:  0.00000   3.20398   0.57103   0.45644   0.00000   1.24998   0.00000   0.88767   0.09636   0.14956   0.05573   0.00245   0.15041   0.26423   0.05408   0.10243   0.09850   0.08634   0.06381   0.00000   1.81464   0.67045   0.71133   0.00000   2.08589   0.00000   2.22239   0.06979   0.09297   0.02563   0.02566   0.10721   0.13449   0.15841   0.09481   0.10297   0.07910   0.01719   6.23734   1.47757   0.64541   0.84688   0.82173   0.60714  
 45 114.3646  14854.923155  x:  0.00000   3.17995   0.55990   0.45903   0.00000   1.23642   0.00000   0.83040   0.09056   0.13761   0.06917   0.00192   0.14755   0.27606   0.04970   0.09911   0.10225   0.08543   0.06642   0.00000   1.78550   0.64813   0.67951   0.00000   2.05157   0.00000   2.18281   0.07004   0.09124   0.02505   0.02702   0.11091   0.13074   0.15577   0.08676   0.10245   0.07205   0.01739   6.36251   1.48770   0.67296   0.86416   0.82425   0.60963  
 46 124.7023  14852.553039  x:  0.00000   3.15425   0.55826   0.47148   0.00000   1.22438   0.00000   0.79157   0.09086   0.13765   0.06032   0.00163   0.14839   0.29770   0.05083   0.10378   0.09587   0.08319   0.06796   0.00000   1.75597   0.62270   0.64713   0.00000   2.01716   0.00000   2.14297   0.07119   0.09284   0.02520   0.02791   0.10756   0.13307   0.15800   0.08956   0.09700   0.08100   0.01728   6.49979   1.50212   0.65788   0.88018   0.83238   0.59099  
 47 166.9661  14849.144880  x:  0.00000   3.11209   0.57232   0.50621   0.00000   1.21236   0.00000   0.77513   0.09489   0.16587   0.06388   0.00035   0.15760   0.30033   0.04979   0.10008   0.10680   0.08254   0.06835   0.00000   1.71510   0.60327   0.62321   0.00000   1.96860   0.00000   2.08588   0.07504   0.09350   0.02493   0.02777   0.10857   0.14057   0.15989   0.09420   0.11840   0.06872   0.01760   6.73697   1.52101   0.64492   0.85097   0.81544   0.59044  
 48 123.3421  14844.078805  x:  0.00000   3.05043   0.58995   0.55118   0.00000   1.20046   0.00000   0.77510   0.10523   0.15565   0.05657   0.00164   0.15351   0.28580   0.05441   0.09425   0.09597   0.08091   0.06584   0.00000   1.66275   0.59816   0.61542   0.00000   1.90494   0.00000   2.01016   0.08131   0.09605   0.02623   0.02706   0.10891   0.13329   0.16347   0.08261   0.09079   0.07832   0.01769   7.08998   1.54393   0.64158   0.81307   0.78784   0.60895  
 49 313.2824  14838.595410  x:  0.00000   2.98288   0.59355   0.58043   0.00000   1.19309   0.00000   0.79241   0.10701   0.11309   0.06457   0.00271   0.13919   0.27062   0.05274   0.09568   0.09376   0.08021   0.06388   0.00000   1.61580   0.61998   0.63771   0.00000   1.84572   0.00000   1.93853   0.08473   0.09763   0.02640   0.02600   0.10758   0.12577   0.17077   0.09755   0.10428   0.06562   0.01834   7.48026   1.56684   0.62330   0.82118   0.79169   0.62329  
 50 375.9555  14827.915019  x:  0.00000   2.84116   0.56733   0.59843   0.00000   1.18841   0.00000   0.83855   0.11843   0.13419   0.05248   0.00266   0.14041   0.26604   0.05648   0.08892   0.11150   0.07076   0.05910   0.00000   1.54087   0.70297   0.72672   0.00000   1.74709   0.00000   1.81622   0.09491   0.10432   0.02742   0.02340   0.10845   0.13740   0.17983   0.07797   0.10634   0.06983   0.01837   8.30562   1.61402   0.66745   0.87567   0.84118   0.59993  
 51 456.7421  14825.966588  x:  0.00000   2.81666   0.56070   0.59575   0.00000   1.19095   0.00000   0.83450   0.11954   0.14192   0.05845   0.00176   0.15012   0.27408   0.05583   0.08459   0.09347   0.07317   0.05861   0.00000   1.53706   0.71637   0.74223   0.00000   1.74178   0.00000   1.80821   0.09585   0.10365   0.02747   0.02304   0.10825   0.13689   0.18059   0.09661   0.09643   0.05987   0.01893   8.45759   1.62197   0.67765   0.87732   0.84848   0.59604  
 52 281.7668  14820.981536  x:  0.00000   2.75496   0.54652   0.57389   0.00000   1.21233   0.00000   0.77079   0.13279   0.13029   0.05222   0.00000   0.16549   0.32149   0.05982   0.08480   0.07897   0.06626   0.05407   0.00000   1.57057   0.73869   0.77455   0.00000   1.78475   0.00000   1.85134   0.09891   0.10246   0.02779   0.02082   0.11032   0.11827   0.17748   0.08667   0.11887   0.06635   0.01823   8.89222   1.64245   0.67795   0.85189   0.85991   0.60004  
 53 179.1909  14817.170201  x:  0.00000   2.71186   0.54625   0.56295   0.00000   1.22967   0.00000   0.72542   0.14201   0.12365   0.05407   0.00000   0.15473   0.34674   0.06311   0.07735   0.11017   0.06758   0.05190   0.00000   1.60591   0.75013   0.79384   0.00000   1.83006   0.00000   1.89915   0.10217   0.10013   0.02820   0.01990   0.10865   0.12827   0.17530   0.09574   0.10140   0.06276   0.01845   9.21637   1.66169   0.66988   0.84024   0.86582   0.60265  
 54 481.8259  14811.068562  x:  0.00000   2.65740   0.58388   0.57337   0.00000   1.25282   0.00000   0.69230   0.13851   0.13547   0.05570   0.00000   0.10975   0.33192   0.06058   0.08585   0.09211   0.06886   0.05415   0.00000   1.67995   0.75549   0.81020   0.00000   1.92354   0.00000   2.00275   0.10104   0.10370   0.02795   0.02071   0.11333   0.14613   0.17859   0.09338   0.10634   0.06111   0.01867   9.69198   1.70783   0.67796   0.84627   0.86760   0.59381  
 55 275.5914  14809.697649  x:  0.00000   2.63845   0.60023   0.57907   0.00000   1.26057   0.00000   0.68275   0.13697   0.13600   0.05621   0.01373   0.11106   0.32234   0.06000   0.08636   0.09011   0.07027   0.05519   0.00000   1.70833   0.75705   0.81551   0.00000   1.95902   0.00000   2.04245   0.10086   0.10504   0.02791   0.02128   0.11313   0.14718   0.18021   0.09196   0.10671   0.06107   0.01871   9.86631   1.72577   0.67973   0.85221   0.86752   0.59006  
 56 1064.2078  14803.217754  x:  0.00000   2.58440   0.65494   0.60028   0.00000   1.28161   0.00000   0.65985   0.13185   0.13009   0.05739   0.00147   0.15340   0.28447   0.05896   0.08238   0.09482   0.07626   0.05881   0.00000   1.79633   0.76092   0.82982   0.00000   2.06801   0.00000   2.16539   0.10083   0.10916   0.02788   0.02368   0.10788   0.13581   0.18597   0.08695   0.10444   0.06197   0.01873  10.38918   1.78179   0.68242   0.87849   0.86544   0.57760  
 57 1479.9025  14803.091597  x:  0.00000   2.58685   0.65620   0.60039   0.00000   1.27858   0.00000   0.65962   0.13185   0.13141   0.05608   0.00152   0.15312   0.28404   0.05812   0.08786   0.09696   0.07327   0.05921   0.00000   1.79874   0.76170   0.82957   0.00000   2.06935   0.00000   2.16809   0.10100   0.10992   0.02788   0.02383   0.10891   0.13064   0.18625   0.08874   0.10305   0.06038   0.01875  10.39965   1.78295   0.68341   0.87858   0.86537   0.57727  
 58 32.6686  14802.788565  x:  0.00000   2.61414   0.65959   0.59827   0.00000   1.25159   0.00000   0.65849   0.13332   0.13489   0.05652   0.00181   0.14909   0.28415   0.05931   0.08153   0.09773   0.07493   0.05874   0.00000   1.80809   0.76777   0.82583   0.00000   2.06716   0.00000   2.17551   0.10197   0.10974   0.02803   0.02378   0.10913   0.12141   0.18657   0.08946   0.10334   0.06077   0.01871  10.42439   1.78523   0.68226   0.88127   0.86505   0.57643  
 59 17.4498  14802.113933  x:  0.00000   2.68436   0.66752   0.59305   0.00000   1.18712   0.00000   0.65627   0.13471   0.13060   0.05587   0.00150   0.15253   0.28534   0.05899   0.08424   0.09657   0.07279   0.05811   0.00000   1.82978   0.78293   0.81651   0.00000   2.05953   0.00000   2.19169   0.10359   0.11048   0.02813   0.02336   0.10815   0.13079   0.18811   0.08870   0.10357   0.05984   0.01883  10.47861   1.79045   0.68512   0.87947   0.86818   0.57631  
 60 85.2421  14801.621979  x:  0.00000   2.77712   0.67427   0.59072   0.00000   1.21141   0.00000   0.64943   0.13577   0.13012   0.05573   0.00131   0.15419   0.28478   0.05944   0.08337   0.09623   0.07294   0.05774   0.00000   1.83969   0.79375   0.81022   0.00000   2.04031   0.00000   2.19293   0.10450   0.11079   0.02826   0.02291   0.12309   0.13247   0.18856   0.08861   0.10281   0.05983   0.01883  10.51554   1.79681   0.68356   0.88132   0.86893   0.57536  
 61 11.6217  14800.933099  x:  0.00000   2.90335   0.68324   0.58785   0.00000   1.24823   0.00000   0.64003   0.13533   0.13039   0.05569   0.00138   0.15272   0.28442   0.05895   0.08418   0.09642   0.07277   0.05755   0.00000   1.85196   0.80760   0.80253   0.00000   2.01460   0.00000   2.19361   0.10468   0.11161   0.02814   0.02319   0.10785   0.13121   0.18947   0.08869   0.10368   0.05925   0.01886  10.56496   1.80571   0.68659   0.88086   0.86978   0.57344  
 62 145.2630  14799.719829  x:  0.00000   2.99337   0.67537   0.60345   0.00000   1.23938   0.00000   0.62325   0.13746   0.13001   0.05435   0.00134   0.15220   0.28200   0.05901   0.08212   0.09619   0.07056   0.05543   0.00000   1.77622   0.73832   0.88103   0.00000   2.10636   0.00000   2.14394   0.10769   0.11373   0.02812   0.02239   0.10748   0.13184   0.19236   0.08916   0.10399   0.05777   0.01910  10.60325   1.80427   0.68771   0.88209   0.86979   0.57278  
 63  3.2981  14792.810686  x:  0.00000   2.86362   0.65714   0.64754   0.00000   1.24670   0.00000   0.59534   0.14911   0.12620   0.04309   0.00140   0.14707   0.26785   0.05991   0.06660   0.09487   0.05421   0.03758   0.00000   1.71924   0.85054   0.73254   0.00000   2.12688   0.00000   2.11306   0.12612   0.12750   0.02807   0.01493   0.10708   0.13681   0.21328   0.09271   0.10661   0.04706   0.02081  10.70778   1.74277   0.69311   0.88973   0.86982   0.57947  
 64  2.1994  14791.308695  x:  0.00000   2.81229   0.67633   0.63464   0.00000   1.24138   0.00000   0.58282   0.15144   0.12544   0.04092   0.00144   0.14581   0.26482   0.06003   0.06345   0.09464   0.05077   0.03373   0.00000   1.79320   0.76334   0.80599   0.00000   2.01319   0.00000   2.13429   0.13052   0.13050   0.02807   0.01340   0.10724   0.13793   0.21804   0.09349   0.10717   0.04515   0.02129  10.73310   1.72269   0.69334   0.89059   0.86814   0.58100  
 65 11.2969  14789.406725  x:  0.00000   2.78710   0.79655   0.53392   0.00000   1.23789   0.00000   0.58657   0.15792   0.12677   0.04562   0.00127   0.14495   0.26847   0.06081   0.07055   0.09529   0.05945   0.02577   0.00000   1.76324   0.76279   0.79864   0.00000   2.00007   0.00000   2.09613   0.14028   0.13352   0.02757   0.01079   0.10718   0.13758   0.22641   0.09333   0.10728   0.04913   0.02329  10.87223   1.71600   0.69403   0.89275   0.87085   0.58362  
 66  0.7385  14788.355351  x:  0.00000   2.78733   0.69432   0.64298   0.00000   1.23375   0.00000   0.59100   0.16108   0.12745   0.04880   0.00126   0.14434   0.26847   0.06112   0.07525   0.09567   0.06505   0.02163   0.00000   1.77591   0.75569   0.79931   0.00000   1.98119   0.00000   2.11340   0.14582   0.13545   0.02722   0.00949   0.10717   0.13732   0.23130   0.09292   0.10717   0.05157   0.02442  10.95486   1.71244   0.69443   0.89440   0.87222   0.58370  
 67  6.0453  14787.854221  x:  0.00000   2.77824   0.68702   0.65353   0.00000   1.23073   0.00000   0.58886   0.16275   0.12933   0.05075   0.00150   0.14446   0.26817   0.06163   0.07835   0.09581   0.06660   0.02568   0.00000   1.83245   0.75264   0.79029   0.00000   1.99156   0.00000   2.04797   0.15104   0.13797   0.02562   0.01122   0.10689   0.13752   0.23329   0.09203   0.10687   0.05214   0.02460  11.00176   1.71487   0.69252   0.89495   0.86901   0.58352  
 68  0.2559  14787.360100  x:  0.00000   2.77143   0.68726   0.65643   0.00000   1.22555   0.00000   0.58556   0.16530   0.13136   0.05256   0.00172   0.14483   0.26833   0.06225   0.08115   0.09589   0.06784   0.02970   0.00000   1.76616   0.74876   0.79332   0.00000   1.95530   0.00000   2.10572   0.15693   0.14055   0.02399   0.01290   0.10666   0.13768   0.23511   0.09119   0.10651   0.05255   0.02477  11.05206   1.71939   0.69108   0.89587   0.86651   0.58354  
 69  3.2919  14786.866748  x:  0.00000   2.79689   0.70663   0.64096   0.00000   1.22235   0.00000   0.60123   0.17209   0.13255   0.05089   0.00182   0.14596   0.27113   0.06338   0.07958   0.09552   0.06522   0.02812   0.00000   1.75215   0.74969   0.78500   0.00000   1.97170   0.00000   2.08141   0.17167   0.14821   0.02042   0.01232   0.10587   0.13864   0.23536   0.09026   0.10568   0.05185   0.02469  11.34361   1.73343   0.68906   0.89488   0.86150   0.58061  
 70  0.2507  14786.733439  x:  0.00000   2.78148   0.70148   0.64269   0.00000   1.21529   0.00000   0.58014   0.17490   0.13160   0.05023   0.00149   0.14627   0.27091   0.06368   0.07837   0.09511   0.06562   0.02735   0.00000   1.74792   0.75534   0.78201   0.00000   1.96039   0.00000   2.07216   0.17782   0.15004   0.01927   0.01219   0.10637   0.13821   0.23349   0.09049   0.10586   0.05214   0.02453  11.45703   1.73134   0.68947   0.89311   0.86192   0.58191  
 71  0.1434  14786.689956  x:  0.00000   2.78028   0.69300   0.64593   0.00000   1.21638   0.00000   0.58485   0.17490   0.13049   0.05014   0.00157   0.14604   0.26917   0.06360   0.07765   0.09519   0.06570   0.02741   0.00000   1.75443   0.75221   0.78903   0.00000   1.95446   0.00000   2.08239   0.18010   0.14960   0.01904   0.01213   0.10649   0.13780   0.23054   0.09109   0.10631   0.05151   0.02410  11.57588   1.72774   0.69087   0.89296   0.86404   0.58261  
 72  0.0911  14786.666700  x:  0.00000   2.78560   0.69483   0.64295   0.00000   1.21653   0.00000   0.58369   0.17402   0.13125   0.05055   0.00172   0.14573   0.27001   0.06384   0.07858   0.09550   0.06472   0.02745   0.00000   1.75131   0.75479   0.78978   0.00000   1.95725   0.00000   2.08146   0.18179   0.14801   0.01925   0.01215   0.10624   0.13776   0.22897   0.09126   0.10622   0.05261   0.02373  11.77121   1.72701   0.69029   0.89349   0.86386   0.58249  
 73  0.0798  14786.645487  x:  0.00000   2.78408   0.69714   0.64206   0.00000   1.21626   0.00000   0.58378   0.17292   0.13147   0.05036   0.00139   0.14585   0.27002   0.06410   0.07866   0.09539   0.06604   0.02750   0.00000   1.75057   0.75525   0.78759   0.00000   1.95787   0.00000   2.07803   0.18275   0.14659   0.01949   0.01219   0.10632   0.13795   0.22922   0.09085   0.10620   0.05132   0.02359  12.03316   1.72793   0.68982   0.89351   0.86288   0.58216  
 74  0.1434  14786.620308  x:  0.00000   2.77769   0.69590   0.64540   0.00000   1.21572   0.00000   0.58477   0.17218   0.13056   0.05022   0.00191   0.14587   0.26904   0.06391   0.07776   0.09505   0.06594   0.02742   0.00000   1.75260   0.75185   0.78480   0.00000   1.95372   0.00000   2.07644   0.18258   0.14625   0.01963   0.01214   0.10661   0.13817   0.23126   0.09086   0.10603   0.05240   0.02359  12.43977   1.72896   0.69057   0.89295   0.86289   0.58233  
 75  0.1684  14786.592950  x:  0.00000   2.78374   0.69445   0.64688   0.00000   1.21616   0.00000   0.58444   0.17266   0.13075   0.05072   0.00117   0.14649   0.27009   0.06364   0.07814   0.09538   0.06468   0.02746   0.00000   1.75119   0.75106   0.78689   0.00000   1.95525   0.00000   2.08004   0.18115   0.14720   0.01959   0.01211   0.10633   0.13776   0.23196   0.09110   0.10635   0.05187   0.02374  12.99424   1.73050   0.69083   0.89276   0.86389   0.58308  
 76  0.2402  14786.577658  x:  0.00000   2.78626   0.69459   0.64488   0.00000   1.21660   0.00000   0.58379   0.17325   0.13123   0.05005   0.00178   0.14593   0.27038   0.06365   0.07823   0.09539   0.06533   0.02753   0.00000   1.75035   0.75317   0.78774   0.00000   1.95666   0.00000   2.08015   0.18019   0.14795   0.01954   0.01215   0.10628   0.13778   0.23100   0.09117   0.10629   0.05145   0.02384  13.42084   1.72957   0.69019   0.89305   0.86368   0.58294  
 77  0.3067  14786.573221  x:  0.00000   2.78358   0.69518   0.64372   0.00000   1.21669   0.00000   0.58458   0.17335   0.13113   0.05015   0.00157   0.14586   0.26952   0.06371   0.07809   0.09528   0.06559   0.02756   0.00000   1.75168   0.75365   0.78712   0.00000   1.95643   0.00000   2.07929   0.17991   0.14810   0.01947   0.01219   0.10639   0.13787   0.23045   0.09103   0.10613   0.05203   0.02387  13.65995   1.72895   0.69007   0.89324   0.86326   0.58257  
 78  0.2263  14786.572528  x:  0.00000   2.78266   0.69515   0.64374   0.00000   1.21653   0.00000   0.58457   0.17335   0.13102   0.05043   0.00159   0.14593   0.26964   0.06373   0.07819   0.09529   0.06548   0.02750   0.00000   1.75166   0.75331   0.78695   0.00000   1.95591   0.00000   2.07861   0.17986   0.14801   0.01943   0.01217   0.10642   0.13791   0.23036   0.09093   0.10618   0.05188   0.02389  13.78029   1.72903   0.69020   0.89312   0.86322   0.58270  
 79  0.1112  14786.572399  x:  0.00000   2.78318   0.69506   0.64396   0.00000   1.21654   0.00000   0.58458   0.17330   0.13103   0.05031   0.00158   0.14597   0.26975   0.06372   0.07822   0.09530   0.06550   0.02749   0.00000   1.75146   0.75313   0.78703   0.00000   1.95602   0.00000   2.07885   0.17984   0.14793   0.01941   0.01217   0.10638   0.13792   0.23034   0.09098   0.10618   0.05191   0.02390  13.84292   1.72926   0.69023   0.89311   0.86327   0.58278  
 80  0.0537  14786.572387  x:  0.00000   2.78326   0.69511   0.64398   0.00000   1.21656   0.00000   0.58455   0.17330   0.13105   0.05032   0.00159   0.14595   0.26970   0.06372   0.07819   0.09530   0.06550   0.02749   0.00000   1.75147   0.75319   0.78699   0.00000   1.95608   0.00000   2.07895   0.17986   0.14791   0.01941   0.01217   0.10639   0.13791   0.23035   0.09099   0.10618   0.05190   0.02390  13.85709   1.72926   0.69022   0.89313   0.86328   0.58274  
 81  0.0120  14786.572386  x:  0.00000   2.78318   0.69511   0.64399   0.00000   1.21656   0.00000   0.58455   0.17330   0.13104   0.05032   0.00159   0.14595   0.26971   0.06372   0.07819   0.09530   0.06549   0.02749   0.00000   1.75152   0.75319   0.78699   0.00000   1.95605   0.00000   2.07894   0.17988   0.14790   0.01941   0.01218   0.10639   0.13791   0.23036   0.09098   0.10618   0.05190   0.02391  13.85897   1.72923   0.69022   0.89313   0.86327   0.58274  
 82  0.0013  14786.572386  x:  0.00000   2.78321   0.69511   0.64399   0.00000   1.21655   0.00000   0.58455   0.17331   0.13105   0.05032   0.00158   0.14595   0.26971   0.06372   0.07819   0.09530   0.06549   0.02749   0.00000   1.75150   0.75319   0.78700   0.00000   1.95605   0.00000   2.07892   0.17988   0.14790   0.01941   0.01218   0.10639   0.13791   0.23036   0.09098   0.10618   0.05190   0.02391  13.85862   1.72924   0.69022   0.89312   0.86327   0.58275  
 83  0.0002  14786.572386  x:  0.00000   2.78321   0.69511   0.64399   0.00000   1.21655   0.00000   0.58455   0.17331   0.13105   0.05032   0.00158   0.14595   0.26971   0.06372   0.07819   0.09530   0.06549   0.02749   0.00000   1.75150   0.75319   0.78700   0.00000   1.95605   0.00000   2.07893   0.17988   0.14790   0.01941   0.01218   0.10639   0.13791   0.23036   0.09098   0.10618   0.05190   0.02391  13.85835   1.72924   0.69022   0.89313   0.86327   0.58274  
 84  0.0002  14786.572386  x:  0.00000   2.78321   0.69511   0.64399   0.00000   1.21655   0.00000   0.58455   0.17331   0.13105   0.05032   0.00158   0.14595   0.26971   0.06372   0.07819   0.09530   0.06549   0.02749   0.00000   1.75150   0.75319   0.78700   0.00000   1.95605   0.00000   2.07893   0.17988   0.14790   0.01941   0.01218   0.10639   0.13791   0.23036   0.09098   0.10618   0.05190   0.02391  13.85824   1.72924   0.69022   0.89313   0.86327   0.58274  
 85  0.0001  14786.572386  x:  0.00000   2.78321   0.69511   0.64399   0.00000   1.21655   0.00000   0.58455   0.17331   0.13105   0.05032   0.00158   0.14595   0.26971   0.06372   0.07819   0.09530   0.06549   0.02749   0.00000   1.75150   0.75319   0.78700   0.00000   1.95605   0.00000   2.07893   0.17988   0.14790   0.01941   0.01218   0.10639   0.13791   0.23036   0.09098   0.10618   0.05190   0.02391  13.85820   1.72924   0.69022   0.89313   0.86327   0.58274  

TREE # 2

  0  0.0000  19944.185658  x:  0.23539   0.01670   0.13614   0.11555   0.05210   0.04685   0.07808   0.06172   0.10264   0.11193   0.01909   0.04968   0.02726   0.05927   0.10962   0.08785   0.08871   0.04866   0.07791   0.02558   0.00000   0.07670   0.11159   0.12302   0.09709   0.10067   0.01667   0.03266   0.04544   0.06340   0.09682   0.08568   0.10083   0.08113   0.03637   0.01372   0.09880   0.07238   0.08298   1.72924   0.65834   0.84787   0.82362   0.58274  
  1 99.0000  15977.187758  x:  0.80777   0.49225   0.42300   0.46609   0.70280   0.42849   0.57645   0.16283   0.54969   0.56970   0.33716   0.07733   0.00000   0.11372   0.12738   0.19617   0.09409   0.13031   0.05435   0.02268   1.05729   0.85906   0.42920   0.40075   0.32013   0.47612   1.01048   0.75037   0.50567   0.14124   0.07491   0.03017   0.12911   0.23216   0.09816   0.34452   0.09242   0.06423   0.03511   1.69713   0.66084   0.84255   0.83159   0.67723  
  2 11062.5190  15902.833660  x:  0.86881   0.49294   0.43770   0.48035   0.70555   0.43403   0.58083   0.15812   0.56648   0.60194   0.30914   0.05366   0.03109   0.11157   0.13110   0.20308   0.09288   0.12399   0.05235   0.02405   1.04193   0.87250   0.44847   0.42085   0.32476   0.47599   0.99344   0.73040   0.48973   0.13566   0.06125   0.00000   0.13191   0.23725   0.07965   0.30675   0.09202   0.06486   0.02503   1.68826   0.66633   0.84768   0.83189   0.67647  
  3 778.4237  15761.887046  x:  1.00894   0.49214   0.47183   0.51320   0.71231   0.44585   0.59134   0.14635   0.60442   0.67533   0.24399   0.00000   0.00239   0.10451   0.13543   0.21679   0.09057   0.10667   0.05029   0.02330   1.00471   0.90507   0.49126   0.46538   0.33441   0.47591   0.95339   0.68338   0.45253   0.12845   0.03843   0.00834   0.14134   0.25050   0.04550   0.21736   0.09558   0.06612   0.02723   1.66752   0.67704   0.85895   0.83423   0.67446  
  4 2821.3148  15633.612614  x:  1.28570   0.46488   0.54284   0.57819   0.73223   0.45792   0.61696   0.10905   0.67557   0.81628   0.16217   0.07545   0.05170   0.11206   0.13473   0.22141   0.09367   0.12182   0.06747   0.02256   0.91310   0.98975   0.55989   0.53574   0.34165   0.47976   0.86871   0.58464   0.38049   0.16204   0.10956   0.08459   0.14290   0.27078   0.15785   0.03385   0.10198   0.06140   0.08846   1.62463   0.68173   0.87243   0.85166   0.66342  
  5 1285.4846  15542.345669  x:  1.50504   0.40728   0.60017   0.62414   0.74698   0.44846   0.63620   0.05996   0.72126   0.91213   0.12336   0.16822   0.00000   0.11774   0.12504   0.20984   0.09563   0.13730   0.05276   0.02413   0.80508   1.07067   0.59553   0.57173   0.32758   0.48388   0.78449   0.49781   0.32735   0.17096   0.14632   0.04987   0.12157   0.27322   0.24305   0.11391   0.08462   0.06088   0.04794   1.58985   0.68141   0.87943   0.86712   0.64812  
  6 739.4883  15499.204724  x:  1.61846   0.31229   0.63850   0.64132   0.77477   0.40958   0.66317   0.00000   0.73559   0.93115   0.16620   0.21766   0.00692   0.11644   0.12540   0.19719   0.09336   0.13463   0.06659   0.00589   0.71322   1.16557   0.58197   0.55462   0.27632   0.50771   0.75245   0.48926   0.35475   0.14413   0.11112   0.07893   0.13518   0.25208   0.23050   0.12131   0.10304   0.07374   0.01560   1.57679   0.68469   0.87402   0.86410   0.64545  
  7 374.2783  15472.276011  x:  1.71916   0.22442   0.67318   0.65615   0.80038   0.37307   0.68827   0.00000   0.74838   0.94645   0.20445   0.26101   0.01037   0.11540   0.12585   0.18680   0.09155   0.13237   0.07726   0.02663   0.62975   1.25247   0.56889   0.53823   0.22799   0.52997   0.72475   0.48360   0.38133   0.12066   0.07877   0.09822   0.14609   0.23323   0.21717   0.12730   0.11731   0.08304   0.00245   1.56554   0.68728   0.86912   0.86102   0.64353  
  8 6250.8995  15428.638547  x:  1.90574   0.06135   0.73737   0.68345   0.84762   0.30510   0.73460   0.00000   0.77202   0.97439   0.27454   0.33821   0.01777   0.11322   0.12682   0.16813   0.08812   0.12741   0.09391   0.04512   0.47471   1.41330   0.54479   0.50803   0.13814   0.57113   0.67321   0.47301   0.43042   0.07643   0.01627   0.12247   0.16501   0.19843   0.18807   0.14773   0.14231   0.10057   0.01743   1.54477   0.69223   0.86031   0.85508   0.63993  
  9 16603.3731  15401.680698  x:  1.96573   0.00000   0.75974   0.69079   0.86494   0.27707   0.75234   0.00000   0.78030   0.97768   0.29601   0.35590   0.01424   0.11248   0.12789   0.16801   0.08819   0.12409   0.09168   0.04567   0.41991   1.47182   0.53560   0.49657   0.10184   0.58760   0.65864   0.47493   0.45159   0.08040   0.02520   0.12012   0.16844   0.19102   0.16870   0.14630   0.14563   0.09867   0.01804   1.53945   0.69226   0.85821   0.85212   0.64052  
 10 1897.3199  15365.890204  x:  2.07781   0.00000   0.80638   0.70107   0.89975   0.21091   0.79292   0.00000   0.80178   0.96785   0.32934   0.39648   0.00000   0.11615   0.12728   0.17840   0.09205   0.12810   0.07493   0.03981   0.30968   1.59390   0.52002   0.47666   0.02487   0.62560   0.63208   0.48356   0.49146   0.10466   0.00141   0.10906   0.16097   0.19867   0.15085   0.12858   0.13241   0.07880   0.01544   1.53277   0.68407   0.85670   0.84940   0.64349  
 11 2280.9343  15365.890204  x:  2.07781   0.00000   0.80638   0.70107   0.89975   0.21091   0.79292   0.00000   0.80178   0.96785   0.32934   0.39648   0.00000   0.11615   0.12728   0.17840   0.09205   0.12810   0.07493   0.03981   0.30968   1.59390   0.52002   0.47666   0.02487   0.62560   0.63208   0.48356   0.49146   0.10466   0.00141   0.10906   0.16097   0.19867   0.15085   0.12858   0.13241   0.07880   0.01544   1.53277   0.68407   0.85670   0.84940   0.64349  
 12 937.8446  15319.152357  x:  2.10629   0.00000   0.81562   0.70305   0.89745   0.20052   0.79739   0.00000   0.81461   0.96881   0.29153   0.34951   0.00008   0.11280   0.13037   0.19526   0.09184   0.12083   0.05484   0.01423   0.29159   1.60275   0.53437   0.49204   0.02178   0.62811   0.61930   0.47388   0.48162   0.13864   0.19797   0.05936   0.15249   0.21592   0.11534   0.10361   0.11863   0.06912   0.05785   1.53200   0.68439   0.86331   0.84865   0.64545  
 13 1182.7394  15265.154570  x:  2.14047   0.00000   0.82671   0.70541   0.89464   0.18770   0.80314   0.00000   0.82991   0.96964   0.24725   0.29277   0.00933   0.11064   0.13285   0.20948   0.09143   0.11567   0.04814   0.04220   0.26972   1.61336   0.55029   0.50912   0.01812   0.63136   0.60362   0.46324   0.46793   0.13501   0.20854   0.00000   0.14402   0.23247   0.07966   0.08165   0.09980   0.06236   0.03607   1.53127   0.68603   0.87017   0.84820   0.64630  
 14 669.7261  15265.154570  x:  2.14047   0.00000   0.82671   0.70541   0.89464   0.18770   0.80314   0.00000   0.82991   0.96964   0.24725   0.29277   0.00933   0.11064   0.13285   0.20948   0.09143   0.11567   0.04814   0.04220   0.26972   1.61336   0.55029   0.50912   0.01812   0.63136   0.60362   0.46324   0.46793   0.13501   0.20854   0.00000   0.14402   0.23247   0.07966   0.08165   0.09980   0.06236   0.03607   1.53127   0.68603   0.87017   0.84820   0.64630  
 15 1064.1627  15238.277860  x:  2.15978   0.00000   0.83303   0.70669   0.89305   0.18009   0.80685   0.00000   0.83856   0.96964   0.22380   0.26034   0.00000   0.10984   0.13311   0.21346   0.09117   0.11244   0.05023   0.02385   0.25736   1.61938   0.55810   0.51754   0.01659   0.63346   0.59478   0.45797   0.46027   0.12749   0.18048   0.00070   0.14342   0.23904   0.07099   0.07931   0.09765   0.06428   0.02554   1.53098   0.68688   0.87266   0.84885   0.64662  
 16 462.5577  15182.519966  x:  2.22332   0.00000   0.85386   0.71083   0.88781   0.15473   0.81943   0.00000   0.86716   0.96900   0.15064   0.15530   0.03779   0.10961   0.13519   0.22487   0.09058   0.10938   0.05581   0.00210   0.21684   1.63922   0.58285   0.54423   0.01226   0.64070   0.56573   0.44130   0.43562   0.10813   0.09094   0.00194   0.14184   0.25810   0.05134   0.07461   0.09232   0.06833   0.02032   1.53026   0.68960   0.87988   0.85121   0.64790  
 17 2655.3430  15153.142983  x:  2.26884   0.00000   0.86879   0.71380   0.88407   0.13655   0.82848   0.00000   0.88764   0.96852   0.09857   0.08017   0.05157   0.10900   0.13637   0.23305   0.09014   0.10615   0.06009   0.01176   0.18781   1.65344   0.60057   0.56334   0.00920   0.64589   0.54494   0.42939   0.41798   0.09459   0.02747   0.00308   0.14072   0.27178   0.03757   0.07120   0.08851   0.07126   0.01408   1.52971   0.69151   0.88508   0.85293   0.64883  
 18 10120.8602  15139.858353  x:  2.30534   0.00000   0.88095   0.71606   0.88108   0.12139   0.83684   0.00000   0.90440   0.96666   0.07799   0.03078   0.04272   0.10756   0.13661   0.23673   0.09002   0.10454   0.05797   0.01050   0.16502   1.66492   0.61301   0.57684   0.00876   0.65063   0.52856   0.42136   0.40531   0.10264   0.01644   0.00441   0.14086   0.27859   0.05288   0.07389   0.08949   0.07039   0.04337   1.52931   0.69243   0.88787   0.85493   0.65007  
 19 794.7888  15129.789422  x:  2.34269   0.00000   0.89346   0.71832   0.87803   0.10551   0.84601   0.00000   0.92180   0.96385   0.07829   0.00000   0.04607   0.10651   0.13733   0.23943   0.09002   0.10573   0.05609   0.01120   0.14199   1.67667   0.62493   0.58980   0.00924   0.65577   0.51199   0.41400   0.39340   0.11249   0.03175   0.00173   0.14102   0.28374   0.05627   0.07541   0.09037   0.06843   0.03565   1.52902   0.69319   0.89018   0.85697   0.65129  
 20 617.5416  15129.789422  x:  2.34269   0.00000   0.89346   0.71832   0.87803   0.10551   0.84601   0.00000   0.92180   0.96385   0.07829   0.00000   0.04607   0.10651   0.13733   0.23943   0.09002   0.10573   0.05609   0.01120   0.14199   1.67667   0.62493   0.58980   0.00924   0.65577   0.51199   0.41400   0.39340   0.11249   0.03175   0.00173   0.14102   0.28374   0.05627   0.07541   0.09037   0.06843   0.03565   1.52902   0.69319   0.89018   0.85697   0.65129  
 21 845.6796  15111.206716  x:  2.35453   0.00000   0.89758   0.71894   0.87705   0.09977   0.85027   0.00000   0.92784   0.96164   0.11337   0.05340   0.02603   0.10530   0.13717   0.23814   0.09018   0.10692   0.05455   0.04284   0.13525   1.68043   0.62709   0.59226   0.01114   0.65797   0.50701   0.41342   0.39093   0.11939   0.04416   0.00440   0.14171   0.28230   0.06030   0.07673   0.09197   0.06682   0.02834   1.52907   0.69300   0.88983   0.85794   0.65143  
 22 776.7786  15104.192294  x:  2.36866   0.00000   0.90250   0.71964   0.87590   0.09320   0.85526   0.00000   0.93494   0.95846   0.12301   0.05297   0.00770   0.10499   0.13673   0.23676   0.09027   0.10651   0.05179   0.03334   0.12738   1.68490   0.62960   0.59512   0.01350   0.66060   0.50113   0.41278   0.38806   0.12430   0.04888   0.00000   0.14192   0.28056   0.06271   0.07758   0.09306   0.06581   0.02623   1.52911   0.69300   0.88971   0.85872   0.65157  
 23 315.1715  15091.686221  x:  2.42822   0.00000   0.92321   0.72254   0.87109   0.06540   0.87661   0.00000   0.96511   0.94439   0.15646   0.04770   0.00789   0.10636   0.13664   0.23152   0.09070   0.10763   0.04665   0.00937   0.09430   1.70371   0.63990   0.60689   0.02308   0.67178   0.47633   0.41030   0.37612   0.14011   0.06007   0.02244   0.14468   0.27474   0.06855   0.07972   0.09745   0.06339   0.02599   1.52960   0.69295   0.88925   0.86161   0.65184  
 24 506.1759  15056.283630  x:  2.56852   0.00000   0.97204   0.72928   0.85975   0.00000   0.92769   0.00000   1.03656   0.90965   0.21134   0.00379   0.01098   0.10945   0.13636   0.22032   0.09148   0.10973   0.04389   0.02466   0.01671   1.74795   0.66352   0.63398   0.04495   0.69825   0.41793   0.40532   0.34865   0.16823   0.07213   0.02756   0.14735   0.26091   0.07648   0.08265   0.10330   0.06030   0.02911   1.53079   0.69316   0.88878   0.86733   0.65219  
 25 1344.1409  15047.521946  x:  2.60219   0.00000   0.98394   0.73083   0.85705   0.00000   0.94134   0.00000   1.05451   0.89962   0.22018   0.00276   0.01570   0.10922   0.13663   0.21914   0.09149   0.10994   0.04720   0.02203   0.00000   1.75850   0.66841   0.63974   0.04979   0.70492   0.40410   0.40538   0.34272   0.16871   0.06843   0.02067   0.14676   0.25884   0.07430   0.08173   0.10211   0.06165   0.02793   1.53126   0.69323   0.88902   0.86781   0.65205  
 26 1396.4195  15013.235840  x:  2.83277   0.00000   1.06668   0.74063   0.83867   0.00000   1.04442   0.00000   1.18131   0.81448   0.22179   0.00945   0.00000   0.10340   0.13757   0.22272   0.09056   0.10741   0.03929   0.02355   0.00000   1.83017   0.69429   0.67203   0.08149   0.75198   0.31412   0.41579   0.31098   0.13718   0.01886   0.03443   0.14556   0.25923   0.05157   0.07435   0.09237   0.06652   0.05069   1.53664   0.69486   0.89110   0.86536   0.65007  
 27 1341.3535  14988.253607  x:  3.02088   0.00000   1.13405   0.74765   0.82369   0.00000   1.13375   0.00000   1.28523   0.73176   0.18693   0.02554   0.00572   0.09918   0.13751   0.23303   0.08960   0.10261   0.01225   0.02306   0.00000   1.88819   0.70860   0.69174   0.09539   0.79045   0.24560   0.43203   0.29594   0.10713   0.04552   0.02828   0.14456   0.26835   0.05617   0.07681   0.09035   0.05849   0.05411   1.54286   0.69633   0.89262   0.85973   0.64688  
 28 1432.2920  14959.245075  x:  3.33921   0.00000   1.24762   0.75890   0.79840   0.00000   1.28648   0.00000   1.46032   0.58524   0.11391   0.05061   0.00000   0.09421   0.13658   0.25210   0.08824   0.09525   0.04444   0.02390   0.00000   1.98618   0.72936   0.72165   0.10905   0.85546   0.13252   0.46260   0.27559   0.06268   0.10278   0.03653   0.14492   0.28721   0.07430   0.08474   0.09217   0.04250   0.05366   1.55445   0.69848   0.89459   0.84962   0.64033  
 29 4753.0102  14959.245075  x:  3.33921   0.00000   1.24762   0.75890   0.79840   0.00000   1.28648   0.00000   1.46032   0.58524   0.11391   0.05061   0.00000   0.09421   0.13658   0.25210   0.08824   0.09525   0.04444   0.02390   0.00000   1.98618   0.72936   0.72165   0.10905   0.85546   0.13252   0.46260   0.27559   0.06268   0.10278   0.03653   0.14492   0.28721   0.07430   0.08474   0.09217   0.04250   0.05366   1.55445   0.69848   0.89459   0.84962   0.64033  
 30 807.6385  14951.362338  x:  3.34109   0.00000   1.24804   0.75880   0.79833   0.00000   1.28725   0.00000   1.46089   0.58336   0.11629   0.04724   0.03741   0.09652   0.13714   0.25117   0.08851   0.09709   0.04629   0.02412   0.00000   1.98680   0.72884   0.72114   0.10461   0.85604   0.13300   0.46292   0.27644   0.07200   0.09873   0.02884   0.14431   0.28640   0.07270   0.08379   0.09200   0.04839   0.04828   1.55472   0.69815   0.89437   0.85007   0.63974  
 31 1165.1133  14933.323724  x:  3.34859   0.00000   1.24977   0.75840   0.79807   0.00000   1.29040   0.00000   1.46316   0.57581   0.12419   0.03252   0.03421   0.10089   0.13693   0.24755   0.08934   0.10101   0.05181   0.02447   0.00000   1.98929   0.72675   0.71911   0.08691   0.85828   0.13477   0.46419   0.27937   0.10131   0.08270   0.00000   0.14222   0.28329   0.06706   0.08042   0.09149   0.06473   0.02904   1.55569   0.69689   0.89355   0.85197   0.63759  
 32 484.1171  14924.312036  x:  3.36856   0.00000   1.25469   0.75740   0.79747   0.00000   1.29927   0.00000   1.46969   0.55535   0.14156   0.00803   0.03245   0.10667   0.13684   0.23939   0.09063   0.10703   0.05188   0.02236   0.00000   1.99610   0.72143   0.71390   0.04137   0.86427   0.13851   0.46715   0.28416   0.13068   0.04773   0.02640   0.14472   0.27863   0.06100   0.07666   0.09531   0.06742   0.02366   1.55839   0.69384   0.89151   0.85614   0.63327  
 33 318.8428  14917.744505  x:  3.38816   0.00000   1.25996   0.75655   0.79698   0.00000   1.30863   0.00000   1.47668   0.53535   0.15566   0.01736   0.03208   0.10806   0.13708   0.23320   0.09118   0.10967   0.04975   0.02434   0.00000   2.00302   0.71652   0.70904   0.00000   0.87025   0.14136   0.46997   0.28719   0.13942   0.03149   0.02356   0.14507   0.27424   0.06154   0.07658   0.09686   0.06159   0.03691   1.56066   0.69174   0.88992   0.85860   0.63090  
 34 357.0504  14909.113992  x:  3.47447   0.00000   1.28511   0.75317   0.79527   0.00000   1.35229   0.00000   1.50969   0.44476   0.18858   0.01254   0.03271   0.10760   0.13777   0.21231   0.09185   0.11217   0.04294   0.02055   0.00000   2.03467   0.69609   0.68863   0.00000   0.89715   0.15380   0.48223   0.29679   0.14463   0.04777   0.01567   0.14722   0.25838   0.06952   0.08036   0.10114   0.03656   0.04055   1.56976   0.68630   0.88354   0.86507   0.62680  
 35 267.0065  14900.161006  x:  3.58958   0.00000   1.31918   0.74895   0.79322   0.00000   1.41088   0.00000   1.55439   0.33195   0.21126   0.02009   0.03218   0.10357   0.13849   0.19507   0.09177   0.11028   0.04822   0.03179   0.00000   2.07728   0.67059   0.66307   0.00000   0.93266   0.15734   0.49748   0.30109   0.12616   0.05601   0.01881   0.14984   0.24383   0.07356   0.08303   0.10260   0.06494   0.04295   1.58105   0.68275   0.87790   0.86806   0.62439  
 36 653.0842  14892.050259  x:  3.69086   0.00000   1.34984   0.74571   0.79180   0.00000   1.46272   0.00000   1.59472   0.25665   0.20204   0.02376   0.03358   0.10171   0.13851   0.19928   0.09132   0.10560   0.05014   0.01334   0.00000   2.11532   0.65194   0.64426   0.00000   0.96367   0.13375   0.50931   0.29015   0.10367   0.03747   0.01171   0.14867   0.24234   0.06521   0.07932   0.09711   0.06168   0.03572   1.58939   0.68456   0.87825   0.86272   0.62528  
 37 461.2554  14885.704896  x:  3.79496   0.00000   1.38177   0.74262   0.79049   0.00000   1.51629   0.00000   1.63678   0.19376   0.18583   0.02311   0.03469   0.10212   0.13826   0.20817   0.09108   0.10311   0.05055   0.03220   0.00000   2.15471   0.63478   0.62687   0.00000   0.99593   0.09800   0.52122   0.27341   0.09552   0.02644   0.00644   0.14719   0.24457   0.05787   0.07567   0.09274   0.04845   0.03132   1.59733   0.68653   0.87988   0.85648   0.62666  
 38 1000.2613  14871.373568  x:  4.02213   0.00000   1.45230   0.73640   0.78787   0.00000   1.63379   0.00000   1.72980   0.09361   0.15518   0.03546   0.03378   0.10755   0.13755   0.22690   0.09137   0.10509   0.04615   0.02877   0.00000   2.24118   0.60156   0.59309   0.00000   1.06807   0.00000   0.54792   0.22906   0.12485   0.03997   0.00806   0.14516   0.25274   0.05517   0.07255   0.09135   0.04894   0.04958   1.61366   0.68708   0.88374   0.84698   0.62844  
 39 1009.5468  14852.130471  x:  4.43420   0.00000   1.58609   0.72762   0.78387   0.00000   1.85232   0.00000   1.90519   0.08547   0.14242   0.04006   0.03458   0.10549   0.13681   0.23474   0.09034   0.10886   0.04959   0.02843   0.00000   2.40129   0.55489   0.54483   0.00000   1.20761   0.00000   0.60543   0.14019   0.12179   0.03091   0.00000   0.14559   0.26077   0.09433   0.09217   0.10180   0.04802   0.05246   1.64083   0.67704   0.88407   0.85199   0.63527  
 40 421.7730  14842.286502  x:  4.62990   0.00000   1.64848   0.72432   0.78228   0.00000   1.95171   0.00000   1.98635   0.10725   0.14728   0.05763   0.03435   0.10594   0.13695   0.23825   0.09076   0.10537   0.04568   0.03008   0.00000   2.47675   0.54594   0.53453   0.00000   1.26849   0.00000   0.62852   0.12348   0.12207   0.04184   0.00324   0.14419   0.26452   0.05254   0.06986   0.09042   0.04578   0.04915   1.65310   0.67975   0.88472   0.85231   0.62980  
 41 655.0500  14837.204694  x:  4.72041   0.00000   1.67502   0.72452   0.78244   0.00000   1.98952   0.00000   2.01996   0.11519   0.13724   0.05118   0.03455   0.10826   0.13658   0.24767   0.09090   0.10101   0.04510   0.02997   0.00000   2.51078   0.56563   0.55266   0.00000   1.28570   0.00000   0.62804   0.15556   0.12146   0.04169   0.00000   0.14224   0.27243   0.05189   0.07155   0.08588   0.04746   0.06120   1.65674   0.69019   0.88862   0.84786   0.61712  
 42 225.9248  14834.642550  x:  4.79643   0.00000   1.69382   0.72602   0.78337   0.00000   2.01232   0.00000   2.04297   0.11397   0.13642   0.06950   0.03405   0.10637   0.13683   0.25538   0.09036   0.10462   0.05354   0.02998   0.00000   2.53794   0.59524   0.58031   0.00000   1.28817   0.00000   0.61670   0.16863   0.12717   0.04104   0.00631   0.14109   0.27847   0.06026   0.07190   0.08927   0.04291   0.04462   1.65841   0.69297   0.89427   0.84835   0.60684  
 43 210.5254  14832.138055  x:  4.87655   0.00000   1.71008   0.72854   0.78504   0.00000   2.02796   0.00000   2.06207   0.10851   0.14187   0.07086   0.03413   0.10449   0.13705   0.25785   0.08989   0.10927   0.03617   0.03085   0.00000   2.56496   0.63133   0.61389   0.00000   1.28035   0.00000   0.59723   0.16008   0.12393   0.03996   0.00463   0.14302   0.28037   0.05790   0.07273   0.09788   0.04593   0.04069   1.65927   0.68911   0.89885   0.85513   0.60167  
 44 208.9120  14829.860098  x:  4.96242   0.00000   1.72505   0.73163   0.78708   0.00000   2.03935   0.00000   2.07904   0.10281   0.14952   0.06331   0.03430   0.10444   0.13727   0.25567   0.08998   0.11094   0.04931   0.03009   0.00000   2.59261   0.66904   0.64869   0.00000   1.26606   0.00000   0.57471   0.14286   0.11999   0.04160   0.00132   0.14588   0.27869   0.05113   0.07172   0.10029   0.04487   0.04947   1.65997   0.68528   0.90097   0.86332   0.60016  
 45 348.4560  14828.688677  x:  5.01006   0.00000   1.72859   0.73367   0.78837   0.00000   2.03575   0.00000   2.08175   0.10336   0.14974   0.06223   0.03432   0.10697   0.13742   0.24805   0.09089   0.10304   0.04727   0.03028   0.00000   2.60510   0.68289   0.66057   0.00000   1.24855   0.00000   0.56503   0.13460   0.12267   0.04083   0.00243   0.14497   0.27240   0.05775   0.06865   0.08311   0.04531   0.05047   1.66042   0.69102   0.89677   0.86234   0.60522  
 46 113.1475  14826.617269  x:  5.11887   0.00000   1.72767   0.73786   0.79069   0.00000   2.01038   0.00000   2.07575   0.11172   0.13643   0.06440   0.03425   0.10830   0.13652   0.22999   0.09101   0.09880   0.04728   0.03004   0.00000   2.62774   0.68971   0.66256   0.00000   1.19657   0.00000   0.55881   0.13578   0.12801   0.03941   0.00421   0.13915   0.25746   0.05145   0.08109   0.09401   0.04454   0.04978   1.66244   0.69971   0.88775   0.85173   0.61919  
 47 94.4679  14823.202064  x:  5.32020   0.00000   1.72449   0.74342   0.79316   0.00000   1.96381   0.00000   2.06358   0.12396   0.12943   0.05964   0.03411   0.10582   0.13552   0.22367   0.09084   0.11380   0.04765   0.02968   0.00000   2.66791   0.68526   0.64982   0.00000   1.11134   0.00000   0.55991   0.14728   0.12592   0.04003   0.00321   0.13977   0.25066   0.06130   0.05925   0.10125   0.04548   0.05249   1.66814   0.68511   0.88635   0.84358   0.62368  
 48 223.6029  14819.463774  x:  5.57229   0.00000   1.72085   0.74841   0.79461   0.00000   1.91005   0.00000   2.04982   0.13340   0.14494   0.05606   0.03391   0.10408   0.13657   0.23544   0.09124   0.11714   0.04793   0.02973   0.00000   2.71757   0.67298   0.62787   0.00000   1.02321   0.00000   0.56587   0.15785   0.12416   0.04280   0.00377   0.14631   0.25940   0.05824   0.07903   0.08709   0.04648   0.04977   1.67635   0.66512   0.88663   0.84386   0.61216  
 49 422.0980  14817.758201  x:  5.70020   0.00000   1.71753   0.74926   0.79377   0.00000   1.88497   0.00000   2.04189   0.13390   0.16144   0.05335   0.03412   0.10580   0.13810   0.24060   0.09038   0.09985   0.04854   0.02999   0.00000   2.74069   0.66602   0.61672   0.00000   1.00498   0.00000   0.56863   0.15827   0.12210   0.04429   0.00284   0.14667   0.26891   0.06178   0.07392   0.09848   0.04702   0.04790   1.68014   0.68014   0.87841   0.85064   0.60065  
 50 197.4055  14814.735190  x:  5.95690   0.00000   1.69843   0.74721   0.78836   0.00000   1.82787   0.00000   2.01192   0.13022   0.17144   0.04863   0.03385   0.10233   0.13699   0.21435   0.09004   0.12299   0.04881   0.02990   0.00000   2.77482   0.65943   0.60373   0.00000   1.05103   0.00000   0.56813   0.16684   0.11544   0.04604   0.00339   0.14043   0.26792   0.06046   0.07639   0.09209   0.04757   0.04484   1.68121   0.70850   0.88539   0.87741   0.59867  
 51 109.8564  14812.015871  x:  6.16834   0.00000   1.67045   0.74505   0.78324   0.00000   1.76654   0.00000   1.97172   0.13153   0.17322   0.04507   0.03399   0.10421   0.13850   0.19989   0.09333   0.10225   0.04920   0.03002   0.00000   2.79198   0.65889   0.59880   0.00000   1.10540   0.00000   0.56446   0.17701   0.11767   0.04547   0.00448   0.14601   0.25330   0.06084   0.07515   0.09524   0.04783   0.04287   1.67904   0.69618   0.91399   0.88843   0.60535  
 52 236.9703  14810.001036  x:  6.29016   0.00000   1.62867   0.74445   0.78018   0.00000   1.70268   0.00000   1.91599   0.14175   0.17830   0.03712   0.03347   0.10479   0.13758   0.22819   0.08663   0.10905   0.04941   0.02953   0.00000   2.77698   0.66690   0.60601   0.00000   1.14595   0.00000   0.55763   0.17322   0.12255   0.04450   0.00581   0.15100   0.24040   0.06249   0.07639   0.09709   0.04995   0.04592   1.67585   0.69435   0.90331   0.86883   0.60664  
 53 101.1734  14809.309443  x:  6.32661   0.00000   1.61075   0.74536   0.78018   0.00000   1.68508   0.00000   1.89350   0.14521   0.17234   0.03474   0.03330   0.10515   0.13872   0.22628   0.09796   0.10902   0.04939   0.02927   0.00000   2.76279   0.67127   0.61145   0.00000   1.15761   0.00000   0.55750   0.17124   0.12527   0.04324   0.00642   0.14600   0.25500   0.06233   0.07631   0.09744   0.05053   0.04724   1.67514   0.68387   0.88787   0.86702   0.60221  
 54 65.0998  14809.047370  x:  6.34171   0.00000   1.60444   0.74651   0.78101   0.00000   1.68604   0.00000   1.88662   0.14568   0.17076   0.03372   0.03327   0.10582   0.13736   0.22081   0.08824   0.10817   0.04939   0.02916   0.00000   2.75361   0.67266   0.61413   0.00000   1.16054   0.00000   0.55969   0.17053   0.12670   0.04253   0.00646   0.14707   0.26344   0.06199   0.07613   0.09709   0.05068   0.04763   1.67497   0.67973   0.88380   0.86443   0.60044  
 55 38.1173  14808.468566  x:  6.38844   0.00000   1.59364   0.75201   0.78588   0.00000   1.71982   0.00000   1.87969   0.14394   0.17831   0.02988   0.03299   0.10642   0.13916   0.21345   0.09334   0.11055   0.04956   0.02893   0.00000   2.71894   0.67285   0.62072   0.00000   1.16220   0.00000   0.57157   0.16984   0.12828   0.04122   0.00639   0.15689   0.26884   0.06146   0.07579   0.09776   0.05143   0.04770   1.67469   0.68207   0.88625   0.85106   0.60259  
 56 26.7319  14807.515766  x:  6.46641   0.00000   1.57763   0.76076   0.79365   0.00000   1.78523   0.00000   1.87236   0.14157   0.18286   0.02395   0.03276   0.10662   0.13744   0.21744   0.09177   0.10965   0.04972   0.02862   0.00000   2.65320   0.66952   0.62933   0.00000   1.16107   0.00000   0.58634   0.17331   0.13185   0.03859   0.00880   0.14683   0.25468   0.06031   0.07481   0.09775   0.05262   0.04849   1.67581   0.67852   0.88145   0.86174   0.60360  
 57 73.9881  14807.322445  x:  6.47736   0.00000   1.57458   0.75976   0.79259   0.00000   1.79392   0.00000   1.87156   0.14394   0.17859   0.02354   0.03257   0.11047   0.13853   0.21662   0.09218   0.11069   0.04970   0.02849   0.00000   2.63204   0.66515   0.62796   0.00000   1.15799   0.00000   0.57686   0.17268   0.13278   0.03801   0.00880   0.15280   0.25189   0.06033   0.07512   0.09806   0.05281   0.04854   1.67724   0.68157   0.88458   0.86733   0.59562  
 58 22.3225  14807.173666  x:  6.48535   0.00000   1.57424   0.75710   0.79007   0.00000   1.79747   0.00000   1.87346   0.14623   0.17904   0.02208   0.03265   0.10467   0.13794   0.21742   0.09207   0.11034   0.04970   0.02839   0.00000   2.61180   0.66054   0.62594   0.00000   1.15530   0.00000   0.56393   0.17334   0.13477   0.03753   0.00903   0.15108   0.25591   0.06047   0.07513   0.09818   0.05311   0.04934   1.67802   0.68456   0.89025   0.86929   0.59735  
 59 23.1678  14807.094601  x:  6.49193   0.00000   1.57610   0.75487   0.78800   0.00000   1.79816   0.00000   1.87689   0.14698   0.18065   0.02196   0.03246   0.10986   0.13769   0.21845   0.09196   0.11108   0.04973   0.02836   0.00000   2.59962   0.65841   0.62532   0.00000   1.15484   0.00000   0.55788   0.17465   0.13429   0.03766   0.00918   0.14942   0.25891   0.06067   0.07518   0.09858   0.05331   0.04912   1.67825   0.68471   0.89152   0.86973   0.60180  
 60 22.0609  14806.781354  x:  6.53459   0.00000   1.59634   0.74290   0.77703   0.00000   1.79321   0.00000   1.90468   0.14605   0.18140   0.02259   0.03243   0.10697   0.13896   0.21762   0.09190   0.11041   0.04981   0.02836   0.00000   2.54694   0.65552   0.62881   0.00000   1.16044   0.00000   0.55421   0.17815   0.13394   0.03774   0.00867   0.15607   0.25636   0.06039   0.07496   0.09836   0.05321   0.04769   1.67991   0.67894   0.87886   0.86624   0.60585  
 61 14.9300  14806.544673  x:  6.56377   0.00000   1.61065   0.73612   0.77092   0.00000   1.78552   0.00000   1.92320   0.14577   0.18286   0.02212   0.03236   0.10807   0.13747   0.21477   0.09213   0.11041   0.04991   0.02840   0.00000   2.50591   0.65511   0.63291   0.00000   1.16290   0.00000   0.55728   0.17567   0.13251   0.03838   0.00885   0.14879   0.25340   0.06085   0.07527   0.09826   0.05342   0.04728   1.68077   0.67673   0.87975   0.85878   0.59847  
 62 49.9054  14806.226893  x:  6.58999   0.00000   1.62365   0.73964   0.77480   0.00000   1.76580   0.00000   1.93539   0.14689   0.17916   0.02247   0.03220   0.10795   0.13918   0.21806   0.09175   0.11047   0.04996   0.02829   0.00000   2.44964   0.66000   0.64194   0.00000   1.15971   0.00000   0.57550   0.17249   0.13351   0.03852   0.00855   0.15052   0.25767   0.06109   0.07557   0.09825   0.05366   0.04756   1.67707   0.68407   0.88985   0.86939   0.60145  
 63 20.9828  14806.013381  x:  6.61429   0.00000   1.62747   0.75357   0.78845   0.00000   1.76694   0.00000   1.93390   0.14765   0.17881   0.02363   0.03231   0.10777   0.12840   0.21847   0.09339   0.10979   0.05002   0.02832   0.00000   2.43261   0.65978   0.64080   0.00000   1.16305   0.00000   0.57213   0.17303   0.13260   0.03923   0.00813   0.15214   0.25792   0.06143   0.07581   0.09824   0.05364   0.04657   1.67303   0.68354   0.88861   0.86878   0.60054  
 64  7.8421  14805.599558  x:  6.66454   0.00000   1.63272   0.78028   0.81452   0.00000   1.77367   0.00000   1.92800   0.14936   0.17845   0.02523   0.03200   0.10672   0.13988   0.21853   0.09146   0.10960   0.05015   0.02838   0.00000   2.40504   0.65908   0.63726   0.00000   1.17043   0.00000   0.56258   0.17439   0.13046   0.04079   0.00750   0.14930   0.25760   0.06218   0.07630   0.09800   0.05368   0.04487   1.66562   0.68095   0.88566   0.86472   0.59817  
 65 45.6648  14802.957919  x:  6.92347   0.00000   1.58516   0.74128   0.77406   0.00000   1.86675   0.00000   1.84678   0.16116   0.16961   0.03416   0.03085   0.10304   0.13856   0.22368   0.09089   0.10677   0.05107   0.02832   0.00000   2.37396   0.68866   0.63909   0.00000   1.17596   0.00000   0.56791   0.17469   0.12216   0.04878   0.00340   0.14669   0.26239   0.06648   0.07948   0.09715   0.05464   0.03577   1.68018   0.68439   0.89135   0.86708   0.60139  
 66 10.4455  14793.556019  x:  7.51137   0.00000   1.67457   0.75887   0.77030   0.00000   1.95598   0.00000   2.09448   0.17550   0.15602   0.02938   0.02366   0.10488   0.13852   0.23610   0.09058   0.10585   0.05343   0.02476   0.00000   2.69089   0.69246   0.65345   0.00000   1.23553   0.00000   0.58724   0.17644   0.13725   0.04707   0.00160   0.14504   0.27481   0.06705   0.08106   0.09535   0.06540   0.01798   1.65101   0.68884   0.89550   0.86792   0.57635  
 67 11.4293  14793.079334  x:  7.54256   0.00000   1.71437   0.76061   0.78328   0.00000   1.95945   0.00000   2.08686   0.17604   0.15564   0.02875   0.02321   0.10509   0.13863   0.23658   0.09057   0.10585   0.05357   0.02456   0.00000   2.70863   0.69754   0.65321   0.00000   1.24295   0.00000   0.58850   0.17673   0.13807   0.04697   0.00138   0.14523   0.27540   0.06703   0.08116   0.09538   0.06601   0.01740   1.71628   0.68902   0.89714   0.86739   0.57943  
 68 12.0502  14792.752675  x:  7.56551   0.00000   1.79123   0.74031   0.78804   0.00000   1.96742   0.00000   2.04570   0.17600   0.15507   0.02733   0.02291   0.10545   0.13848   0.23672   0.09063   0.10594   0.05353   0.02441   0.00000   2.72144   0.70760   0.64131   0.00000   1.24412   0.00000   0.58936   0.17647   0.13890   0.04659   0.00165   0.14550   0.27558   0.06688   0.08109   0.09541   0.06654   0.01830   1.69836   0.68908   0.89656   0.86760   0.57731  
 69  4.7307  14791.049539  x:  7.78132   0.00000   1.78087   0.79792   0.74207   0.00000   1.97968   0.00000   2.09809   0.17924   0.14626   0.01932   0.02113   0.10558   0.13826   0.23682   0.09059   0.10493   0.05303   0.02424   0.00000   2.77462   0.72432   0.62979   0.00000   1.25150   0.00000   0.59185   0.17543   0.13273   0.05100   0.00136   0.14710   0.27620   0.06808   0.08214   0.09560   0.06878   0.02838   1.71602   0.68957   0.89547   0.86594   0.57817  
 70  1.2466  14790.767471  x:  7.82299   0.00000   1.76427   0.75009   0.79542   0.00000   1.97996   0.00000   2.11234   0.18039   0.14499   0.01832   0.02081   0.10549   0.13824   0.23655   0.09057   0.10477   0.05297   0.02422   0.00000   2.78445   0.70703   0.64899   0.00000   1.25140   0.00000   0.59172   0.17566   0.13137   0.05190   0.00122   0.14726   0.27611   0.06835   0.08233   0.09563   0.06908   0.02969   1.71758   0.68991   0.89526   0.86598   0.57832  
 71  5.9444  14790.615359  x:  7.88026   0.00000   1.77214   0.75899   0.78406   0.00000   1.97867   0.00000   2.09851   0.18106   0.14469   0.01808   0.02025   0.10551   0.13817   0.23599   0.09059   0.10485   0.05287   0.02412   0.00000   2.78924   0.65741   0.69787   0.00000   1.24798   0.00000   0.59039   0.17595   0.13099   0.05236   0.00113   0.14711   0.27555   0.06790   0.08196   0.09542   0.06903   0.02946   1.71513   0.69032   0.89507   0.86587   0.57899  
 72  1.0104  14788.857831  x:  8.59677   0.00000   1.75455   0.75588   0.78159   0.00000   1.95736   0.00000   2.07436   0.18630   0.14481   0.01315   0.01260   0.10727   0.13711   0.22802   0.09121   0.10715   0.05158   0.02247   0.00000   2.78346   0.69407   0.64756   0.00000   1.21323   0.00000   0.58044   0.17731   0.13184   0.05406   0.00079   0.14535   0.26734   0.06030   0.07589   0.09279   0.06871   0.02572   1.70786   0.69216   0.89073   0.85987   0.58624  
 73  2.6293  14788.238952  x:  8.93653   0.00000   1.74007   0.74790   0.78611   0.00000   1.95565   0.00000   2.07457   0.18685   0.14468   0.02117   0.00976   0.10689   0.13720   0.22740   0.09117   0.10660   0.05144   0.02234   0.00000   2.78108   0.69339   0.64235   0.00000   1.20242   0.00000   0.57845   0.17764   0.13203   0.05412   0.00213   0.14373   0.26651   0.05932   0.07492   0.09380   0.06822   0.02643   1.71365   0.69271   0.89272   0.86069   0.58719  
 74  0.4642  14787.595590  x:  9.49965   0.00000   1.74288   0.75385   0.78914   0.00000   1.94468   0.00000   2.06766   0.18245   0.15195   0.02068   0.01048   0.10568   0.13847   0.23022   0.09081   0.10483   0.05166   0.02484   0.00000   2.76801   0.69687   0.63950   0.00000   1.21459   0.00000   0.58560   0.17416   0.12623   0.05236   0.00145   0.14769   0.26963   0.06691   0.07971   0.09815   0.06451   0.02685   1.72186   0.68746   0.89307   0.86412   0.58241  
 75  0.3239  14787.064921  x: 10.49690   0.00000   1.75527   0.75353   0.78644   0.00000   1.95275   0.00000   2.08188   0.17804   0.14630   0.01873   0.01080   0.10626   0.13840   0.23350   0.09088   0.10618   0.05187   0.02377   0.00000   2.77580   0.69065   0.64962   0.00000   1.22178   0.00000   0.58604   0.17248   0.13343   0.04712   0.00293   0.14530   0.27272   0.06355   0.07889   0.09371   0.06289   0.02859   1.72813   0.69099   0.89417   0.86524   0.57908  
 76  0.3767  14786.780716  x: 11.28537   0.00000   1.75377   0.75244   0.78627   0.00000   1.95795   0.00000   2.07982   0.17759   0.14692   0.01949   0.01181   0.10658   0.13766   0.22938   0.09109   0.10651   0.05179   0.02371   0.00000   2.78455   0.69838   0.64348   0.00000   1.21685   0.00000   0.58325   0.17251   0.12986   0.04941   0.00035   0.14596   0.26899   0.06335   0.07812   0.09445   0.06356   0.02787   1.72426   0.69102   0.89226   0.86216   0.58424  
 77  0.4421  14786.659349  x: 11.99488   0.00000   1.75069   0.75248   0.78647   0.00000   1.96260   0.00000   2.08050   0.17774   0.14837   0.01921   0.01238   0.10657   0.13763   0.22922   0.09101   0.10601   0.05206   0.02405   0.00000   2.78743   0.69605   0.64177   0.00000   1.21616   0.00000   0.58412   0.17348   0.12899   0.05042   0.00238   0.14620   0.26843   0.06359   0.07786   0.09592   0.06569   0.02733   1.72648   0.69010   0.89276   0.86244   0.58431  
 78  0.5248  14786.594694  x: 12.80678   0.00000   1.75201   0.75350   0.78779   0.00000   1.95748   0.00000   2.07991   0.17969   0.14781   0.01943   0.01217   0.10613   0.13808   0.23065   0.09096   0.10622   0.05201   0.02389   0.00000   2.78546   0.69367   0.64496   0.00000   1.21736   0.00000   0.58545   0.17261   0.13253   0.05052   0.00149   0.14573   0.27003   0.06396   0.07819   0.09560   0.06596   0.02738   1.73065   0.68991   0.89375   0.86414   0.58143  
 79  0.4646  14786.576891  x: 13.36753   0.00000   1.75099   0.75307   0.78686   0.00000   1.95429   0.00000   2.07814   0.17990   0.14789   0.01945   0.01231   0.10661   0.13784   0.23049   0.09099   0.10614   0.05181   0.02395   0.00000   2.78190   0.69571   0.64355   0.00000   1.21615   0.00000   0.58420   0.17339   0.13067   0.05053   0.00151   0.14616   0.26984   0.06354   0.07818   0.09490   0.06572   0.02740   1.72845   0.69035   0.89259   0.86274   0.58302  
 80  0.2776  14786.572813  x: 13.72941   0.00000   1.75165   0.75319   0.78693   0.00000   1.95572   0.00000   2.07900   0.18012   0.14801   0.01937   0.01214   0.10631   0.13791   0.23025   0.09098   0.10624   0.05190   0.02390   0.00000   2.78290   0.69502   0.64419   0.00000   1.21632   0.00000   0.58447   0.17346   0.13112   0.05026   0.00160   0.14584   0.26960   0.06379   0.07825   0.09547   0.06553   0.02754   1.72911   0.69019   0.89330   0.86342   0.58284  
 81  0.2010  14786.572423  x: 13.82416   0.00000   1.75142   0.75324   0.78698   0.00000   1.95591   0.00000   2.07876   0.17999   0.14785   0.01942   0.01218   0.10639   0.13791   0.23038   0.09098   0.10615   0.05189   0.02391   0.00000   2.78298   0.69511   0.64395   0.00000   1.21652   0.00000   0.58456   0.17338   0.13101   0.05029   0.00159   0.14599   0.26972   0.06370   0.07818   0.09529   0.06548   0.02750   1.72924   0.69021   0.89312   0.86326   0.58268  
 82  0.0716  14786.572389  x: 13.85666   0.00000   1.75147   0.75319   0.78700   0.00000   1.95605   0.00000   2.07889   0.17993   0.14793   0.01941   0.01218   0.10639   0.13790   0.23035   0.09098   0.10619   0.05190   0.02391   0.00000   2.78322   0.69511   0.64399   0.00000   1.21653   0.00000   0.58455   0.17333   0.13104   0.05031   0.00159   0.14595   0.26970   0.06371   0.07819   0.09529   0.06549   0.02749   1.72924   0.69023   0.89311   0.86326   0.58275  
 83  0.0247  14786.572386  x: 13.85980   0.00000   1.75150   0.75319   0.78700   0.00000   1.95605   0.00000   2.07892   0.17989   0.14790   0.01941   0.01218   0.10639   0.13791   0.23035   0.09098   0.10618   0.05190   0.02391   0.00000   2.78323   0.69511   0.64398   0.00000   1.21655   0.00000   0.58455   0.17331   0.13105   0.05032   0.00159   0.14595   0.26970   0.06372   0.07819   0.09530   0.06549   0.02749   1.72924   0.69022   0.89313   0.86328   0.58275  
 84  0.0027  14786.572386  x: 13.85850   0.00000   1.75150   0.75319   0.78700   0.00000   1.95605   0.00000   2.07893   0.17988   0.14790   0.01941   0.01218   0.10639   0.13791   0.23036   0.09098   0.10618   0.05190   0.02391   0.00000   2.78321   0.69511   0.64399   0.00000   1.21655   0.00000   0.58455   0.17331   0.13105   0.05032   0.00158   0.14595   0.26971   0.06372   0.07819   0.09530   0.06549   0.02749   1.72924   0.69022   0.89313   0.86327   0.58274  
 85  0.0010  14786.572386  x: 13.85819   0.00000   1.75150   0.75319   0.78700   0.00000   1.95605   0.00000   2.07893   0.17988   0.14790   0.01941   0.01218   0.10639   0.13791   0.23036   0.09098   0.10618   0.05190   0.02391   0.00000   2.78321   0.69511   0.64399   0.00000   1.21655   0.00000   0.58455   0.17331   0.13105   0.05032   0.00158   0.14595   0.26971   0.06372   0.07819   0.09530   0.06549   0.02749   1.72924   0.69022   0.89313   0.86327   0.58274  
 86  0.0003  14786.572386  x: 13.85821   0.00000   1.75150   0.75319   0.78700   0.00000   1.95605   0.00000   2.07893   0.17988   0.14790   0.01941   0.01218   0.10639   0.13791   0.23036   0.09098   0.10618   0.05190   0.02391   0.00000   2.78321   0.69511   0.64399   0.00000   1.21655   0.00000   0.58455   0.17331   0.13105   0.05032   0.00158   0.14595   0.26971   0.06372   0.07819   0.09530   0.06549   0.02749   1.72924   0.69022   0.89313   0.86327   0.58274  
 87  0.0000  14786.572386  x: 13.85822   0.00000   1.75150   0.75319   0.78700   0.00000   1.95605   0.00000   2.07893   0.17988   0.14790   0.01941   0.01218   0.10639   0.13791   0.23036   0.09098   0.10618   0.05190   0.02391   0.00000   2.78321   0.69511   0.64399   0.00000   1.21655   0.00000   0.58455   0.17331   0.13105   0.05032   0.00158   0.14595   0.26971   0.06372   0.07819   0.09530   0.06549   0.02749   1.72924   0.69022   0.89313   0.86327   0.58274  
 88  0.0000  14786.572386  x: 13.85822   0.00000   1.75150   0.75319   0.78700   0.00000   1.95605   0.00000   2.07893   0.17988   0.14790   0.01941   0.01218   0.10639   0.13791   0.23036   0.09098   0.10618   0.05190   0.02391   0.00000   2.78321   0.69511   0.64399   0.00000   1.21655   0.00000   0.58455   0.17331   0.13105   0.05032   0.00158   0.14595   0.26971   0.06372   0.07819   0.09530   0.06549   0.02749   1.72924   0.69022   0.89313   0.86327   0.58274  