

TREE # 1

  0  0.0000   2419.479469  x:  0.29671   0.18755   0.14387   0.00196   0.01469   0.04925   0.00281   0.00051   0.01294   0.02409   0.00190   0.00880   0.04380   0.01640   0.03238   0.03932   0.08731   0.13097   0.03251   0.00883   0.00352   0.01745   0.02524   0.07411   0.12929   0.16147   0.00869   0.04357   0.00815   0.00206   0.00294   0.01383   0.00000   0.00146   0.01463   0.03847   0.00768   0.01885   0.03579   0.10788   0.10957   0.02815   0.01238   0.01141   0.01255   0.00783   0.14703   8.40433   1.16795   1.15619   1.09480   1.00000  
  1 99.0000   2419.478000  x:  0.29671   0.18755   0.14387   0.00196   0.01469   0.04925   0.00281   0.00050   0.01294   0.02409   0.00190   0.00880   0.04380   0.01640   0.03238   0.03932   0.08731   0.13097   0.03251   0.00883   0.00352   0.01745   0.02524   0.07411   0.12929   0.16147   0.00869   0.04357   0.00815   0.00206   0.00294   0.01383   0.00000   0.00146   0.01463   0.03847   0.00768   0.01885   0.03579   0.10788   0.10957   0.02815   0.01238   0.01141   0.01255   0.00783   0.14703   8.40433   1.16795   1.15619   1.09480   1.00000  
  2 533.6230   2418.715142  x:  0.29675   0.18760   0.14395   0.00189   0.01464   0.04928   0.00231   0.00000   0.01272   0.02400   0.00140   0.00869   0.04382   0.01631   0.03231   0.03933   0.08731   0.13092   0.03250   0.00872   0.00302   0.01733   0.02525   0.07411   0.12933   0.16156   0.00823   0.04352   0.00807   0.00155   0.00244   0.01380   0.00000   0.00096   0.01476   0.03840   0.00762   0.01900   0.03567   0.10794   0.10950   0.02821   0.01257   0.01094   0.01256   0.00777   0.14704   8.40430   1.16794   1.15613   1.09489   1.00003  
  3 5184.4775   2417.507994  x:  0.29682   0.18768   0.14410   0.00190   0.01461   0.04932   0.00135   0.00000   0.01249   0.02390   0.00044   0.00869   0.04384   0.01623   0.03221   0.03933   0.08731   0.13081   0.03248   0.00873   0.00207   0.01723   0.02527   0.07412   0.12940   0.16173   0.00733   0.04345   0.00810   0.00059   0.00148   0.01379   0.00000   0.00000   0.01474   0.03830   0.00766   0.01908   0.03548   0.10804   0.10936   0.02828   0.01248   0.01003   0.01256   0.00780   0.14706   8.40424   1.16792   1.15600   1.09506   1.00008  
  4 5948.8384   2417.027222  x:  0.29685   0.18771   0.14416   0.00190   0.01461   0.04934   0.00091   0.00000   0.01246   0.02388   0.00000   0.00870   0.04385   0.01623   0.03219   0.03933   0.08730   0.13077   0.03248   0.00874   0.00164   0.01722   0.02527   0.07412   0.12943   0.16180   0.00692   0.04343   0.00811   0.00015   0.00103   0.01380   0.00000   0.00000   0.01472   0.03827   0.00766   0.01908   0.03542   0.10808   0.10929   0.02829   0.01251   0.00962   0.01256   0.00781   0.14707   8.40421   1.16791   1.15595   1.09514   1.00011  
  5 27415.7078   2416.892436  x:  0.29686   0.18773   0.14418   0.00190   0.01461   0.04934   0.00076   0.00000   0.01246   0.02388   0.00000   0.00871   0.04385   0.01623   0.03218   0.03933   0.08730   0.13075   0.03248   0.00874   0.00149   0.01721   0.02527   0.07413   0.12944   0.16182   0.00678   0.04342   0.00811   0.00000   0.00089   0.01380   0.00000   0.00000   0.01472   0.03826   0.00765   0.01909   0.03540   0.10809   0.10927   0.02829   0.01252   0.00948   0.01256   0.00781   0.14707   8.40420   1.16791   1.15593   1.09516   1.00012  
  6 1235763.3912   2416.303775  x:  0.29691   0.18778   0.14427   0.00190   0.01461   0.04935   0.00000   0.00000   0.01241   0.02385   0.00000   0.00872   0.04386   0.01622   0.03215   0.03933   0.08730   0.13068   0.03247   0.00876   0.00074   0.01720   0.02527   0.07413   0.12948   0.16193   0.00607   0.04340   0.00812   0.00000   0.00012   0.01380   0.00000   0.00000   0.01470   0.03823   0.00766   0.01911   0.03532   0.10815   0.10917   0.02830   0.01257   0.00877   0.01256   0.00782   0.14708   8.40415   1.16789   1.15584   1.09529   1.00015  
  7 605896.2881   2416.232775  x:  0.29691   0.18779   0.14428   0.00190   0.01462   0.04936   0.00000   0.00000   0.01240   0.02385   0.00000   0.00873   0.04386   0.01622   0.03215   0.03933   0.08730   0.13067   0.03247   0.00876   0.00063   0.01719   0.02527   0.07413   0.12949   0.16194   0.00596   0.04340   0.00812   0.00000   0.00000   0.01380   0.00000   0.00000   0.01470   0.03822   0.00765   0.01910   0.03531   0.10816   0.10916   0.02831   0.01257   0.00866   0.01255   0.00781   0.14708   8.40414   1.16789   1.15582   1.09531   1.00016  
  8 22645.2231   2415.951167  x:  0.29690   0.18780   0.14430   0.00190   0.01465   0.04938   0.00000   0.00000   0.01234   0.02379   0.00000   0.00870   0.04387   0.01626   0.03210   0.03933   0.08730   0.13063   0.03247   0.00874   0.00000   0.01719   0.02527   0.07413   0.12949   0.16196   0.00538   0.04337   0.00813   0.00000   0.00000   0.01382   0.00000   0.00000   0.01473   0.03817   0.00769   0.01904   0.03523   0.10817   0.10913   0.02834   0.01262   0.00807   0.01256   0.00786   0.14705   8.40411   1.16788   1.15577   1.09539   1.00017  
  9 5694.3675   2414.229313  x:  0.29669   0.18789   0.14445   0.00194   0.01467   0.04968   0.00000   0.00000   0.01243   0.02329   0.00000   0.00883   0.04407   0.01668   0.03138   0.03935   0.08729   0.13040   0.03237   0.00866   0.00000   0.01742   0.02525   0.07414   0.12942   0.16206   0.00000   0.04291   0.00830   0.00000   0.00000   0.01374   0.00000   0.00000   0.01455   0.03742   0.00737   0.01952   0.03402   0.10835   0.10890   0.02859   0.01283   0.00254   0.01257   0.00770   0.14681   8.40374   1.16786   1.15532   1.09598   1.00025  
 10 2924.2038   2413.792536  x:  0.29664   0.18798   0.14463   0.00195   0.01455   0.04980   0.00000   0.00000   0.01258   0.02337   0.00000   0.00886   0.04415   0.01649   0.03121   0.03937   0.08728   0.13029   0.03235   0.00892   0.00000   0.01742   0.02525   0.07416   0.12946   0.16225   0.00000   0.04270   0.00800   0.00000   0.00000   0.01376   0.00000   0.00000   0.01460   0.03714   0.00766   0.01965   0.03344   0.10858   0.10873   0.02851   0.01298   0.00000   0.01252   0.00768   0.14677   8.40357   1.16788   1.15514   1.09623   1.00030  
 11 1090.9666   2412.703261  x:  0.29728   0.19246   0.15280   0.00184   0.01409   0.05101   0.00000   0.00000   0.01354   0.02821   0.00000   0.00728   0.04469   0.01091   0.03189   0.03979   0.08697   0.12455   0.03269   0.00757   0.00000   0.01541   0.02526   0.07482   0.13245   0.17173   0.00000   0.04047   0.01051   0.00000   0.00000   0.01461   0.00000   0.00000   0.01577   0.03527   0.00392   0.01713   0.02574   0.11628   0.10048   0.02478   0.01459   0.00000   0.01247   0.00978   0.14608   8.39763   1.16772   1.14739   1.10696   1.00294  
 12 92.4669   2411.338642  x:  0.29955   0.19925   0.16497   0.00159   0.01532   0.05126   0.00000   0.00000   0.01106   0.03110   0.00000   0.00820   0.04451   0.01389   0.03433   0.04001   0.08660   0.11570   0.03313   0.00396   0.00000   0.01399   0.02540   0.07552   0.13756   0.18601   0.00000   0.03992   0.01328   0.00000   0.00000   0.01411   0.00000   0.00000   0.01488   0.03595   0.00749   0.01759   0.02418   0.12583   0.08832   0.02367   0.01689   0.00000   0.01336   0.00447   0.14602   8.38908   1.16720   1.13577   1.12320   1.00731  
 13 221.1175   2409.867830  x:  0.30335   0.20823   0.18090   0.00130   0.01671   0.05088   0.00000   0.00000   0.00753   0.03031   0.00000   0.00638   0.04401   0.02141   0.03668   0.03995   0.08621   0.10382   0.03334   0.00922   0.00000   0.01509   0.02553   0.07616   0.14476   0.20469   0.00000   0.04057   0.01248   0.00000   0.00000   0.01244   0.00000   0.00000   0.01706   0.03775   0.00573   0.02209   0.02804   0.13653   0.07294   0.02661   0.01913   0.00000   0.01434   0.00711   0.14663   8.37755   1.16632   1.11991   1.14543   1.01364  
 14 404.0491   2409.165408  x:  0.30595   0.21229   0.18786   0.00131   0.01497   0.05024   0.00000   0.00000   0.00980   0.02459   0.00000   0.00969   0.04378   0.01962   0.03548   0.03953   0.08620   0.09842   0.03284   0.00570   0.00000   0.01629   0.02555   0.07597   0.14863   0.21274   0.00000   0.04181   0.00833   0.00000   0.00000   0.01350   0.00000   0.00000   0.01596   0.03819   0.00487   0.02191   0.03245   0.13837   0.06836   0.03101   0.01983   0.00000   0.01254   0.00975   0.14766   8.37131   1.16567   1.11135   1.15740   1.01749  
 15 164.3703   2408.786722  x:  0.30812   0.21443   0.19132   0.00139   0.01368   0.04962   0.00000   0.00000   0.01234   0.01983   0.00000   0.00673   0.04374   0.01603   0.03340   0.03915   0.08636   0.09570   0.03235   0.00696   0.00000   0.01757   0.02533   0.07545   0.15128   0.21664   0.00000   0.04289   0.01056   0.00000   0.00000   0.01345   0.00000   0.00000   0.01531   0.03801   0.00586   0.02124   0.03523   0.13627   0.06877   0.03275   0.02041   0.00000   0.01284   0.00791   0.14876   8.36652   1.16504   1.10501   1.16626   1.02075  
 16 108.4782   2408.132139  x:  0.31432   0.21768   0.19593   0.00150   0.01630   0.04867   0.00000   0.00000   0.01163   0.02140   0.00000   0.01031   0.04410   0.01443   0.02810   0.03876   0.08706   0.09250   0.03180   0.00734   0.00000   0.01828   0.02475   0.07358   0.15736   0.22125   0.00000   0.04424   0.01136   0.00000   0.00000   0.01140   0.00000   0.00000   0.01914   0.03623   0.00601   0.02148   0.03685   0.12279   0.07861   0.02974   0.02056   0.00000   0.01525   0.00769   0.15227   8.35262   1.16298   1.08768   1.19048   1.03087  
 17 74.6041   2407.618440  x:  0.31909   0.21937   0.19812   0.00144   0.01500   0.04855   0.00000   0.00000   0.01029   0.02395   0.00000   0.00731   0.04423   0.01665   0.02779   0.03892   0.08752   0.09128   0.03199   0.00658   0.00000   0.01722   0.02495   0.07254   0.16143   0.22297   0.00000   0.04428   0.00980   0.00000   0.00000   0.01409   0.00000   0.00000   0.01504   0.03564   0.00572   0.02251   0.03606   0.11194   0.08618   0.02763   0.02109   0.00000   0.01284   0.00864   0.15482   8.34052   1.16118   1.07339   1.21048   1.03960  
 18 176.0675   2407.261159  x:  0.32194   0.21858   0.19662   0.00108   0.01205   0.04976   0.00000   0.00000   0.01118   0.02246   0.00000   0.00824   0.04384   0.01781   0.03512   0.03967   0.08741   0.09309   0.03298   0.00702   0.00000   0.01556   0.02588   0.07322   0.16221   0.21989   0.00000   0.04231   0.01041   0.00000   0.00000   0.01177   0.00000   0.00000   0.01621   0.03742   0.00569   0.02159   0.03229   0.10732   0.08874   0.03031   0.02110   0.00000   0.01237   0.00861   0.15569   8.32819   1.15947   1.06117   1.22785   1.04803  
 19 75.8463   2406.929014  x:  0.32394   0.21614   0.19290   0.00082   0.01696   0.05067   0.00000   0.00000   0.01106   0.02114   0.00000   0.00833   0.04342   0.01552   0.03950   0.03983   0.08697   0.09656   0.03330   0.00698   0.00000   0.01694   0.02562   0.07457   0.16086   0.21363   0.00000   0.04083   0.00992   0.00000   0.00000   0.01443   0.00000   0.00000   0.01540   0.03903   0.00588   0.02347   0.03040   0.10747   0.08800   0.03198   0.02109   0.00000   0.01456   0.00867   0.15542   8.31324   1.15760   1.04837   1.24637   1.05778  
 20 99.5517   2406.205838  x:  0.32622   0.20890   0.18249   0.00099   0.01584   0.05048   0.00000   0.00000   0.00870   0.02266   0.00000   0.00825   0.04344   0.01438   0.03542   0.03855   0.08585   0.10464   0.03177   0.00671   0.00000   0.01938   0.02380   0.07692   0.15460   0.19714   0.00000   0.04124   0.01053   0.00000   0.00000   0.01163   0.00000   0.00000   0.01493   0.03835   0.00615   0.02248   0.03300   0.11553   0.08183   0.03001   0.02105   0.00000   0.01060   0.00851   0.15275   8.27776   1.15370   1.02198   1.28539   1.07969  
 21 124.7462   2406.010920  x:  0.32635   0.20673   0.17937   0.00111   0.01342   0.04997   0.00000   0.00000   0.00943   0.02307   0.00000   0.00864   0.04351   0.01538   0.03311   0.03851   0.08571   0.10644   0.03168   0.00695   0.00000   0.01691   0.02469   0.07698   0.15231   0.19278   0.00000   0.04201   0.01055   0.00000   0.00000   0.01343   0.00000   0.00000   0.01498   0.03784   0.00605   0.02202   0.03405   0.11830   0.08014   0.02948   0.02101   0.00000   0.01390   0.00860   0.15168   8.26636   1.15267   1.01497   1.29626   1.08620  
 22 156.6114   2405.942832  x:  0.32545   0.20605   0.17830   0.00114   0.01476   0.04934   0.00000   0.00000   0.01068   0.02292   0.00000   0.00859   0.04354   0.01566   0.03232   0.03916   0.08603   0.10595   0.03243   0.00716   0.00000   0.01434   0.02600   0.07593   0.15090   0.19254   0.00000   0.04280   0.01078   0.00000   0.00000   0.01326   0.00000   0.00000   0.01512   0.03769   0.00604   0.02244   0.03411   0.11939   0.08037   0.02979   0.02101   0.00000   0.01283   0.00857   0.15094   8.26016   1.15252   1.01387   1.29914   1.08874  
 23 37.1581   2405.688258  x:  0.31847   0.20393   0.17460   0.00115   0.01421   0.04701   0.00000   0.00000   0.00926   0.02308   0.00000   0.00857   0.04349   0.01504   0.03246   0.04213   0.08815   0.10052   0.03568   0.00698   0.00000   0.01661   0.02782   0.06940   0.14374   0.19638   0.00000   0.04543   0.01033   0.00000   0.00000   0.01252   0.00000   0.00000   0.01418   0.03787   0.00615   0.02227   0.03238   0.12288   0.08409   0.03104   0.02113   0.00000   0.01350   0.00875   0.14705   8.22726   1.15279   1.01487   1.30675   1.09963  
 24 42.1203   2405.429689  x:  0.31056   0.20264   0.17213   0.00112   0.01333   0.04822   0.00000   0.00000   0.00882   0.02216   0.00000   0.00972   0.04341   0.01534   0.03343   0.04072   0.08917   0.09614   0.03399   0.00755   0.00000   0.01583   0.02373   0.06720   0.13776   0.20095   0.00000   0.04436   0.01155   0.00000   0.00000   0.01568   0.00000   0.00000   0.01602   0.03814   0.00627   0.02294   0.03261   0.12415   0.08690   0.03074   0.02117   0.00000   0.01178   0.00837   0.14391   8.18918   1.15360   1.01837   1.31270   1.11094  
 25 97.7987   2405.062060  x:  0.29981   0.20173   0.17018   0.00110   0.01421   0.05101   0.00000   0.00000   0.00911   0.02163   0.00000   0.00896   0.04336   0.01500   0.03399   0.03723   0.08932   0.09259   0.03031   0.00721   0.00000   0.01346   0.02177   0.06869   0.13181   0.20658   0.00000   0.04131   0.01006   0.00000   0.00000   0.01239   0.00000   0.00000   0.01341   0.03815   0.00626   0.02257   0.03391   0.12391   0.08901   0.03011   0.02157   0.00000   0.01384   0.00908   0.14094   8.13361   1.15521   1.02484   1.31951   1.12636  
 26 199.8149   2404.372622  x:  0.28005   0.20176   0.16948   0.00115   0.01344   0.05412   0.00000   0.00000   0.00763   0.02265   0.00000   0.00983   0.04340   0.01360   0.03272   0.03426   0.08725   0.09252   0.02868   0.00749   0.00000   0.01529   0.03209   0.07815   0.12640   0.21452   0.00000   0.03746   0.01116   0.00000   0.00000   0.01402   0.00000   0.00000   0.01415   0.03761   0.00659   0.02305   0.03626   0.11989   0.08873   0.03079   0.02210   0.00000   0.01256   0.00864   0.13861   8.01451   1.15959   1.04081   1.33067   1.15705  
 27 237.5946   2402.835112  x:  0.24715   0.20430   0.17218   0.00128   0.01262   0.05057   0.00000   0.00000   0.00573   0.02160   0.00000   0.01054   0.04358   0.01224   0.02873   0.04391   0.08209   0.10290   0.03792   0.00763   0.00000   0.01268   0.02426   0.09250   0.12836   0.22148   0.00000   0.04377   0.01138   0.00000   0.00000   0.01378   0.00000   0.00000   0.01317   0.03652   0.00687   0.02388   0.03439   0.11024   0.08186   0.03314   0.02344   0.00000   0.01296   0.00888   0.14021   7.75303   1.17109   1.07803   1.34953   1.21947  
 28 339.7968   2400.261223  x:  0.23067   0.20847   0.17630   0.00115   0.01219   0.04017   0.00000   0.00000   0.00273   0.01817   0.00000   0.01162   0.04323   0.01108   0.03115   0.03771   0.08574   0.11477   0.02263   0.00774   0.00000   0.01079   0.02756   0.07416   0.14846   0.21111   0.00000   0.04926   0.01162   0.00000   0.00000   0.01388   0.00000   0.00000   0.01248   0.03724   0.00703   0.02607   0.02833   0.10907   0.07515   0.03214   0.02533   0.00000   0.01278   0.00932   0.14846   7.33888   1.19327   1.13669   1.36987   1.30683  
 29 335.7437   2398.045999  x:  0.23354   0.21059   0.17869   0.00128   0.01141   0.05334   0.00000   0.00000   0.00128   0.02316   0.00000   0.01138   0.04306   0.00843   0.02834   0.03186   0.08994   0.11592   0.03348   0.00745   0.00000   0.00880   0.02684   0.05853   0.16449   0.19708   0.00000   0.04051   0.01270   0.00000   0.00000   0.01391   0.00000   0.00000   0.01188   0.03646   0.00732   0.02677   0.03391   0.11339   0.07531   0.03952   0.02676   0.00000   0.01315   0.00895   0.15383   6.95172   1.21578   1.18880   1.38590   1.38230  
 30 754.8707   2395.602649  x:  0.25630   0.20866   0.17768   0.00146   0.01063   0.05387   0.00000   0.00000   0.00037   0.02491   0.00000   0.01096   0.04118   0.00736   0.02569   0.04774   0.09050   0.10222   0.02537   0.00709   0.00000   0.00781   0.02665   0.06849   0.16787   0.18511   0.00000   0.03565   0.01282   0.00000   0.00000   0.01403   0.00000   0.00000   0.01208   0.04019   0.00741   0.02779   0.03504   0.11985   0.08272   0.04246   0.02706   0.00000   0.01317   0.00887   0.15197   6.55481   1.24073   1.23588   1.39996   1.45023  
 31 522.6590   2393.990743  x:  0.27218   0.20672   0.17729   0.00167   0.01022   0.04971   0.00000   0.00000   0.00129   0.03581   0.00000   0.00937   0.03886   0.00583   0.02109   0.04969   0.08956   0.09364   0.01855   0.00676   0.00000   0.00728   0.02392   0.07411   0.16802   0.17822   0.00000   0.03530   0.01375   0.00000   0.00000   0.01426   0.00000   0.00000   0.01274   0.04390   0.00764   0.02830   0.03230   0.12044   0.08423   0.05819   0.02639   0.00000   0.01342   0.00799   0.14961   6.20607   1.26221   1.27500   1.41448   1.50912  
 32 1479.5945   2388.225327  x:  0.32027   0.19895   0.17602   0.00171   0.00982   0.03428   0.00000   0.00000   0.00100   0.03342   0.00000   0.00766   0.04264   0.00610   0.02419   0.02375   0.08338   0.07588   0.03085   0.00569   0.00000   0.00686   0.02190   0.09322   0.15845   0.16689   0.00000   0.04929   0.01181   0.00000   0.00000   0.01377   0.00000   0.00000   0.01501   0.03981   0.00752   0.03119   0.02296   0.12058   0.08596   0.05822   0.02383   0.00000   0.01373   0.00822   0.14004   5.22498   1.32389   1.37651   1.45437   1.66505  
 33 1591.9047   2378.114435  x:  0.37880   0.18790   0.17853   0.00150   0.00985   0.05745   0.00000   0.00000   0.00158   0.01979   0.00000   0.00465   0.04698   0.00663   0.03317   0.03817   0.07680   0.08817   0.02984   0.00321   0.00000   0.00823   0.02709   0.08246   0.13721   0.16904   0.00000   0.05941   0.00684   0.00000   0.00000   0.01191   0.00000   0.00000   0.02009   0.02627   0.00706   0.03477   0.02804   0.11293   0.07278   0.03539   0.01779   0.00000   0.01465   0.00888   0.12946   3.51473   1.43053   1.53797   1.52992   1.92575  
 34 2062.5920   2376.643707  x:  0.38262   0.18820   0.17755   0.00188   0.00908   0.05110   0.00000   0.00000   0.00175   0.01450   0.00000   0.00427   0.04485   0.00796   0.02682   0.03878   0.08068   0.09615   0.03463   0.00282   0.00000   0.00825   0.02718   0.08171   0.13601   0.17308   0.00000   0.04634   0.00551   0.00000   0.00000   0.01141   0.00000   0.00000   0.02081   0.04054   0.00675   0.03529   0.02675   0.11803   0.07667   0.02886   0.01691   0.00000   0.01447   0.00937   0.13360   3.24034   1.44821   1.55743   1.54129   1.96055  
 35 809.1278   2375.870080  x:  0.37984   0.19024   0.17407   0.00180   0.00917   0.04258   0.00000   0.00000   0.00183   0.01567   0.00000   0.00370   0.04598   0.00791   0.03047   0.03973   0.08513   0.10201   0.03557   0.00251   0.00000   0.00790   0.02609   0.08429   0.13766   0.17715   0.00000   0.03881   0.00547   0.00000   0.00000   0.01161   0.00000   0.00000   0.02118   0.03162   0.00662   0.03523   0.03138   0.12635   0.08420   0.03072   0.01661   0.00000   0.01471   0.00922   0.14108   3.09862   1.45846   1.55851   1.54488   1.96780  
 36 276.7523   2374.853394  x:  0.36959   0.19524   0.16553   0.00208   0.00900   0.05152   0.00000   0.00000   0.00173   0.01736   0.00000   0.00299   0.04549   0.00846   0.02982   0.03644   0.08794   0.10449   0.03282   0.00227   0.00000   0.00804   0.02623   0.09036   0.14315   0.18151   0.00000   0.05154   0.00530   0.00000   0.00000   0.01168   0.00000   0.00000   0.02149   0.03401   0.00635   0.03558   0.02833   0.13820   0.09527   0.03480   0.01636   0.00000   0.01471   0.00909   0.15396   2.89608   1.47518   1.54514   1.54405   1.95802  
 37 190.2294   2372.758050  x:  0.34547   0.20052   0.15768   0.00272   0.00916   0.04758   0.00000   0.00000   0.00153   0.01988   0.00000   0.00238   0.04324   0.00726   0.02734   0.03653   0.07278   0.08401   0.03252   0.00206   0.00000   0.00768   0.02582   0.08342   0.14904   0.17414   0.00000   0.04608   0.00523   0.00000   0.00000   0.01138   0.00000   0.00000   0.02231   0.03477   0.00640   0.03576   0.02710   0.12379   0.07967   0.03759   0.01559   0.00000   0.01491   0.00837   0.15173   2.50860   1.50794   1.50144   1.53147   1.90889  
 38 184.3941   2372.247958  x:  0.34204   0.19762   0.16972   0.00277   0.00916   0.04727   0.00000   0.00000   0.00146   0.02130   0.00000   0.00229   0.04667   0.00682   0.02656   0.03578   0.08729   0.08685   0.03175   0.00213   0.00000   0.00756   0.02533   0.08478   0.14643   0.17181   0.00000   0.04677   0.00527   0.00000   0.00000   0.01141   0.00000   0.00000   0.02239   0.03565   0.00648   0.03579   0.02657   0.11894   0.07692   0.04033   0.01558   0.00000   0.01495   0.00813   0.13865   2.40842   1.51257   1.48990   1.52837   1.89059  
 39 117.0508   2372.111239  x:  0.34226   0.19461   0.17646   0.00277   0.00910   0.04702   0.00000   0.00000   0.00142   0.02143   0.00000   0.00229   0.04081   0.00693   0.02638   0.03496   0.08373   0.09030   0.03151   0.00218   0.00000   0.00752   0.02527   0.08400   0.14471   0.17194   0.00000   0.04712   0.00521   0.00000   0.00000   0.01144   0.00000   0.00000   0.02234   0.03479   0.00646   0.03583   0.02625   0.12016   0.07982   0.04124   0.01571   0.00000   0.01492   0.00813   0.13454   2.38478   1.50957   1.48860   1.52896   1.88332  
 40 35.6256   2371.991749  x:  0.34254   0.19078   0.18140   0.00278   0.00909   0.04668   0.00000   0.00000   0.00140   0.02192   0.00000   0.00231   0.04603   0.00693   0.02632   0.03483   0.07813   0.09250   0.03088   0.00224   0.00000   0.00744   0.02518   0.08279   0.14303   0.17214   0.00000   0.04702   0.00524   0.00000   0.00000   0.01152   0.00000   0.00000   0.02225   0.03604   0.00645   0.03573   0.02638   0.12156   0.08244   0.04244   0.01593   0.00000   0.01490   0.00807   0.13391   2.36601   1.50244   1.48956   1.53113   1.87466  
 41 29.6665   2371.274936  x:  0.34157   0.17215   0.18447   0.00322   0.00932   0.04695   0.00000   0.00000   0.00138   0.02185   0.00000   0.00276   0.04384   0.00700   0.02531   0.03482   0.08196   0.08658   0.03106   0.00263   0.00000   0.00743   0.02519   0.08300   0.13872   0.16979   0.00000   0.04690   0.00522   0.00000   0.00000   0.01162   0.00000   0.00000   0.02209   0.03475   0.00642   0.03511   0.02524   0.11873   0.07862   0.04234   0.01702   0.00000   0.01475   0.00777   0.15124   2.27175   1.43708   1.50863   1.55251   1.81430  
 42 28.6306   2370.635361  x:  0.34107   0.18777   0.17118   0.00372   0.00944   0.04725   0.00000   0.00000   0.00141   0.02110   0.00000   0.00326   0.04460   0.00738   0.02459   0.03487   0.08138   0.08729   0.03138   0.00305   0.00000   0.00745   0.02531   0.08419   0.15032   0.16929   0.00000   0.04660   0.00502   0.00000   0.00000   0.01179   0.00000   0.00000   0.02181   0.03369   0.00638   0.03448   0.02508   0.12050   0.08044   0.04228   0.01783   0.00000   0.01457   0.00762   0.13602   2.19824   1.38011   1.52636   1.57297   1.76087  
 43 51.1021   2370.147143  x:  0.34417   0.21470   0.17351   0.00383   0.00950   0.04679   0.00000   0.00000   0.00137   0.02124   0.00000   0.00383   0.04436   0.00723   0.02409   0.03446   0.08110   0.09111   0.03086   0.00340   0.00000   0.00728   0.02524   0.08227   0.12784   0.16313   0.00000   0.04685   0.00531   0.00000   0.00000   0.01192   0.00000   0.00000   0.02139   0.03356   0.00640   0.03419   0.02450   0.11882   0.08027   0.04308   0.01887   0.00000   0.01445   0.00749   0.14418   2.18197   1.38368   1.52552   1.57894   1.72718  
 44  6.8545   2363.208591  x:  0.32399   0.18650   0.13595   0.00561   0.00984   0.04755   0.00000   0.00000   0.00131   0.01690   0.00000   0.01211   0.04536   0.00686   0.01918   0.03329   0.08240   0.10567   0.02934   0.00836   0.00000   0.00550   0.02574   0.08292   0.13745   0.19218   0.00000   0.04349   0.00799   0.00000   0.00000   0.01362   0.00000   0.00000   0.01548   0.02884   0.00690   0.02995   0.02216   0.11767   0.08181   0.04589   0.03286   0.00000   0.01271   0.00659   0.13822   2.10490   1.60955   1.44695   1.63945   1.27692  
 45 17.7593   2362.124858  x:  0.29497   0.18976   0.15702   0.00548   0.01005   0.04955   0.00000   0.00000   0.00147   0.01392   0.00000   0.01309   0.04616   0.00761   0.02156   0.03524   0.08335   0.08800   0.03037   0.00890   0.00000   0.00571   0.02639   0.08652   0.15056   0.16789   0.00000   0.04277   0.00770   0.00000   0.00000   0.01387   0.00000   0.00000   0.01490   0.02729   0.00681   0.02931   0.02312   0.12627   0.09215   0.04228   0.03363   0.00000   0.01240   0.00667   0.13875   2.10263   1.63137   1.43097   1.64877   1.21413  
 46 47.1777   2356.271961  x:  0.26331   0.19750   0.16527   0.00758   0.00982   0.04795   0.00000   0.00000   0.00119   0.01706   0.00000   0.01209   0.04511   0.00542   0.01880   0.03363   0.08320   0.08944   0.02847   0.00845   0.00000   0.00573   0.02596   0.08176   0.14793   0.18801   0.00000   0.04045   0.00651   0.00000   0.00000   0.01362   0.00000   0.00000   0.01696   0.02976   0.00670   0.03074   0.02142   0.12031   0.08597   0.04648   0.02549   0.00000   0.01264   0.00527   0.14201   2.27894   1.41808   1.22257   1.53502   0.88679  
 47  9.9985   2354.599973  x:  0.26376   0.19963   0.17031   0.00807   0.01086   0.04818   0.00000   0.00000   0.00121   0.01760   0.00000   0.01264   0.04525   0.00674   0.01912   0.03424   0.08377   0.08919   0.02839   0.00907   0.00000   0.00713   0.02582   0.08108   0.15223   0.19505   0.00000   0.03943   0.00672   0.00000   0.00000   0.01383   0.00000   0.00000   0.01711   0.03018   0.00632   0.02927   0.02193   0.11812   0.08582   0.04732   0.02834   0.00000   0.01260   0.00469   0.14590   2.31690   1.27992   1.05007   1.33879   0.96088  
 48  8.3125   2353.370221  x:  0.26853   0.20044   0.16961   0.00765   0.01346   0.04814   0.00000   0.00000   0.00134   0.02260   0.00000   0.01088   0.04511   0.01323   0.02080   0.03619   0.08491   0.09232   0.02793   0.00995   0.00000   0.01235   0.02448   0.07610   0.14895   0.19476   0.00000   0.03542   0.00627   0.00000   0.00000   0.01386   0.00000   0.00000   0.01796   0.03102   0.00588   0.02461   0.02205   0.11567   0.08059   0.04704   0.02661   0.00000   0.01259   0.00422   0.14492   2.38171   1.30182   1.11299   1.39749   0.93710  
 49  0.4688   2352.294176  x:  0.28169   0.20433   0.17629   0.00728   0.01319   0.04947   0.00000   0.00000   0.00159   0.02375   0.00000   0.01097   0.04447   0.01230   0.02754   0.03802   0.08493   0.09399   0.02939   0.01041   0.00000   0.01262   0.02518   0.07455   0.14962   0.20518   0.00000   0.03671   0.00816   0.00000   0.00000   0.01398   0.00000   0.00000   0.01651   0.03264   0.00727   0.02616   0.02415   0.12013   0.07839   0.03831   0.01645   0.00000   0.01243   0.00642   0.14777   2.36598   1.25045   1.10277   1.36777   0.94763  
 50  0.3652   2351.753982  x:  0.29521   0.20206   0.17309   0.00752   0.01339   0.05147   0.00000   0.00000   0.00180   0.02035   0.00000   0.00868   0.04516   0.01282   0.02760   0.03884   0.08570   0.09868   0.03044   0.00893   0.00000   0.01247   0.02577   0.07276   0.14343   0.19916   0.00000   0.03714   0.00825   0.00000   0.00000   0.01326   0.00000   0.00000   0.01796   0.03064   0.00718   0.02721   0.02507   0.11740   0.08022   0.03525   0.02214   0.00000   0.01273   0.00790   0.14690   2.38466   1.18408   1.08979   1.32511   0.93512  
 51  0.3728   2351.478146  x:  0.29994   0.20266   0.17549   0.00723   0.01365   0.05266   0.00000   0.00000   0.00202   0.01866   0.00000   0.00756   0.04547   0.01260   0.02731   0.03941   0.08584   0.09970   0.03176   0.00887   0.00000   0.01223   0.02627   0.07251   0.14253   0.19746   0.00000   0.03869   0.00539   0.00000   0.00000   0.01291   0.00000   0.00000   0.01925   0.03094   0.00624   0.02578   0.02689   0.11841   0.08062   0.03229   0.01979   0.00000   0.01290   0.00634   0.14781   2.38691   1.18732   1.09201   1.31484   0.95681  
 52  0.0505   2351.271424  x:  0.30035   0.20107   0.17918   0.00673   0.01275   0.05354   0.00000   0.00000   0.00240   0.01879   0.00000   0.00701   0.04536   0.01300   0.02596   0.04063   0.08576   0.09950   0.03373   0.00738   0.00000   0.01310   0.02642   0.07329   0.14501   0.19139   0.00000   0.03852   0.00695   0.00000   0.00000   0.01235   0.00000   0.00000   0.02021   0.03350   0.00617   0.02684   0.02613   0.12035   0.08223   0.03125   0.01962   0.00000   0.01309   0.00667   0.14671   2.35404   1.21134   1.09028   1.30104   0.95592  
 53  0.0495   2351.138032  x:  0.29825   0.20131   0.18117   0.00597   0.01251   0.05283   0.00000   0.00000   0.00281   0.01910   0.00000   0.00591   0.04522   0.01376   0.02682   0.04025   0.08531   0.09753   0.03314   0.00583   0.00000   0.01255   0.02602   0.07369   0.14628   0.19298   0.00000   0.03875   0.00610   0.00000   0.00000   0.01296   0.00000   0.00000   0.01994   0.03285   0.00627   0.02553   0.02498   0.11935   0.08063   0.03434   0.01875   0.00000   0.01278   0.00650   0.14589   2.35589   1.20623   1.07865   1.29576   0.94340  
 54  0.0146   2351.052039  x:  0.29645   0.20205   0.17866   0.00527   0.01312   0.05176   0.00000   0.00000   0.00324   0.01912   0.00000   0.00576   0.04487   0.01277   0.02771   0.03890   0.08528   0.09699   0.03213   0.00571   0.00000   0.01358   0.02590   0.07386   0.14817   0.19717   0.00000   0.03871   0.00649   0.00000   0.00000   0.01305   0.00000   0.00000   0.01868   0.03173   0.00654   0.02502   0.02634   0.12016   0.08107   0.03314   0.01930   0.00000   0.01263   0.00610   0.14722   2.37013   1.21599   1.08938   1.31095   0.95150  
 55  0.0189   2350.969701  x:  0.29450   0.20210   0.17599   0.00490   0.01309   0.05156   0.00000   0.00000   0.00395   0.02040   0.00000   0.00651   0.04520   0.01308   0.02656   0.03915   0.08589   0.09693   0.03138   0.00610   0.00000   0.01266   0.02601   0.07297   0.14735   0.19693   0.00000   0.03781   0.00615   0.00000   0.00000   0.01240   0.00000   0.00000   0.01849   0.03228   0.00672   0.02673   0.02591   0.12000   0.08130   0.03226   0.01876   0.00000   0.01307   0.00676   0.14721   2.38963   1.20551   1.08224   1.30465   0.95232  
 56  0.0113   2350.895751  x:  0.29931   0.20166   0.17605   0.00467   0.01291   0.05218   0.00000   0.00000   0.00485   0.01899   0.00000   0.00655   0.04525   0.01285   0.02638   0.03959   0.08551   0.09896   0.03169   0.00657   0.00000   0.01249   0.02590   0.07321   0.14450   0.19618   0.00000   0.03890   0.00672   0.00000   0.00000   0.01292   0.00000   0.00000   0.01880   0.03271   0.00614   0.02651   0.02581   0.11902   0.08084   0.03329   0.01929   0.00000   0.01302   0.00600   0.14690   2.36261   1.20126   1.08010   1.29925   0.94196  
 57  0.0183   2350.863521  x:  0.29780   0.20130   0.17769   0.00472   0.01284   0.05228   0.00000   0.00000   0.00544   0.01896   0.00000   0.00645   0.04521   0.01257   0.02606   0.03933   0.08523   0.09913   0.03200   0.00646   0.00000   0.01297   0.02580   0.07349   0.14480   0.19465   0.00000   0.03889   0.00624   0.00000   0.00000   0.01296   0.00000   0.00000   0.01949   0.03229   0.00643   0.02587   0.02530   0.11909   0.08089   0.03351   0.01984   0.00000   0.01291   0.00670   0.14658   2.36105   1.20871   1.08717   1.30653   0.95107  
 58  0.0142   2350.841517  x:  0.29569   0.20161   0.17903   0.00511   0.01281   0.05209   0.00000   0.00000   0.00606   0.01954   0.00000   0.00633   0.04502   0.01281   0.02648   0.03898   0.08538   0.09747   0.03198   0.00659   0.00000   0.01272   0.02601   0.07353   0.14613   0.19472   0.00000   0.03864   0.00647   0.00000   0.00000   0.01278   0.00000   0.00000   0.01969   0.03198   0.00642   0.02559   0.02606   0.11928   0.08077   0.03310   0.01912   0.00000   0.01278   0.00641   0.14643   2.36883   1.20499   1.08517   1.30709   0.95003  
 59  0.0066   2350.834963  x:  0.29686   0.20166   0.17847   0.00538   0.01290   0.05195   0.00000   0.00000   0.00634   0.01942   0.00000   0.00652   0.04511   0.01274   0.02694   0.03901   0.08544   0.09755   0.03183   0.00655   0.00000   0.01289   0.02597   0.07342   0.14597   0.19545   0.00000   0.03874   0.00632   0.00000   0.00000   0.01279   0.00000   0.00000   0.01937   0.03221   0.00642   0.02590   0.02577   0.11942   0.08099   0.03321   0.01935   0.00000   0.01283   0.00643   0.14656   2.36593   1.20740   1.08421   1.30530   0.94690  
 60  0.0053   2350.833418  x:  0.29714   0.20172   0.17817   0.00551   0.01290   0.05195   0.00000   0.00000   0.00643   0.01930   0.00000   0.00642   0.04514   0.01279   0.02667   0.03907   0.08544   0.09782   0.03184   0.00645   0.00000   0.01288   0.02590   0.07335   0.14579   0.19545   0.00000   0.03874   0.00641   0.00000   0.00000   0.01281   0.00000   0.00000   0.01932   0.03230   0.00639   0.02604   0.02565   0.11937   0.08092   0.03333   0.01929   0.00000   0.01286   0.00642   0.14669   2.36796   1.20671   1.08548   1.30596   0.94937  
 61  0.0046   2350.833221  x:  0.29703   0.20170   0.17810   0.00556   0.01289   0.05199   0.00000   0.00000   0.00644   0.01932   0.00000   0.00641   0.04514   0.01284   0.02658   0.03909   0.08541   0.09790   0.03185   0.00644   0.00000   0.01287   0.02590   0.07339   0.14581   0.19543   0.00000   0.03874   0.00640   0.00000   0.00000   0.01284   0.00000   0.00000   0.01927   0.03225   0.00640   0.02594   0.02573   0.11932   0.08085   0.03327   0.01931   0.00000   0.01286   0.00643   0.14673   2.36674   1.20712   1.08526   1.30593   0.94910  
 62  0.0015   2350.833205  x:  0.29693   0.20167   0.17807   0.00557   0.01290   0.05200   0.00000   0.00000   0.00643   0.01933   0.00000   0.00641   0.04512   0.01283   0.02661   0.03910   0.08541   0.09792   0.03185   0.00644   0.00000   0.01287   0.02590   0.07339   0.14583   0.19542   0.00000   0.03873   0.00639   0.00000   0.00000   0.01283   0.00000   0.00000   0.01927   0.03226   0.00640   0.02592   0.02571   0.11931   0.08087   0.03327   0.01930   0.00000   0.01287   0.00642   0.14670   2.36681   1.20715   1.08527   1.30597   0.94930  
 63  0.0003   2350.833203  x:  0.29693   0.20167   0.17807   0.00558   0.01290   0.05200   0.00000   0.00000   0.00643   0.01932   0.00000   0.00641   0.04513   0.01283   0.02661   0.03910   0.08541   0.09791   0.03184   0.00644   0.00000   0.01287   0.02591   0.07339   0.14583   0.19543   0.00000   0.03873   0.00640   0.00000   0.00000   0.01283   0.00000   0.00000   0.01927   0.03225   0.00640   0.02593   0.02572   0.11931   0.08088   0.03328   0.01930   0.00000   0.01287   0.00642   0.14669   2.36681   1.20717   1.08528   1.30600   0.94925  
 64  0.0001   2350.833203  x:  0.29693   0.20167   0.17808   0.00558   0.01290   0.05200   0.00000   0.00000   0.00642   0.01932   0.00000   0.00641   0.04513   0.01283   0.02661   0.03910   0.08541   0.09791   0.03184   0.00644   0.00000   0.01287   0.02591   0.07339   0.14583   0.19543   0.00000   0.03873   0.00640   0.00000   0.00000   0.01283   0.00000   0.00000   0.01927   0.03225   0.00640   0.02593   0.02572   0.11931   0.08087   0.03328   0.01930   0.00000   0.01287   0.00642   0.14669   2.36685   1.20716   1.08528   1.30598   0.94925  
 65  0.0000   2350.833203  x:  0.29693   0.20167   0.17808   0.00558   0.01290   0.05200   0.00000   0.00000   0.00642   0.01932   0.00000   0.00641   0.04513   0.01283   0.02661   0.03910   0.08541   0.09791   0.03184   0.00644   0.00000   0.01287   0.02591   0.07339   0.14583   0.19543   0.00000   0.03873   0.00640   0.00000   0.00000   0.01283   0.00000   0.00000   0.01927   0.03225   0.00640   0.02593   0.02572   0.11931   0.08087   0.03328   0.01930   0.00000   0.01287   0.00642   0.14669   2.36683   1.20716   1.08528   1.30598   0.94925  
 66  0.0000   2350.833203  x:  0.29693   0.20167   0.17808   0.00558   0.01290   0.05200   0.00000   0.00000   0.00642   0.01932   0.00000   0.00641   0.04513   0.01283   0.02661   0.03910   0.08541   0.09791   0.03184   0.00644   0.00000   0.01287   0.02591   0.07339   0.14583   0.19543   0.00000   0.03873   0.00640   0.00000   0.00000   0.01283   0.00000   0.00000   0.01927   0.03225   0.00640   0.02593   0.02572   0.11931   0.08087   0.03328   0.01930   0.00000   0.01287   0.00642   0.14669   2.36683   1.20716   1.08528   1.30598   0.94925  
 67  0.0000   2350.833203  x:  0.29693   0.20167   0.17808   0.00558   0.01290   0.05200   0.00000   0.00000   0.00642   0.01932   0.00000   0.00641   0.04513   0.01283   0.02661   0.03910   0.08541   0.09791   0.03184   0.00644   0.00000   0.01287   0.02591   0.07339   0.14583   0.19543   0.00000   0.03873   0.00640   0.00000   0.00000   0.01283   0.00000   0.00000   0.01927   0.03225   0.00640   0.02593   0.02572   0.11931   0.08087   0.03328   0.01930   0.00000   0.01287   0.00642   0.14669   2.36683   1.20716   1.08528   1.30598   0.94925  
 68  0.0000   2350.833203  x:  0.29693   0.20167   0.17808   0.00558   0.01290   0.05200   0.00000   0.00000   0.00642   0.01932   0.00000   0.00641   0.04513   0.01283   0.02661   0.03910   0.08541   0.09791   0.03184   0.00644   0.00000   0.01287   0.02591   0.07339   0.14583   0.19543   0.00000   0.03873   0.00640   0.00000   0.00000   0.01283   0.00000   0.00000   0.01927   0.03225   0.00640   0.02593   0.02572   0.11931   0.08087   0.03328   0.01930   0.00000   0.01287   0.00642   0.14669   2.36683   1.20716   1.08528   1.30598   0.94925  

TREE # 2

  0  0.0000   2368.492969  x:  0.12794   0.15499   0.01307   0.04239   0.01380   0.00450   0.00743   0.01396   0.00000   0.00501   0.01748   0.03761   0.00879   0.01647   0.03571   0.10271   0.10664   0.02975   0.01934   0.00981   0.01900   0.01254   0.13791   0.17912   0.13624   0.01053   0.01633   0.04827   0.00610   0.00806   0.01818   0.02906   0.00720   0.01434   0.04954   0.01653   0.03229   0.03646   0.08284   0.12404   0.03827   0.01562   0.00980   0.01499   0.02840   0.07251   0.28042   2.36683   1.15198   1.00176   1.25164   0.94925  
  1 99.0000   2368.491410  x:  0.12794   0.15499   0.01307   0.04239   0.01380   0.00450   0.00743   0.01396   0.00000   0.00501   0.01748   0.03761   0.00879   0.01647   0.03571   0.10271   0.10664   0.02975   0.01934   0.00981   0.01900   0.01254   0.13791   0.17912   0.13624   0.01052   0.01633   0.04827   0.00610   0.00806   0.01818   0.02906   0.00720   0.01434   0.04954   0.01653   0.03229   0.03646   0.08284   0.12404   0.03827   0.01562   0.00980   0.01499   0.02840   0.07251   0.28042   2.36683   1.15198   1.00176   1.25164   0.94925  
  2 551.6051   2361.882159  x:  0.12822   0.15575   0.00878   0.04218   0.01306   0.00000   0.00293   0.01411   0.00000   0.00054   0.01736   0.03727   0.00965   0.01495   0.03492   0.10324   0.10604   0.02989   0.01945   0.00550   0.01861   0.01219   0.13814   0.17951   0.13703   0.01055   0.01633   0.04847   0.00162   0.00358   0.01646   0.02827   0.00275   0.01345   0.04930   0.01651   0.03193   0.03659   0.08294   0.12361   0.03786   0.01442   0.00538   0.01512   0.02826   0.07254   0.28073   2.36683   1.15201   1.00193   1.25164   0.94924  
  3 2815.9261   2361.214827  x:  0.12825   0.15583   0.00828   0.04217   0.01307   0.00000   0.00240   0.01412   0.00000   0.00000   0.01735   0.03725   0.00967   0.01500   0.03486   0.10329   0.10597   0.02989   0.01947   0.00498   0.01862   0.01223   0.13816   0.17955   0.13711   0.01060   0.01636   0.04848   0.00109   0.00305   0.01636   0.02823   0.00222   0.01345   0.04928   0.01653   0.03192   0.03659   0.08295   0.12356   0.03784   0.01438   0.00485   0.01514   0.02826   0.07255   0.28077   2.36683   1.15201   1.00195   1.25165   0.94924  
  4 8758.1514   2360.037091  x:  0.12831   0.15598   0.00725   0.04216   0.01308   0.00000   0.00132   0.01412   0.00000   0.00000   0.01736   0.03723   0.00965   0.01502   0.03478   0.10338   0.10585   0.02989   0.01950   0.00395   0.01863   0.01226   0.13819   0.17963   0.13725   0.01062   0.01637   0.04849   0.00000   0.00196   0.01625   0.02818   0.00115   0.01345   0.04926   0.01655   0.03190   0.03660   0.08296   0.12346   0.03781   0.01436   0.00378   0.01515   0.02825   0.07255   0.28082   2.36683   1.15203   1.00198   1.25166   0.94923  
  5 92285.1122   2358.958936  x:  0.12837   0.15613   0.00615   0.04214   0.01311   0.00000   0.00016   0.01411   0.00000   0.00000   0.01737   0.03720   0.00961   0.01504   0.03468   0.10348   0.10572   0.02988   0.01953   0.00284   0.01865   0.01229   0.13823   0.17971   0.13741   0.01065   0.01638   0.04850   0.00000   0.00081   0.01612   0.02814   0.00000   0.01346   0.04924   0.01656   0.03189   0.03660   0.08298   0.12336   0.03778   0.01433   0.00265   0.01515   0.02825   0.07256   0.28089   2.36683   1.15204   1.00201   1.25167   0.94922  
  6 3641575.5806   2358.840809  x:  0.12839   0.15619   0.00600   0.04214   0.01313   0.00000   0.00000   0.01411   0.00000   0.00000   0.01737   0.03719   0.00965   0.01505   0.03466   0.10352   0.10568   0.02988   0.01953   0.00269   0.01866   0.01229   0.13825   0.17974   0.13747   0.01061   0.01637   0.04851   0.00000   0.00070   0.01610   0.02813   0.00000   0.01349   0.04923   0.01655   0.03188   0.03660   0.08298   0.12334   0.03777   0.01435   0.00249   0.01514   0.02825   0.07256   0.28091   2.36683   1.15203   1.00203   1.25166   0.94922  
  7 2872.4811   2357.920443  x:  0.12866   0.15686   0.00436   0.04215   0.01299   0.00000   0.00000   0.01428   0.00000   0.00000   0.01717   0.03720   0.00959   0.01510   0.03460   0.10388   0.10519   0.02988   0.01958   0.00107   0.01856   0.01211   0.13849   0.18007   0.13816   0.01068   0.01639   0.04848   0.00000   0.00000   0.01631   0.02821   0.00000   0.01341   0.04920   0.01654   0.03192   0.03659   0.08305   0.12298   0.03776   0.01447   0.00083   0.01535   0.02825   0.07260   0.28125   2.36684   1.15187   1.00239   1.25143   0.94929  
  8 1698.0249   2357.523687  x:  0.12876   0.15709   0.00354   0.04216   0.01293   0.00000   0.00000   0.01418   0.00000   0.00000   0.01730   0.03723   0.00964   0.01513   0.03462   0.10395   0.10500   0.02990   0.01961   0.00026   0.01853   0.01217   0.13855   0.18020   0.13838   0.01075   0.01642   0.04847   0.00000   0.00000   0.01641   0.02824   0.00000   0.01333   0.04922   0.01659   0.03194   0.03659   0.08306   0.12283   0.03779   0.01438   0.00000   0.01529   0.02823   0.07260   0.28137   2.36685   1.15178   1.00257   1.25131   0.94932  
  9 2504.8041   2357.443352  x:  0.12878   0.15712   0.00328   0.04216   0.01294   0.00000   0.00000   0.01419   0.00000   0.00000   0.01728   0.03723   0.00964   0.01514   0.03462   0.10394   0.10496   0.02990   0.01961   0.00000   0.01854   0.01219   0.13855   0.18022   0.13841   0.01074   0.01642   0.04847   0.00000   0.00000   0.01641   0.02824   0.00000   0.01332   0.04923   0.01659   0.03194   0.03660   0.08305   0.12279   0.03780   0.01435   0.00000   0.01528   0.02823   0.07260   0.28139   2.36685   1.15176   1.00262   1.25127   0.94933  
 10 1711.8653   2356.907704  x:  0.12890   0.15730   0.00000   0.04215   0.01297   0.00000   0.00000   0.01417   0.00000   0.00000   0.01738   0.03722   0.00963   0.01523   0.03449   0.10382   0.10467   0.02989   0.01970   0.00000   0.01855   0.01211   0.13848   0.18039   0.13854   0.01078   0.01643   0.04850   0.00000   0.00000   0.01620   0.02815   0.00000   0.01338   0.04927   0.01658   0.03190   0.03661   0.08300   0.12241   0.03781   0.01432   0.00000   0.01545   0.02823   0.07257   0.28153   2.36687   1.15148   1.00321   1.25086   0.94944  
 11 2766.4476   2356.024878  x:  0.13130   0.16055   0.00000   0.04110   0.01019   0.00000   0.00000   0.01341   0.00000   0.00000   0.01462   0.03519   0.00887   0.01771   0.02531   0.10574   0.09805   0.02992   0.01587   0.00000   0.01692   0.01231   0.13656   0.18437   0.14117   0.01456   0.01833   0.04911   0.00000   0.00000   0.01101   0.02697   0.00000   0.01220   0.04736   0.01868   0.03169   0.03632   0.08297   0.11400   0.03523   0.01872   0.00000   0.01066   0.02862   0.07251   0.28372   2.36756   1.14475   1.01866   1.24026   0.95179  
 12 131.4717   2355.532082  x:  0.13159   0.16133   0.00000   0.03945   0.01080   0.00000   0.00000   0.01539   0.00000   0.00000   0.01659   0.03239   0.00838   0.01919   0.02349   0.11643   0.09732   0.03100   0.01726   0.00000   0.01714   0.01775   0.13727   0.18574   0.14346   0.01269   0.01718   0.04948   0.00000   0.00000   0.01029   0.02619   0.00000   0.00851   0.04236   0.01866   0.03113   0.03624   0.08572   0.11402   0.03050   0.01869   0.00000   0.01334   0.02807   0.07400   0.28250   2.36791   1.14292   1.02555   1.23600   0.95221  
 13 47.2826   2355.170570  x:  0.13150   0.16252   0.00000   0.03870   0.00988   0.00000   0.00000   0.01326   0.00000   0.00000   0.01510   0.03185   0.00797   0.02021   0.02698   0.12801   0.09830   0.03109   0.01833   0.00000   0.01699   0.01667   0.13954   0.18643   0.14676   0.01410   0.01819   0.04997   0.00000   0.00000   0.00833   0.02439   0.00000   0.01312   0.04038   0.01854   0.03038   0.03665   0.08861   0.11707   0.02950   0.01462   0.00000   0.01325   0.02780   0.07558   0.28052   2.36812   1.14328   1.02881   1.23452   0.95186  
 14 53.3062   2355.021490  x:  0.13143   0.16379   0.00000   0.03910   0.01245   0.00000   0.00000   0.01494   0.00000   0.00000   0.01638   0.03279   0.00780   0.02070   0.02608   0.13264   0.09931   0.03014   0.01686   0.00000   0.01818   0.01426   0.14150   0.18653   0.14907   0.01536   0.01869   0.05036   0.00000   0.00000   0.00768   0.02326   0.00000   0.01244   0.04249   0.01865   0.02984   0.03685   0.08938   0.11978   0.03145   0.01282   0.00000   0.01264   0.02828   0.07591   0.27939   2.36815   1.14487   1.02832   1.23549   0.95122  
 15 39.0631   2354.948725  x:  0.13148   0.16524   0.00000   0.03951   0.01247   0.00000   0.00000   0.01321   0.00000   0.00000   0.01527   0.03314   0.00771   0.02091   0.02418   0.13318   0.09998   0.02962   0.01832   0.00000   0.01894   0.01463   0.14316   0.18645   0.15084   0.01522   0.01828   0.05074   0.00000   0.00000   0.00745   0.02275   0.00000   0.01160   0.04460   0.01871   0.02934   0.03692   0.08885   0.12179   0.03232   0.01292   0.00000   0.01319   0.02853   0.07541   0.27881   2.36810   1.14729   1.02600   1.23780   0.95038  
 16 24.7323   2354.829475  x:  0.13197   0.16903   0.00000   0.03962   0.01017   0.00000   0.00000   0.01477   0.00000   0.00000   0.01635   0.03251   0.00760   0.02124   0.02380   0.13041   0.10027   0.02977   0.01795   0.00000   0.01831   0.01642   0.14629   0.18648   0.15446   0.01481   0.01811   0.05138   0.00000   0.00000   0.00652   0.02233   0.00000   0.01300   0.04621   0.01878   0.02879   0.03700   0.08666   0.12453   0.03154   0.01333   0.00000   0.01336   0.02832   0.07376   0.27836   2.36792   1.15378   1.01938   1.24438   0.94817  
 17 28.9615   2354.714172  x:  0.13262   0.17275   0.00000   0.03859   0.01243   0.00000   0.00000   0.01380   0.00000   0.00000   0.01584   0.03100   0.00749   0.02149   0.02403   0.12643   0.09951   0.03022   0.01707   0.00000   0.01754   0.01558   0.14847   0.18667   0.15747   0.01525   0.01879   0.05179   0.00000   0.00000   0.00713   0.02130   0.00000   0.01255   0.04384   0.01865   0.02856   0.03705   0.08494   0.12557   0.02925   0.01250   0.00000   0.01353   0.02809   0.07270   0.27841   2.36769   1.16165   1.01144   1.25258   0.94548  
 18 46.9691   2354.653399  x:  0.13301   0.17406   0.00000   0.03827   0.01256   0.00000   0.00000   0.01411   0.00000   0.00000   0.01578   0.03156   0.00743   0.02159   0.02460   0.12508   0.09838   0.03015   0.01836   0.00000   0.01849   0.01496   0.14858   0.18690   0.15825   0.01560   0.01872   0.05139   0.00000   0.00000   0.00597   0.02238   0.00000   0.01174   0.04161   0.01875   0.02909   0.03694   0.08532   0.12467   0.02984   0.01263   0.00000   0.01272   0.02822   0.07331   0.27880   2.36751   1.16667   1.00658   1.25797   0.94372  
 19 37.5745   2354.575420  x:  0.13354   0.17468   0.00000   0.03810   0.01150   0.00000   0.00000   0.01413   0.00000   0.00000   0.01603   0.03220   0.00738   0.02170   0.02302   0.12489   0.09603   0.02976   0.01782   0.00000   0.01988   0.01512   0.14715   0.18741   0.15809   0.01548   0.01822   0.05101   0.00000   0.00000   0.00680   0.02141   0.00000   0.01267   0.03998   0.01878   0.02883   0.03695   0.08728   0.12139   0.03098   0.01152   0.00000   0.01327   0.02846   0.07515   0.27978   2.36722   1.17424   0.99980   1.26631   0.94100  
 20 40.5545   2354.498541  x:  0.13419   0.17452   0.00000   0.03865   0.01209   0.00000   0.00000   0.01365   0.00000   0.00000   0.01585   0.03205   0.00737   0.02174   0.02408   0.12628   0.09337   0.03004   0.01711   0.00000   0.01834   0.01573   0.14483   0.18821   0.15738   0.01511   0.01838   0.05089   0.00000   0.00000   0.00599   0.02117   0.00000   0.01227   0.04238   0.01865   0.02846   0.03703   0.08939   0.11669   0.03092   0.01200   0.00000   0.01382   0.02824   0.07661   0.28116   2.36688   1.18225   0.99360   1.27530   0.93800  
 21 43.2906   2354.477829  x:  0.13439   0.17418   0.00000   0.03862   0.01225   0.00000   0.00000   0.01417   0.00000   0.00000   0.01599   0.03154   0.00735   0.02175   0.02384   0.12704   0.09291   0.03020   0.01831   0.00000   0.01817   0.01541   0.14406   0.18852   0.15712   0.01528   0.01865   0.05123   0.00000   0.00000   0.00641   0.02103   0.00000   0.01251   0.04324   0.01863   0.02830   0.03709   0.08937   0.11528   0.03021   0.01180   0.00000   0.01311   0.02817   0.07629   0.28158   2.36677   1.18456   0.99248   1.27800   0.93706  
 22 26.2644   2354.446092  x:  0.13489   0.17323   0.00000   0.03839   0.01199   0.00000   0.00000   0.01391   0.00000   0.00000   0.01596   0.03140   0.00736   0.02178   0.02390   0.12885   0.09310   0.03043   0.01777   0.00000   0.01947   0.01501   0.14303   0.18933   0.15712   0.01526   0.01841   0.05201   0.00000   0.00000   0.00634   0.02226   0.00000   0.01251   0.04361   0.01860   0.02873   0.03707   0.08735   0.11323   0.02974   0.01120   0.00000   0.01341   0.02813   0.07379   0.28241   2.36652   1.18822   0.99324   1.28257   0.93531  
 23 13.1276   2354.405654  x:  0.13551   0.17206   0.00000   0.03841   0.01207   0.00000   0.00000   0.01398   0.00000   0.00000   0.01597   0.03222   0.00734   0.02182   0.02436   0.13045   0.09392   0.03016   0.01799   0.00000   0.01858   0.01532   0.14232   0.19036   0.15754   0.01508   0.01833   0.05200   0.00000   0.00000   0.00638   0.02061   0.00000   0.01230   0.04252   0.01862   0.02870   0.03705   0.08480   0.11159   0.03125   0.01179   0.00000   0.01332   0.02818   0.07146   0.28337   2.36614   1.19283   0.99649   1.28858   0.93291  
 24 19.0944   2354.273446  x:  0.13677   0.16970   0.00000   0.03952   0.01276   0.00000   0.00000   0.01393   0.00000   0.00000   0.01613   0.03194   0.00732   0.02213   0.02276   0.13018   0.09673   0.02947   0.01822   0.00000   0.01607   0.01549   0.14272   0.19268   0.15968   0.01430   0.01898   0.04904   0.00000   0.00000   0.00625   0.02323   0.00000   0.01307   0.04183   0.01812   0.02730   0.03713   0.08299   0.11074   0.03200   0.01032   0.00000   0.01357   0.02823   0.07316   0.28539   2.36470   1.20757   1.01408   1.30849   0.92476  
 25 20.6125   2353.992068  x:  0.13871   0.16647   0.00000   0.03972   0.01127   0.00000   0.00000   0.01375   0.00000   0.00000   0.01605   0.03099   0.00721   0.02278   0.02511   0.12723   0.10063   0.02995   0.01784   0.00000   0.01964   0.01430   0.14432   0.19656   0.16379   0.01397   0.01835   0.04710   0.00000   0.00000   0.00663   0.02083   0.00000   0.01154   0.04347   0.01816   0.02738   0.03745   0.08340   0.11023   0.03006   0.01133   0.00000   0.01303   0.02785   0.07822   0.28898   2.36150   1.23929   1.05486   1.35136   0.90735  
 26 117.2778   2353.820198  x:  0.13809   0.16727   0.00000   0.03757   0.01161   0.00000   0.00000   0.01373   0.00000   0.00000   0.01614   0.03303   0.00720   0.02321   0.02470   0.12556   0.09927   0.03055   0.01798   0.00000   0.01757   0.01435   0.14527   0.19624   0.16393   0.01356   0.01684   0.05304   0.00000   0.00000   0.00676   0.02141   0.00000   0.01182   0.04368   0.01823   0.03049   0.03695   0.08738   0.11168   0.03047   0.01079   0.00000   0.01304   0.02791   0.07777   0.28921   2.35943   1.25841   1.07977   1.37677   0.89778  
 27 80.5719   2353.704092  x:  0.13601   0.17087   0.00000   0.03875   0.01106   0.00000   0.00000   0.01365   0.00000   0.00000   0.01612   0.03196   0.00718   0.02347   0.02542   0.12543   0.09458   0.02985   0.01791   0.00000   0.01821   0.01425   0.14532   0.19333   0.16146   0.01231   0.01939   0.05383   0.00000   0.00000   0.00700   0.02199   0.00000   0.01118   0.04306   0.01740   0.02802   0.03694   0.09016   0.11347   0.03174   0.01100   0.00000   0.01302   0.02782   0.07404   0.28735   2.35791   1.27072   1.09573   1.39231   0.89311  
 28 48.0051   2353.635616  x:  0.13440   0.17419   0.00000   0.03950   0.01129   0.00000   0.00000   0.01364   0.00000   0.00000   0.01615   0.03205   0.00716   0.02363   0.02548   0.12609   0.09109   0.03042   0.01797   0.00000   0.01787   0.01390   0.14502   0.19062   0.15916   0.01309   0.01670   0.05088   0.00000   0.00000   0.00701   0.02180   0.00000   0.01137   0.04329   0.01815   0.02821   0.03724   0.09002   0.11452   0.03128   0.01060   0.00000   0.01288   0.02773   0.07228   0.28535   2.35692   1.27751   1.10404   1.40021   0.89183  
 29 38.0623   2353.597613  x:  0.13379   0.17666   0.00000   0.03833   0.01115   0.00000   0.00000   0.01362   0.00000   0.00000   0.01619   0.03307   0.00717   0.02374   0.02522   0.12690   0.08980   0.03088   0.01803   0.00000   0.01792   0.01394   0.14450   0.18885   0.15778   0.01240   0.01810   0.04969   0.00000   0.00000   0.00697   0.02150   0.00000   0.01134   0.04385   0.01721   0.02985   0.03717   0.08783   0.11459   0.03096   0.01037   0.00000   0.01297   0.02778   0.07357   0.28365   2.35621   1.28090   1.10742   1.40316   0.89306  
 30 15.1001   2353.537789  x:  0.13392   0.18001   0.00000   0.03790   0.01101   0.00000   0.00000   0.01360   0.00000   0.00000   0.01616   0.03224   0.00719   0.02396   0.02592   0.12775   0.08963   0.03026   0.01800   0.00000   0.01778   0.01362   0.14342   0.18693   0.15665   0.01209   0.01732   0.05184   0.00000   0.00000   0.00718   0.02198   0.00000   0.01110   0.04381   0.01839   0.02851   0.03694   0.08419   0.11361   0.03174   0.01040   0.00000   0.01291   0.02767   0.07701   0.28098   2.35490   1.28527   1.11070   1.40524   0.89799  
 31 13.2726   2353.417085  x:  0.13596   0.18264   0.00000   0.04160   0.01078   0.00000   0.00000   0.01352   0.00000   0.00000   0.01618   0.03294   0.00722   0.02450   0.02601   0.12759   0.09200   0.03139   0.01793   0.00000   0.01769   0.01365   0.14236   0.18608   0.15750   0.01341   0.01644   0.05340   0.00000   0.00000   0.00732   0.02196   0.00000   0.01071   0.04314   0.01476   0.02847   0.03769   0.08419   0.11127   0.03138   0.01032   0.00000   0.01264   0.02760   0.07770   0.27721   2.35204   1.29228   1.11394   1.40577   0.91156  
 32 14.7904   2353.123264  x:  0.14110   0.18535   0.00000   0.04374   0.01025   0.00000   0.00000   0.01342   0.00000   0.00000   0.01628   0.03434   0.00731   0.02588   0.02626   0.12626   0.09713   0.03232   0.01808   0.00000   0.01713   0.01176   0.14109   0.18600   0.16126   0.00943   0.01760   0.05216   0.00000   0.00000   0.00749   0.02173   0.00000   0.01026   0.04319   0.01877   0.03009   0.03821   0.08823   0.10651   0.03076   0.00944   0.00000   0.01279   0.02750   0.07520   0.26979   2.34488   1.30841   1.12007   1.40527   0.94658  
 33 61.5838   2352.892317  x:  0.14361   0.18393   0.00000   0.03715   0.00947   0.00000   0.00000   0.01333   0.00000   0.00000   0.01631   0.03260   0.00735   0.02696   0.02734   0.12510   0.09734   0.03011   0.01806   0.00000   0.01654   0.01157   0.14162   0.18733   0.16443   0.00998   0.01606   0.04956   0.00000   0.00000   0.00784   0.02227   0.00000   0.00942   0.04471   0.01629   0.02914   0.03690   0.09083   0.10490   0.03266   0.00894   0.00000   0.01251   0.02715   0.07298   0.26692   2.33944   1.31935   1.12367   1.40402   0.97321  
 34 68.5049   2352.625604  x:  0.14090   0.17454   0.00000   0.03774   0.00909   0.00000   0.00000   0.01319   0.00000   0.00000   0.01646   0.03442   0.00743   0.02830   0.02761   0.12497   0.08683   0.03375   0.01817   0.00000   0.01627   0.01024   0.14663   0.19150   0.16663   0.00884   0.01587   0.05053   0.00000   0.00000   0.00809   0.02258   0.00000   0.00897   0.04470   0.01615   0.02744   0.03827   0.08764   0.10997   0.03291   0.00875   0.00000   0.01250   0.02692   0.07442   0.27291   2.33344   1.32730   1.12460   1.40124   1.00121  
 35 28.3575   2352.556337  x:  0.13923   0.17372   0.00000   0.03972   0.00874   0.00000   0.00000   0.01317   0.00000   0.00000   0.01648   0.03310   0.00744   0.02866   0.02796   0.12501   0.08537   0.03045   0.01820   0.00000   0.01595   0.01008   0.14741   0.19252   0.16603   0.00837   0.01572   0.05083   0.00000   0.00000   0.00808   0.02218   0.00000   0.00865   0.04463   0.01595   0.02989   0.03746   0.08695   0.11139   0.03254   0.00803   0.00000   0.01248   0.02709   0.07476   0.27682   2.33212   1.32732   1.12408   1.40025   1.00655  
 36 21.6626   2352.330934  x:  0.13142   0.18162   0.00000   0.03887   0.00832   0.00000   0.00000   0.01303   0.00000   0.00000   0.01659   0.03400   0.00743   0.02990   0.02805   0.12552   0.09155   0.03186   0.01825   0.00000   0.01568   0.00898   0.14684   0.19460   0.15918   0.00768   0.01536   0.05048   0.00000   0.00000   0.00815   0.02217   0.00000   0.00819   0.04486   0.01560   0.02867   0.03706   0.08801   0.11448   0.03284   0.00762   0.00000   0.01238   0.02517   0.07437   0.29866   2.32905   1.31703   1.11889   1.39568   1.01397  
 37 14.3389   2352.290585  x:  0.13147   0.18244   0.00000   0.03850   0.00808   0.00000   0.00000   0.01301   0.00000   0.00000   0.01659   0.03362   0.00742   0.03012   0.02841   0.12549   0.09199   0.03218   0.01825   0.00000   0.01543   0.00895   0.14645   0.19426   0.15895   0.00747   0.01524   0.05046   0.00000   0.00000   0.00821   0.02222   0.00000   0.00796   0.04495   0.01552   0.02859   0.03850   0.08811   0.11470   0.03292   0.00743   0.00000   0.01236   0.02861   0.07430   0.30069   2.32878   1.31344   1.11733   1.39459   1.01310  
 38 14.5584   2351.887750  x:  0.14356   0.18261   0.00000   0.03798   0.00729   0.00000   0.00000   0.01273   0.00000   0.00000   0.01688   0.03260   0.00730   0.03210   0.02875   0.12467   0.08923   0.03187   0.01837   0.00000   0.01471   0.00718   0.14212   0.18549   0.16593   0.00564   0.01451   0.05039   0.00000   0.00000   0.00845   0.02241   0.00000   0.00711   0.04519   0.01468   0.02970   0.04466   0.08776   0.11429   0.03458   0.00675   0.00000   0.01225   0.02482   0.07437   0.30024   2.32877   1.26660   1.09680   1.38235   0.98625  
 39 17.7077   2351.720542  x:  0.14662   0.18262   0.00000   0.03870   0.00681   0.00000   0.00000   0.01261   0.00000   0.00000   0.01699   0.03475   0.00722   0.03288   0.02930   0.12419   0.08813   0.03245   0.01844   0.00000   0.01443   0.00638   0.14224   0.18364   0.16856   0.00504   0.01412   0.05023   0.00000   0.00000   0.00854   0.02216   0.00000   0.00662   0.04543   0.01432   0.02802   0.03800   0.08748   0.11252   0.03331   0.00589   0.00000   0.01215   0.02635   0.07434   0.29794   2.32899   1.24742   1.08816   1.37664   0.97402  
 40 66.2362   2351.616513  x:  0.14077   0.18358   0.00000   0.03892   0.00665   0.00000   0.00000   0.01251   0.00000   0.00000   0.01709   0.03306   0.00718   0.03333   0.02936   0.12371   0.08863   0.03375   0.01852   0.00000   0.01427   0.00588   0.14824   0.18976   0.16818   0.00447   0.01394   0.05014   0.00000   0.00000   0.00860   0.02215   0.00000   0.00650   0.04552   0.01407   0.02903   0.03844   0.08737   0.10695   0.03495   0.00564   0.00000   0.01217   0.02609   0.07446   0.29116   2.32972   1.23688   1.08211   1.37030   0.96347  
 41 16.9796   2351.597792  x:  0.13959   0.18395   0.00000   0.03866   0.00656   0.00000   0.00000   0.01250   0.00000   0.00000   0.01711   0.03458   0.00715   0.03339   0.02955   0.12356   0.08861   0.03233   0.01850   0.00000   0.01418   0.00583   0.14866   0.19166   0.16808   0.00442   0.01385   0.05020   0.00000   0.00000   0.00867   0.02228   0.00000   0.00635   0.04553   0.01402   0.02829   0.03952   0.08733   0.10632   0.03385   0.00569   0.00000   0.01213   0.02597   0.07443   0.28975   2.32998   1.23562   1.08102   1.36846   0.96117  
 42 15.1410   2351.570405  x:  0.13947   0.18539   0.00000   0.03876   0.00652   0.00000   0.00000   0.01246   0.00000   0.00000   0.01716   0.03433   0.00708   0.03343   0.02960   0.12328   0.08802   0.03278   0.01852   0.00000   0.01414   0.00572   0.14460   0.19700   0.16817   0.00424   0.01377   0.05015   0.00000   0.00000   0.00870   0.02229   0.00000   0.00633   0.04560   0.01394   0.02845   0.03929   0.08721   0.10892   0.03410   0.00565   0.00000   0.01213   0.02597   0.07447   0.28807   2.33106   1.23772   1.07956   1.36167   0.95572  
 43  5.6605   2351.525324  x:  0.14199   0.18547   0.00000   0.03878   0.00647   0.00000   0.00000   0.01236   0.00000   0.00000   0.01732   0.03437   0.00688   0.03344   0.02959   0.12333   0.08803   0.03268   0.01855   0.00000   0.01406   0.00549   0.14702   0.19428   0.16735   0.00404   0.01365   0.05015   0.00000   0.00000   0.00871   0.02230   0.00000   0.00631   0.04561   0.01381   0.02844   0.03932   0.08718   0.10780   0.03410   0.00573   0.00000   0.01212   0.02599   0.07447   0.29065   2.33432   1.24816   1.07826   1.34324   0.94409  
 44  4.7720   2351.516919  x:  0.13938   0.18517   0.00000   0.03880   0.00646   0.00000   0.00000   0.01234   0.00000   0.00000   0.01735   0.03434   0.00680   0.03338   0.02957   0.12317   0.08815   0.03276   0.01854   0.00000   0.01404   0.00551   0.14565   0.19266   0.17001   0.00399   0.01362   0.05016   0.00000   0.00000   0.00871   0.02231   0.00000   0.00631   0.04560   0.01378   0.02846   0.03932   0.08718   0.10713   0.03412   0.00576   0.00000   0.01209   0.02599   0.07449   0.29104   2.33533   1.24897   1.07826   1.34140   0.94326  
 45  1.8349   2351.308104  x:  0.14246   0.18932   0.00000   0.03879   0.00658   0.00000   0.00000   0.01154   0.00000   0.00000   0.01852   0.03378   0.00446   0.03086   0.02863   0.12423   0.08517   0.03265   0.01843   0.00000   0.01371   0.00569   0.14671   0.19626   0.17272   0.00385   0.01293   0.05040   0.00000   0.00000   0.00843   0.02201   0.00000   0.00676   0.04530   0.01317   0.02836   0.03861   0.08722   0.10415   0.03357   0.00720   0.00000   0.01157   0.02631   0.07450   0.29322   2.36576   1.23688   1.08156   1.33978   0.95384  
 46  0.6671   2351.007457  x:  0.14325   0.19127   0.00000   0.03829   0.00538   0.00000   0.00000   0.01169   0.00000   0.00000   0.01894   0.03230   0.00510   0.02750   0.02668   0.12293   0.08276   0.03341   0.01863   0.00000   0.01250   0.00517   0.14559   0.19900   0.17423   0.00666   0.01285   0.05192   0.00000   0.00000   0.00695   0.01938   0.00000   0.00589   0.04465   0.01281   0.02695   0.03926   0.08695   0.10041   0.03233   0.00609   0.00000   0.01191   0.02582   0.07435   0.29346   2.40386   1.22852   1.08659   1.32533   0.95230  
 47  0.5996   2350.900778  x:  0.14461   0.19315   0.00000   0.03828   0.00581   0.00000   0.00000   0.01187   0.00000   0.00000   0.01928   0.03198   0.00562   0.02672   0.02597   0.12169   0.08118   0.03348   0.01883   0.00000   0.01233   0.00640   0.14571   0.20057   0.17564   0.00639   0.01261   0.05224   0.00000   0.00000   0.00650   0.01878   0.00000   0.00621   0.04457   0.01251   0.02648   0.03903   0.08650   0.09795   0.03188   0.00634   0.00000   0.01218   0.02583   0.07410   0.29433   2.32033   1.21691   1.08512   1.31239   0.94185  
 48  0.5280   2350.855699  x:  0.14534   0.19405   0.00000   0.03835   0.00628   0.00000   0.00000   0.01222   0.00000   0.00000   0.01934   0.03195   0.00635   0.02674   0.02568   0.12078   0.08061   0.03341   0.01899   0.00000   0.01240   0.00691   0.14601   0.20128   0.17629   0.00584   0.01257   0.05226   0.00000   0.00000   0.00635   0.01874   0.00000   0.00644   0.04465   0.01245   0.02636   0.03890   0.08617   0.09737   0.03168   0.00659   0.00000   0.01248   0.02589   0.07388   0.29556   2.37852   1.21126   1.08458   1.30911   0.94670  
 49  0.3795   2350.838918  x:  0.14573   0.19503   0.00000   0.03852   0.00660   0.00000   0.00000   0.01265   0.00000   0.00000   0.01933   0.03203   0.00647   0.02615   0.02550   0.12017   0.08045   0.03324   0.01912   0.00000   0.01281   0.00622   0.14620   0.20158   0.17753   0.00575   0.01287   0.05217   0.00000   0.00000   0.00634   0.01908   0.00000   0.00653   0.04478   0.01274   0.02649   0.03899   0.08579   0.09739   0.03160   0.00674   0.00000   0.01276   0.02601   0.07361   0.29656   2.36704   1.20861   1.08577   1.30792   0.94907  
 50  0.0329   2350.833870  x:  0.14593   0.19550   0.00000   0.03867   0.00642   0.00000   0.00000   0.01283   0.00000   0.00000   0.01932   0.03219   0.00638   0.02585   0.02563   0.11982   0.08068   0.03329   0.01921   0.00000   0.01296   0.00648   0.14665   0.20170   0.17814   0.00563   0.01299   0.05206   0.00000   0.00000   0.00642   0.01934   0.00000   0.00640   0.04495   0.01291   0.02659   0.03911   0.08556   0.09776   0.03174   0.00645   0.00000   0.01287   0.02591   0.07348   0.29694   2.36807   1.20756   1.08536   1.30628   0.94946  
 51  0.0075   2350.833270  x:  0.14586   0.19545   0.00000   0.03872   0.00637   0.00000   0.00000   0.01287   0.00000   0.00000   0.01928   0.03224   0.00640   0.02596   0.02570   0.11935   0.08087   0.03328   0.01928   0.00000   0.01287   0.00643   0.14669   0.20166   0.17811   0.00560   0.01289   0.05201   0.00000   0.00000   0.00643   0.01934   0.00000   0.00644   0.04507   0.01283   0.02661   0.03911   0.08542   0.09794   0.03181   0.00645   0.00000   0.01290   0.02591   0.07340   0.29697   2.36690   1.20699   1.08518   1.30589   0.94934  
 52  0.0024   2350.833217  x:  0.14584   0.19542   0.00000   0.03872   0.00640   0.00000   0.00000   0.01285   0.00000   0.00000   0.01928   0.03224   0.00640   0.02594   0.02570   0.11930   0.08089   0.03328   0.01929   0.00000   0.01286   0.00642   0.14669   0.20165   0.17807   0.00558   0.01289   0.05201   0.00000   0.00000   0.00642   0.01932   0.00000   0.00640   0.04510   0.01283   0.02661   0.03911   0.08541   0.09795   0.03182   0.00644   0.00000   0.01289   0.02590   0.07339   0.29695   2.36677   1.20714   1.08530   1.30601   0.94938  
 53  0.0007   2350.833206  x:  0.14584   0.19544   0.00000   0.03873   0.00640   0.00000   0.00000   0.01283   0.00000   0.00000   0.01928   0.03225   0.00641   0.02593   0.02572   0.11931   0.08088   0.03328   0.01930   0.00000   0.01287   0.00642   0.14670   0.20167   0.17809   0.00558   0.01290   0.05200   0.00000   0.00000   0.00643   0.01933   0.00000   0.00640   0.04512   0.01283   0.02661   0.03910   0.08541   0.09792   0.03184   0.00644   0.00000   0.01288   0.02591   0.07339   0.29694   2.36677   1.20713   1.08527   1.30598   0.94928  
 54  0.0003   2350.833203  x:  0.14583   0.19544   0.00000   0.03873   0.00640   0.00000   0.00000   0.01283   0.00000   0.00000   0.01928   0.03225   0.00641   0.02593   0.02572   0.11931   0.08088   0.03328   0.01930   0.00000   0.01287   0.00642   0.14670   0.20167   0.17808   0.00558   0.01290   0.05200   0.00000   0.00000   0.00642   0.01932   0.00000   0.00641   0.04512   0.01283   0.02661   0.03910   0.08541   0.09791   0.03184   0.00644   0.00000   0.01287   0.02591   0.07339   0.29693   2.36680   1.20716   1.08529   1.30599   0.94927  
 55  0.0002   2350.833203  x:  0.14583   0.19543   0.00000   0.03873   0.00640   0.00000   0.00000   0.01283   0.00000   0.00000   0.01927   0.03225   0.00640   0.02593   0.02572   0.11931   0.08087   0.03328   0.01930   0.00000   0.01287   0.00642   0.14669   0.20167   0.17808   0.00558   0.01290   0.05200   0.00000   0.00000   0.00642   0.01932   0.00000   0.00641   0.04513   0.01283   0.02661   0.03910   0.08541   0.09791   0.03185   0.00644   0.00000   0.01287   0.02591   0.07339   0.29693   2.36683   1.20716   1.08528   1.30598   0.94924  
 56  0.0001   2350.833203  x:  0.14583   0.19543   0.00000   0.03873   0.00640   0.00000   0.00000   0.01283   0.00000   0.00000   0.01927   0.03225   0.00640   0.02593   0.02572   0.11931   0.08087   0.03328   0.01930   0.00000   0.01287   0.00642   0.14669   0.20167   0.17808   0.00558   0.01290   0.05200   0.00000   0.00000   0.00642   0.01932   0.00000   0.00641   0.04513   0.01283   0.02661   0.03910   0.08541   0.09791   0.03185   0.00644   0.00000   0.01287   0.02591   0.07339   0.29693   2.36683   1.20716   1.08528   1.30599   0.94925  
 57  0.0000   2350.833203  x:  0.14583   0.19543   0.00000   0.03873   0.00640   0.00000   0.00000   0.01283   0.00000   0.00000   0.01927   0.03225   0.00640   0.02593   0.02572   0.11931   0.08087   0.03328   0.01930   0.00000   0.01287   0.00642   0.14669   0.20167   0.17808   0.00558   0.01290   0.05200   0.00000   0.00000   0.00642   0.01932   0.00000   0.00641   0.04513   0.01283   0.02661   0.03910   0.08541   0.09791   0.03184   0.00644   0.00000   0.01287   0.02591   0.07339   0.29693   2.36683   1.20716   1.08528   1.30599   0.94925  
 58  0.0000   2350.833203  x:  0.14583   0.19543   0.00000   0.03873   0.00640   0.00000   0.00000   0.01283   0.00000   0.00000   0.01927   0.03225   0.00640   0.02593   0.02572   0.11931   0.08087   0.03328   0.01930   0.00000   0.01287   0.00642   0.14669   0.20167   0.17808   0.00558   0.01290   0.05200   0.00000   0.00000   0.00642   0.01932   0.00000   0.00641   0.04513   0.01283   0.02661   0.03910   0.08541   0.09791   0.03184   0.00644   0.00000   0.01287   0.02591   0.07339   0.29693   2.36683   1.20716   1.08528   1.30599   0.94925  
 59  0.0000   2350.833203  x:  0.14583   0.19543   0.00000   0.03873   0.00640   0.00000   0.00000   0.01283   0.00000   0.00000   0.01927   0.03225   0.00640   0.02593   0.02572   0.11931   0.08087   0.03328   0.01930   0.00000   0.01287   0.00642   0.14669   0.20167   0.17808   0.00558   0.01290   0.05200   0.00000   0.00000   0.00642   0.01932   0.00000   0.00641   0.04513   0.01283   0.02661   0.03910   0.08541   0.09791   0.03184   0.00644   0.00000   0.01287   0.02591   0.07339   0.29693   2.36683   1.20716   1.08528   1.30599   0.94925  
 60  0.0000   2350.833203  x:  0.14583   0.19543   0.00000   0.03873   0.00640   0.00000   0.00000   0.01283   0.00000   0.00000   0.01927   0.03225   0.00640   0.02593   0.02572   0.11931   0.08087   0.03328   0.01930   0.00000   0.01287   0.00642   0.14669   0.20167   0.17808   0.00558   0.01290   0.05200   0.00000   0.00000   0.00642   0.01932   0.00000   0.00641   0.04513   0.01283   0.02661   0.03910   0.08541   0.09791   0.03184   0.00644   0.00000   0.01287   0.02591   0.07339   0.29693   2.36683   1.20716   1.08528   1.30599   0.94925  
 61  0.0017   2350.833203  x:  0.14583   0.19543   0.00000   0.03873   0.00640   0.00000   0.00000   0.01283   0.00000   0.00000   0.01927   0.03225   0.00640   0.02593   0.02572   0.11931   0.08087   0.03328   0.01930   0.00000   0.01287   0.00642   0.14669   0.20167   0.17808   0.00558   0.01290   0.05200   0.00000   0.00000   0.00642   0.01932   0.00000   0.00641   0.04513   0.01283   0.02661   0.03910   0.08541   0.09791   0.03184   0.00644   0.00000   0.01287   0.02591   0.07339   0.29693   2.36683   1.20716   1.08528   1.30599   0.94925  
 62  0.0015   2350.833203  x:  0.14583   0.19543   0.00000   0.03873   0.00640   0.00000   0.00000   0.01283   0.00000   0.00000   0.01927   0.03225   0.00640   0.02593   0.02572   0.11931   0.08087   0.03328   0.01930   0.00000   0.01287   0.00642   0.14669   0.20167   0.17808   0.00558   0.01290   0.05200   0.00000   0.00000   0.00642   0.01932   0.00000   0.00641   0.04513   0.01283   0.02661   0.03910   0.08541   0.09791   0.03184   0.00644   0.00000   0.01287   0.02591   0.07339   0.29693   2.36683   1.20716   1.08528   1.30599   0.94925  
check convergence!
