-6.377166472706340405e-01
-8.032363251852391306e-01
-5.388767377182921425e-01
4.781697398390308273e-01
-4.909061585253686744e-01
3.741863771112917125e-01
-9.682031859942027197e+00
3.570367553017420370e+00
-3.240230147798469851e+00
2.256625703890366430e-01
6.151056549646500421e-02
-3.123787504628036324e-02
-1.125724089887533585e+00
-3.847353722208243787e-01
-9.308790019879050748e-01
-5.060650393871135577e-01
-3.706847383624387149e+00
-1.688447072009280570e+00
-2.615958916774680176e+00
-2.555036658001456740e+00
-1.135600214902991567e+00
-1.672484474488273642e+00
-1.119677794951918992e+00
-1.757815421626085950e+00
-1.529737468563032055e+00
-2.809708069584947676e+00
