

TREE # 1

  0  0.0000   2400.189852  x:  0.01972   0.20925   0.02571   0.03211   0.02495   0.05815   0.02188   0.05666   0.08536   0.02661   0.17168   0.01972   0.20925   0.02571   0.03211   0.02495   0.05815   0.02188   0.05666   0.08536   0.02661   0.17168   0.21568   8.40433   1.36956   1.13729   1.56039   1.00000  
  1 99.0000   2215.701885  x:  0.00000   0.20503   0.18548   0.14576   0.02622   0.06060   0.01034   0.04564   0.07703   0.06844   0.15028   0.00899   0.20594   0.13613   0.24448   0.01508   0.05834   0.04473   0.05172   0.12304   0.14673   0.15766   0.19796   8.40419   1.37136   1.13668   1.56119   1.00091  
  2 2022.9185   2202.390471  x:  0.00000   0.19360   0.17723   0.15044   0.02094   0.06418   0.02322   0.02561   0.05377   0.05661   0.09435   0.00837   0.18991   0.12812   0.25132   0.00000   0.05534   0.03942   0.03447   0.15156   0.14878   0.12463   0.15228   8.40387   1.37595   1.13543   1.56213   1.00350  
  3 219.6635   2195.335479  x:  0.00000   0.18497   0.17108   0.15402   0.01712   0.06686   0.03250   0.01081   0.03627   0.04777   0.05196   0.00806   0.17777   0.12211   0.25659   0.00253   0.05314   0.03556   0.02186   0.17306   0.15038   0.09965   0.11766   8.40364   1.37943   1.13448   1.56286   1.00546  
  4 6013.6590   2190.215467  x:  0.00000   0.17862   0.16678   0.15654   0.02019   0.06807   0.03212   0.02409   0.02767   0.04372   0.01977   0.01245   0.16832   0.11744   0.25970   0.00280   0.05240   0.03527   0.02348   0.18760   0.15152   0.08152   0.09056   8.40343   1.38235   1.13363   1.56360   1.00708  
  5 656.0266   2188.180834  x:  0.00000   0.17322   0.16355   0.15817   0.02185   0.06749   0.02120   0.01724   0.03526   0.04655   0.01612   0.01627   0.15890   0.11269   0.26021   0.00235   0.05345   0.03886   0.03629   0.19771   0.15214   0.06900   0.06731   8.40317   1.38571   1.13255   1.56475   1.00895  
  6 165.0826   2187.446106  x:  0.00679   0.17153   0.16257   0.15865   0.02217   0.06730   0.01821   0.01609   0.03704   0.04736   0.01640   0.01698   0.15590   0.11127   0.26041   0.00226   0.05373   0.03967   0.03859   0.20088   0.15238   0.06539   0.06054   8.40309   1.38682   1.13219   1.56513   1.00956  
  7 575.0348   2186.941430  x:  0.00614   0.16837   0.16104   0.15928   0.02160   0.06681   0.01533   0.01840   0.03862   0.04900   0.02236   0.01477   0.15031   0.10947   0.26075   0.00234   0.05414   0.03980   0.03545   0.20634   0.15265   0.06043   0.05093   8.40290   1.38921   1.13138   1.56603   1.01087  
  8 112.3515   2186.674632  x:  0.00602   0.16271   0.15967   0.15944   0.02294   0.06484   0.01694   0.01894   0.04391   0.05487   0.02180   0.01763   0.13934   0.10831   0.26010   0.00245   0.05535   0.04014   0.03194   0.21404   0.15333   0.06314   0.05258   8.40234   1.39583   1.12905   1.56884   1.01441  
  9 33.0118   2186.510818  x:  0.00604   0.15843   0.15873   0.15914   0.02139   0.06418   0.01574   0.01941   0.04304   0.05610   0.02144   0.01385   0.13107   0.10816   0.25935   0.00246   0.05543   0.03988   0.03414   0.21975   0.15443   0.06524   0.05619   8.40176   1.40262   1.12675   1.57180   1.01805  
 10 45.6784   2186.426049  x:  0.00579   0.15641   0.15858   0.15878   0.02219   0.06474   0.01534   0.01915   0.04001   0.05423   0.02334   0.01630   0.12724   0.10873   0.25866   0.00245   0.05484   0.03976   0.03566   0.22294   0.15592   0.06618   0.05728   8.40119   1.40894   1.12479   1.57466   1.02145  
 11 33.8490   2186.204646  x:  0.00587   0.15739   0.16133   0.15684   0.02504   0.06757   0.01667   0.01924   0.04350   0.04861   0.02321   0.01435   0.12690   0.11210   0.25318   0.00251   0.05391   0.04226   0.03510   0.22471   0.16168   0.06722   0.05658   8.39847   1.43765   1.11680   1.58835   1.03707  
 12 23.0475   2185.996741  x:  0.00586   0.15974   0.16372   0.15555   0.02023   0.06799   0.01429   0.01972   0.04428   0.04905   0.02223   0.01627   0.12861   0.11417   0.24885   0.00250   0.05416   0.04106   0.03385   0.22462   0.16541   0.06715   0.05599   8.39571   1.46582   1.10972   1.60209   1.05249  
 13 93.6025   2185.785221  x:  0.00594   0.16280   0.16506   0.15564   0.02224   0.06542   0.01631   0.01930   0.04105   0.05535   0.02265   0.01553   0.13159   0.11407   0.24682   0.00252   0.05538   0.03787   0.03541   0.22274   0.16595   0.06475   0.05533   8.39245   1.49726   1.10337   1.61807   1.06989  
 14 88.4245   2185.648613  x:  0.00590   0.16290   0.16323   0.15847   0.02340   0.06318   0.01405   0.01883   0.03924   0.05605   0.02226   0.01548   0.13342   0.11099   0.25095   0.00245   0.05500   0.04243   0.03388   0.21954   0.16070   0.06396   0.05646   8.38991   1.51830   1.10245   1.63004   1.08193  
 15 42.3396   2185.539071  x:  0.00595   0.16172   0.16115   0.16149   0.02128   0.06313   0.01683   0.01948   0.04054   0.05433   0.02294   0.01595   0.13451   0.10822   0.25677   0.00250   0.05442   0.04251   0.03527   0.21639   0.15502   0.06411   0.05633   8.38758   1.53539   1.10393   1.64068   1.09192  
 16 62.7251   2185.481438  x:  0.00595   0.16055   0.15995   0.16218   0.02245   0.06448   0.01532   0.01930   0.04164   0.05318   0.02261   0.01581   0.13487   0.10745   0.26015   0.00248   0.05444   0.03910   0.03484   0.21440   0.15222   0.06501   0.05625   8.38618   1.54389   1.10679   1.64688   1.09707  
 17 41.2694   2185.355519  x:  0.00601   0.15652   0.15766   0.15531   0.02217   0.06925   0.01566   0.01922   0.04055   0.05590   0.02234   0.01565   0.13446   0.11080   0.26428   0.00246   0.05654   0.04073   0.03484   0.20918   0.15134   0.06628   0.05453   8.38160   1.56027   1.12760   1.66565   1.10809  
 18 16.1247   2185.162569  x:  0.00602   0.15359   0.15731   0.15015   0.02221   0.06314   0.01564   0.01941   0.04222   0.05463   0.02239   0.01613   0.13347   0.11290   0.26571   0.00248   0.05258   0.03975   0.03471   0.20483   0.15433   0.06188   0.05645   8.37384   1.58338   1.16585   1.69676   1.12368  
 19 42.6831   2184.923020  x:  0.00584   0.15836   0.16045   0.15773   0.02224   0.06119   0.01551   0.01964   0.04129   0.05294   0.02253   0.01565   0.13259   0.10792   0.26038   0.00251   0.05760   0.03987   0.03512   0.20603   0.15796   0.06650   0.05506   8.36303   1.61115   1.21808   1.73936   1.14096  
 20 49.5973   2184.857673  x:  0.00580   0.16083   0.16118   0.16087   0.02232   0.06533   0.01536   0.01985   0.04154   0.05483   0.02280   0.01571   0.13311   0.10729   0.25825   0.00254   0.05421   0.04019   0.03528   0.20869   0.15711   0.06542   0.05650   8.35978   1.61825   1.23156   1.75174   1.14411  
 21 36.5688   2184.813961  x:  0.00585   0.16229   0.16095   0.16089   0.02242   0.06447   0.01515   0.02003   0.04214   0.05447   0.02311   0.01574   0.13611   0.11197   0.25782   0.00257   0.05557   0.04030   0.03565   0.21429   0.15264   0.06523   0.05724   8.35651   1.62207   1.23704   1.76260   1.14093  
 22  8.4575   2184.760636  x:  0.00585   0.16172   0.16232   0.15867   0.02248   0.06305   0.01500   0.02015   0.04192   0.05516   0.02307   0.01535   0.13879   0.11085   0.25870   0.00260   0.05253   0.04038   0.03599   0.21638   0.15187   0.06899   0.05548   8.35128   1.62583   1.23920   1.77783   1.13110  
 23  8.9261   2184.608909  x:  0.00577   0.15892   0.16508   0.15485   0.02263   0.06453   0.01466   0.02064   0.04294   0.05479   0.02359   0.01568   0.14201   0.10441   0.26128   0.00268   0.05550   0.04048   0.03624   0.21627   0.15420   0.06650   0.05828   8.33538   1.63610   1.24237   1.82166   1.09917  
 24 32.1383   2184.453530  x:  0.00584   0.16039   0.16099   0.16013   0.02263   0.06401   0.01460   0.02071   0.04269   0.05507   0.02326   0.01587   0.13516   0.11019   0.25974   0.00272   0.05468   0.04039   0.03608   0.20527   0.15562   0.06620   0.05712   8.31828   1.64646   1.24422   1.86263   1.06569  
 25 29.2454   2184.397159  x:  0.00586   0.16284   0.16785   0.15787   0.02267   0.06400   0.01455   0.02081   0.04260   0.05441   0.02319   0.01606   0.13105   0.11032   0.25914   0.00275   0.05475   0.04047   0.03613   0.20220   0.15102   0.06570   0.05688   8.30850   1.65144   1.24599   1.85968   1.05882  
 26  2.8617   2183.850384  x:  0.00566   0.16584   0.16456   0.15764   0.02361   0.06353   0.01298   0.02323   0.04577   0.05680   0.02503   0.01627   0.13807   0.11223   0.26234   0.00317   0.05529   0.04139   0.03871   0.19388   0.15601   0.06974   0.06034   8.20679   1.69758   1.26270   1.79897   1.00830  
 27 11.4807   2183.558961  x:  0.00574   0.14993   0.17247   0.16443   0.02400   0.06338   0.01231   0.02432   0.04592   0.05872   0.02554   0.01642   0.14473   0.11627   0.25478   0.00339   0.05550   0.04188   0.03974   0.18397   0.15358   0.07066   0.06118   8.14838   1.67821   1.25198   1.78842   1.02459  
 28  7.4264   2182.786718  x:  0.00544   0.16812   0.17106   0.15708   0.02523   0.06257   0.01020   0.02786   0.05039   0.05998   0.02775   0.01719   0.14178   0.11785   0.26426   0.00398   0.05621   0.04312   0.04318   0.16768   0.15843   0.07517   0.06536   7.98551   1.60750   1.21379   1.76950   1.08675  
 29 40.0085   2180.599400  x:  0.00540   0.16183   0.18417   0.16772   0.02575   0.06363   0.01511   0.03910   0.04564   0.06009   0.02624   0.01745   0.13160   0.12477   0.29106   0.00566   0.05578   0.04258   0.04329   0.20104   0.17199   0.07248   0.06286   6.81644   1.60462   1.20721   1.75558   1.08623  
 30  0.6127   2178.795776  x:  0.00498   0.15968   0.20518   0.18613   0.02380   0.06404   0.01033   0.04501   0.03970   0.05973   0.02487   0.01658   0.13016   0.13278   0.33737   0.00750   0.05497   0.04139   0.03839   0.18505   0.18591   0.06859   0.05998   7.89647   1.62213   1.22029   1.76063   1.05751  
 31  0.4406   2178.420352  x:  0.00490   0.16548   0.21382   0.18800   0.02357   0.06322   0.01443   0.04287   0.04389   0.06115   0.02680   0.01690   0.13346   0.13745   0.35687   0.00817   0.05585   0.04381   0.03901   0.17975   0.19083   0.07220   0.06284   7.77311   1.58595   1.20616   1.72953   1.08873  
 32  0.0879   2178.195919  x:  0.00506   0.16443   0.21830   0.18887   0.02392   0.06325   0.01092   0.03653   0.04388   0.06162   0.02661   0.01709   0.13185   0.13973   0.36931   0.00833   0.05595   0.04360   0.03919   0.18567   0.19306   0.07216   0.06271   7.54681   1.59170   1.20846   1.73691   1.09042  
 33  0.1296   2178.130671  x:  0.00527   0.16310   0.21775   0.18888   0.02428   0.06358   0.01218   0.03233   0.04238   0.06122   0.02604   0.01706   0.13077   0.13927   0.37005   0.00822   0.05558   0.04314   0.03920   0.18365   0.19317   0.07094   0.06186   7.63559   1.59864   1.21012   1.74111   1.08132  
 34  0.0716   2178.121716  x:  0.00528   0.16340   0.21654   0.18939   0.02455   0.06344   0.01194   0.03241   0.04231   0.06114   0.02590   0.01701   0.13162   0.13870   0.36652   0.00834   0.05560   0.04314   0.03939   0.18407   0.19301   0.07097   0.06205   7.71505   1.59078   1.20761   1.73257   1.08077  
 35  0.0385   2178.086382  x:  0.00525   0.16413   0.21595   0.19130   0.02459   0.06358   0.01185   0.03177   0.04242   0.06114   0.02570   0.01698   0.13091   0.13862   0.36260   0.00974   0.05574   0.04325   0.03917   0.18258   0.19454   0.07140   0.06241   7.65990   1.59620   1.20994   1.74622   1.07973  
 36  0.0072   2178.066270  x:  0.00520   0.16335   0.21641   0.18976   0.02427   0.06357   0.01215   0.03213   0.04222   0.06103   0.02582   0.01700   0.13114   0.13871   0.36320   0.01113   0.05560   0.04306   0.03852   0.18467   0.19362   0.07112   0.06208   7.64123   1.59601   1.20757   1.73420   1.08269  
 37  0.0119   2178.063729  x:  0.00522   0.16325   0.21619   0.18870   0.02433   0.06350   0.01203   0.03202   0.04229   0.06101   0.02593   0.01699   0.13130   0.13847   0.36457   0.01127   0.05554   0.04302   0.03849   0.18420   0.19259   0.07096   0.06197   7.66748   1.59477   1.20880   1.73855   1.08037  
 38  0.0205   2178.063637  x:  0.00524   0.16334   0.21599   0.18865   0.02436   0.06352   0.01202   0.03207   0.04233   0.06103   0.02594   0.01699   0.13129   0.13842   0.36487   0.01127   0.05556   0.04304   0.03851   0.18399   0.19245   0.07098   0.06198   7.66594   1.59511   1.20876   1.73784   1.08057  
 39  0.0015   2178.063629  x:  0.00526   0.16333   0.21591   0.18868   0.02437   0.06351   0.01203   0.03206   0.04233   0.06104   0.02593   0.01699   0.13131   0.13842   0.36491   0.01127   0.05556   0.04304   0.03852   0.18406   0.19245   0.07099   0.06198   7.66532   1.59504   1.20874   1.73792   1.08060  
 40  0.0004   2178.063628  x:  0.00526   0.16332   0.21590   0.18869   0.02436   0.06351   0.01203   0.03207   0.04232   0.06104   0.02593   0.01699   0.13130   0.13842   0.36490   0.01127   0.05556   0.04304   0.03851   0.18404   0.19246   0.07098   0.06198   7.66552   1.59504   1.20875   1.73793   1.08056  
 41  0.0001   2178.063628  x:  0.00526   0.16333   0.21591   0.18868   0.02436   0.06351   0.01203   0.03207   0.04232   0.06104   0.02593   0.01699   0.13130   0.13842   0.36490   0.01127   0.05556   0.04304   0.03851   0.18404   0.19246   0.07098   0.06198   7.66550   1.59504   1.20875   1.73791   1.08057  
 42  0.0000   2178.063628  x:  0.00526   0.16333   0.21591   0.18868   0.02436   0.06351   0.01203   0.03207   0.04232   0.06104   0.02593   0.01699   0.13130   0.13842   0.36490   0.01127   0.05556   0.04304   0.03851   0.18404   0.19246   0.07098   0.06198   7.66549   1.59504   1.20875   1.73791   1.08057  
 43  0.0000   2178.063628  x:  0.00526   0.16333   0.21591   0.18868   0.02436   0.06351   0.01203   0.03207   0.04232   0.06104   0.02593   0.01699   0.13130   0.13842   0.36490   0.01127   0.05556   0.04304   0.03851   0.18404   0.19246   0.07098   0.06198   7.66549   1.59504   1.20875   1.73792   1.08057  
 44  0.0000   2178.063628  x:  0.00526   0.16333   0.21591   0.18868   0.02436   0.06351   0.01203   0.03207   0.04232   0.06104   0.02593   0.01699   0.13130   0.13842   0.36490   0.01127   0.05556   0.04304   0.03851   0.18404   0.19246   0.07098   0.06198   7.66549   1.59504   1.20875   1.73791   1.08057  

TREE # 2

  0  0.0000   2484.541949  x:  0.00526   0.16333   0.21591   0.18868   0.02436   0.06351   0.01203   0.03207   0.04232   0.06104   0.02593   0.01699   0.13130   0.13842   0.36490   0.01127   0.05556   0.04304   0.03851   0.18404   0.19246   0.07098   0.06198   7.66549   1.43950   1.10880   1.65768   1.08057  
  1 99.0000   2280.047547  x:  0.11504   0.14328   0.19721   0.18672   0.16111   0.10626   0.41241   0.29479   0.04606   0.04001   0.06247   0.06152   0.11036   0.11590   0.35144   0.09734   0.13663   0.04994   0.11924   0.16447   0.17184   0.06735   0.03825   7.66552   1.44033   1.11040   1.65719   1.08014  
  2 2829.0496   2239.386398  x:  0.09034   0.09883   0.16358   0.17504   0.17086   0.11545   0.40431   0.31109   0.03512   0.00429   0.05703   0.04664   0.06283   0.07361   0.32609   0.08390   0.16220   0.04861   0.14490   0.12362   0.12899   0.06384   0.00000   7.66562   1.44176   1.11353   1.65447   1.08054  
  3 380.3743   2229.465475  x:  0.08270   0.08406   0.15252   0.17126   0.17400   0.11826   0.40169   0.31643   0.03293   0.00000   0.05565   0.04265   0.04707   0.05987   0.31770   0.07963   0.17006   0.04813   0.15271   0.11006   0.11502   0.06369   0.00484   7.66565   1.44227   1.11452   1.65362   1.08065  
  4 1715.4051   2202.163761  x:  0.05983   0.03992   0.11949   0.15995   0.18338   0.12667   0.39384   0.33241   0.02654   0.00286   0.05153   0.03076   0.00000   0.01881   0.29263   0.06685   0.19361   0.04672   0.17610   0.06955   0.07315   0.06290   0.01249   7.66575   1.44379   1.11748   1.65107   1.08101  
  5 15805.4893   2191.554423  x:  0.05558   0.00434   0.09389   0.15109   0.18967   0.13027   0.38285   0.34304   0.04031   0.00298   0.05311   0.04039   0.01409   0.02027   0.27021   0.05830   0.20717   0.04482   0.18818   0.03565   0.03558   0.06329   0.01423   7.66583   1.44555   1.11971   1.64931   1.08117  
  6 416.8867   2189.250764  x:  0.05858   0.01559   0.08347   0.14723   0.19306   0.13120   0.37539   0.34878   0.04410   0.00288   0.05528   0.04559   0.01001   0.02725   0.25612   0.05595   0.21245   0.04368   0.19195   0.02425   0.01881   0.06368   0.01458   7.66588   1.44683   1.12109   1.64841   1.08118  
  7 208.8307   2186.881892  x:  0.07117   0.01445   0.06314   0.13779   0.20046   0.13163   0.35609   0.36380   0.04716   0.00273   0.06015   0.05342   0.00127   0.03727   0.22010   0.05562   0.22160   0.04149   0.19660   0.03489   0.02208   0.06448   0.01450   7.66598   1.45057   1.12432   1.64639   1.08115  
  8 120.3195   2185.484509  x:  0.07732   0.02140   0.05525   0.12898   0.20856   0.13218   0.33816   0.38115   0.04119   0.00328   0.06097   0.05011   0.01128   0.03110   0.18467   0.05818   0.23055   0.04050   0.20147   0.03867   0.02713   0.06460   0.01583   7.66610   1.45477   1.12776   1.64425   1.08110  
  9 174.2152   2184.378136  x:  0.08094   0.01894   0.07573   0.12387   0.21612   0.13020   0.31962   0.40226   0.04416   0.00315   0.05949   0.04909   0.00880   0.03229   0.15209   0.06895   0.23205   0.04086   0.19881   0.03525   0.02773   0.06481   0.01572   7.66623   1.46073   1.13153   1.64221   1.08092  
 10 89.0554   2183.962982  x:  0.07459   0.01843   0.07178   0.12889   0.22181   0.12588   0.30438   0.43112   0.04122   0.00305   0.05853   0.05077   0.00922   0.03118   0.15288   0.07556   0.21969   0.04143   0.18675   0.03851   0.02284   0.06413   0.01546   7.66643   1.47112   1.13689   1.64024   1.08059  
 11 24.4227   2183.800543  x:  0.07311   0.01925   0.06958   0.13041   0.22334   0.12472   0.29701   0.44558   0.04393   0.00292   0.05888   0.04970   0.00865   0.03139   0.15556   0.07409   0.21483   0.04246   0.18359   0.03377   0.02787   0.06425   0.01513   7.66655   1.47715   1.14000   1.63936   1.08044  
 12 45.2450   2183.689078  x:  0.07664   0.01915   0.07226   0.12947   0.22150   0.12546   0.29038   0.45804   0.04469   0.00293   0.05949   0.04705   0.00878   0.03166   0.16069   0.06704   0.21350   0.04326   0.18576   0.03557   0.02645   0.06488   0.01524   7.66671   1.48459   1.14385   1.63892   1.08031  
 13 21.5858   2183.652744  x:  0.07719   0.01923   0.07340   0.12857   0.21879   0.12631   0.28760   0.46190   0.04291   0.00297   0.05883   0.05033   0.00874   0.03151   0.16342   0.06723   0.21490   0.04215   0.18819   0.03513   0.02713   0.06446   0.01537   7.66683   1.48945   1.14642   1.63918   1.08027  
 14 12.9294   2183.623480  x:  0.07640   0.01955   0.07305   0.12840   0.21517   0.12714   0.28613   0.46398   0.04449   0.00297   0.05891   0.04912   0.00886   0.03209   0.16527   0.07067   0.21745   0.04203   0.19044   0.03584   0.02700   0.06435   0.01546   7.66703   1.49639   1.15015   1.64020   1.08025  
 15 10.1401   2183.561488  x:  0.07720   0.01878   0.07249   0.13281   0.20875   0.12666   0.28823   0.46329   0.04210   0.00301   0.06100   0.04822   0.00875   0.03267   0.16286   0.07051   0.21958   0.04302   0.18864   0.03455   0.02691   0.06605   0.01537   7.66777   1.51975   1.16283   1.64587   1.08047  
 16  8.2185   2183.510714  x:  0.07679   0.01929   0.07228   0.13501   0.20601   0.12615   0.29049   0.46189   0.04455   0.00290   0.05924   0.04950   0.00879   0.03041   0.16058   0.06868   0.22031   0.04221   0.18735   0.03529   0.02667   0.06488   0.01520   7.66845   1.53988   1.17397   1.65165   1.08078  
 17 33.2366   2183.464107  x:  0.07477   0.01908   0.07220   0.13279   0.20905   0.12594   0.29215   0.45953   0.04344   0.00300   0.05676   0.04840   0.00874   0.03281   0.15999   0.06759   0.21955   0.04175   0.18829   0.03534   0.02689   0.06278   0.01547   7.66918   1.55886   1.18506   1.65931   1.08141  
 18 20.3599   2183.394759  x:  0.07423   0.01910   0.07251   0.12704   0.21693   0.12580   0.29235   0.45435   0.04373   0.00294   0.05968   0.04916   0.00861   0.03141   0.16126   0.06856   0.21693   0.04269   0.19029   0.03534   0.02667   0.06456   0.01520   7.67039   1.58670   1.20195   1.67343   1.08271  
 19 32.3739   2183.378798  x:  0.07692   0.01878   0.07205   0.12750   0.21882   0.12667   0.29142   0.45339   0.04359   0.00294   0.05831   0.04841   0.00845   0.03086   0.16206   0.06968   0.21686   0.04182   0.19009   0.03463   0.02647   0.06480   0.01516   7.67077   1.59150   1.20571   1.67936   1.08339  
 20  9.0117   2183.339807  x:  0.07645   0.01874   0.07245   0.13126   0.22166   0.13006   0.28910   0.45389   0.04358   0.00295   0.05887   0.04896   0.00850   0.03081   0.16254   0.06927   0.21996   0.04390   0.19037   0.03486   0.02652   0.06307   0.01528   7.67200   1.59849   1.21429   1.70073   1.08609  
 21  8.5166   2183.304332  x:  0.07442   0.01882   0.07268   0.13165   0.22147   0.13040   0.28846   0.45567   0.04369   0.00295   0.05924   0.04864   0.00856   0.03121   0.16222   0.06828   0.22162   0.04073   0.19019   0.03511   0.02663   0.06536   0.01515   7.67322   1.60332   1.22170   1.72143   1.08870  
 22 20.3289   2183.259621  x:  0.07458   0.01873   0.07177   0.12769   0.21709   0.12648   0.28854   0.45834   0.04346   0.00292   0.05802   0.04846   0.00835   0.03058   0.16131   0.06824   0.22095   0.04268   0.18996   0.03453   0.02625   0.06504   0.01502   7.67495   1.60818   1.23052   1.74820   1.09200  
 23 20.0154   2183.255648  x:  0.07477   0.01866   0.07173   0.12761   0.21657   0.12635   0.28853   0.45849   0.04340   0.00291   0.05890   0.04821   0.00832   0.03043   0.16106   0.06835   0.22018   0.04198   0.19037   0.03437   0.02618   0.06386   0.01505   7.67519   1.60846   1.23098   1.74998   1.09213  
 24  4.0250   2183.244038  x:  0.07444   0.01864   0.07141   0.12895   0.21551   0.12764   0.28852   0.45874   0.04338   0.00291   0.05849   0.04826   0.00832   0.03036   0.15971   0.06864   0.21658   0.04214   0.19394   0.03435   0.02610   0.06443   0.01500   7.67633   1.60867   1.23057   1.75172   1.09156  
 25  1.6956   2182.796081  x:  0.06792   0.01716   0.06869   0.12328   0.21826   0.13459   0.27636   0.46577   0.04170   0.00295   0.05733   0.04528   0.00665   0.02613   0.15733   0.06519   0.23036   0.04126   0.19985   0.03075   0.02388   0.06395   0.01419   7.72890   1.60502   1.18679   1.73411   1.05313  
 26  1.0992   2182.716084  x:  0.06720   0.01680   0.06884   0.12805   0.22150   0.12530   0.27341   0.46607   0.04158   0.00298   0.05718   0.04490   0.00639   0.02554   0.15802   0.06469   0.23442   0.04067   0.20643   0.03041   0.02365   0.06400   0.01418   7.73866   1.59623   1.19516   1.72479   1.05464  
 27  5.6570   2182.603243  x:  0.06553   0.01637   0.06845   0.12496   0.22043   0.13304   0.27174   0.46673   0.04134   0.00298   0.05700   0.04424   0.00604   0.02454   0.15752   0.06404   0.23528   0.04094   0.20550   0.02964   0.02316   0.06399   0.01403   7.75282   1.57776   1.21910   1.70686   1.06594  
 28  9.0846   2182.556968  x:  0.06509   0.01631   0.06839   0.12510   0.22053   0.13304   0.27066   0.46672   0.04121   0.00300   0.05691   0.04401   0.00586   0.02426   0.15747   0.06398   0.23605   0.04081   0.20634   0.02949   0.02300   0.06399   0.01400   7.75996   1.58133   1.20884   1.70055   1.10447  
 29  1.6020   2180.655243  x:  0.05928   0.01541   0.07981   0.13328   0.20413   0.13682   0.24444   0.42176   0.03541   0.00579   0.05413   0.04008   0.00000   0.02511   0.17697   0.06649   0.22374   0.04189   0.19714   0.03468   0.02397   0.06310   0.01515   8.21697   1.58876   1.20664   1.71691   1.09777  
 30  0.2281   2178.649330  x:  0.06705   0.01481   0.07953   0.13556   0.19568   0.13978   0.18897   0.37401   0.03741   0.00954   0.05540   0.04305   0.00578   0.02939   0.17897   0.06297   0.21686   0.04234   0.18976   0.03701   0.02440   0.06398   0.01684   8.21155   1.58760   1.21068   1.72256   1.09572  
 31  0.0558   2178.125773  x:  0.06166   0.01688   0.07102   0.13129   0.19169   0.13841   0.17932   0.36058   0.03999   0.00985   0.05599   0.04390   0.00526   0.02532   0.16288   0.06019   0.21596   0.04229   0.18817   0.03255   0.02499   0.06412   0.01423   7.72827   1.59700   1.20911   1.74209   1.07990  
 32  0.4211   2178.090749  x:  0.06155   0.01697   0.07038   0.13111   0.19166   0.13818   0.18469   0.36326   0.03869   0.00950   0.05550   0.04265   0.00530   0.02586   0.16248   0.06094   0.21547   0.04235   0.18832   0.03184   0.02443   0.06378   0.01298   7.63893   1.59608   1.20906   1.73976   1.08029  
 33  0.0866   2178.084339  x:  0.06198   0.01699   0.07091   0.13128   0.19234   0.13856   0.18220   0.36501   0.03857   0.00951   0.05548   0.04296   0.00520   0.02594   0.16332   0.06109   0.21571   0.04234   0.18862   0.03200   0.02425   0.06358   0.01232   7.64944   1.59528   1.20883   1.73808   1.08074  
 34  0.0102   2178.081969  x:  0.06191   0.01702   0.07121   0.13149   0.19209   0.13857   0.18322   0.36267   0.03877   0.00959   0.05557   0.04320   0.00532   0.02597   0.16372   0.06092   0.21568   0.04234   0.18850   0.03214   0.02433   0.06350   0.01207   7.67008   1.59519   1.20885   1.73809   1.08087  
 35  0.0172   2178.075210  x:  0.06188   0.01696   0.07074   0.13123   0.19139   0.13806   0.18260   0.36485   0.03927   0.01016   0.05572   0.04304   0.00551   0.02644   0.16262   0.06065   0.21617   0.04229   0.18848   0.03201   0.02464   0.06348   0.01205   7.70079   1.59544   1.20886   1.73993   1.08048  
 36  0.0058   2178.065190  x:  0.06240   0.01697   0.07073   0.13107   0.19293   0.13832   0.18388   0.36450   0.03843   0.01106   0.05555   0.04303   0.00549   0.02562   0.16278   0.06120   0.21591   0.04231   0.18865   0.03204   0.02447   0.06352   0.01201   7.67352   1.59613   1.20908   1.73948   1.08021  
 37  0.0117   2178.063678  x:  0.06192   0.01694   0.07098   0.13126   0.19261   0.13845   0.18409   0.36487   0.03848   0.01124   0.05555   0.04308   0.00530   0.02597   0.16333   0.06106   0.21590   0.04233   0.18873   0.03205   0.02434   0.06352   0.01202   7.66372   1.59517   1.20885   1.73792   1.08066  
 38  0.0099   2178.063629  x:  0.06199   0.01698   0.07100   0.13130   0.19244   0.13842   0.18406   0.36492   0.03852   0.01127   0.05556   0.04303   0.00527   0.02593   0.16334   0.06103   0.21591   0.04233   0.18868   0.03207   0.02436   0.06352   0.01203   7.66485   1.59503   1.20876   1.73788   1.08060  
 39  0.0013   2178.063628  x:  0.06198   0.01699   0.07099   0.13130   0.19246   0.13842   0.18404   0.36490   0.03851   0.01127   0.05556   0.04304   0.00526   0.02593   0.16332   0.06104   0.21592   0.04232   0.18868   0.03207   0.02436   0.06351   0.01203   7.66540   1.59503   1.20875   1.73791   1.08057  
 40  0.0006   2178.063628  x:  0.06198   0.01699   0.07098   0.13130   0.19246   0.13842   0.18404   0.36490   0.03851   0.01127   0.05556   0.04304   0.00526   0.02593   0.16333   0.06104   0.21591   0.04232   0.18868   0.03207   0.02436   0.06351   0.01203   7.66549   1.59504   1.20875   1.73791   1.08057  
 41  0.0001   2178.063628  x:  0.06198   0.01699   0.07098   0.13130   0.19246   0.13842   0.18404   0.36490   0.03851   0.01127   0.05556   0.04304   0.00526   0.02593   0.16333   0.06104   0.21591   0.04232   0.18868   0.03207   0.02436   0.06351   0.01203   7.66549   1.59504   1.20875   1.73792   1.08057  
 42  0.0000   2178.063628  x:  0.06198   0.01699   0.07098   0.13130   0.19246   0.13842   0.18404   0.36490   0.03851   0.01127   0.05556   0.04304   0.00526   0.02593   0.16333   0.06104   0.21591   0.04232   0.18868   0.03207   0.02436   0.06351   0.01203   7.66549   1.59504   1.20875   1.73792   1.08057  
 43  0.0000   2178.063628  x:  0.06198   0.01699   0.07098   0.13130   0.19246   0.13842   0.18404   0.36490   0.03851   0.01127   0.05556   0.04304   0.00526   0.02593   0.16333   0.06104   0.21591   0.04232   0.18868   0.03207   0.02436   0.06351   0.01203   7.66549   1.59504   1.20875   1.73792   1.08057  