

TREE # 1

  0  0.0000   2176.744217  x:  0.01972   0.20925   0.02571   0.03211   0.02495   0.05815   0.02188   0.05666   0.08536   0.02661   0.17168   0.01972   0.20925   0.02571   0.03211   0.02495   0.05815   0.02188   0.05666   0.08536   0.02661   0.17168   0.21568   8.40433   1.78312   1.24541   1.64181   1.00000  
  1 99.0000   2053.016100  x:  0.00658   0.21674   0.23417   0.11080   0.01751   0.04399   0.01171   0.04768   0.06600   0.07860   0.14541   0.02887   0.20791   0.22690   0.17889   0.06897   0.06565   0.00840   0.05342   0.08166   0.11323   0.14785   0.18996   8.40421   1.78315   1.24498   1.64283   1.00190  
  2 1621.3795   2031.645462  x:  0.03067   0.23409   0.24140   0.11476   0.02128   0.02462   0.02545   0.02794   0.00985   0.05212   0.06311   0.03771   0.20132   0.23196   0.19443   0.05687   0.07517   0.05503   0.03864   0.06158   0.09794   0.07263   0.10789   8.40394   1.78287   1.24708   1.64381   1.00716  
  3 241.5467   2022.729166  x:  0.02360   0.24282   0.24279   0.11765   0.01957   0.03064   0.01761   0.03270   0.01686   0.04042   0.01963   0.04000   0.19786   0.23133   0.20015   0.05345   0.07694   0.05042   0.03790   0.05390   0.08952   0.03312   0.06219   8.40376   1.78270   1.24786   1.64479   1.01018  
  4 432.2563   2021.434847  x:  0.02037   0.24749   0.24241   0.11786   0.01969   0.02948   0.01629   0.03226   0.01012   0.03895   0.02625   0.04284   0.19637   0.22979   0.20235   0.05393   0.07655   0.04080   0.04013   0.05267   0.08636   0.02567   0.04258   8.40363   1.78260   1.24804   1.64569   1.01203  
  5 121.1237   2021.215994  x:  0.02201   0.25062   0.24250   0.11840   0.02031   0.02718   0.01922   0.02992   0.01266   0.03860   0.02632   0.04483   0.19555   0.22890   0.20392   0.05388   0.07659   0.03797   0.03974   0.05206   0.08504   0.02811   0.03714   8.40353   1.78252   1.24813   1.64640   1.01337  
  6 59.5474   2021.098282  x:  0.02371   0.25593   0.24246   0.11875   0.02034   0.02794   0.01968   0.03026   0.01042   0.03853   0.02387   0.04609   0.19428   0.22725   0.20651   0.05388   0.07658   0.03354   0.03906   0.05155   0.08338   0.03089   0.03697   8.40334   1.78237   1.24829   1.64778   1.01593  
  7 31.7429   2020.952927  x:  0.02763   0.26744   0.24267   0.11969   0.02023   0.02705   0.01896   0.03015   0.01121   0.03767   0.02500   0.04591   0.19166   0.22399   0.21214   0.05368   0.07694   0.03013   0.03791   0.05055   0.08056   0.02833   0.03993   8.40289   1.78203   1.24873   1.65104   1.02203  
  8 35.4469   2020.837521  x:  0.02426   0.27942   0.24257   0.11984   0.02042   0.02904   0.01937   0.03016   0.01155   0.03716   0.02586   0.04414   0.18985   0.22029   0.21731   0.05428   0.07699   0.03385   0.04021   0.05103   0.08111   0.02987   0.03975   8.40221   1.78162   1.24947   1.65579   1.03090  
  9 24.7657   2020.807120  x:  0.02270   0.28181   0.24237   0.11952   0.02003   0.02693   0.01846   0.03066   0.01145   0.03743   0.02551   0.04406   0.18989   0.21935   0.21780   0.05414   0.07669   0.03423   0.03958   0.05155   0.08238   0.03031   0.03977   8.40191   1.78150   1.24986   1.65781   1.03467  
 10 19.6863   2020.733062  x:  0.02230   0.28429   0.24216   0.11821   0.02033   0.02814   0.01951   0.03012   0.01152   0.03848   0.02563   0.04531   0.19146   0.21831   0.21648   0.05351   0.07557   0.03358   0.03633   0.05287   0.08772   0.02906   0.03961   8.40073   1.78125   1.25151   1.66538   1.04886  
 11 17.5539   2020.595922  x:  0.02600   0.28469   0.24259   0.11688   0.02022   0.02767   0.01864   0.03057   0.01164   0.03804   0.02489   0.04677   0.19421   0.21824   0.21271   0.05492   0.07511   0.03244   0.04118   0.05266   0.09331   0.02851   0.03934   8.39813   1.78101   1.25540   1.68170   1.07953  
 12 39.1005   2020.303494  x:  0.02333   0.27783   0.24585   0.11925   0.01943   0.02788   0.01875   0.03009   0.01137   0.03560   0.02594   0.04270   0.19529   0.22239   0.20669   0.05348   0.07826   0.03119   0.03905   0.04859   0.08543   0.03059   0.03954   8.39213   1.78180   1.26512   1.71745   1.14717  
 13 48.6809   2020.243845  x:  0.02293   0.27541   0.24561   0.11961   0.02156   0.02762   0.01904   0.03096   0.01148   0.03844   0.02570   0.04401   0.19416   0.22302   0.20704   0.05382   0.07740   0.03172   0.03935   0.05132   0.08186   0.03007   0.03969   8.39076   1.78279   1.26756   1.72452   1.16075  
 14 38.6529   2020.221203  x:  0.02303   0.27400   0.24485   0.11952   0.01962   0.02788   0.01884   0.03028   0.01155   0.03943   0.02563   0.04467   0.19313   0.22310   0.20816   0.05404   0.07650   0.03201   0.03945   0.05256   0.08084   0.02998   0.03963   8.39019   1.78376   1.26876   1.72679   1.16527  
 15 21.9647   2020.167187  x:  0.02366   0.26858   0.24048   0.11867   0.02029   0.02811   0.01795   0.03070   0.01181   0.03820   0.02595   0.04409   0.18854   0.22293   0.21496   0.05418   0.07386   0.03196   0.03875   0.05199   0.08236   0.03066   0.03920   8.38839   1.78925   1.27317   1.73072   1.17398  
 16 11.2626   2020.140338  x:  0.02258   0.26645   0.23828   0.11833   0.02016   0.02754   0.01976   0.03047   0.01167   0.03908   0.02562   0.04374   0.18703   0.22250   0.21768   0.05421   0.07485   0.03086   0.03962   0.05098   0.08336   0.02987   0.03995   8.38734   1.79309   1.27580   1.73215   1.17735  
 17 15.7436   2020.091268  x:  0.02278   0.26491   0.23594   0.11833   0.02024   0.02812   0.01812   0.03041   0.01202   0.04164   0.02596   0.04501   0.18703   0.22184   0.22022   0.05356   0.07969   0.03090   0.03938   0.04968   0.08435   0.03029   0.03952   8.38516   1.80222   1.28134   1.73364   1.18127  
 18 12.5786   2019.836571  x:  0.02294   0.26492   0.23341   0.12076   0.01865   0.02822   0.02002   0.03442   0.01233   0.03776   0.02695   0.04418   0.19594   0.22214   0.22257   0.05593   0.08349   0.02808   0.03848   0.05606   0.08389   0.03105   0.03923   8.37285   1.85567   1.31193   1.73873   1.19423  
 19 18.8981   2019.574683  x:  0.02063   0.26624   0.23302   0.12162   0.02104   0.02854   0.01730   0.02860   0.01228   0.03768   0.02640   0.04290   0.20287   0.22226   0.22170   0.05651   0.08004   0.02425   0.03973   0.05692   0.08267   0.03145   0.04058   8.36061   1.90824   1.34176   1.74406   1.20557  
 20 118.9871   2019.352467  x:  0.02023   0.26850   0.23537   0.12072   0.01979   0.02894   0.01808   0.03186   0.01288   0.04213   0.02739   0.04337   0.20460   0.22249   0.21806   0.05439   0.07281   0.02350   0.04037   0.05075   0.08151   0.03211   0.04042   8.34986   1.95284   1.36674   1.74978   1.21377  
 21 98.6678   2019.160587  x:  0.01881   0.27065   0.24238   0.11481   0.01978   0.02919   0.01795   0.03209   0.01335   0.03975   0.02779   0.04560   0.18862   0.22320   0.20819   0.05647   0.07490   0.02163   0.04021   0.05263   0.08354   0.03244   0.04113   8.34024   1.98424   1.38299   1.76139   1.21426  
 22 21.2688   2019.093932  x:  0.02028   0.27075   0.24340   0.11686   0.01969   0.02921   0.01776   0.03213   0.01317   0.04165   0.02754   0.04118   0.18474   0.22228   0.20564   0.05467   0.07525   0.02036   0.04061   0.05487   0.08516   0.03288   0.03998   8.33672   1.99143   1.38595   1.76878   1.21159  
 23 15.5911   2018.807511  x:  0.01778   0.26867   0.24271   0.13369   0.01951   0.02978   0.01725   0.03236   0.01265   0.04003   0.02831   0.04610   0.18036   0.21680   0.20219   0.05370   0.07358   0.01796   0.04156   0.05478   0.08890   0.03270   0.04123   8.32021   2.01059   1.39008   1.81355   1.19022  
 24 18.3406   2018.340450  x:  0.01678   0.26558   0.24206   0.12734   0.01922   0.03021   0.01658   0.03309   0.01354   0.04351   0.02845   0.04260   0.18686   0.21318   0.20552   0.06571   0.07284   0.01334   0.03857   0.05202   0.08710   0.03312   0.04023   8.29323   2.03303   1.39268   1.88946   1.15162  
 25 44.1123   2018.155437  x:  0.01565   0.26487   0.24228   0.12017   0.01913   0.03042   0.01665   0.03350   0.01415   0.04192   0.02897   0.04366   0.19071   0.21544   0.20896   0.05798   0.07303   0.01088   0.04090   0.05370   0.08577   0.03351   0.04076   8.28278   2.03970   1.39348   1.91777   1.13672  
 26 55.7109   2018.116139  x:  0.01544   0.26810   0.23503   0.12071   0.01910   0.03052   0.01654   0.03360   0.01436   0.04251   0.02906   0.04350   0.18990   0.22384   0.20679   0.05851   0.07285   0.01048   0.04087   0.05350   0.08570   0.03370   0.04082   8.27944   2.03238   1.39485   1.91507   1.13546  
 27  3.3748   2017.893763  x:  0.01416   0.26552   0.23878   0.12271   0.01898   0.03119   0.01604   0.03422   0.01482   0.04328   0.02981   0.04338   0.19029   0.21748   0.20663   0.05996   0.07266   0.00816   0.04114   0.05431   0.08704   0.03442   0.04131   8.25615   1.95857   1.40152   1.85789   1.14075  
 28  4.6366   2017.666507  x:  0.01278   0.26316   0.23722   0.12317   0.01877   0.03180   0.01530   0.03472   0.01549   0.04421   0.03023   0.04274   0.18983   0.21768   0.20590   0.06075   0.07239   0.00711   0.04147   0.05494   0.08742   0.03506   0.04157   8.22528   1.92237   1.31939   1.78681   1.16142  
 29  4.3173   2017.084095  x:  0.00865   0.25861   0.23574   0.11935   0.01823   0.03412   0.01297   0.03680   0.01846   0.04627   0.03189   0.04072   0.19248   0.21799   0.20464   0.05972   0.07129   0.01195   0.04391   0.05797   0.08897   0.03700   0.04349   8.09803   1.83665   1.28359   1.74339   1.13991  
 30  0.8559   2016.881402  x:  0.01376   0.25695   0.23494   0.11715   0.01815   0.03550   0.01240   0.03818   0.02075   0.04693   0.03192   0.04082   0.19301   0.21771   0.20294   0.05934   0.07050   0.01269   0.04528   0.05926   0.08974   0.03737   0.04479   7.98252   1.81219   1.27049   1.73352   1.12475  
 31  0.2778   2016.745493  x:  0.01302   0.25883   0.23331   0.11563   0.01836   0.03711   0.01379   0.03997   0.02424   0.04615   0.03047   0.04070   0.19139   0.21474   0.20112   0.05849   0.07047   0.01256   0.04638   0.05926   0.08841   0.03476   0.04361   7.80670   1.85487   1.29721   1.77445   1.10736  
 32  0.1716   2016.675196  x:  0.01203   0.25746   0.22717   0.11616   0.01850   0.03686   0.01305   0.03957   0.02705   0.04687   0.03233   0.04149   0.19152   0.20952   0.19817   0.05902   0.07083   0.01231   0.04581   0.05938   0.08784   0.03569   0.04461   7.77799   1.84605   1.29021   1.75180   1.12050  
 33  0.0188   2016.648691  x:  0.01234   0.25817   0.22344   0.11420   0.01824   0.03611   0.01367   0.03886   0.02747   0.04640   0.03183   0.04060   0.19193   0.20651   0.19639   0.05834   0.07053   0.01221   0.04548   0.05946   0.08730   0.03564   0.04382   7.86292   1.83836   1.28525   1.75810   1.11699  
 34  0.0439   2016.640791  x:  0.01262   0.25820   0.22243   0.11441   0.01842   0.03604   0.01303   0.03876   0.02680   0.04623   0.03134   0.04090   0.19172   0.20492   0.19495   0.05825   0.07062   0.01229   0.04563   0.05963   0.08718   0.03546   0.04370   7.86365   1.84820   1.29103   1.76393   1.11757  
 35  0.0091   2016.637205  x:  0.01268   0.25775   0.22166   0.11446   0.01850   0.03610   0.01350   0.03890   0.02615   0.04640   0.03147   0.04105   0.19164   0.20429   0.19437   0.05835   0.07068   0.01240   0.04579   0.05981   0.08723   0.03567   0.04407   7.84419   1.84796   1.29083   1.76185   1.11817  
 36  0.0198   2016.636311  x:  0.01255   0.25794   0.22127   0.11425   0.01839   0.03628   0.01338   0.03907   0.02592   0.04640   0.03151   0.04096   0.19163   0.20420   0.19462   0.05830   0.07064   0.01239   0.04581   0.05972   0.08704   0.03557   0.04399   7.83010   1.84454   1.28879   1.76002   1.11762  
 37  0.0137   2016.636280  x:  0.01251   0.25791   0.22133   0.11426   0.01840   0.03630   0.01338   0.03908   0.02592   0.04640   0.03155   0.04092   0.19168   0.20418   0.19452   0.05829   0.07061   0.01237   0.04578   0.05972   0.08706   0.03558   0.04401   7.83158   1.84497   1.28897   1.76053   1.11745  
 38  0.0017   2016.636278  x:  0.01251   0.25792   0.22133   0.11427   0.01840   0.03631   0.01338   0.03908   0.02591   0.04639   0.03155   0.04093   0.19168   0.20418   0.19452   0.05829   0.07062   0.01237   0.04576   0.05972   0.08706   0.03557   0.04400   7.83260   1.84497   1.28899   1.76045   1.11756  
 39  0.0010   2016.636278  x:  0.01251   0.25792   0.22133   0.11427   0.01840   0.03632   0.01338   0.03908   0.02591   0.04639   0.03155   0.04093   0.19168   0.20418   0.19453   0.05829   0.07062   0.01237   0.04576   0.05972   0.08706   0.03557   0.04400   7.83274   1.84499   1.28899   1.76048   1.11757  
 40  0.0001   2016.636278  x:  0.01251   0.25792   0.22133   0.11427   0.01840   0.03632   0.01338   0.03908   0.02591   0.04639   0.03155   0.04093   0.19168   0.20418   0.19453   0.05829   0.07062   0.01237   0.04576   0.05972   0.08706   0.03557   0.04400   7.83274   1.84498   1.28899   1.76047   1.11756  
 41  0.0000   2016.636278  x:  0.01251   0.25792   0.22133   0.11427   0.01840   0.03632   0.01338   0.03908   0.02591   0.04639   0.03155   0.04093   0.19168   0.20418   0.19453   0.05829   0.07062   0.01237   0.04576   0.05972   0.08706   0.03557   0.04400   7.83273   1.84498   1.28899   1.76047   1.11756  
 42  0.0000   2016.636278  x:  0.01251   0.25792   0.22133   0.11427   0.01840   0.03632   0.01338   0.03908   0.02591   0.04639   0.03155   0.04093   0.19168   0.20418   0.19453   0.05829   0.07062   0.01237   0.04576   0.05972   0.08706   0.03557   0.04400   7.83273   1.84498   1.28899   1.76047   1.11756  

TREE # 2

  0  0.0000   2190.778565  x:  0.01251   0.25792   0.22133   0.11427   0.01840   0.03632   0.01338   0.03908   0.02591   0.04639   0.03155   0.04093   0.19168   0.20418   0.19453   0.05829   0.07062   0.01237   0.04576   0.05972   0.08706   0.03557   0.04400   7.83273   1.72354   1.27139   1.73151   1.11756  
  1 99.0000   2092.946676  x:  0.03720   0.23103   0.19306   0.13224   0.16157   0.20095   0.15199   0.18329   0.05991   0.05743   0.07996   0.01398   0.16171   0.17363   0.20442   0.06239   0.13900   0.06753   0.09690   0.04923   0.05697   0.03162   0.01911   7.83275   1.72489   1.27096   1.73119   1.11808  
  2 1274.8814   2065.567408  x:  0.02920   0.18523   0.14667   0.14458   0.15377   0.21412   0.13591   0.19439   0.05005   0.05798   0.07699   0.00471   0.11092   0.12424   0.21656   0.05785   0.17291   0.04107   0.10782   0.03619   0.01409   0.03850   0.00135   7.83286   1.72736   1.27150   1.72914   1.11840  
  3 307.7881   2059.774652  x:  0.02729   0.17232   0.13361   0.14804   0.15178   0.21800   0.13159   0.19766   0.04744   0.05818   0.07626   0.00363   0.09660   0.11033   0.21995   0.05659   0.18231   0.03393   0.11090   0.03277   0.00304   0.04032   0.00419   7.83289   1.72805   1.27165   1.72857   1.11849  
  4 5089.9399   2034.929990  x:  0.02148   0.10454   0.06526   0.16573   0.14179   0.23820   0.10959   0.21479   0.03550   0.05949   0.07308   0.01959   0.02155   0.03772   0.23735   0.05005   0.22920   0.00000   0.12668   0.01976   0.00710   0.04778   0.00580   7.83304   1.73170   1.27232   1.72567   1.11896  
  5 1761.5155   2030.652791  x:  0.02155   0.08989   0.05070   0.16937   0.13823   0.24096   0.10348   0.21710   0.03313   0.05966   0.07199   0.02081   0.00592   0.02281   0.24101   0.04859   0.23860   0.00422   0.12980   0.01865   0.00778   0.04906   0.00612   7.83307   1.73250   1.27245   1.72506   1.11904  
  6 1973.0425   2026.727870  x:  0.03337   0.06665   0.02965   0.17478   0.13275   0.24489   0.09424   0.22055   0.03411   0.06004   0.07100   0.01154   0.00621   0.01299   0.24632   0.04645   0.25083   0.00211   0.13353   0.02888   0.01097   0.04819   0.00754   7.83312   1.73384   1.27248   1.72420   1.11912  
  7 371.0785   2024.794445  x:  0.03429   0.04872   0.01710   0.17933   0.12849   0.24848   0.08692   0.22377   0.03502   0.06041   0.07058   0.01373   0.00933   0.02035   0.25071   0.04479   0.26089   0.00306   0.13667   0.02805   0.01087   0.04721   0.00758   7.83316   1.73502   1.27248   1.72348   1.11917  
  8 296.9454   2023.532477  x:  0.03492   0.03106   0.02831   0.18584   0.12228   0.25335   0.07669   0.22851   0.03911   0.06073   0.07091   0.01174   0.00787   0.02378   0.25677   0.04280   0.27346   0.00276   0.13997   0.02899   0.01218   0.04358   0.00822   7.83323   1.73699   1.27233   1.72246   1.11913  
  9 130.4627   2023.218000  x:  0.03472   0.03181   0.03080   0.18948   0.11791   0.25648   0.07155   0.23148   0.04006   0.06052   0.07144   0.01466   0.01240   0.02069   0.26039   0.04193   0.28049   0.00354   0.14137   0.02922   0.01145   0.04187   0.00800   7.83327   1.73847   1.27217   1.72172   1.11910  
 10 74.3799   2022.730769  x:  0.03556   0.04190   0.03113   0.19700   0.10762   0.26320   0.06205   0.23792   0.04144   0.05963   0.07276   0.01302   0.01096   0.02398   0.26807   0.04048   0.29438   0.00331   0.14311   0.03101   0.01271   0.03885   0.00864   7.83339   1.74220   1.27172   1.71993   1.11897  
 11 86.1910   2022.672787  x:  0.03755   0.04194   0.03186   0.19863   0.10287   0.26421   0.06468   0.23953   0.04080   0.05921   0.07270   0.01352   0.01091   0.02440   0.27014   0.04081   0.29526   0.00344   0.14008   0.03055   0.01262   0.04225   0.00858   7.83350   1.74539   1.27130   1.71855   1.11863  
 12 14.0965   2022.640284  x:  0.03562   0.04155   0.03167   0.19967   0.09988   0.26484   0.06696   0.24065   0.04087   0.05922   0.07265   0.01255   0.01139   0.02408   0.27152   0.04090   0.29490   0.00354   0.13742   0.03067   0.01309   0.04176   0.00877   7.83361   1.74873   1.27090   1.71712   1.11824  
 13 17.3494   2022.620356  x:  0.03576   0.04134   0.03152   0.20027   0.09853   0.26519   0.06798   0.24128   0.04132   0.05942   0.07267   0.01341   0.01092   0.02416   0.27234   0.04079   0.29393   0.00353   0.13565   0.03155   0.01258   0.04009   0.00858   7.83373   1.75188   1.27054   1.71579   1.11787  
 14 18.2588   2022.587649  x:  0.03706   0.04127   0.03136   0.20120   0.09852   0.26579   0.06732   0.24214   0.04124   0.05973   0.07269   0.01299   0.01100   0.02388   0.27351   0.04032   0.29143   0.00357   0.13397   0.02938   0.01271   0.03847   0.00859   7.83402   1.75958   1.26975   1.71260   1.11694  
 15 13.5172   2022.472029  x:  0.03595   0.04106   0.03135   0.20407   0.10181   0.26837   0.06249   0.24506   0.03991   0.06022   0.07280   0.01305   0.01103   0.02399   0.27716   0.03945   0.28246   0.00377   0.13148   0.03085   0.01255   0.04087   0.00850   7.83525   1.79078   1.26681   1.69984   1.11318  
 16 34.0197   2022.406677  x:  0.03599   0.04123   0.03122   0.20267   0.10081   0.26738   0.06381   0.24393   0.04306   0.05895   0.07197   0.01306   0.01097   0.02389   0.27654   0.04330   0.28129   0.00367   0.13673   0.03058   0.01254   0.04111   0.00851   7.83614   1.81009   1.26618   1.69270   1.11080  
 17 16.8734   2022.360186  x:  0.03640   0.04120   0.03185   0.20060   0.10015   0.26615   0.06636   0.24224   0.03995   0.05854   0.07245   0.01302   0.01116   0.02428   0.27434   0.04186   0.28310   0.00363   0.14054   0.03110   0.01264   0.03995   0.00859   7.83688   1.82341   1.26672   1.68843   1.10916  
 18 20.5794   2022.328121  x:  0.03646   0.04159   0.03188   0.19871   0.10075   0.26476   0.06748   0.24032   0.04178   0.06067   0.07332   0.01298   0.01119   0.02433   0.27164   0.03897   0.28614   0.00365   0.14001   0.03108   0.01273   0.04063   0.00863   7.83751   1.83184   1.26838   1.68676   1.10808  
 19 12.8204   2022.278956  x:  0.03676   0.04182   0.03218   0.19638   0.10438   0.26305   0.06761   0.23772   0.04146   0.05991   0.07342   0.01296   0.01137   0.02460   0.26768   0.04166   0.29236   0.00381   0.13455   0.03138   0.01292   0.04020   0.00873   7.83868   1.84266   1.27329   1.68700   1.10652  
 20 10.5993   2022.158655  x:  0.03705   0.04228   0.03242   0.19723   0.10630   0.26193   0.06881   0.23793   0.04362   0.05329   0.06859   0.01296   0.01154   0.02488   0.26622   0.03804   0.28980   0.00403   0.13312   0.03169   0.01302   0.04009   0.00879   7.84221   1.85730   1.29324   1.70108   1.10400  
 21  5.0280   2021.418912  x:  0.03946   0.04383   0.03433   0.20262   0.10851   0.25502   0.07286   0.24007   0.04311   0.06217   0.07130   0.01184   0.01275   0.02681   0.26483   0.04371   0.26306   0.00533   0.13337   0.03392   0.01359   0.03880   0.00909   7.86553   1.94586   1.42329   1.80056   1.08884  
 22 53.1913   2021.343414  x:  0.03947   0.04337   0.03423   0.19761   0.10716   0.25682   0.07172   0.23951   0.04417   0.05837   0.07809   0.01174   0.01275   0.02676   0.26529   0.04342   0.25954   0.00544   0.13240   0.03390   0.01356   0.03890   0.00907   7.86793   1.95381   1.42989   1.81248   1.08900  
 23 17.7037   2021.180924  x:  0.03993   0.04327   0.03492   0.18185   0.10474   0.26597   0.06964   0.23769   0.04383   0.06027   0.07340   0.01153   0.01305   0.02718   0.26746   0.04375   0.25412   0.00576   0.13019   0.03437   0.01367   0.03857   0.00912   7.87311   1.96821   1.42715   1.84155   1.09366  
 24 14.4638   2020.820603  x:  0.04096   0.04395   0.03562   0.19272   0.10948   0.26620   0.07476   0.22460   0.04504   0.05955   0.07443   0.01108   0.01355   0.02797   0.26462   0.04442   0.24589   0.00637   0.12853   0.03527   0.01399   0.03767   0.00929   7.88520   1.99510   1.38982   1.91069   1.11250  
 25 14.9214   2020.726998  x:  0.04123   0.04400   0.03568   0.19092   0.10900   0.25506   0.07341   0.23939   0.04507   0.05949   0.07436   0.01097   0.01368   0.02813   0.25771   0.04503   0.24361   0.00655   0.12784   0.03549   0.01406   0.03749   0.00932   7.88871   1.99516   1.37748   1.91884   1.11887  
 26  6.9163   2020.325393  x:  0.04306   0.04535   0.03726   0.18314   0.11891   0.23956   0.07978   0.23732   0.04691   0.05917   0.07515   0.01043   0.01454   0.02968   0.27934   0.04453   0.23452   0.00754   0.12528   0.03705   0.01473   0.03646   0.00968   7.90750   1.91996   1.33553   1.83607   1.14924  
 27  3.3906   2019.958286  x:  0.04440   0.04524   0.03841   0.18712   0.11350   0.25224   0.07787   0.23239   0.04789   0.05900   0.07482   0.00999   0.01517   0.03070   0.25830   0.04738   0.21778   0.00851   0.12194   0.03814   0.01510   0.03596   0.00986   7.92468   1.84811   1.29886   1.75577   1.17129  
 28 29.8262   2019.811241  x:  0.04486   0.04533   0.03851   0.18681   0.11339   0.25052   0.07795   0.23177   0.04823   0.05890   0.07475   0.01001   0.01532   0.03105   0.25856   0.04688   0.21678   0.00885   0.12133   0.03856   0.01537   0.03573   0.01003   7.93370   1.81779   1.27097   1.74033   1.09434  
 29  2.1993   2017.650157  x:  0.04964   0.03606   0.03787   0.19585   0.08736   0.22683   0.05980   0.21043   0.04988   0.05824   0.07362   0.01463   0.01478   0.03518   0.25458   0.04537   0.24998   0.01538   0.11875   0.04249   0.02099   0.03514   0.01358   8.03399   1.82172   1.27430   1.73398   1.12644  
 30  0.1014   2016.921445  x:  0.04683   0.04002   0.03552   0.19289   0.09088   0.20189   0.06135   0.19592   0.04690   0.05853   0.07078   0.01398   0.01360   0.03460   0.26214   0.04576   0.21789   0.01943   0.11595   0.04108   0.02234   0.03684   0.01442   7.90791   1.87784   1.31238   1.79014   1.11559  
 31  0.1078   2016.766292  x:  0.04402   0.04166   0.03454   0.19074   0.08453   0.20392   0.05854   0.19138   0.04513   0.05820   0.07005   0.01221   0.01272   0.03259   0.25728   0.04641   0.21958   0.02063   0.11426   0.03935   0.02153   0.03602   0.01403   7.80924   1.83915   1.28379   1.75823   1.11885  
 32  0.0802   2016.709669  x:  0.04306   0.04139   0.03519   0.19137   0.08767   0.19889   0.05976   0.19408   0.04542   0.05816   0.07073   0.01240   0.01238   0.03077   0.25745   0.04638   0.22258   0.02128   0.11446   0.03855   0.01943   0.03625   0.01311   7.80448   1.83590   1.28346   1.75176   1.11736  
 33  0.0060   2016.678594  x:  0.04372   0.04053   0.03613   0.19225   0.08597   0.20374   0.05903   0.19257   0.04593   0.05828   0.07048   0.01265   0.01243   0.03048   0.25857   0.04626   0.22030   0.02239   0.11447   0.03883   0.01812   0.03657   0.01265   7.83289   1.84987   1.29198   1.76558   1.11668  
 34  0.0237   2016.654730  x:  0.04492   0.04067   0.03644   0.19136   0.08597   0.20125   0.05933   0.19250   0.04587   0.05838   0.07016   0.01221   0.01276   0.03184   0.25793   0.04635   0.22089   0.02424   0.11439   0.03972   0.01818   0.03624   0.01294   7.85156   1.84512   1.28738   1.76235   1.11978  
 35  0.0083   2016.638461  x:  0.04386   0.04117   0.03552   0.19149   0.08724   0.20423   0.05934   0.19457   0.04543   0.05817   0.07070   0.01227   0.01256   0.03194   0.25790   0.04637   0.22111   0.02559   0.11396   0.03912   0.01809   0.03636   0.01314   7.82853   1.84341   1.28913   1.75823   1.11686  
 36  0.0103   2016.636805  x:  0.04386   0.04096   0.03540   0.19177   0.08691   0.20409   0.05989   0.19439   0.04573   0.05828   0.07062   0.01241   0.01254   0.03186   0.25796   0.04638   0.22140   0.02580   0.11444   0.03902   0.01830   0.03633   0.01329   7.83075   1.84535   1.28899   1.76092   1.11753  
 37  0.0034   2016.636387  x:  0.04398   0.04088   0.03550   0.19168   0.08709   0.20408   0.05958   0.19454   0.04584   0.05832   0.07059   0.01238   0.01254   0.03167   0.25792   0.04640   0.22132   0.02592   0.11419   0.03901   0.01840   0.03632   0.01336   7.83358   1.84525   1.28899   1.76089   1.11775  
 38  0.0017   2016.636287  x:  0.04400   0.04092   0.03558   0.19165   0.08707   0.20418   0.05974   0.19447   0.04579   0.05829   0.07062   0.01236   0.01252   0.03155   0.25791   0.04639   0.22132   0.02592   0.11426   0.03904   0.01840   0.03632   0.01337   7.83326   1.84481   1.28895   1.76025   1.11756  
 39  0.0007   2016.636280  x:  0.04400   0.04093   0.03558   0.19168   0.08705   0.20418   0.05972   0.19455   0.04576   0.05829   0.07062   0.01237   0.01251   0.03155   0.25792   0.04639   0.22132   0.02592   0.11427   0.03907   0.01841   0.03632   0.01337   7.83284   1.84498   1.28899   1.76046   1.11755  
 40  0.0005   2016.636279  x:  0.04400   0.04093   0.03557   0.19168   0.08707   0.20418   0.05972   0.19452   0.04576   0.05829   0.07062   0.01237   0.01251   0.03155   0.25792   0.04639   0.22133   0.02592   0.11427   0.03908   0.01841   0.03632   0.01337   7.83273   1.84499   1.28899   1.76048   1.11757  
 41  0.0001   2016.636279  x:  0.04400   0.04093   0.03557   0.19168   0.08706   0.20418   0.05972   0.19453   0.04577   0.05829   0.07062   0.01237   0.01251   0.03155   0.25792   0.04639   0.22133   0.02592   0.11426   0.03908   0.01841   0.03632   0.01338   7.83270   1.84497   1.28899   1.76046   1.11756  
 42  0.0000   2016.636278  x:  0.04400   0.04093   0.03557   0.19167   0.08706   0.20418   0.05972   0.19453   0.04576   0.05829   0.07062   0.01237   0.01251   0.03155   0.25792   0.04639   0.22132   0.02591   0.11427   0.03908   0.01840   0.03632   0.01338   7.83278   1.84497   1.28897   1.76047   1.11756  
 43  0.0000   2016.636278  x:  0.04400   0.04093   0.03557   0.19168   0.08706   0.20418   0.05972   0.19453   0.04576   0.05829   0.07062   0.01237   0.01251   0.03155   0.25792   0.04639   0.22133   0.02591   0.11426   0.03908   0.01840   0.03632   0.01338   7.83277   1.84498   1.28899   1.76047   1.11756  
 44  0.0000   2016.636278  x:  0.04400   0.04093   0.03557   0.19168   0.08706   0.20418   0.05972   0.19453   0.04576   0.05829   0.07062   0.01237   0.01251   0.03155   0.25792   0.04639   0.22133   0.02591   0.11427   0.03908   0.01840   0.03632   0.01338   7.83273   1.84498   1.28899   1.76047   1.11756  
 45  0.0000   2016.636278  x:  0.04400   0.04093   0.03557   0.19168   0.08706   0.20418   0.05972   0.19453   0.04576   0.05829   0.07062   0.01237   0.01251   0.03155   0.25792   0.04639   0.22133   0.02591   0.11427   0.03908   0.01840   0.03632   0.01338   7.83273   1.84498   1.28899   1.76047   1.11756  
 46  0.0000   2016.636278  x:  0.04400   0.04093   0.03557   0.19168   0.08706   0.20418   0.05972   0.19453   0.04576   0.05829   0.07062   0.01237   0.01251   0.03155   0.25792   0.04639   0.22133   0.02591   0.11427   0.03908   0.01840   0.03632   0.01338   7.83273   1.84498   1.28899   1.76047   1.11756  