

TREE # 1

  0  0.0000   2729.605719  x:  0.14661   0.00000   0.07243   0.08751   0.03280   0.08063   0.05227   0.06925   0.06054   0.03280   0.05414   0.02629   0.04297   0.01582   0.03192   0.08237   0.02122   0.09899   0.08661   0.02948   0.06757   0.02725   0.03192   0.09064   0.01294   0.03464   0.06406   0.08120   0.02357   0.08523   0.03708   0.07976   0.03216   0.05919   0.02405   0.05403   0.06410   0.04522   0.11186   0.06590   0.10228   0.03727   0.08800   0.08323   0.05969   0.01992   0.06520   8.40433   1.21225   1.31981   1.35657   1.00000  
  1 99.0000   2729.602370  x:  0.14662   0.00000   0.07243   0.08751   0.03280   0.08063   0.05227   0.06925   0.06054   0.03280   0.05414   0.02629   0.04297   0.01582   0.03192   0.08237   0.02122   0.09899   0.08661   0.02948   0.06757   0.02725   0.03192   0.09064   0.01294   0.03464   0.06406   0.08120   0.02357   0.08523   0.03708   0.07976   0.03216   0.05919   0.02405   0.05403   0.06410   0.04522   0.11186   0.06590   0.10228   0.03727   0.08800   0.08323   0.05969   0.01992   0.06520   8.40433   1.21225   1.31981   1.35657   1.00000  
  2 775.4309   2702.975313  x:  0.16057   0.00000   0.07742   0.07690   0.03388   0.07597   0.04509   0.05894   0.04900   0.02534   0.04042   0.01575   0.04066   0.01601   0.02833   0.08581   0.01730   0.09206   0.08234   0.02980   0.05700   0.02750   0.03055   0.09365   0.00000   0.02816   0.05258   0.07693   0.01690   0.07491   0.03119   0.06973   0.02512   0.04725   0.02297   0.05326   0.05329   0.04107   0.11434   0.06216   0.09716   0.03758   0.07786   0.07180   0.05544   0.01756   0.06740   8.40318   1.21272   1.32103   1.35838   1.00018  
  3 1213.6930   2671.785095  x:  0.16124   0.00000   0.08386   0.05985   0.03232   0.06996   0.03640   0.04300   0.03024   0.01448   0.01622   0.00000   0.03444   0.02358   0.02424   0.08790   0.01740   0.08110   0.07664   0.03082   0.04016   0.02789   0.03059   0.09573   0.00000   0.02886   0.03383   0.07271   0.02993   0.05856   0.02639   0.05432   0.01696   0.02739   0.02448   0.05293   0.03677   0.03753   0.11740   0.05759   0.08903   0.03406   0.06120   0.05278   0.05095   0.01838   0.05793   8.40118   1.21344   1.32431   1.36222   1.00095  
  4 1809.4217   2656.800654  x:  0.15406   0.00000   0.08712   0.04987   0.03222   0.06767   0.03405   0.03480   0.01998   0.00982   0.00000   0.00000   0.04027   0.02981   0.02262   0.08729   0.01968   0.07491   0.07426   0.03147   0.03095   0.02798   0.03119   0.09553   0.00000   0.03498   0.02318   0.07190   0.02491   0.04923   0.02666   0.04564   0.01626   0.01566   0.02619   0.05284   0.02837   0.03720   0.11853   0.05607   0.08447   0.03437   0.05178   0.04126   0.04989   0.01964   0.05548   8.39985   1.21379   1.32673   1.36511   1.00165  
  5 1655.3794   2645.618763  x:  0.14330   0.00000   0.09296   0.03172   0.03841   0.06709   0.03781   0.02710   0.01135   0.02249   0.00000   0.00000   0.03804   0.03224   0.02467   0.08345   0.01846   0.06370   0.07284   0.03222   0.01986   0.02779   0.03126   0.09305   0.00000   0.03149   0.00968   0.07607   0.02850   0.03519   0.03412   0.03361   0.02793   0.00000   0.02953   0.05092   0.02015   0.03806   0.11870   0.05672   0.07587   0.04250   0.03802   0.02130   0.05129   0.01913   0.07289   8.39692   1.21382   1.33175   1.37221   1.00336  
  6 507.8370   2639.818472  x:  0.15181   0.00000   0.09940   0.00590   0.03237   0.06733   0.04244   0.02476   0.01946   0.02596   0.00000   0.00000   0.03490   0.02670   0.03162   0.08073   0.02444   0.05051   0.07208   0.03311   0.01506   0.02803   0.02973   0.09167   0.00000   0.03653   0.01213   0.08514   0.02600   0.02024   0.04005   0.02137   0.04095   0.00000   0.03366   0.04588   0.02536   0.03679   0.11622   0.06242   0.06458   0.03903   0.02344   0.00341   0.05239   0.01917   0.06863   8.39203   1.21344   1.33925   1.38425   1.00615  
  7 213.6537   2638.546458  x:  0.15312   0.00000   0.10092   0.00000   0.03176   0.06725   0.04304   0.02409   0.02000   0.02627   0.00000   0.00000   0.03519   0.02595   0.03285   0.08014   0.02495   0.04765   0.07181   0.03326   0.01422   0.02809   0.02952   0.09154   0.00000   0.03700   0.01188   0.08670   0.02592   0.01762   0.04099   0.01913   0.04322   0.00000   0.03437   0.04504   0.02559   0.03645   0.11578   0.06337   0.06222   0.03875   0.02104   0.00571   0.05243   0.01929   0.06785   8.39092   1.21336   1.34098   1.38696   1.00678  
  8 404.4823   2634.779881  x:  0.16246   0.00000   0.11818   0.00000   0.03627   0.06518   0.04154   0.02131   0.01256   0.01714   0.00000   0.00000   0.04965   0.02413   0.04098   0.07385   0.02364   0.02405   0.06847   0.03344   0.02094   0.02864   0.02952   0.09459   0.00000   0.03250   0.00700   0.09469   0.03033   0.02085   0.04175   0.01755   0.05451   0.00000   0.03665   0.04227   0.01821   0.03152   0.11216   0.06899   0.04151   0.04141   0.02054   0.00408   0.04906   0.02093   0.05821   8.37852   1.21205   1.36046   1.41686   1.01356  
  9 126.7837   2630.861787  x:  0.16646   0.00000   0.13468   0.00000   0.03787   0.06194   0.03655   0.01815   0.00406   0.00676   0.00000   0.00000   0.03955   0.02636   0.04159   0.07206   0.02333   0.01141   0.06482   0.03138   0.02352   0.02872   0.02972   0.09902   0.00000   0.04563   0.00654   0.09831   0.02665   0.02389   0.03865   0.01959   0.05936   0.00000   0.03796   0.04164   0.00722   0.02857   0.11086   0.07015   0.02805   0.04276   0.02245   0.00489   0.04473   0.01893   0.06027   8.36488   1.21104   1.38189   1.44888   1.02080  
 10 236.2700   2627.815882  x:  0.16646   0.00000   0.15009   0.00000   0.03929   0.05713   0.02772   0.01288   0.01470   0.00472   0.00000   0.00000   0.03968   0.03277   0.03529   0.07427   0.02402   0.00977   0.06056   0.02931   0.02038   0.02865   0.03017   0.10396   0.00000   0.04963   0.00147   0.09605   0.02569   0.02361   0.03174   0.01930   0.05530   0.00000   0.03862   0.04235   0.00230   0.02637   0.11234   0.06642   0.02127   0.04313   0.02159   0.00502   0.04010   0.02104   0.06223   8.35136   1.21058   1.40305   1.47952   1.02765  
 11 283.0292   2626.421472  x:  0.16637   0.00000   0.15718   0.00000   0.04000   0.05485   0.02359   0.01046   0.01829   0.00410   0.00000   0.00000   0.03997   0.03584   0.03222   0.07535   0.02425   0.00897   0.05856   0.02842   0.01871   0.02861   0.03038   0.10623   0.00000   0.05128   0.00000   0.09480   0.02536   0.02333   0.02848   0.01902   0.05313   0.00368   0.03890   0.04271   0.00163   0.02540   0.11313   0.06452   0.01838   0.04337   0.02103   0.00505   0.03795   0.02196   0.06315   8.34513   1.21040   1.41280   1.49360   1.03079  
 12 3451.8734   2624.928740  x:  0.16615   0.00000   0.16256   0.00000   0.04059   0.05304   0.02048   0.00880   0.02014   0.00444   0.00000   0.00000   0.04094   0.03837   0.02968   0.07626   0.02435   0.00830   0.05698   0.02788   0.01705   0.02859   0.03053   0.10791   0.00000   0.05203   0.00218   0.09352   0.02532   0.02272   0.02598   0.01843   0.05114   0.00540   0.03909   0.04300   0.00000   0.02477   0.11394   0.06274   0.01657   0.04360   0.02019   0.00500   0.03635   0.02268   0.06371   8.34037   1.21031   1.42025   1.50428   1.03316  
 13 2184.9646   2620.186858  x:  0.17028   0.00000   0.18635   0.00000   0.03801   0.04571   0.01313   0.01992   0.01635   0.01597   0.00000   0.00000   0.04761   0.04789   0.01702   0.08250   0.02685   0.00642   0.05109   0.02772   0.01042   0.02856   0.03013   0.11468   0.00000   0.05590   0.00085   0.08235   0.02440   0.01697   0.01568   0.01470   0.03528   0.00864   0.03956   0.04310   0.00000   0.02365   0.12040   0.05012   0.02062   0.04162   0.01316   0.00413   0.03142   0.02336   0.06130   8.31574   1.21053   1.45859   1.55822   1.04500  
 14 648.5993   2616.065255  x:  0.17371   0.00000   0.20157   0.00000   0.03605   0.04242   0.02336   0.01720   0.01152   0.00753   0.00000   0.00000   0.05309   0.05506   0.01435   0.08866   0.02817   0.01379   0.04863   0.03004   0.00916   0.02861   0.02886   0.11756   0.00000   0.05349   0.00175   0.06782   0.02607   0.00852   0.01943   0.00999   0.01651   0.00754   0.03902   0.04264   0.00000   0.02611   0.12822   0.03707   0.02633   0.04233   0.00686   0.00311   0.03224   0.02425   0.06493   8.29476   1.21213   1.49067   1.60193   1.05428  
 15 411.0851   2615.230382  x:  0.17607   0.00000   0.20260   0.00000   0.03467   0.04286   0.02153   0.01220   0.00949   0.00924   0.00000   0.00000   0.05368   0.05649   0.01828   0.09081   0.03021   0.01383   0.04868   0.03187   0.00528   0.02879   0.02792   0.11628   0.00000   0.05327   0.00144   0.06241   0.02564   0.01011   0.02147   0.00822   0.01391   0.00624   0.03893   0.04163   0.00000   0.02731   0.13181   0.03482   0.02891   0.04199   0.01009   0.00307   0.03382   0.02469   0.06475   8.28848   1.21387   1.49967   1.61330   1.05643  
 16 180.1022   2614.656519  x:  0.17812   0.00000   0.20156   0.00000   0.03427   0.04359   0.01746   0.00840   0.00832   0.01044   0.00000   0.00000   0.05400   0.05807   0.01997   0.09293   0.03125   0.01397   0.04880   0.03407   0.00884   0.02908   0.02699   0.11388   0.00000   0.05330   0.00115   0.05697   0.02537   0.00907   0.02226   0.00943   0.01489   0.00577   0.03884   0.04058   0.00000   0.02823   0.13599   0.03399   0.03101   0.04176   0.00883   0.00309   0.03530   0.02492   0.06471   8.28237   1.21643   1.50799   1.62319   1.05807  
 17 180.3247   2613.547059  x:  0.18215   0.00000   0.19627   0.00000   0.03590   0.04551   0.01269   0.01178   0.00962   0.00569   0.00000   0.00000   0.05454   0.06152   0.02099   0.09666   0.03094   0.01337   0.04913   0.03746   0.00644   0.02979   0.02535   0.10747   0.00000   0.05286   0.00166   0.04626   0.02598   0.00955   0.02320   0.01069   0.01998   0.00640   0.03844   0.03873   0.00000   0.02928   0.14556   0.03490   0.03219   0.04259   0.00700   0.00314   0.03778   0.02519   0.06575   8.26828   1.22366   1.52649   1.64424   1.06118  
 18 199.2768   2611.827605  x:  0.19120   0.00000   0.18445   0.00000   0.03824   0.04682   0.01913   0.01148   0.01120   0.00693   0.00000   0.00000   0.05518   0.06700   0.01640   0.10176   0.02883   0.01467   0.04849   0.04013   0.00818   0.03078   0.02409   0.09734   0.00000   0.05508   0.00162   0.03514   0.02606   0.00944   0.01962   0.00754   0.02412   0.00851   0.03735   0.03740   0.00000   0.02751   0.16129   0.03883   0.02772   0.04305   0.01292   0.00304   0.03779   0.02534   0.06444   8.24111   1.23886   1.56114   1.68308   1.06644  
 19 278.2863   2609.696230  x:  0.20278   0.00000   0.16674   0.00000   0.03891   0.04660   0.02505   0.00849   0.01049   0.00963   0.00000   0.00000   0.05723   0.07151   0.01507   0.10559   0.02758   0.01673   0.04775   0.03900   0.00389   0.03115   0.02447   0.08842   0.00000   0.05626   0.00137   0.03847   0.02590   0.01296   0.01703   0.01914   0.02089   0.00819   0.03530   0.03866   0.00000   0.02370   0.17847   0.04210   0.02347   0.04324   0.00885   0.00349   0.03522   0.02446   0.06493   8.20140   1.26200   1.61059   1.73820   1.07341  
 20 382.9474   2605.532171  x:  0.21721   0.00000   0.13680   0.00000   0.03919   0.04354   0.01974   0.01376   0.01057   0.00744   0.00000   0.00000   0.05903   0.07727   0.02095   0.10862   0.02899   0.01839   0.04628   0.03342   0.00984   0.03019   0.02679   0.08175   0.00000   0.05559   0.00196   0.05600   0.02591   0.01674   0.01582   0.01436   0.00821   0.00677   0.03192   0.04322   0.00000   0.01946   0.20249   0.04273   0.02233   0.04599   0.00955   0.00386   0.02880   0.02491   0.07280   8.12794   1.30585   1.70060   1.83814   1.08542  
 21 677.7295   2602.381243  x:  0.23019   0.00000   0.11920   0.00000   0.03893   0.04017   0.01734   0.01158   0.00802   0.00268   0.00000   0.00000   0.06215   0.07373   0.01380   0.10734   0.02766   0.02319   0.04671   0.02648   0.00928   0.02809   0.02821   0.09319   0.00000   0.05372   0.00174   0.06867   0.02718   0.01506   0.01565   0.01356   0.01784   0.00495   0.02820   0.04749   0.00000   0.02435   0.21049   0.03685   0.03388   0.04672   0.01582   0.00364   0.02624   0.02528   0.07406   8.06819   1.34239   1.77123   1.91651   1.09379  
 22 543.2973   2597.736532  x:  0.24963   0.00000   0.10626   0.00000   0.05069   0.04072   0.01799   0.01314   0.01514   0.00635   0.00000   0.00000   0.06252   0.05463   0.02050   0.09704   0.02079   0.03337   0.04972   0.02597   0.01018   0.02578   0.02772   0.13298   0.00000   0.06054   0.00155   0.06565   0.02530   0.01781   0.02627   0.01709   0.01510   0.01346   0.02485   0.05025   0.00000   0.03222   0.20061   0.03039   0.04086   0.04928   0.01631   0.00409   0.03514   0.02734   0.06880   7.96209   1.40995   1.89023   2.04852   1.10506  
 23 474.2731   2592.497443  x:  0.25590   0.00000   0.10848   0.00000   0.05228   0.04734   0.02012   0.01314   0.01472   0.00367   0.00000   0.00000   0.06343   0.02280   0.01630   0.08673   0.03971   0.03851   0.05332   0.03425   0.01076   0.02811   0.02590   0.16440   0.00000   0.05782   0.00237   0.05121   0.02508   0.02235   0.01453   0.02201   0.00906   0.01248   0.03070   0.04609   0.00000   0.02965   0.17357   0.03834   0.04485   0.05002   0.01715   0.00622   0.03885   0.02370   0.07741   7.85168   1.48168   2.00883   2.18045   1.11413  
 24 615.1181   2589.831978  x:  0.25745   0.00000   0.11958   0.00000   0.04522   0.04684   0.01832   0.01481   0.01139   0.00457   0.00000   0.00000   0.06646   0.01059   0.01758   0.09114   0.02966   0.04460   0.05117   0.03257   0.01139   0.02933   0.02504   0.17052   0.00000   0.06258   0.00286   0.03982   0.02642   0.02618   0.01457   0.02307   0.01076   0.00647   0.02777   0.04363   0.00000   0.02053   0.15073   0.03862   0.04251   0.04805   0.01676   0.00624   0.03209   0.02650   0.08311   7.79633   1.51827   2.06302   2.24162   1.11603  
 25 381.4734   2588.610384  x:  0.26556   0.00000   0.13121   0.00000   0.04288   0.04688   0.01985   0.01650   0.01123   0.00532   0.00000   0.00000   0.06692   0.02221   0.01838   0.09607   0.02879   0.04425   0.05004   0.03263   0.01248   0.02895   0.02367   0.17068   0.00000   0.06381   0.00324   0.03706   0.02742   0.02815   0.01438   0.02512   0.01146   0.00368   0.02650   0.04122   0.00000   0.02256   0.13022   0.03887   0.04324   0.04859   0.01754   0.00667   0.03162   0.02489   0.08694   7.76303   1.54104   2.09022   2.27330   1.11447  
 26 243.9765   2587.732385  x:  0.27045   0.00000   0.14172   0.00000   0.04050   0.04716   0.02111   0.01642   0.01352   0.00436   0.00000   0.00000   0.06738   0.02018   0.01737   0.10491   0.02985   0.04374   0.04995   0.03191   0.01310   0.02847   0.02451   0.15677   0.00000   0.06286   0.00320   0.04039   0.02761   0.02916   0.01731   0.02709   0.01083   0.00781   0.02635   0.04099   0.00000   0.02522   0.11361   0.03589   0.04913   0.04836   0.01984   0.00681   0.03399   0.02575   0.08810   7.73463   1.56135   2.10611   2.29269   1.10932  
 27 138.8618   2587.208936  x:  0.27288   0.00000   0.14817   0.00000   0.04982   0.04672   0.02017   0.01612   0.01286   0.00418   0.00000   0.00000   0.06600   0.01743   0.01789   0.10639   0.02862   0.04601   0.05139   0.03135   0.01242   0.02762   0.02512   0.14770   0.00000   0.06421   0.00322   0.04275   0.02708   0.02788   0.01344   0.02632   0.01007   0.00616   0.02677   0.04418   0.00000   0.02815   0.10775   0.03405   0.05057   0.05019   0.01984   0.00668   0.03742   0.02523   0.08492   7.71382   1.57612   2.11126   2.30095   1.10245  
 28 83.6983   2586.574716  x:  0.27742   0.00000   0.15572   0.00000   0.05529   0.04497   0.01737   0.01654   0.01177   0.00497   0.00000   0.00000   0.06437   0.01733   0.01356   0.10171   0.03277   0.05052   0.05287   0.03132   0.01193   0.02797   0.02507   0.14258   0.00000   0.06365   0.00321   0.04334   0.02652   0.02766   0.02078   0.02574   0.01019   0.00532   0.02673   0.04769   0.00000   0.02567   0.10831   0.03473   0.04984   0.05128   0.02039   0.00698   0.03546   0.02362   0.08295   7.68070   1.59952   2.11160   2.30669   1.08784  
 29 79.7934   2585.215713  x:  0.28507   0.00000   0.16982   0.00000   0.05541   0.04257   0.01757   0.01735   0.01126   0.00534   0.00000   0.00000   0.06305   0.01935   0.02000   0.08901   0.03579   0.05986   0.05495   0.03194   0.01086   0.02858   0.02470   0.13750   0.00000   0.06189   0.00309   0.04488   0.02642   0.02565   0.01873   0.02554   0.01455   0.00736   0.02645   0.05131   0.00897   0.02235   0.11533   0.03518   0.05302   0.05124   0.02054   0.00713   0.03058   0.02458   0.08455   7.59724   1.65802   2.10729   2.31604   1.04875  
 30 245.8196   2582.740016  x:  0.29182   0.00000   0.18171   0.00000   0.05098   0.04364   0.01674   0.01699   0.01161   0.00547   0.00000   0.00000   0.06226   0.02004   0.02149   0.07607   0.03269   0.06231   0.05633   0.03335   0.01005   0.02869   0.02407   0.13438   0.00000   0.06093   0.00299   0.04691   0.02686   0.02372   0.01603   0.02516   0.01435   0.00853   0.02210   0.05293   0.00000   0.02492   0.12378   0.03918   0.05525   0.05123   0.02087   0.00686   0.03049   0.02621   0.08838   7.49606   1.72806   2.10024   2.32571   1.00100  
 31 610.7624   2579.373821  x:  0.30041   0.00000   0.18895   0.00000   0.04498   0.04832   0.01486   0.01472   0.01315   0.00562   0.00000   0.00000   0.06189   0.01896   0.01264   0.07497   0.02115   0.05275   0.05366   0.03314   0.01102   0.02735   0.02535   0.14002   0.00000   0.06139   0.00314   0.05102   0.02819   0.02706   0.01629   0.02324   0.00940   0.00732   0.03625   0.04458   0.00583   0.03002   0.13768   0.03860   0.05349   0.05270   0.02007   0.00613   0.03900   0.02410   0.09593   7.30533   1.85589   2.08342   2.34106   0.91168  
 32 593.4814   2575.438513  x:  0.30314   0.00000   0.18673   0.00000   0.04922   0.04697   0.01883   0.01513   0.01437   0.00685   0.00000   0.00000   0.05879   0.01773   0.01485   0.09326   0.02736   0.04210   0.04814   0.02771   0.01254   0.02712   0.02705   0.15236   0.00000   0.05766   0.00336   0.05019   0.02735   0.02753   0.01514   0.02354   0.01239   0.00714   0.03742   0.04116   0.00000   0.02766   0.14571   0.02935   0.04846   0.05358   0.01852   0.00619   0.03895   0.02230   0.09978   7.13371   1.96638   2.06675   2.35322   0.83359  
 33 757.0716   2573.854633  x:  0.30302   0.00000   0.17188   0.00000   0.05354   0.04473   0.01755   0.01426   0.01332   0.00706   0.00000   0.00000   0.05700   0.01799   0.01370   0.10500   0.02530   0.03724   0.05380   0.03527   0.01065   0.02860   0.02349   0.15898   0.00000   0.05458   0.00325   0.05112   0.02654   0.02016   0.01659   0.02393   0.00934   0.00725   0.02766   0.04403   0.00000   0.02743   0.13707   0.04274   0.05094   0.05323   0.02010   0.00523   0.03436   0.02761   0.10139   7.05168   2.00919   2.05675   2.35662   0.80451  
 34 227.9897   2573.024940  x:  0.30552   0.00000   0.15603   0.00000   0.05217   0.04541   0.01552   0.01230   0.01294   0.00741   0.00000   0.00000   0.05856   0.01878   0.01375   0.10401   0.02428   0.04088   0.05613   0.03688   0.00961   0.02929   0.02435   0.15846   0.00000   0.05355   0.00292   0.04930   0.02794   0.02157   0.01526   0.01952   0.01054   0.00857   0.02560   0.04669   0.00000   0.02536   0.12537   0.04301   0.04995   0.05372   0.01665   0.00489   0.03364   0.01872   0.10267   6.99763   2.02767   2.04925   2.35745   0.79486  
 35 128.5241   2572.253528  x:  0.31027   0.00000   0.13936   0.00000   0.05123   0.04539   0.01383   0.01196   0.01052   0.00810   0.00000   0.00000   0.05650   0.02059   0.01262   0.09890   0.02552   0.04417   0.05518   0.03577   0.00875   0.02890   0.02484   0.15648   0.00000   0.05018   0.00266   0.04623   0.02692   0.02183   0.01389   0.01761   0.01161   0.00909   0.02948   0.04725   0.00000   0.02375   0.11267   0.03971   0.04666   0.05464   0.01429   0.00472   0.03408   0.02615   0.10446   6.93335   2.04441   2.04045   2.35857   0.78890  
 36 216.2755   2571.336172  x:  0.31228   0.00000   0.13086   0.00000   0.05316   0.04126   0.01289   0.01243   0.01194   0.00828   0.00000   0.00000   0.05594   0.01941   0.01448   0.09263   0.02504   0.04079   0.04766   0.03398   0.00780   0.02812   0.02285   0.15330   0.00000   0.04955   0.00279   0.04312   0.02724   0.01408   0.01471   0.02147   0.00962   0.00919   0.03309   0.04249   0.00000   0.02585   0.10674   0.03781   0.04708   0.05585   0.01863   0.00431   0.02842   0.02336   0.10601   6.85371   2.05158   2.02971   2.36014   0.79530  
 37 127.4016   2567.681386  x:  0.31935   0.00000   0.12498   0.00000   0.06109   0.03076   0.01810   0.00887   0.01565   0.00932   0.00000   0.00000   0.04917   0.01667   0.01154   0.08395   0.02475   0.02884   0.02949   0.03931   0.00908   0.03077   0.01948   0.14973   0.00000   0.04795   0.00304   0.04489   0.02678   0.02274   0.01499   0.01587   0.01109   0.00848   0.02600   0.03192   0.00000   0.02594   0.10296   0.03863   0.05753   0.05457   0.01124   0.00443   0.02669   0.02406   0.11228   6.53584   2.05445   1.98699   2.36710   0.84458  
 38 304.1932   2552.758513  x:  0.35377   0.00000   0.12910   0.00000   0.06561   0.05074   0.01743   0.00975   0.01743   0.01498   0.00000   0.00000   0.03567   0.01322   0.01131   0.09255   0.02418   0.00802   0.03925   0.03935   0.00710   0.03652   0.02616   0.15577   0.00000   0.03587   0.00284   0.06150   0.03052   0.00479   0.01464   0.01491   0.01705   0.00750   0.02591   0.02994   0.00000   0.01634   0.10687   0.03904   0.04975   0.05064   0.01639   0.00247   0.04126   0.02055   0.14190   5.28187   2.06155   1.82062   2.39624   1.03484  
 39 1272.8018   2548.604205  x:  0.36520   0.00000   0.13215   0.00000   0.06305   0.04850   0.01663   0.01102   0.01411   0.01834   0.00000   0.00000   0.03226   0.00717   0.01323   0.10444   0.02674   0.01307   0.04449   0.03657   0.00718   0.03051   0.01708   0.15871   0.00000   0.02943   0.00184   0.06652   0.03173   0.00768   0.01464   0.01099   0.02091   0.00787   0.03476   0.02950   0.00000   0.03745   0.11059   0.04787   0.03816   0.05140   0.01204   0.00227   0.03373   0.01898   0.15016   4.85842   2.06512   1.76585   2.40452   1.09202  
 40 2132.7973   2547.731100  x:  0.36827   0.00000   0.13297   0.00000   0.06007   0.03861   0.01810   0.01081   0.01516   0.01861   0.00000   0.00000   0.03094   0.00673   0.01487   0.10721   0.02608   0.01036   0.04726   0.04008   0.00735   0.02473   0.02421   0.16015   0.00000   0.02939   0.00199   0.06475   0.03180   0.00813   0.01454   0.01110   0.02214   0.00770   0.04188   0.03485   0.00000   0.03610   0.11158   0.05136   0.04051   0.05865   0.01130   0.00226   0.03336   0.01875   0.15054   4.75809   2.06478   1.75851   2.40080   1.09117  
 41 211.9291   2544.962702  x:  0.37305   0.00000   0.13437   0.00000   0.05879   0.02610   0.01766   0.01113   0.01441   0.01833   0.00000   0.00000   0.02994   0.00797   0.01755   0.11370   0.02474   0.01656   0.04858   0.04281   0.00659   0.02927   0.01332   0.16343   0.00000   0.02917   0.00205   0.07166   0.03230   0.00623   0.01321   0.01111   0.02489   0.00840   0.05224   0.02657   0.00000   0.02404   0.11270   0.05633   0.04439   0.07250   0.01281   0.00194   0.04137   0.01717   0.14904   4.45178   2.05153   1.74616   2.37651   1.06968  
 42 308.6635   2527.674246  x:  0.40692   0.00000   0.14146   0.00000   0.06808   0.05712   0.01895   0.00847   0.01464   0.02022   0.00000   0.00000   0.02296   0.00849   0.02442   0.12644   0.02058   0.02489   0.02690   0.04997   0.00440   0.04890   0.02247   0.17082   0.00000   0.03048   0.00200   0.08729   0.03163   0.00497   0.01392   0.00498   0.03136   0.00968   0.07765   0.01495   0.00000   0.01547   0.11319   0.07331   0.06339   0.10643   0.00757   0.00142   0.01740   0.01960   0.14821   2.68245   1.90524   1.69123   2.20889   0.95260  
 43 1371.1830   2519.728655  x:  0.41999   0.00000   0.14388   0.00000   0.06547   0.05719   0.01962   0.00885   0.01601   0.02131   0.00000   0.00000   0.02241   0.00649   0.02421   0.12399   0.02078   0.01832   0.01876   0.05025   0.00495   0.05332   0.01205   0.16973   0.00000   0.03098   0.00211   0.08829   0.03205   0.00387   0.01409   0.00523   0.03242   0.00919   0.07942   0.02999   0.00000   0.01737   0.11261   0.07314   0.06069   0.10579   0.00796   0.00165   0.02182   0.01886   0.15542   1.86927   1.82056   1.66814   2.12686   0.90635  
 44 5228.4089   2517.049126  x:  0.42416   0.00000   0.14429   0.00000   0.06687   0.05034   0.01933   0.00899   0.01625   0.02166   0.00000   0.00000   0.02247   0.00565   0.02282   0.12043   0.02167   0.01544   0.02962   0.04840   0.00531   0.05136   0.01626   0.16765   0.00000   0.03115   0.00212   0.08775   0.03209   0.00411   0.01377   0.00546   0.03175   0.00900   0.07437   0.02059   0.00000   0.02027   0.11230   0.06972   0.05677   0.10008   0.00803   0.00184   0.02235   0.01887   0.15935   1.57824   1.78840   1.65984   2.09657   0.89043  
 45 2381.1705   2516.916983  x:  0.42432   0.00000   0.14435   0.00000   0.06746   0.05064   0.01881   0.00925   0.01560   0.02159   0.00000   0.00000   0.02289   0.00570   0.02295   0.12077   0.02202   0.01721   0.02739   0.04909   0.00508   0.04610   0.01723   0.16779   0.00000   0.03083   0.00208   0.08836   0.03219   0.00357   0.01391   0.00553   0.03201   0.00904   0.07352   0.01925   0.00000   0.01928   0.11227   0.07099   0.05625   0.09796   0.00854   0.00182   0.02411   0.01858   0.15990   1.56551   1.78689   1.65861   2.09470   0.88986  
 46 62.8202   2516.842378  x:  0.42431   0.00000   0.14435   0.00000   0.06759   0.05079   0.01888   0.00920   0.01566   0.02157   0.00000   0.00221   0.02290   0.00574   0.02295   0.12075   0.02198   0.01706   0.02760   0.04906   0.00510   0.04573   0.01692   0.16779   0.00000   0.03087   0.00208   0.08835   0.03219   0.00364   0.01390   0.00549   0.03201   0.00906   0.07366   0.01928   0.00000   0.01909   0.11228   0.07092   0.05643   0.09782   0.00849   0.00182   0.02392   0.01859   0.15992   1.56510   1.78701   1.65844   2.09461   0.88979  
 47 74.0964   2516.791571  x:  0.42428   0.00000   0.14434   0.00000   0.06825   0.05181   0.01907   0.00902   0.01578   0.02146   0.00000   0.00182   0.02298   0.00595   0.02289   0.12068   0.02188   0.01674   0.02813   0.04925   0.00512   0.04210   0.01544   0.16778   0.00000   0.03098   0.00211   0.08846   0.03219   0.00385   0.01389   0.00535   0.03202   0.00915   0.07389   0.01897   0.00000   0.01780   0.11231   0.07062   0.05708   0.09702   0.00836   0.00182   0.02336   0.01856   0.16005   1.55985   1.78675   1.65701   2.09343   0.88934  
 48 30.1172   2513.000677  x:  0.42752   0.00000   0.14431   0.00000   0.06706   0.05149   0.01837   0.01158   0.01501   0.02010   0.00000   0.00000   0.02604   0.00675   0.02158   0.12230   0.02018   0.02174   0.02732   0.07654   0.00459   0.04251   0.01588   0.16762   0.00000   0.03367   0.00214   0.09276   0.03047   0.00491   0.01351   0.00841   0.03279   0.00876   0.07207   0.02049   0.00000   0.01807   0.11544   0.05373   0.05022   0.09506   0.01204   0.00225   0.01767   0.01944   0.15833   1.53582   1.74424   1.52346   2.00695   0.90301  
 49  7.7405   2504.950125  x:  0.43603   0.00000   0.14480   0.00000   0.06221   0.05275   0.01738   0.01030   0.01165   0.01749   0.00000   0.00000   0.03347   0.01040   0.02196   0.11945   0.02237   0.02727   0.02683   0.03715   0.00602   0.03948   0.02245   0.16468   0.00000   0.03605   0.00236   0.07517   0.02680   0.00891   0.01365   0.00946   0.02575   0.00955   0.05744   0.02425   0.00000   0.01359   0.12060   0.06812   0.05941   0.10472   0.00941   0.00316   0.02821   0.02022   0.14709   1.51127   1.60913   1.19065   1.77994   0.94744  
 50 346.3848   2503.542857  x:  0.43649   0.00000   0.14602   0.00000   0.05064   0.05760   0.01601   0.01086   0.01266   0.01797   0.00000   0.00000   0.03101   0.00788   0.01804   0.11494   0.02557   0.02569   0.02783   0.03606   0.00615   0.03294   0.01956   0.16129   0.00000   0.03701   0.00245   0.07356   0.02598   0.00853   0.01208   0.01073   0.02355   0.00864   0.04066   0.02206   0.00000   0.01705   0.12098   0.06186   0.05306   0.13127   0.00896   0.00353   0.02947   0.02121   0.13908   1.55097   1.55779   1.16783   1.73099   0.95127  
 51 61.7709   2488.333076  x:  0.47300   0.00000   0.16028   0.00000   0.05937   0.04948   0.01632   0.01202   0.01234   0.01819   0.00000   0.00000   0.04104   0.00772   0.01944   0.10905   0.02712   0.01795   0.03221   0.03056   0.00805   0.02773   0.02216   0.15475   0.00000   0.04748   0.00248   0.07682   0.02753   0.01038   0.01433   0.01077   0.02493   0.00827   0.04154   0.02421   0.00000   0.02051   0.12765   0.06349   0.04407   0.10019   0.00947   0.00467   0.03448   0.02223   0.15934   1.71910   1.10607   1.10241   1.20444   0.82085  
 52 80.6084   2485.433122  x:  0.47062   0.00000   0.15402   0.00000   0.06042   0.04813   0.01752   0.01244   0.01281   0.01850   0.00000   0.00000   0.04359   0.00639   0.02032   0.10344   0.02838   0.01622   0.03360   0.03212   0.00804   0.02723   0.02098   0.14462   0.00000   0.05226   0.00259   0.07838   0.03043   0.01012   0.01610   0.01037   0.02643   0.00721   0.04234   0.02357   0.00000   0.02219   0.12380   0.06297   0.04454   0.09174   0.01004   0.00479   0.03602   0.02261   0.16224   1.75832   1.03143   1.06817   1.34429   0.71701  
 53  8.9249   2475.998980  x:  0.45257   0.00000   0.13113   0.00000   0.05679   0.04652   0.01831   0.01153   0.01271   0.01914   0.00000   0.00000   0.06534   0.00632   0.02294   0.11128   0.03928   0.00713   0.04062   0.02766   0.00826   0.02132   0.01849   0.12670   0.00000   0.08311   0.00232   0.08178   0.04836   0.00849   0.02076   0.00482   0.02874   0.00516   0.03987   0.02561   0.00000   0.03320   0.12547   0.06594   0.02910   0.08590   0.00489   0.00489   0.03916   0.02966   0.16190   1.84867   1.34079   1.29891   1.54195   0.77284  
 54  9.7314   2469.593675  x:  0.46528   0.00000   0.14716   0.00000   0.05401   0.03980   0.01740   0.01248   0.00935   0.01456   0.00000   0.00000   0.06693   0.01549   0.02034   0.10593   0.04092   0.00371   0.04614   0.03016   0.00992   0.02483   0.02188   0.12465   0.00000   0.09147   0.00290   0.06837   0.05172   0.01018   0.02173   0.00917   0.02198   0.00536   0.01989   0.03174   0.00000   0.03233   0.13525   0.04482   0.00737   0.07171   0.00721   0.00522   0.04347   0.03207   0.16535   1.83548   1.34209   1.36102   1.56574   0.73558  
 55  0.2215   2467.382230  x:  0.47196   0.00000   0.15153   0.00000   0.05345   0.04065   0.01893   0.01203   0.00860   0.01320   0.00000   0.00000   0.07040   0.01585   0.02002   0.10634   0.04174   0.00000   0.04902   0.02436   0.01121   0.02896   0.02085   0.12378   0.00000   0.09565   0.00336   0.06223   0.05152   0.00962   0.02067   0.01242   0.01993   0.00569   0.02204   0.03319   0.00000   0.03097   0.13789   0.04312   0.01364   0.06745   0.00871   0.00580   0.04115   0.03256   0.16413   1.83388   1.34757   1.37082   1.55968   0.71244  
 56  0.1845   2465.073262  x:  0.49520   0.00000   0.16010   0.00000   0.05052   0.04416   0.02115   0.01207   0.00620   0.00820   0.00000   0.00000   0.07997   0.01489   0.01970   0.11038   0.04274   0.00000   0.05449   0.03391   0.01275   0.03554   0.01930   0.12741   0.00000   0.11113   0.00424   0.05355   0.04918   0.00852   0.01990   0.01350   0.01633   0.00565   0.02917   0.03745   0.00000   0.02687   0.14314   0.03107   0.00870   0.06398   0.00803   0.00783   0.03768   0.03287   0.16111   1.81397   1.30865   1.31153   1.47689   0.68608  
 57  0.2518   2463.669707  x:  0.51465   0.00000   0.16098   0.00000   0.04748   0.04855   0.02015   0.01262   0.00438   0.00575   0.00000   0.00000   0.08583   0.01394   0.01902   0.11655   0.04350   0.00000   0.05294   0.03131   0.01352   0.02952   0.02375   0.12896   0.00000   0.12095   0.00486   0.04821   0.04759   0.01046   0.01844   0.01419   0.01442   0.00586   0.02453   0.04150   0.00000   0.02147   0.14211   0.03647   0.01379   0.07103   0.00807   0.00946   0.03492   0.03276   0.15805   1.76569   1.26219   1.32563   1.47603   0.71863  
 58  0.1407   2463.055234  x:  0.52964   0.00000   0.15914   0.00000   0.05014   0.04817   0.01946   0.01338   0.00828   0.00578   0.00000   0.00000   0.08937   0.01298   0.01956   0.11925   0.04379   0.00000   0.05003   0.02795   0.01444   0.02837   0.02484   0.12731   0.00000   0.13049   0.00536   0.05001   0.04601   0.01202   0.01804   0.01449   0.01696   0.00615   0.02766   0.04029   0.00000   0.02224   0.14022   0.04327   0.01363   0.06398   0.00920   0.01068   0.03429   0.03201   0.16108   1.76125   1.26733   1.30549   1.47177   0.70807  
 59  0.0486   2462.772972  x:  0.53849   0.00000   0.15280   0.00000   0.05182   0.04741   0.01878   0.01348   0.00747   0.00638   0.00000   0.00000   0.09128   0.01212   0.01913   0.11743   0.04245   0.00000   0.04896   0.03160   0.01358   0.02978   0.02465   0.12330   0.00000   0.13457   0.00552   0.05400   0.04540   0.01265   0.01845   0.01319   0.01799   0.00610   0.02520   0.03927   0.00000   0.02271   0.13903   0.04053   0.01589   0.06712   0.00888   0.01143   0.03395   0.03200   0.16164   1.77420   1.27287   1.27455   1.47362   0.70307  
 60  0.0517   2462.630253  x:  0.54494   0.00000   0.15285   0.00000   0.05248   0.04672   0.01899   0.01333   0.00598   0.00672   0.00000   0.00000   0.09342   0.01214   0.01880   0.11604   0.04136   0.00000   0.04871   0.02710   0.01363   0.02967   0.02390   0.12482   0.00000   0.13867   0.00562   0.05388   0.04542   0.01282   0.01855   0.01332   0.01790   0.00626   0.02524   0.03865   0.00000   0.02344   0.13966   0.03992   0.01397   0.06922   0.00816   0.01217   0.03252   0.03221   0.16233   1.78381   1.27901   1.28089   1.48601   0.70387  
 61  0.0402   2462.567418  x:  0.54940   0.00000   0.15386   0.00000   0.05261   0.04655   0.01924   0.01308   0.00600   0.00668   0.00000   0.00000   0.09395   0.01250   0.01882   0.11389   0.04049   0.00000   0.04850   0.02911   0.01319   0.02865   0.02365   0.12666   0.00000   0.14137   0.00576   0.05416   0.04548   0.01335   0.01859   0.01355   0.01798   0.00637   0.02662   0.03872   0.00000   0.02267   0.13968   0.03843   0.01395   0.06937   0.00816   0.01254   0.03314   0.03219   0.16335   1.78991   1.28495   1.30368   1.50138   0.70727  
 62  0.0416   2462.549513  x:  0.55095   0.00000   0.15450   0.00000   0.05253   0.04606   0.01940   0.01283   0.00636   0.00639   0.00000   0.00000   0.09403   0.01267   0.01903   0.11278   0.03980   0.00000   0.04893   0.02908   0.01296   0.02856   0.02313   0.12680   0.00000   0.14325   0.00585   0.05308   0.04553   0.01324   0.01883   0.01345   0.01759   0.00642   0.02563   0.03904   0.00000   0.02252   0.13988   0.03820   0.01372   0.06893   0.00814   0.01262   0.03282   0.03230   0.16322   1.78670   1.28242   1.29836   1.49293   0.70771  
 63  0.0138   2462.541592  x:  0.55100   0.00000   0.15429   0.00000   0.05201   0.04593   0.01941   0.01281   0.00621   0.00657   0.00000   0.00000   0.09395   0.01284   0.01919   0.11291   0.03958   0.00000   0.04868   0.02935   0.01280   0.02936   0.02285   0.12702   0.00000   0.14439   0.00589   0.05313   0.04579   0.01337   0.01882   0.01343   0.01775   0.00639   0.02584   0.03899   0.00000   0.02257   0.13980   0.03915   0.01349   0.06918   0.00830   0.01261   0.03300   0.03234   0.16301   1.78155   1.28146   1.29842   1.48858   0.70621  
 64  0.0105   2462.538964  x:  0.55045   0.00000   0.15422   0.00000   0.05215   0.04581   0.01936   0.01280   0.00608   0.00670   0.00000   0.00000   0.09350   0.01296   0.01919   0.11302   0.03936   0.00000   0.04875   0.02937   0.01267   0.02891   0.02283   0.12674   0.00000   0.14475   0.00591   0.05311   0.04581   0.01334   0.01874   0.01336   0.01780   0.00640   0.02596   0.03911   0.00000   0.02250   0.13990   0.03935   0.01360   0.06848   0.00836   0.01257   0.03288   0.03230   0.16297   1.78397   1.28131   1.29649   1.48812   0.70724  
 65  0.0052   2462.536461  x:  0.54928   0.00000   0.15421   0.00000   0.05204   0.04597   0.01930   0.01285   0.00624   0.00680   0.00000   0.00000   0.09286   0.01288   0.01916   0.11311   0.03919   0.00000   0.04870   0.02916   0.01259   0.02897   0.02286   0.12641   0.00000   0.14523   0.00593   0.05308   0.04581   0.01343   0.01873   0.01335   0.01782   0.00635   0.02583   0.03914   0.00000   0.02214   0.13991   0.03928   0.01363   0.06889   0.00839   0.01250   0.03299   0.03220   0.16256   1.78671   1.28296   1.29854   1.49048   0.70737  
 66  0.0054   2462.535009  x:  0.54823   0.00000   0.15420   0.00000   0.05220   0.04606   0.01935   0.01291   0.00618   0.00672   0.00000   0.00000   0.09239   0.01295   0.01916   0.11323   0.03924   0.00000   0.04853   0.02925   0.01261   0.02908   0.02288   0.12676   0.00000   0.14570   0.00595   0.05298   0.04570   0.01351   0.01875   0.01336   0.01778   0.00636   0.02583   0.03902   0.00000   0.02233   0.14000   0.03913   0.01370   0.06879   0.00827   0.01243   0.03286   0.03215   0.16225   1.78481   1.28292   1.29849   1.49121   0.70636  
 67  0.0018   2462.534565  x:  0.54796   0.00000   0.15431   0.00000   0.05211   0.04608   0.01938   0.01286   0.00618   0.00671   0.00000   0.00000   0.09228   0.01288   0.01913   0.11324   0.03935   0.00000   0.04862   0.02923   0.01267   0.02910   0.02285   0.12673   0.00000   0.14602   0.00596   0.05311   0.04569   0.01351   0.01874   0.01338   0.01779   0.00637   0.02588   0.03904   0.00000   0.02237   0.13989   0.03907   0.01366   0.06880   0.00831   0.01240   0.03277   0.03217   0.16232   1.78533   1.28207   1.29807   1.49042   0.70760  
 68  0.0016   2462.534448  x:  0.54795   0.00000   0.15431   0.00000   0.05207   0.04606   0.01938   0.01285   0.00617   0.00670   0.00000   0.00000   0.09223   0.01284   0.01912   0.11319   0.03939   0.00000   0.04865   0.02922   0.01269   0.02902   0.02287   0.12671   0.00000   0.14612   0.00596   0.05313   0.04568   0.01352   0.01874   0.01338   0.01780   0.00638   0.02586   0.03905   0.00000   0.02236   0.13982   0.03910   0.01365   0.06880   0.00832   0.01240   0.03278   0.03219   0.16245   1.78537   1.28215   1.29829   1.49026   0.70680  
 69  0.0010   2462.534396  x:  0.54793   0.00000   0.15423   0.00000   0.05209   0.04601   0.01936   0.01285   0.00618   0.00670   0.00000   0.00000   0.09218   0.01286   0.01913   0.11315   0.03940   0.00000   0.04868   0.02923   0.01270   0.02905   0.02288   0.12670   0.00000   0.14615   0.00596   0.05311   0.04568   0.01353   0.01873   0.01336   0.01780   0.00639   0.02586   0.03905   0.00000   0.02237   0.13983   0.03912   0.01366   0.06882   0.00829   0.01240   0.03281   0.03220   0.16262   1.78546   1.28219   1.29828   1.49050   0.70694  
 70  0.0003   2462.534385  x:  0.54791   0.00000   0.15424   0.00000   0.05210   0.04604   0.01936   0.01286   0.00618   0.00669   0.00000   0.00000   0.09216   0.01286   0.01913   0.11316   0.03939   0.00000   0.04869   0.02923   0.01270   0.02903   0.02287   0.12671   0.00000   0.14615   0.00596   0.05311   0.04567   0.01352   0.01874   0.01337   0.01780   0.00638   0.02586   0.03905   0.00000   0.02237   0.13985   0.03913   0.01365   0.06886   0.00830   0.01240   0.03281   0.03221   0.16269   1.78534   1.28233   1.29824   1.49055   0.70696  
 71  0.0002   2462.534383  x:  0.54791   0.00000   0.15425   0.00000   0.05210   0.04603   0.01936   0.01286   0.00618   0.00669   0.00000   0.00000   0.09216   0.01286   0.01913   0.11318   0.03939   0.00000   0.04869   0.02923   0.01270   0.02904   0.02287   0.12670   0.00000   0.14614   0.00596   0.05311   0.04567   0.01352   0.01873   0.01337   0.01779   0.00638   0.02586   0.03904   0.00000   0.02237   0.13986   0.03912   0.01365   0.06884   0.00831   0.01240   0.03281   0.03220   0.16272   1.78529   1.28232   1.29830   1.49053   0.70696  
 72  0.0001   2462.534382  x:  0.54790   0.00000   0.15424   0.00000   0.05209   0.04604   0.01936   0.01286   0.00618   0.00669   0.00000   0.00000   0.09216   0.01286   0.01913   0.11318   0.03939   0.00000   0.04868   0.02923   0.01270   0.02904   0.02287   0.12670   0.00000   0.14614   0.00596   0.05311   0.04567   0.01352   0.01873   0.01337   0.01779   0.00638   0.02586   0.03904   0.00000   0.02237   0.13986   0.03912   0.01365   0.06885   0.00830   0.01240   0.03280   0.03220   0.16273   1.78527   1.28228   1.29829   1.49050   0.70695  
 73  0.0001   2462.534382  x:  0.54789   0.00000   0.15424   0.00000   0.05209   0.04604   0.01937   0.01286   0.00618   0.00669   0.00000   0.00000   0.09216   0.01286   0.01913   0.11318   0.03939   0.00000   0.04868   0.02923   0.01270   0.02904   0.02288   0.12670   0.00000   0.14614   0.00597   0.05311   0.04567   0.01352   0.01873   0.01337   0.01779   0.00638   0.02586   0.03904   0.00000   0.02237   0.13985   0.03912   0.01365   0.06885   0.00830   0.01240   0.03280   0.03220   0.16274   1.78533   1.28229   1.29827   1.49049   0.70695  
 74  0.0001   2462.534382  x:  0.54788   0.00000   0.15425   0.00000   0.05209   0.04604   0.01937   0.01286   0.00618   0.00669   0.00000   0.00000   0.09217   0.01286   0.01913   0.11318   0.03939   0.00000   0.04868   0.02923   0.01270   0.02904   0.02288   0.12670   0.00000   0.14614   0.00597   0.05311   0.04567   0.01352   0.01873   0.01337   0.01779   0.00638   0.02586   0.03904   0.00000   0.02237   0.13985   0.03912   0.01365   0.06885   0.00830   0.01240   0.03280   0.03220   0.16274   1.78532   1.28229   1.29827   1.49049   0.70695  
 75  0.0000   2462.534382  x:  0.54787   0.00000   0.15424   0.00000   0.05209   0.04603   0.01937   0.01286   0.00618   0.00669   0.00000   0.00000   0.09217   0.01286   0.01913   0.11318   0.03939   0.00000   0.04868   0.02923   0.01270   0.02904   0.02288   0.12670   0.00000   0.14615   0.00597   0.05311   0.04567   0.01352   0.01873   0.01337   0.01779   0.00638   0.02586   0.03904   0.00000   0.02237   0.13985   0.03912   0.01365   0.06885   0.00830   0.01240   0.03280   0.03220   0.16274   1.78531   1.28228   1.29827   1.49050   0.70695  
 76  0.0000   2462.534382  x:  0.54787   0.00000   0.15424   0.00000   0.05209   0.04603   0.01937   0.01286   0.00618   0.00669   0.00000   0.00000   0.09217   0.01286   0.01913   0.11318   0.03939   0.00000   0.04868   0.02923   0.01270   0.02904   0.02288   0.12670   0.00000   0.14615   0.00597   0.05311   0.04567   0.01352   0.01873   0.01337   0.01779   0.00638   0.02586   0.03904   0.00000   0.02237   0.13985   0.03912   0.01365   0.06885   0.00830   0.01240   0.03280   0.03220   0.16274   1.78531   1.28229   1.29828   1.49050   0.70695  
 77  0.0000   2462.534382  x:  0.54787   0.00000   0.15424   0.00000   0.05209   0.04603   0.01937   0.01286   0.00618   0.00669   0.00000   0.00000   0.09217   0.01286   0.01913   0.11318   0.03939   0.00000   0.04868   0.02923   0.01270   0.02904   0.02288   0.12670   0.00000   0.14615   0.00597   0.05311   0.04567   0.01352   0.01873   0.01337   0.01779   0.00638   0.02586   0.03904   0.00000   0.02237   0.13985   0.03912   0.01365   0.06885   0.00830   0.01240   0.03280   0.03220   0.16274   1.78531   1.28229   1.29828   1.49050   0.70695  
 78  0.0000   2462.534382  x:  0.54787   0.00000   0.15424   0.00000   0.05209   0.04604   0.01937   0.01286   0.00618   0.00669   0.00000   0.00000   0.09217   0.01286   0.01913   0.11318   0.03939   0.00000   0.04868   0.02923   0.01270   0.02904   0.02288   0.12670   0.00000   0.14615   0.00597   0.05311   0.04567   0.01352   0.01873   0.01337   0.01779   0.00638   0.02586   0.03904   0.00000   0.02237   0.13985   0.03912   0.01365   0.06885   0.00830   0.01240   0.03280   0.03220   0.16274   1.78531   1.28229   1.29828   1.49050   0.70695  
 79  0.0000   2462.534382  x:  0.54787   0.00000   0.15424   0.00000   0.05209   0.04604   0.01937   0.01286   0.00618   0.00669   0.00000   0.00000   0.09217   0.01286   0.01913   0.11318   0.03939   0.00000   0.04868   0.02923   0.01270   0.02904   0.02288   0.12670   0.00000   0.14615   0.00597   0.05311   0.04567   0.01352   0.01873   0.01337   0.01779   0.00638   0.02586   0.03904   0.00000   0.02237   0.13985   0.03912   0.01365   0.06885   0.00830   0.01240   0.03280   0.03220   0.16274   1.78531   1.28229   1.29828   1.49050   0.70695  

TREE # 2

  0  0.0000   2525.747588  x:  0.00403   0.05707   0.01370   0.06172   0.05997   0.03421   0.03313   0.06328   0.04895   0.02873   0.04906   0.07341   0.01535   0.03645   0.10567   0.05524   0.08988   0.03649   0.04657   0.02629   0.03732   0.04377   0.13543   0.00000   0.07320   0.01099   0.05957   0.05693   0.01816   0.01525   0.02466   0.02984   0.04202   0.01288   0.07189   0.01374   0.05232   0.08030   0.05910   0.07482   0.05215   0.05758   0.03437   0.03492   0.02558   0.08952   0.31969   1.78531   1.19168   1.19364   1.46079   0.70695  
  1 99.0000   2525.745957  x:  0.00402   0.05707   0.01370   0.06171   0.05997   0.03421   0.03313   0.06328   0.04895   0.02873   0.04906   0.07341   0.01535   0.03645   0.10567   0.05524   0.08988   0.03649   0.04657   0.02629   0.03732   0.04377   0.13543   0.00000   0.07320   0.01099   0.05957   0.05693   0.01816   0.01525   0.02466   0.02984   0.04202   0.01288   0.07189   0.01374   0.05232   0.08030   0.05910   0.07482   0.05215   0.05758   0.03436   0.03492   0.02558   0.08952   0.31969   1.78531   1.19168   1.19364   1.46079   0.70695  
  2 548.0734   2521.447025  x:  0.00000   0.05727   0.01482   0.06143   0.05960   0.03333   0.03269   0.06063   0.04768   0.02660   0.04823   0.07204   0.01303   0.03589   0.10630   0.05472   0.08835   0.03497   0.04458   0.02516   0.03747   0.04355   0.13580   0.00000   0.07497   0.00800   0.05951   0.05669   0.01771   0.01635   0.02311   0.02797   0.03769   0.01108   0.07235   0.01726   0.05057   0.08056   0.05845   0.07308   0.05208   0.05685   0.03203   0.03504   0.02605   0.08990   0.32154   1.78523   1.19190   1.19388   1.46078   0.70687  
  3 905.4530   2514.846428  x:  0.00000   0.05577   0.01773   0.06258   0.06026   0.03423   0.03525   0.05455   0.04769   0.02490   0.05012   0.06946   0.00915   0.03631   0.10658   0.05446   0.08357   0.03524   0.04189   0.02673   0.03855   0.04464   0.13608   0.00000   0.08019   0.00000   0.06001   0.05736   0.01965   0.01284   0.02335   0.02356   0.02363   0.00335   0.07341   0.01815   0.04619   0.07839   0.05908   0.06744   0.05292   0.05723   0.02831   0.03568   0.02687   0.08847   0.32533   1.78485   1.19274   1.19461   1.46104   0.70655  
  4 638.1150   2512.675304  x:  0.00000   0.05641   0.01775   0.06318   0.06058   0.03462   0.03625   0.05241   0.04818   0.02499   0.05135   0.06865   0.00785   0.03655   0.10654   0.05445   0.08160   0.03605   0.04125   0.02773   0.03864   0.04497   0.13611   0.00000   0.08208   0.00000   0.06011   0.05763   0.01904   0.01426   0.02390   0.02186   0.01710   0.00000   0.07397   0.01845   0.04448   0.07770   0.05967   0.06526   0.05323   0.05761   0.02742   0.03568   0.02671   0.08795   0.32656   1.78466   1.19316   1.19488   1.46123   0.70641  
  5 1234.1664   2508.673608  x:  0.00000   0.06000   0.01569   0.06449   0.06107   0.03481   0.03751   0.04878   0.04982   0.02690   0.05447   0.06739   0.00500   0.03663   0.10644   0.05415   0.07704   0.03676   0.04056   0.02996   0.03799   0.04505   0.13596   0.00000   0.08537   0.00000   0.05962   0.05789   0.01795   0.01334   0.02538   0.01821   0.00000   0.00000   0.07572   0.02240   0.04064   0.07762   0.06102   0.06092   0.05358   0.05857   0.02722   0.03524   0.02585   0.08752   0.32835   1.78417   1.19436   1.19539   1.46183   0.70611  
  6 1405.3572   2507.498581  x:  0.00000   0.06203   0.01462   0.06521   0.06090   0.03361   0.03708   0.04649   0.05129   0.02996   0.05715   0.06641   0.00000   0.03548   0.10698   0.05281   0.07162   0.03478   0.04000   0.03104   0.03733   0.04447   0.13574   0.00000   0.08756   0.00000   0.05949   0.05753   0.02124   0.01448   0.02596   0.01768   0.00000   0.00000   0.07617   0.02171   0.03816   0.07918   0.06152   0.05652   0.05332   0.05873   0.02898   0.03522   0.02632   0.08824   0.32915   1.78350   1.19604   1.19594   1.46276   0.70580  
  7 140.0357   2502.161715  x:  0.00000   0.06709   0.02083   0.06441   0.05681   0.02143   0.02868   0.03360   0.05491   0.04396   0.06726   0.05621   0.00000   0.02545   0.11471   0.04134   0.03768   0.03642   0.03285   0.02841   0.03756   0.04022   0.13618   0.00000   0.10025   0.00000   0.06094   0.05349   0.00992   0.00770   0.01979   0.02206   0.00000   0.00000   0.07339   0.00897   0.03116   0.08826   0.05787   0.02776   0.05065   0.05200   0.03925   0.03659   0.03064   0.09569   0.33427   1.77862   1.20844   1.20023   1.46953   0.70390  
  8 118.3653   2494.806458  x:  0.00000   0.07067   0.02845   0.05858   0.05146   0.01441   0.02093   0.02552   0.04674   0.04527   0.06399   0.04537   0.00000   0.02372   0.12471   0.03596   0.01726   0.07079   0.02177   0.01634   0.04289   0.03823   0.13948   0.00000   0.11203   0.00000   0.06322   0.05010   0.02712   0.00535   0.00363   0.02725   0.00000   0.00000   0.06787   0.01292   0.03858   0.08965   0.04693   0.00388   0.05011   0.03576   0.04558   0.03633   0.02798   0.10274   0.34061   1.77290   1.22313   1.20550   1.47742   0.70248  
  9 187.9942   2490.696734  x:  0.00000   0.07541   0.02897   0.05332   0.04799   0.01687   0.01880   0.02490   0.03214   0.03268   0.04972   0.04266   0.00000   0.02479   0.13074   0.03734   0.01556   0.07731   0.01136   0.00786   0.04431   0.03660   0.14281   0.00000   0.11761   0.00000   0.06231   0.04872   0.03271   0.00224   0.02062   0.02670   0.00000   0.00000   0.06776   0.00782   0.04335   0.09153   0.03794   0.00000   0.05061   0.02552   0.04249   0.03525   0.02761   0.10798   0.34705   1.77009   1.23065   1.20863   1.48113   0.70216  
 10 218.9129   2488.433845  x:  0.00000   0.07476   0.02724   0.05080   0.04673   0.01809   0.01953   0.02849   0.02195   0.02011   0.03725   0.04402   0.00000   0.02403   0.13391   0.03804   0.01731   0.07646   0.01101   0.01781   0.04410   0.03613   0.14495   0.00000   0.11866   0.00000   0.05933   0.04850   0.03341   0.00105   0.01736   0.02413   0.00000   0.00000   0.07041   0.00388   0.04402   0.09397   0.03411   0.00000   0.05110   0.02520   0.03871   0.03477   0.02943   0.11093   0.35102   1.76885   1.23443   1.21014   1.48271   0.70236  
 11 190.3060   2486.470829  x:  0.00000   0.06568   0.02575   0.04917   0.04574   0.01754   0.01954   0.03410   0.01556   0.00804   0.02612   0.04569   0.00000   0.01989   0.13814   0.03535   0.01463   0.07942   0.01280   0.01699   0.04425   0.03569   0.14727   0.00000   0.11870   0.00000   0.05409   0.04887   0.03339   0.00234   0.01865   0.02067   0.00000   0.00000   0.07503   0.00404   0.04030   0.09893   0.03107   0.00000   0.05107   0.02742   0.03627   0.03584   0.03404   0.11428   0.35464   1.76744   1.23943   1.21142   1.48464   0.70282  
 12 162.1906   2485.197678  x:  0.00000   0.06486   0.02414   0.04943   0.04594   0.01852   0.01961   0.03504   0.01846   0.00449   0.02065   0.04715   0.00000   0.02475   0.14140   0.03755   0.01964   0.07435   0.00946   0.01103   0.04366   0.03578   0.15049   0.00000   0.11863   0.00000   0.05519   0.04879   0.03208   0.00219   0.01313   0.02300   0.00000   0.00000   0.07305   0.00273   0.03927   0.10115   0.03517   0.00000   0.05121   0.02861   0.02570   0.03622   0.03700   0.11681   0.36246   1.76637   1.24335   1.21346   1.48594   0.70371  
 13 74.2715   2484.407021  x:  0.00000   0.06442   0.02343   0.04838   0.04539   0.01866   0.01888   0.03427   0.01662   0.00759   0.01722   0.04720   0.00000   0.02622   0.14479   0.03888   0.02210   0.07199   0.00734   0.01084   0.04358   0.03556   0.15371   0.00000   0.11936   0.00000   0.05718   0.04826   0.03142   0.00232   0.01141   0.02635   0.00000   0.00432   0.07016   0.00309   0.03950   0.10288   0.03568   0.00000   0.05117   0.02735   0.01574   0.03653   0.03947   0.11965   0.37069   1.76533   1.24692   1.21560   1.48715   0.70451  
 14 198.8239   2483.338980  x:  0.00000   0.06641   0.02442   0.04675   0.04445   0.01816   0.01759   0.03147   0.01283   0.00738   0.02054   0.04576   0.00000   0.02595   0.14861   0.03982   0.02322   0.06918   0.00923   0.01222   0.04398   0.03539   0.15742   0.00000   0.12047   0.00000   0.06007   0.04744   0.03116   0.00249   0.01093   0.03015   0.00000   0.00086   0.06625   0.00382   0.04175   0.10348   0.03342   0.00819   0.05127   0.02386   0.00851   0.03626   0.04022   0.12270   0.38133   1.76412   1.25093   1.21852   1.48846   0.70548  
 15 158.7403   2482.395057  x:  0.00000   0.06812   0.02679   0.04540   0.04329   0.01689   0.01738   0.02350   0.01288   0.00526   0.02182   0.04191   0.00000   0.02423   0.15307   0.04016   0.03081   0.06536   0.00638   0.01334   0.04458   0.03491   0.16214   0.00000   0.12221   0.00000   0.06340   0.04627   0.03068   0.00284   0.00943   0.03128   0.00000   0.00451   0.06361   0.00383   0.04367   0.10270   0.02990   0.01644   0.05107   0.02326   0.01452   0.03518   0.03923   0.12561   0.39736   1.76262   1.25585   1.22264   1.48995   0.70679  
 16 121.7675   2482.000492  x:  0.00000   0.06770   0.02869   0.04499   0.04269   0.01565   0.01774   0.01877   0.01277   0.00832   0.02024   0.03950   0.00000   0.02213   0.15508   0.03937   0.03609   0.06350   0.00952   0.01242   0.04478   0.03449   0.16436   0.00000   0.12230   0.00000   0.06412   0.04572   0.03068   0.00305   0.00895   0.02946   0.00000   0.00295   0.06414   0.00325   0.04467   0.10175   0.02808   0.01706   0.05058   0.02393   0.01541   0.03425   0.03724   0.12664   0.40682   1.76187   1.25826   1.22512   1.49057   0.70754  
 17 120.2843   2481.697846  x:  0.00000   0.06620   0.02967   0.04562   0.04231   0.01332   0.01728   0.01772   0.01475   0.00656   0.02280   0.03836   0.00000   0.01931   0.15647   0.03689   0.03838   0.06345   0.01033   0.01290   0.04428   0.03326   0.16574   0.00000   0.11996   0.00000   0.06483   0.04496   0.03121   0.00300   0.00982   0.02925   0.00000   0.00431   0.06473   0.00324   0.04645   0.10166   0.02957   0.01482   0.04901   0.02474   0.01262   0.03366   0.03436   0.12777   0.41745   1.76098   1.26091   1.22840   1.49137   0.70846  
 18 60.4480   2481.323664  x:  0.00000   0.06458   0.03049   0.04696   0.04252   0.01481   0.01804   0.01947   0.01331   0.00836   0.02431   0.03831   0.00000   0.01910   0.15742   0.03379   0.03491   0.06476   0.00654   0.01283   0.04343   0.03218   0.16623   0.00000   0.11625   0.00000   0.06454   0.04458   0.03150   0.00300   0.00933   0.02800   0.00000   0.00286   0.06650   0.00293   0.04694   0.10232   0.03135   0.01389   0.04707   0.02601   0.01343   0.03413   0.03141   0.12875   0.43284   1.75958   1.26486   1.23377   1.49270   0.70975  
 19 65.7413   2480.871088  x:  0.00000   0.06446   0.03105   0.04852   0.04313   0.01632   0.01790   0.02039   0.01435   0.00785   0.02271   0.03895   0.00000   0.02312   0.15815   0.03312   0.02671   0.06687   0.00983   0.01123   0.04237   0.03234   0.16617   0.00000   0.11262   0.00000   0.06473   0.04459   0.03187   0.00269   0.00893   0.02798   0.00000   0.00513   0.06700   0.00268   0.04562   0.10385   0.03251   0.01316   0.04549   0.02621   0.01526   0.03588   0.03077   0.12974   0.45460   1.75746   1.27071   1.24206   1.49484   0.71155  
 20 114.7167   2480.409507  x:  0.00000   0.06577   0.03075   0.04873   0.04395   0.01305   0.01679   0.02049   0.01689   0.00793   0.02114   0.04064   0.00000   0.02319   0.15756   0.03720   0.02049   0.07081   0.00847   0.01303   0.04282   0.03469   0.16449   0.00000   0.11210   0.00000   0.06461   0.04592   0.03232   0.00250   0.01003   0.03050   0.00000   0.00144   0.06504   0.00356   0.04213   0.10561   0.03057   0.00603   0.04687   0.02530   0.01760   0.03774   0.03526   0.12918   0.47450   1.75491   1.27765   1.25192   1.49769   0.71341  
 21 82.2423   2479.962174  x:  0.00000   0.06818   0.03094   0.04805   0.04421   0.01416   0.01754   0.02102   0.01572   0.00747   0.02295   0.04158   0.00000   0.02171   0.15665   0.03900   0.01773   0.07163   0.00887   0.01151   0.04363   0.03586   0.16291   0.00000   0.11416   0.00000   0.06363   0.04675   0.03233   0.00240   0.00863   0.03164   0.00000   0.00167   0.06453   0.00335   0.03994   0.10632   0.02969   0.00000   0.04883   0.02408   0.01825   0.03784   0.03820   0.12824   0.48397   1.75324   1.28233   1.25842   1.49970   0.71450  
 22 104.4862   2479.575291  x:  0.00000   0.07264   0.03264   0.04676   0.04398   0.01468   0.01744   0.02144   0.01531   0.00681   0.02278   0.04154   0.00000   0.02124   0.15518   0.03915   0.01094   0.07270   0.00882   0.01077   0.04527   0.03622   0.16044   0.00000   0.12040   0.00000   0.06215   0.04728   0.03264   0.00230   0.00752   0.03306   0.00000   0.00133   0.06432   0.00315   0.03900   0.10606   0.03000   0.00000   0.05162   0.02236   0.01946   0.03657   0.04050   0.12663   0.49484   1.75063   1.28963   1.26875   1.50294   0.71593  
 23 178.7994   2479.043767  x:  0.00000   0.07319   0.03360   0.04702   0.04361   0.01387   0.01347   0.02184   0.01420   0.00721   0.02561   0.04049   0.00000   0.02694   0.15143   0.03478   0.01340   0.07697   0.00898   0.01157   0.04513   0.03466   0.15441   0.00000   0.13072   0.00000   0.05913   0.04659   0.03291   0.00245   0.00810   0.03291   0.00000   0.00076   0.06554   0.00304   0.03190   0.10961   0.02956   0.00000   0.05101   0.02306   0.01960   0.03754   0.04448   0.12459   0.50006   1.74706   1.29929   1.28433   1.50784   0.71707  
 24 41.3150   2478.349136  x:  0.00000   0.07239   0.03137   0.04794   0.04313   0.01350   0.01992   0.02009   0.01634   0.00738   0.02466   0.03925   0.00000   0.02556   0.14792   0.03333   0.01393   0.08130   0.00864   0.01155   0.04331   0.03308   0.14890   0.00000   0.13866   0.00000   0.05860   0.04519   0.03307   0.00231   0.00854   0.03265   0.00000   0.00000   0.06555   0.00344   0.02731   0.11410   0.02955   0.00000   0.04841   0.02343   0.01891   0.03808   0.04581   0.12405   0.49966   1.74342   1.30893   1.30075   1.51333   0.71770  
 25 82.1668   2477.158139  x:  0.00000   0.06734   0.02464   0.05191   0.04544   0.01549   0.01468   0.01414   0.01776   0.00820   0.02337   0.03979   0.00000   0.01822   0.14207   0.04110   0.01285   0.08633   0.00725   0.01054   0.04092   0.03667   0.14184   0.00000   0.14739   0.00000   0.06065   0.04642   0.03271   0.00203   0.00854   0.02328   0.00000   0.00032   0.06836   0.00319   0.02442   0.11764   0.03379   0.00000   0.04673   0.02666   0.01746   0.03853   0.04398   0.12211   0.49438   1.73599   1.32855   1.33428   1.52532   0.71831  
 26 109.0886   2475.934004  x:  0.00000   0.06704   0.01838   0.05231   0.04674   0.00940   0.01728   0.01654   0.01754   0.00905   0.02527   0.03932   0.00000   0.02088   0.14164   0.04354   0.01260   0.08692   0.00653   0.00991   0.04169   0.03981   0.14305   0.00000   0.14810   0.00000   0.06476   0.04890   0.03180   0.00222   0.00831   0.00967   0.00000   0.00105   0.07039   0.00240   0.02319   0.11725   0.03302   0.00000   0.04941   0.02453   0.01694   0.03917   0.04227   0.12188   0.49287   1.72857   1.34840   1.36592   1.53816   0.71843  
 27 107.9325   2475.033497  x:  0.00000   0.06782   0.01502   0.05218   0.04684   0.01123   0.01722   0.01588   0.01753   0.00863   0.02536   0.03873   0.00000   0.02151   0.14239   0.04284   0.01277   0.08765   0.00676   0.01052   0.04192   0.04019   0.14493   0.00000   0.14751   0.00000   0.06685   0.04956   0.03137   0.00222   0.00852   0.00705   0.00000   0.00000   0.07099   0.00279   0.02220   0.11708   0.03285   0.00000   0.05044   0.02446   0.01703   0.03928   0.04175   0.12238   0.49363   1.72483   1.35839   1.38146   1.54480   0.71842  
 28 273.2454   2473.342391  x:  0.00000   0.07360   0.00838   0.05502   0.04954   0.00751   0.01952   0.01387   0.01093   0.00712   0.02437   0.03977   0.00000   0.02349   0.14344   0.04517   0.01367   0.08931   0.00746   0.00976   0.04086   0.04263   0.15163   0.00000   0.14581   0.00000   0.06597   0.05268   0.03018   0.00195   0.00937   0.01228   0.00000   0.00000   0.08226   0.00399   0.01671   0.11092   0.03473   0.00000   0.05312   0.03049   0.01721   0.03746   0.03383   0.12040   0.49713   1.71286   1.39061   1.43156   1.56684   0.71777  
 29 298.7207   2471.974412  x:  0.00000   0.08369   0.01359   0.05763   0.05071   0.00975   0.01915   0.01783   0.01677   0.00762   0.02284   0.04352   0.00000   0.02171   0.14326   0.05066   0.01560   0.09132   0.00612   0.01132   0.03719   0.04287   0.15566   0.00000   0.14401   0.00000   0.05326   0.05347   0.02999   0.00245   0.00983   0.01244   0.00000   0.00000   0.09597   0.00386   0.01517   0.10721   0.02986   0.00000   0.05228   0.02985   0.01447   0.03529   0.02736   0.11778   0.50157   1.70321   1.41729   1.47146   1.58588   0.71674  
 30 225.9442   2471.549644  x:  0.00000   0.08601   0.01286   0.05772   0.05021   0.00887   0.01995   0.01682   0.01586   0.00772   0.02287   0.04543   0.00000   0.02192   0.14096   0.05303   0.01670   0.09199   0.00641   0.01147   0.03550   0.04094   0.15436   0.00000   0.14459   0.00000   0.04553   0.05189   0.02950   0.00250   0.01020   0.01076   0.00000   0.00000   0.09833   0.00415   0.02183   0.10683   0.03335   0.00000   0.04989   0.02936   0.01502   0.03512   0.03023   0.11546   0.50595   1.70047   1.42546   1.48254   1.59257   0.71618  
 31 91.9742   2471.395576  x:  0.00000   0.08516   0.01161   0.05631   0.04885   0.00882   0.01927   0.01900   0.01530   0.00753   0.02188   0.04550   0.00000   0.02131   0.13637   0.05503   0.01730   0.09097   0.00689   0.01155   0.03652   0.03861   0.14994   0.00000   0.14457   0.00000   0.04523   0.04914   0.02906   0.00254   0.01009   0.01007   0.00000   0.00000   0.09648   0.00426   0.02047   0.10483   0.03432   0.00000   0.04772   0.02765   0.01554   0.03264   0.02729   0.11280   0.50921   1.70054   1.42702   1.48210   1.59607   0.71544  
 32 23.8475   2471.307359  x:  0.00000   0.08576   0.01145   0.05515   0.04831   0.00875   0.01926   0.01842   0.01522   0.00720   0.02166   0.04544   0.00000   0.02188   0.13226   0.05467   0.01694   0.09046   0.00656   0.01119   0.03587   0.03848   0.14525   0.00000   0.14326   0.00000   0.04620   0.04887   0.02889   0.00252   0.00993   0.00974   0.00000   0.00000   0.09650   0.00426   0.02191   0.10448   0.03152   0.00000   0.04804   0.03028   0.01454   0.03279   0.02602   0.11219   0.51074   1.70174   1.42650   1.47691   1.59929   0.71458  
 33 18.8961   2471.172424  x:  0.00000   0.08765   0.01294   0.05473   0.04868   0.00851   0.01953   0.01703   0.01480   0.00702   0.02043   0.04419   0.00000   0.02142   0.12817   0.05308   0.01779   0.09082   0.00651   0.01181   0.03536   0.04015   0.13989   0.00000   0.14087   0.00000   0.04735   0.05064   0.02893   0.00260   0.01021   0.00947   0.00000   0.00000   0.09865   0.00424   0.02133   0.10438   0.03388   0.00000   0.04937   0.02807   0.01451   0.03462   0.02554   0.11380   0.51229   1.70506   1.42394   1.46290   1.60588   0.71262  
 34 24.5800   2470.827586  x:  0.00000   0.08682   0.00899   0.05681   0.04982   0.00893   0.01992   0.01683   0.01652   0.00743   0.02111   0.04104   0.00000   0.02205   0.12801   0.05384   0.01762   0.09155   0.00615   0.01227   0.03824   0.04068   0.13827   0.00000   0.14372   0.00000   0.04582   0.05169   0.02854   0.00267   0.01033   0.00969   0.00000   0.00000   0.10341   0.00420   0.02127   0.10082   0.03340   0.00000   0.04930   0.02783   0.01375   0.03036   0.02839   0.11776   0.51704   1.71593   1.41384   1.41916   1.62357   0.70679  
 35 38.4750   2470.523124  x:  0.00000   0.08858   0.01111   0.05777   0.04963   0.00848   0.02042   0.01703   0.01549   0.00745   0.02195   0.04443   0.00000   0.02179   0.13064   0.05667   0.01724   0.09368   0.00663   0.01237   0.03557   0.03841   0.14160   0.00000   0.14864   0.00000   0.04702   0.04977   0.02862   0.00270   0.01091   0.00724   0.00000   0.00000   0.10172   0.00429   0.01936   0.10106   0.03483   0.00000   0.04870   0.03123   0.01398   0.03144   0.02783   0.11816   0.52109   1.72638   1.40370   1.37892   1.63885   0.70159  
 36 90.6228   2470.432786  x:  0.00000   0.08761   0.00942   0.05774   0.04968   0.00865   0.02049   0.01631   0.01573   0.00740   0.02219   0.04515   0.00000   0.02215   0.13129   0.05654   0.01707   0.09326   0.00654   0.01254   0.03444   0.03941   0.14361   0.00000   0.15096   0.00000   0.04576   0.05003   0.02832   0.00272   0.01069   0.00761   0.00000   0.00000   0.10139   0.00426   0.01962   0.10271   0.03413   0.00000   0.04871   0.02989   0.01399   0.03443   0.02503   0.11472   0.52258   1.72996   1.39978   1.36727   1.64187   0.70019  
 37 42.8906   2470.377846  x:  0.00000   0.08874   0.00960   0.05769   0.05003   0.00860   0.02040   0.01695   0.01573   0.00738   0.02164   0.04373   0.00000   0.02155   0.13084   0.05552   0.01719   0.09349   0.00651   0.01248   0.03510   0.04096   0.14564   0.00000   0.15071   0.00000   0.04638   0.05113   0.02842   0.00270   0.01083   0.00746   0.00000   0.00000   0.10108   0.00426   0.01984   0.10575   0.03447   0.00000   0.04780   0.03057   0.01379   0.03317   0.02542   0.10958   0.52319   1.73321   1.39501   1.36100   1.64008   0.69972  
 38 15.4831   2470.278689  x:  0.00000   0.08830   0.00982   0.05691   0.04947   0.00850   0.02064   0.01424   0.01585   0.00742   0.02198   0.04461   0.00000   0.02258   0.12926   0.05603   0.01675   0.09391   0.00615   0.01274   0.03496   0.03809   0.14742   0.00000   0.14731   0.00000   0.04598   0.05037   0.02834   0.00276   0.01077   0.00736   0.00000   0.00000   0.10240   0.00416   0.01886   0.10730   0.03446   0.00000   0.04951   0.02942   0.01354   0.03120   0.02639   0.10646   0.52289   1.74106   1.38219   1.35325   1.62850   0.69999  
 39 12.8269   2469.825794  x:  0.00000   0.09121   0.00732   0.05743   0.04843   0.00875   0.01994   0.01720   0.01688   0.00767   0.02159   0.04089   0.00000   0.02042   0.12417   0.05734   0.01723   0.09472   0.00635   0.01220   0.03351   0.03412   0.15009   0.00000   0.14664   0.00000   0.04765   0.04697   0.02826   0.00279   0.01041   0.00720   0.00000   0.00000   0.10559   0.00419   0.01854   0.10669   0.03529   0.00000   0.05363   0.03048   0.01345   0.03648   0.02932   0.10652   0.52766   1.77912   1.31893   1.32190   1.56616   0.70215  
 40 57.4278   2469.199533  x:  0.00000   0.09411   0.00680   0.05738   0.04864   0.00927   0.02060   0.01611   0.01603   0.00735   0.02293   0.04489   0.00000   0.02210   0.12260   0.05816   0.01734   0.09520   0.00653   0.01223   0.03395   0.04091   0.14781   0.00000   0.14751   0.00000   0.04625   0.04807   0.02781   0.00294   0.01005   0.00660   0.00000   0.00000   0.10343   0.00425   0.01792   0.11222   0.03542   0.00000   0.04778   0.03072   0.01392   0.03328   0.02707   0.11573   0.53524   1.83139   1.23306   1.27991   1.47819   0.70605  
 41 190.3209   2469.130794  x:  0.00000   0.09438   0.00660   0.05861   0.05082   0.00928   0.02055   0.01640   0.01587   0.00730   0.02269   0.04483   0.00000   0.02194   0.12654   0.05838   0.01761   0.09520   0.00671   0.01224   0.03332   0.03809   0.14411   0.00000   0.14792   0.00000   0.04634   0.05150   0.02772   0.00293   0.00999   0.00658   0.00000   0.00000   0.10217   0.00426   0.01832   0.11334   0.03533   0.00000   0.04903   0.03061   0.01401   0.03236   0.02622   0.11529   0.53635   1.83648   1.22615   1.27476   1.46789   0.70712  
 42 27.9702   2469.085886  x:  0.00000   0.09540   0.00632   0.05859   0.04959   0.00936   0.02070   0.01606   0.01594   0.00733   0.02273   0.04462   0.00000   0.02203   0.13137   0.05862   0.01760   0.09523   0.00665   0.01244   0.03444   0.03896   0.14062   0.00000   0.14672   0.00000   0.04629   0.04936   0.02775   0.00300   0.01016   0.00653   0.00000   0.00000   0.10237   0.00419   0.01811   0.11300   0.03578   0.00000   0.04922   0.03116   0.01382   0.03302   0.02627   0.11361   0.53607   1.83844   1.22657   1.27048   1.46063   0.70891  
 43 10.6766   2469.020295  x:  0.00000   0.09563   0.00595   0.05811   0.04959   0.00957   0.02066   0.01615   0.01583   0.00727   0.02296   0.04406   0.00000   0.02235   0.13186   0.05884   0.01743   0.09526   0.00661   0.01261   0.03062   0.03978   0.14050   0.00000   0.14679   0.00000   0.04785   0.04903   0.02763   0.00305   0.01008   0.00674   0.00000   0.00000   0.10286   0.00418   0.01812   0.11184   0.03572   0.00000   0.04788   0.03044   0.01397   0.03198   0.02717   0.11298   0.53604   1.83908   1.23374   1.26398   1.45024   0.71272  
 44  9.9539   2468.847791  x:  0.00000   0.09769   0.00538   0.05802   0.05072   0.00980   0.02086   0.01563   0.01615   0.00732   0.02300   0.04523   0.00000   0.02222   0.12766   0.05901   0.01739   0.09528   0.00666   0.01307   0.03384   0.03791   0.14380   0.00000   0.14711   0.00000   0.04834   0.05031   0.02747   0.00316   0.01030   0.00691   0.00000   0.00000   0.10115   0.00406   0.01834   0.11273   0.03636   0.00000   0.04703   0.03146   0.01388   0.03300   0.02633   0.11489   0.53568   1.83952   1.25546   1.24596   1.42292   0.72328  
 45 37.1998   2468.822628  x:  0.00000   0.09748   0.00552   0.05891   0.05005   0.00985   0.02092   0.01583   0.01604   0.00734   0.02298   0.04419   0.00000   0.02235   0.12702   0.05905   0.01745   0.09532   0.00667   0.01316   0.03319   0.03869   0.14428   0.00000   0.14702   0.00000   0.04719   0.04960   0.02745   0.00317   0.01043   0.00697   0.00000   0.00000   0.09960   0.00406   0.01833   0.11374   0.03678   0.00000   0.04940   0.03188   0.01389   0.03200   0.02566   0.11570   0.53578   1.83894   1.25778   1.24431   1.42057   0.72422  
 46 10.6374   2468.544825  x:  0.00000   0.10139   0.00413   0.06884   0.04876   0.00963   0.02039   0.01469   0.01542   0.00701   0.02155   0.04824   0.00000   0.02101   0.12612   0.05412   0.01787   0.09439   0.00664   0.01261   0.03280   0.03887   0.14531   0.00000   0.14489   0.00000   0.04808   0.04789   0.02690   0.00323   0.00958   0.00666   0.00000   0.00000   0.09474   0.00396   0.01843   0.11215   0.03525   0.00000   0.04940   0.03022   0.01372   0.03100   0.02680   0.11569   0.53499   1.81866   1.26088   1.25097   1.43280   0.71971  
 47  2.5075   2467.877855  x:  0.00000   0.10903   0.00321   0.07093   0.04762   0.01081   0.02027   0.01333   0.01478   0.00638   0.02262   0.04348   0.00733   0.02239   0.12760   0.05630   0.01753   0.09173   0.00703   0.01282   0.03242   0.03560   0.14822   0.00000   0.13949   0.00000   0.04992   0.04635   0.02568   0.00367   0.00781   0.00778   0.00000   0.00000   0.08901   0.00384   0.01859   0.11877   0.03625   0.00000   0.04552   0.03077   0.01378   0.03142   0.02541   0.12070   0.53335   1.75912   1.26914   1.27344   1.47196   0.70590  
 48 64.0413   2467.268642  x:  0.00000   0.11152   0.00313   0.06573   0.04790   0.01160   0.02042   0.01326   0.01516   0.00629   0.02391   0.03972   0.00000   0.02363   0.12912   0.05942   0.01730   0.09065   0.00729   0.01317   0.03236   0.03385   0.14945   0.00000   0.13786   0.00000   0.05101   0.04605   0.02523   0.00389   0.00720   0.00866   0.00000   0.00000   0.08844   0.00385   0.01878   0.12370   0.03798   0.00000   0.04411   0.03203   0.01393   0.03168   0.02397   0.12379   0.53302   1.73283   1.27255   1.28389   1.48991   0.69977  
 49 212.2511   2467.137412  x:  0.00000   0.11213   0.00218   0.06005   0.04812   0.01164   0.02021   0.01361   0.01667   0.00664   0.02383   0.04231   0.00000   0.02290   0.12999   0.05751   0.01778   0.09041   0.00733   0.01298   0.03201   0.03432   0.14991   0.00000   0.13845   0.00000   0.05166   0.04625   0.02512   0.00391   0.00710   0.00886   0.00000   0.00000   0.08832   0.00390   0.01884   0.12413   0.03954   0.00000   0.04624   0.03291   0.01396   0.03045   0.02376   0.12462   0.53334   1.72307   1.27342   1.28761   1.49672   0.69771  
 50 50.2952   2467.091160  x:  0.00000   0.11204   0.00236   0.06071   0.05084   0.01162   0.02019   0.01369   0.01672   0.00660   0.02378   0.04327   0.00000   0.02293   0.13011   0.05713   0.01799   0.09025   0.00742   0.01291   0.03245   0.03457   0.14975   0.00000   0.13947   0.00000   0.05334   0.04346   0.02494   0.00393   0.00692   0.00895   0.00000   0.00000   0.09008   0.00400   0.01958   0.12599   0.03925   0.00000   0.04726   0.03208   0.01411   0.02978   0.02356   0.12494   0.53355   1.72518   1.27401   1.28786   1.49778   0.70088  
 51  3.2039   2466.432797  x:  0.00000   0.11502   0.00307   0.05729   0.04294   0.01137   0.01914   0.01338   0.01878   0.00659   0.02425   0.04127   0.00000   0.02288   0.13411   0.05500   0.01825   0.08543   0.00759   0.01147   0.03234   0.03268   0.15172   0.00000   0.14047   0.00000   0.05445   0.04610   0.02307   0.00391   0.00389   0.00816   0.00000   0.00000   0.09381   0.00482   0.01969   0.13071   0.04038   0.00000   0.04642   0.03167   0.01413   0.02917   0.02185   0.12910   0.52759   1.74766   1.28259   1.29457   1.52282   0.74677  
 52 10.2006   2466.326910  x:  0.00000   0.11630   0.00309   0.05468   0.04756   0.01121   0.01883   0.01277   0.01898   0.00646   0.02401   0.03920   0.00000   0.02254   0.13481   0.05357   0.01804   0.08441   0.00744   0.01113   0.03168   0.03270   0.15236   0.00000   0.13858   0.00000   0.05153   0.04486   0.02291   0.00391   0.00347   0.00758   0.00000   0.00000   0.09108   0.00486   0.01862   0.12915   0.04041   0.00000   0.04529   0.03228   0.01378   0.02981   0.02183   0.12966   0.52559   1.75127   1.28437   1.29574   1.52695   0.75198  
 53 26.6420   2466.063453  x:  0.00000   0.11766   0.00356   0.05303   0.04657   0.01126   0.01847   0.01276   0.01974   0.00645   0.02431   0.03925   0.00000   0.02242   0.13652   0.05216   0.01825   0.08319   0.00758   0.01050   0.03177   0.03244   0.15306   0.00000   0.13852   0.00000   0.05218   0.04503   0.02226   0.00391   0.00244   0.00754   0.00000   0.00000   0.09167   0.00516   0.01870   0.13080   0.04080   0.00000   0.04556   0.03195   0.01393   0.02952   0.02169   0.13117   0.52615   1.77390   1.30281   1.29912   1.52165   0.70684  
 54  5.3364   2464.923094  x:  0.00000   0.12796   0.00595   0.04569   0.04651   0.01398   0.01877   0.01168   0.02068   0.00569   0.02457   0.04273   0.00000   0.02250   0.13960   0.04404   0.01877   0.07755   0.00832   0.01027   0.03167   0.03266   0.16017   0.00000   0.14065   0.00000   0.05485   0.04721   0.02059   0.00464   0.00523   0.00938   0.00000   0.00000   0.08155   0.00547   0.01929   0.11706   0.04472   0.00000   0.04863   0.03393   0.01350   0.02828   0.02153   0.12877   0.54043   1.84439   1.31552   1.33157   1.55139   0.69989  
 55  0.5567   2464.555757  x:  0.00000   0.12972   0.00666   0.04493   0.04602   0.01404   0.01849   0.01167   0.02097   0.00545   0.02445   0.04264   0.00000   0.02222   0.14035   0.04069   0.01860   0.07521   0.00837   0.00963   0.03176   0.03290   0.16129   0.00000   0.14354   0.00000   0.05436   0.04777   0.01955   0.00473   0.00540   0.00836   0.00000   0.00000   0.08362   0.00603   0.01893   0.11365   0.04462   0.00000   0.04956   0.03320   0.01319   0.02838   0.02205   0.12763   0.54406   1.71411   1.27865   1.28934   1.49676   0.68472  
 56  2.0344   2463.622405  x:  0.00000   0.13619   0.00537   0.05440   0.04587   0.01445   0.01832   0.01323   0.01785   0.00435   0.02536   0.03799   0.00000   0.02371   0.14200   0.03690   0.01597   0.06708   0.00871   0.01002   0.03325   0.03228   0.16436   0.00000   0.15016   0.00000   0.05266   0.04650   0.01636   0.00538   0.00644   0.00532   0.00000   0.00000   0.09088   0.00777   0.01912   0.11267   0.04103   0.00000   0.04901   0.02843   0.01316   0.02975   0.02285   0.12682   0.55143   1.79069   1.29599   1.29899   1.48960   0.69710  
 57  0.2131   2463.234171  x:  0.00000   0.14352   0.00575   0.05454   0.04649   0.01501   0.01931   0.01456   0.01809   0.00654   0.02863   0.03591   0.00000   0.02453   0.14061   0.04009   0.01363   0.06513   0.00870   0.01291   0.03353   0.03159   0.16398   0.00000   0.15361   0.00000   0.05351   0.04601   0.01712   0.00637   0.00624   0.00751   0.00000   0.00000   0.09226   0.00851   0.01916   0.11389   0.04089   0.00000   0.04846   0.02881   0.01338   0.03043   0.02358   0.12587   0.55764   1.77493   1.28390   1.30435   1.49257   0.70782  
 58  0.0434   2463.009939  x:  0.00000   0.14792   0.00614   0.05500   0.04533   0.01423   0.01903   0.01413   0.01716   0.00707   0.02657   0.04162   0.00000   0.02194   0.14011   0.03738   0.01280   0.06754   0.00814   0.01376   0.03248   0.03184   0.16307   0.00000   0.15563   0.00000   0.05130   0.04579   0.01941   0.00696   0.00627   0.00702   0.00000   0.00000   0.09304   0.00926   0.01847   0.11351   0.03915   0.00000   0.04826   0.02879   0.01257   0.02903   0.02407   0.12681   0.55419   1.78920   1.28121   1.29901   1.48806   0.71691  
 59  0.0314   2462.888732  x:  0.00000   0.15074   0.00616   0.05272   0.04500   0.01337   0.01893   0.01307   0.01808   0.00731   0.02682   0.03895   0.00000   0.02142   0.14065   0.03964   0.01288   0.06888   0.00801   0.01316   0.03244   0.03193   0.16295   0.00000   0.15642   0.00000   0.05149   0.04526   0.02046   0.00760   0.00706   0.00606   0.00000   0.00000   0.09468   0.01006   0.01889   0.11560   0.03859   0.00000   0.04764   0.02868   0.01244   0.02846   0.02219   0.12870   0.54871   1.78795   1.28440   1.29715   1.48757   0.70641  
 60  0.0230   2462.775810  x:  0.00000   0.15276   0.00614   0.05375   0.04545   0.01309   0.01907   0.01230   0.01828   0.00671   0.02607   0.03838   0.00000   0.02235   0.13901   0.03976   0.01395   0.06866   0.00806   0.01280   0.03305   0.03309   0.16311   0.00000   0.15923   0.00000   0.05283   0.04575   0.02045   0.00856   0.00644   0.00664   0.00000   0.00000   0.09198   0.01098   0.01979   0.10931   0.03895   0.00000   0.04904   0.02921   0.01224   0.02837   0.02171   0.12576   0.54807   1.79373   1.27362   1.29564   1.48452   0.70956  
 61  0.0194   2462.672303  x:  0.00000   0.15415   0.00619   0.05245   0.04588   0.01292   0.01834   0.01364   0.01871   0.00635   0.02621   0.03856   0.00000   0.02271   0.13806   0.03852   0.01394   0.06849   0.00836   0.01201   0.03300   0.03249   0.16057   0.00000   0.15637   0.00000   0.05205   0.04609   0.01951   0.00962   0.00657   0.00718   0.00000   0.00000   0.09062   0.01232   0.01929   0.11296   0.03884   0.00000   0.04972   0.02905   0.01293   0.02919   0.02383   0.12566   0.54392   1.78880   1.28317   1.29757   1.49473   0.70475  
 62  0.0195   2462.584334  x:  0.00000   0.15054   0.00596   0.05297   0.04571   0.01340   0.01895   0.01372   0.01778   0.00628   0.02605   0.03978   0.00000   0.02240   0.13981   0.03998   0.01339   0.06929   0.00832   0.01258   0.03285   0.03196   0.16318   0.00000   0.15298   0.00000   0.05221   0.04630   0.01870   0.01098   0.00609   0.00615   0.00000   0.00000   0.09204   0.01354   0.01904   0.11212   0.03917   0.00000   0.04933   0.02890   0.01270   0.02893   0.02303   0.12529   0.54664   1.78044   1.28380   1.30178   1.49076   0.70904  
 63  0.0070   2462.559668  x:  0.00000   0.14801   0.00582   0.05320   0.04558   0.01363   0.01889   0.01317   0.01756   0.00625   0.02569   0.03897   0.00000   0.02215   0.14062   0.03928   0.01357   0.06942   0.00838   0.01235   0.03290   0.03233   0.16357   0.00000   0.15304   0.00000   0.05204   0.04604   0.01917   0.01149   0.00606   0.00690   0.00000   0.00000   0.09291   0.01395   0.01913   0.11326   0.03917   0.00000   0.04869   0.02894   0.01259   0.02897   0.02272   0.12665   0.54746   1.78698   1.28247   1.29698   1.48973   0.70696  
 64  0.0089   2462.550199  x:  0.00000   0.14625   0.00589   0.05300   0.04572   0.01366   0.01875   0.01334   0.01765   0.00642   0.02576   0.03900   0.00000   0.02248   0.13979   0.03921   0.01382   0.06889   0.00830   0.01238   0.03276   0.03232   0.16270   0.00000   0.15439   0.00000   0.05225   0.04607   0.01956   0.01183   0.00602   0.00666   0.00000   0.00000   0.09177   0.01403   0.01914   0.11353   0.03959   0.00000   0.04861   0.02939   0.01271   0.02911   0.02281   0.12699   0.54834   1.78384   1.28308   1.29936   1.49163   0.70622  
 65  0.0043   2462.543515  x:  0.00000   0.14529   0.00603   0.05285   0.04566   0.01345   0.01861   0.01345   0.01788   0.00641   0.02588   0.03915   0.00000   0.02238   0.13970   0.03922   0.01349   0.06832   0.00835   0.01255   0.03274   0.03175   0.16268   0.00000   0.15423   0.00000   0.05210   0.04591   0.01941   0.01221   0.00620   0.00677   0.00000   0.00000   0.09224   0.01373   0.01911   0.11262   0.03936   0.00000   0.04865   0.02921   0.01267   0.02890   0.02296   0.12682   0.54789   1.78540   1.28070   1.29752   1.48973   0.70728  
 66  0.0014   2462.537572  x:  0.00000   0.14531   0.00613   0.05337   0.04567   0.01337   0.01874   0.01331   0.01793   0.00645   0.02594   0.03907   0.00000   0.02230   0.13981   0.03896   0.01357   0.06888   0.00832   0.01254   0.03280   0.03254   0.16277   0.00000   0.15422   0.00000   0.05217   0.04604   0.01928   0.01256   0.00634   0.00668   0.00000   0.00000   0.09234   0.01319   0.01921   0.11305   0.03937   0.00000   0.04876   0.02918   0.01270   0.02913   0.02291   0.12657   0.54746   1.78565   1.28248   1.29938   1.49113   0.70771  
 67  0.0016   2462.535185  x:  0.00000   0.14581   0.00607   0.05331   0.04567   0.01351   0.01878   0.01338   0.01788   0.00639   0.02591   0.03895   0.00000   0.02232   0.13991   0.03916   0.01375   0.06916   0.00827   0.01236   0.03284   0.03211   0.16276   0.00000   0.15434   0.00000   0.05209   0.04601   0.01934   0.01275   0.00627   0.00669   0.00000   0.00000   0.09203   0.01293   0.01914   0.11310   0.03939   0.00000   0.04869   0.02924   0.01268   0.02901   0.02288   0.12650   0.54796   1.78684   1.28213   1.29771   1.49039   0.70728  
 68  0.0015   2462.534471  x:  0.00000   0.14611   0.00601   0.05303   0.04566   0.01357   0.01875   0.01336   0.01781   0.00637   0.02591   0.03903   0.00000   0.02236   0.13984   0.03909   0.01366   0.06885   0.00831   0.01238   0.03282   0.03222   0.16273   0.00000   0.15420   0.00000   0.05207   0.04602   0.01937   0.01285   0.00618   0.00668   0.00000   0.00000   0.09215   0.01287   0.01914   0.11316   0.03934   0.00000   0.04867   0.02922   0.01271   0.02904   0.02288   0.12664   0.54808   1.78577   1.28228   1.29817   1.49040   0.70717  
 69  0.0010   2462.534394  x:  0.00000   0.14615   0.00599   0.05313   0.04567   0.01353   0.01873   0.01337   0.01779   0.00638   0.02587   0.03906   0.00000   0.02236   0.13985   0.03913   0.01366   0.06883   0.00830   0.01239   0.03280   0.03220   0.16274   0.00000   0.15422   0.00000   0.05209   0.04604   0.01937   0.01286   0.00617   0.00669   0.00000   0.00000   0.09218   0.01286   0.01913   0.11318   0.03936   0.00000   0.04868   0.02922   0.01270   0.02905   0.02287   0.12672   0.54789   1.78533   1.28235   1.29830   1.49042   0.70686  
 70  0.0005   2462.534384  x:  0.00000   0.14615   0.00597   0.05311   0.04567   0.01352   0.01873   0.01337   0.01779   0.00638   0.02586   0.03903   0.00000   0.02237   0.13986   0.03912   0.01365   0.06885   0.00830   0.01240   0.03280   0.03220   0.16274   0.00000   0.15425   0.00000   0.05210   0.04603   0.01937   0.01286   0.00617   0.00669   0.00000   0.00000   0.09218   0.01286   0.01913   0.11318   0.03938   0.00000   0.04868   0.02923   0.01270   0.02904   0.02288   0.12671   0.54785   1.78533   1.28230   1.29827   1.49053   0.70697  
 71  0.0001   2462.534382  x:  0.00000   0.14615   0.00597   0.05311   0.04567   0.01351   0.01873   0.01337   0.01779   0.00638   0.02586   0.03904   0.00000   0.02237   0.13985   0.03912   0.01365   0.06885   0.00830   0.01240   0.03280   0.03220   0.16274   0.00000   0.15425   0.00000   0.05209   0.04603   0.01936   0.01286   0.00617   0.00669   0.00000   0.00000   0.09217   0.01286   0.01913   0.11318   0.03939   0.00000   0.04867   0.02923   0.01270   0.02904   0.02287   0.12670   0.54786   1.78533   1.28229   1.29827   1.49050   0.70695  
 72  0.0000   2462.534382  x:  0.00000   0.14615   0.00597   0.05311   0.04567   0.01352   0.01873   0.01337   0.01779   0.00638   0.02586   0.03904   0.00000   0.02237   0.13985   0.03912   0.01365   0.06885   0.00830   0.01240   0.03280   0.03220   0.16274   0.00000   0.15424   0.00000   0.05209   0.04603   0.01936   0.01286   0.00618   0.00669   0.00000   0.00000   0.09217   0.01286   0.01913   0.11318   0.03939   0.00000   0.04868   0.02923   0.01270   0.02904   0.02288   0.12670   0.54787   1.78531   1.28229   1.29828   1.49049   0.70694  
 73  0.0000   2462.534382  x:  0.00000   0.14615   0.00597   0.05311   0.04567   0.01352   0.01873   0.01337   0.01779   0.00638   0.02586   0.03904   0.00000   0.02237   0.13985   0.03912   0.01365   0.06885   0.00830   0.01240   0.03280   0.03220   0.16274   0.00000   0.15424   0.00000   0.05209   0.04604   0.01937   0.01286   0.00618   0.00669   0.00000   0.00000   0.09217   0.01286   0.01913   0.11318   0.03939   0.00000   0.04868   0.02923   0.01270   0.02904   0.02288   0.12670   0.54787   1.78531   1.28229   1.29828   1.49050   0.70695  
 74  0.0000   2462.534382  x:  0.00000   0.14615   0.00597   0.05311   0.04567   0.01352   0.01873   0.01337   0.01779   0.00638   0.02586   0.03904   0.00000   0.02237   0.13985   0.03912   0.01365   0.06885   0.00830   0.01240   0.03280   0.03220   0.16274   0.00000   0.15424   0.00000   0.05209   0.04604   0.01937   0.01286   0.00618   0.00669   0.00000   0.00000   0.09217   0.01286   0.01913   0.11318   0.03939   0.00000   0.04868   0.02923   0.01270   0.02904   0.02288   0.12670   0.54787   1.78531   1.28229   1.29828   1.49050   0.70695  
 75  0.0000   2462.534382  x:  0.00000   0.14615   0.00597   0.05311   0.04567   0.01352   0.01873   0.01337   0.01779   0.00638   0.02586   0.03904   0.00000   0.02237   0.13985   0.03912   0.01365   0.06885   0.00830   0.01240   0.03280   0.03220   0.16274   0.00000   0.15424   0.00000   0.05209   0.04604   0.01937   0.01286   0.00618   0.00669   0.00000   0.00000   0.09217   0.01286   0.01913   0.11318   0.03939   0.00000   0.04868   0.02923   0.01270   0.02904   0.02288   0.12670   0.54787   1.78531   1.28229   1.29828   1.49050   0.70695  