-6.884873179502409846e-01
-8.290775284512267307e-01
-5.183244175941401632e-01
6.697756880991960760e-01
-1.332342214455503715e+00
-6.248349369355284288e+00
-3.303637377521694840e-01
1.712966415301032441e+00
-3.664260610676790819e-02
-4.346438981140994806e-01
-1.117423800365068054e+00
-2.278727901523216914e+00
-7.407972369348039265e-01
-1.801673270393702397e+00
-1.904517027367474302e+00
-6.516909785830274693e+00
-1.104552174246190122e+00
-7.407116459534032193e-01
-2.804732440819094563e+00
-3.972507488167019929e+00
-6.842054896405085351e-01
-1.699860320139809700e+00
-7.737368399833371990e-01
-1.039455821188032925e+00
-1.753320279000643023e+00
-3.354946240540149782e-01
-9.930301139482849981e-01
-7.885743342723298133e-01
-2.666241512715543660e+00
-4.643056585357919985e+00
-2.412122391038094893e+00
-3.632865157184655747e+00
-2.448716056141212682e+00
-2.113534018376494572e+00
-1.980461115991081433e+00
-1.087385513483891675e+00
