-7.016899892637429303e-01
-8.078524655594661041e-01
-5.207465237005284298e-01
4.605016156658566784e-01
-1.129715189288887700e+00
-4.142992337729182739e-01
-3.915035740187314151e+00
1.648305596138342155e+00
2.199472553349317017e-01
-1.048722852634387248e+00
-1.125946102780717384e+00
-1.758830716557623797e+00
-5.537488487213421129e-01
-1.542939665897044232e+00
-1.512688903769578319e+00
-2.422206226350381630e+00
-9.270396800616045319e-01
-5.356548071067681605e-01
-2.194747619217432000e+00
-3.283564743980060818e+00
-5.233554541838216778e-01
-1.164840334488492335e+00
-4.015132433241409005e-01
-8.524640002489350943e-01
-2.042651203204283838e+00
-1.670251361446200566e-01
-8.465089116242796585e-01
-7.824134656211328975e-01
-2.343084954484336624e+00
-3.552440401504429079e+00
-1.879344733183929250e+00
-3.117603180555226672e+00
-2.535170888861923988e+00
-2.101442277029099692e+00
-1.102351277509704186e+00
-1.807341704511320257e+00
