-7.089514071022484654e-01
-8.207248131756158527e-01
-5.408739949430840799e-01
6.087628837446238395e-01
-1.132082585651737805e+00
-4.864402323250123228e-01
-2.916437781524221062e+00
1.638252482933044707e+00
-3.452376671131244246e-01
-1.919658864723297054e-01
-1.622612668320535967e+00
-1.398393341419764901e+00
-3.194741333229841884e-01
-1.098039411698688239e+00
-1.753584497519426799e+00
-4.047817485388778280e+00
-1.208818048565917458e+00
-6.535610605320442135e-01
-2.753842550304362646e+00
-3.870144733167553586e+00
-6.068793439041607618e-01
-2.404797122261986608e+00
-3.133220053114071924e-01
-4.862456121335224091e-01
-9.843704181582400015e-01
-4.168963238977925756e-01
-9.269314210380741326e-01
-9.285827581965410138e-01
-2.308132569657840527e+00
-3.332964174243409072e+00
-1.784674296958389972e+00
-3.358563078194676255e+00
-1.337879781768524401e+00
-1.800232257037442052e+00
-1.001348653228188557e+00
-8.110169118273665712e-01
