

TREE # 1

  0  0.0000   2387.761953  x:  0.01972   0.20925   0.02571   0.03211   0.02495   0.05815   0.02188   0.05666   0.08536   0.02661   0.17168   0.01972   0.20925   0.02571   0.03211   0.02495   0.05815   0.02188   0.05666   0.08536   0.02661   0.17168   0.21568   8.40433   1.37712   1.08309   1.36724   1.00000  
  1 99.0000   2227.181731  x:  0.00045   0.20975   0.15424   0.11936   0.04108   0.05962   0.04406   0.06426   0.07434   0.08411   0.15496   0.00000   0.20513   0.15961   0.13025   0.03793   0.07551   0.03794   0.06848   0.07905   0.10018   0.15534   0.19778   8.40416   1.37677   1.08203   1.36855   0.99994  
  2 1913.5922   2226.905097  x:  0.00000   0.20975   0.15420   0.11945   0.04110   0.05961   0.04407   0.06431   0.07407   0.08408   0.15459   0.00000   0.20503   0.15956   0.13033   0.03786   0.07568   0.03795   0.06862   0.07886   0.10016   0.15497   0.19738   8.40416   1.37676   1.08201   1.36858   0.99994  
  3 310.5025   2201.584141  x:  0.00000   0.21430   0.15459   0.12550   0.02915   0.06062   0.03867   0.04979   0.00000   0.08168   0.00786   0.00000   0.17672   0.15714   0.13904   0.04786   0.02700   0.02621   0.03297   0.02789   0.10342   0.01163   0.02754   8.40249   1.37191   1.07350   1.38006   0.99990  
  4 764.3573   2201.272772  x:  0.00000   0.21448   0.15466   0.12552   0.02909   0.06066   0.03858   0.04943   0.00155   0.08161   0.00697   0.00119   0.17604   0.15704   0.13902   0.04826   0.02727   0.02635   0.03261   0.02716   0.10348   0.01015   0.02291   8.40243   1.37177   1.07321   1.38044   0.99989  
  5 224.0907   2200.925733  x:  0.00000   0.21470   0.15473   0.12546   0.02909   0.06069   0.03851   0.04910   0.00325   0.08156   0.00733   0.00029   0.17540   0.15696   0.13893   0.04870   0.02789   0.02660   0.03242   0.02672   0.10354   0.00984   0.01856   8.40238   1.37163   1.07290   1.38082   0.99989  
  6 597.1488   2200.626513  x:  0.00000   0.21503   0.15482   0.12517   0.02907   0.06075   0.03842   0.04858   0.00229   0.08154   0.00812   0.00064   0.17450   0.15697   0.13880   0.04940   0.02816   0.02687   0.03204   0.02622   0.10372   0.01090   0.01316   8.40230   1.37142   1.07244   1.38139   0.99986  
  7 282.7457   2200.595207  x:  0.00000   0.21528   0.15490   0.12489   0.02916   0.06078   0.03841   0.04835   0.00238   0.08156   0.00737   0.00062   0.17401   0.15701   0.13863   0.04987   0.02839   0.02708   0.03218   0.02639   0.10383   0.01157   0.01282   8.40224   1.37128   1.07213   1.38179   0.99984  
  8 42.9756   2200.408976  x:  0.00000   0.21833   0.15578   0.12185   0.03021   0.06115   0.03833   0.04611   0.00171   0.08164   0.00726   0.00070   0.16786   0.15742   0.13688   0.05515   0.02995   0.02894   0.03407   0.02795   0.10517   0.01033   0.01254   8.40155   1.36961   1.06822   1.38664   0.99957  
  9 46.5141   2200.083287  x:  0.00000   0.22445   0.15656   0.12061   0.03126   0.06134   0.03901   0.04785   0.00249   0.08071   0.00776   0.00073   0.15265   0.15645   0.13664   0.06053   0.02812   0.02719   0.03639   0.02407   0.10684   0.01122   0.01335   8.39986   1.36551   1.05907   1.39823   0.99901  
 10 64.0823   2199.886499  x:  0.00000   0.22809   0.15664   0.12082   0.03029   0.06122   0.03908   0.04947   0.00238   0.08009   0.00786   0.00076   0.14406   0.15580   0.13707   0.06133   0.03061   0.02675   0.03252   0.02421   0.10752   0.01135   0.01415   8.39862   1.36261   1.05265   1.40642   0.99856  
 11 91.4233   2199.623829  x:  0.00000   0.23232   0.15584   0.12307   0.02839   0.06069   0.03858   0.05088   0.00251   0.07931   0.00789   0.00080   0.13620   0.15475   0.13886   0.05713   0.02876   0.02933   0.03291   0.03067   0.10751   0.01133   0.01359   8.39645   1.35786   1.04224   1.41993   0.99773  
 12 61.8681   2199.135910  x:  0.00000   0.23721   0.15554   0.12496   0.03286   0.06035   0.03766   0.04358   0.00256   0.08036   0.00800   0.00082   0.13759   0.15510   0.13840   0.04869   0.02958   0.02418   0.03354   0.03274   0.10761   0.01156   0.01359   8.39159   1.34838   1.02147   1.44751   0.99558  
 13 50.4852   2198.402780  x:  0.00000   0.24197   0.15584   0.12481   0.03162   0.06017   0.03875   0.04225   0.00268   0.08249   0.00829   0.00076   0.14920   0.15672   0.13464   0.04170   0.02975   0.03184   0.03371   0.02552   0.10752   0.01218   0.01467   8.38329   1.33350   0.98888   1.49175   0.99168  
 14 123.6172   2197.877455  x:  0.00000   0.24229   0.15624   0.12300   0.02816   0.06013   0.03947   0.05084   0.00244   0.08307   0.00804   0.00076   0.16115   0.15873   0.13296   0.04453   0.03121   0.02747   0.03622   0.02746   0.10673   0.01181   0.01367   8.37691   1.32360   0.96753   1.52235   0.98844  
 15 124.0991   2197.592267  x:  0.00000   0.23616   0.15475   0.12523   0.03474   0.06017   0.03845   0.05345   0.00249   0.07952   0.00816   0.00073   0.16558   0.15708   0.13819   0.05046   0.03085   0.02932   0.03458   0.02885   0.10348   0.01197   0.01384   8.37261   1.32022   0.96186   1.53544   0.98590  
 16 35.3596   2197.147099  x:  0.00000   0.22319   0.15360   0.12880   0.02926   0.06030   0.03790   0.04775   0.00290   0.07493   0.00875   0.00066   0.16813   0.15421   0.14706   0.05817   0.03190   0.02914   0.03565   0.02881   0.09937   0.01286   0.01519   8.36552   1.31756   0.95996   1.55055   0.98146  
 17 48.7827   2195.557762  x:  0.00000   0.17813   0.15817   0.11888   0.03204   0.05967   0.05300   0.04872   0.00410   0.08553   0.00960   0.00058   0.16047   0.15004   0.14408   0.05227   0.03358   0.02973   0.03712   0.03352   0.10300   0.01393   0.01635   8.33679   1.32045   0.98320   1.58363   0.96257  
 18 29.9263   2194.056199  x:  0.00000   0.16013   0.16065   0.11726   0.03312   0.05926   0.03244   0.05276   0.00498   0.09002   0.01048   0.00055   0.15686   0.15358   0.13619   0.04717   0.03601   0.03084   0.04031   0.03410   0.10773   0.01516   0.01793   8.31126   1.32771   1.01057   1.60477   0.94626  
 19 79.6186   2187.712311  x:  0.00000   0.20260   0.14659   0.14348   0.03832   0.06697   0.04544   0.05741   0.00847   0.06762   0.01402   0.00072   0.17262   0.17855   0.11014   0.04087   0.04614   0.03448   0.05077   0.04653   0.10709   0.02029   0.02314   8.18261   1.38581   1.16947   1.67596   0.86917  
 20 84.3635   2185.267705  x:  0.00000   0.23710   0.15024   0.12348   0.03996   0.05451   0.04339   0.05997   0.01104   0.08754   0.01538   0.00082   0.18446   0.16608   0.13764   0.03663   0.04994   0.03636   0.05417   0.04881   0.09762   0.02236   0.02519   8.13241   1.41564   1.22461   1.69472   0.84730  
 21 112.1345   2184.818338  x:  0.00000   0.24105   0.15909   0.12198   0.04019   0.06925   0.04250   0.06097   0.01106   0.08512   0.01565   0.00083   0.18775   0.15385   0.14083   0.03459   0.05066   0.03664   0.05475   0.05023   0.10455   0.02276   0.02559   8.12121   1.43197   1.22004   1.68728   0.85873  
 22 24.0383   2183.659029  x:  0.00000   0.24204   0.17207   0.12921   0.04123   0.05166   0.04379   0.06119   0.01075   0.07838   0.01631   0.00086   0.19131   0.13918   0.13473   0.03459   0.05250   0.03728   0.05654   0.05332   0.11426   0.02362   0.02659   8.09122   1.48567   1.18601   1.65218   0.90973  
 23 42.1408   2182.125137  x:  0.00000   0.23781   0.15837   0.12801   0.04242   0.05923   0.04439   0.06222   0.01208   0.08799   0.01725   0.00091   0.18668   0.15861   0.13540   0.03126   0.05499   0.03827   0.05936   0.05441   0.09686   0.02479   0.02800   8.04786   1.56155   1.12758   1.59356   0.99052  
 24 81.4096   2182.033550  x:  0.00000   0.23755   0.15155   0.12586   0.04247   0.05870   0.04455   0.06227   0.01251   0.08689   0.01731   0.00091   0.18714   0.16056   0.13868   0.03076   0.05515   0.03836   0.05952   0.05415   0.10453   0.02488   0.02810   8.04393   1.55889   1.12390   1.58671   0.99595  
 25 13.0937   2181.212680  x:  0.00000   0.24079   0.14494   0.13908   0.04310   0.06078   0.04497   0.06280   0.01260   0.10199   0.01786   0.00093   0.18656   0.15274   0.13653   0.03465   0.05674   0.03914   0.06109   0.05547   0.10801   0.02551   0.02885   7.99184   1.43956   1.09262   1.48375   1.04658  
 26 11.4648   2180.601192  x:  0.00000   0.24197   0.15331   0.13117   0.04393   0.05933   0.04509   0.06403   0.01300   0.08884   0.01813   0.00095   0.18468   0.15766   0.13944   0.02808   0.05779   0.03941   0.06258   0.05487   0.10331   0.02580   0.02908   7.95281   1.35166   1.06843   1.40697   1.07958  
 27 111.9363   2179.937774  x:  0.00000   0.23910   0.15279   0.13683   0.04448   0.05919   0.04558   0.06482   0.01301   0.08896   0.01824   0.00092   0.17959   0.15446   0.14155   0.02548   0.05906   0.03965   0.06433   0.05359   0.10456   0.02585   0.02888   7.88755   1.31761   0.99690   1.31356   0.99047  
 28  7.0276   2177.043977  x:  0.00000   0.22140   0.14742   0.16292   0.04543   0.05821   0.04781   0.07125   0.01087   0.08265   0.01764   0.00112   0.15784   0.14930   0.16392   0.01281   0.06496   0.03941   0.07302   0.03900   0.09896   0.02443   0.02474   7.40519   1.36515   1.05351   1.43079   0.98496  
 29  2.7192   2172.893782  x:  0.00000   0.20503   0.15877   0.17525   0.04661   0.05776   0.04933   0.07626   0.01214   0.06588   0.01984   0.00135   0.13697   0.15658   0.18903   0.03563   0.07680   0.04107   0.08506   0.02659   0.09617   0.02659   0.02153   6.37906   1.35722   1.04911   1.47344   0.95386  
 30  2.6615   2168.267383  x:  0.00000   0.21654   0.19269   0.16609   0.04549   0.05630   0.04601   0.07483   0.01957   0.10182   0.02724   0.00157   0.16244   0.18975   0.17846   0.03578   0.09688   0.04190   0.10000   0.03739   0.12266   0.03588   0.02318   6.30099   1.31505   1.01478   1.47658   0.93379  
 31  0.0695   2166.787836  x:  0.00000   0.20784   0.21048   0.17488   0.04400   0.05889   0.04749   0.07412   0.02012   0.08960   0.02892   0.00192   0.15444   0.21118   0.19555   0.03283   0.10631   0.04072   0.10697   0.02776   0.12130   0.03718   0.01969   7.36320   1.34153   1.04784   1.45837   0.96809  
 32  0.6909   2166.347225  x:  0.00000   0.20979   0.22031   0.18641   0.04364   0.05836   0.04870   0.07211   0.01906   0.08664   0.02919   0.00224   0.15179   0.22225   0.20772   0.02827   0.11047   0.03942   0.10780   0.02453   0.12114   0.03684   0.01903   6.77611   1.33189   1.03989   1.44387   0.96738  
 33  0.3061   2166.116716  x:  0.00000   0.21548   0.22340   0.19319   0.04401   0.05803   0.04898   0.06933   0.01665   0.09155   0.02789   0.00248   0.15525   0.22626   0.21371   0.02692   0.10824   0.03898   0.10073   0.02849   0.12255   0.03474   0.02092   6.92711   1.33020   1.03654   1.45977   0.94742  
 34  0.0593   2166.027271  x:  0.00000   0.21226   0.22604   0.19404   0.04468   0.05812   0.04886   0.07002   0.01470   0.09123   0.02670   0.00265   0.15243   0.22905   0.21675   0.02773   0.10608   0.03993   0.09608   0.02623   0.12384   0.03283   0.02069   6.98950   1.33050   1.03854   1.45077   0.97616  
 35  0.0361   2166.010820  x:  0.00000   0.21155   0.22808   0.19247   0.04485   0.05819   0.04866   0.07098   0.01440   0.09064   0.02653   0.00268   0.15289   0.23028   0.21620   0.02865   0.10576   0.04045   0.09544   0.02559   0.12457   0.03261   0.02030   6.94113   1.33314   1.03744   1.44962   0.96300  
 36  0.0366   2166.008371  x:  0.00000   0.21233   0.22897   0.19191   0.04483   0.05819   0.04871   0.07134   0.01437   0.09086   0.02658   0.00269   0.15340   0.23099   0.21558   0.02897   0.10586   0.04056   0.09559   0.02609   0.12457   0.03275   0.02030   6.93232   1.33016   1.03765   1.44905   0.96511  
 37  0.0074   2166.007792  x:  0.00000   0.21246   0.22938   0.19214   0.04474   0.05815   0.04882   0.07147   0.01417   0.09106   0.02653   0.00271   0.15301   0.23149   0.21538   0.02895   0.10587   0.04052   0.09575   0.02605   0.12441   0.03276   0.02026   6.94393   1.33173   1.03757   1.45034   0.96550  
 38  0.0056   2166.007335  x:  0.00000   0.21234   0.22934   0.19243   0.04465   0.05823   0.04883   0.07151   0.01392   0.09086   0.02645   0.00273   0.15325   0.23146   0.21525   0.02885   0.10575   0.04045   0.09604   0.02603   0.12439   0.03282   0.02026   6.94046   1.33065   1.03769   1.44942   0.96513  
 39  0.0014   2166.007225  x:  0.00000   0.21240   0.22918   0.19232   0.04470   0.05818   0.04877   0.07145   0.01386   0.09090   0.02643   0.00274   0.15326   0.23127   0.21525   0.02889   0.10569   0.04049   0.09613   0.02609   0.12449   0.03286   0.02028   6.93820   1.33138   1.03760   1.44973   0.96542  
 40  0.0014   2166.007197  x:  0.00000   0.21240   0.22922   0.19227   0.04473   0.05818   0.04877   0.07140   0.01384   0.09094   0.02642   0.00275   0.15317   0.23127   0.21538   0.02890   0.10569   0.04051   0.09615   0.02606   0.12452   0.03288   0.02026   6.93961   1.33101   1.03762   1.44972   0.96528  
 41  0.0009   2166.007191  x:  0.00000   0.21238   0.22926   0.19225   0.04474   0.05819   0.04878   0.07138   0.01384   0.09092   0.02642   0.00275   0.15321   0.23131   0.21544   0.02889   0.10570   0.04051   0.09615   0.02607   0.12449   0.03289   0.02025   6.93958   1.33112   1.03762   1.44971   0.96534  
 42  0.0001   2166.007186  x:  0.00000   0.21239   0.22924   0.19223   0.04474   0.05818   0.04878   0.07139   0.01385   0.09094   0.02642   0.00276   0.15322   0.23129   0.21542   0.02888   0.10568   0.04050   0.09612   0.02606   0.12445   0.03291   0.02025   6.93923   1.33110   1.03764   1.44974   0.96530  
 43  0.0001   2166.007184  x:  0.00000   0.21239   0.22924   0.19225   0.04474   0.05819   0.04878   0.07140   0.01385   0.09092   0.02642   0.00276   0.15320   0.23129   0.21541   0.02889   0.10567   0.04050   0.09610   0.02606   0.12448   0.03292   0.02025   6.93954   1.33110   1.03762   1.44971   0.96532  
 44  0.0002   2166.007184  x:  0.00000   0.21239   0.22924   0.19226   0.04474   0.05818   0.04878   0.07140   0.01385   0.09092   0.02643   0.00277   0.15320   0.23129   0.21541   0.02889   0.10568   0.04050   0.09611   0.02606   0.12449   0.03292   0.02025   6.93940   1.33111   1.03764   1.44973   0.96532  
 45  0.0001   2166.007183  x:  0.00000   0.21239   0.22924   0.19226   0.04474   0.05819   0.04878   0.07140   0.01385   0.09092   0.02642   0.00277   0.15320   0.23129   0.21541   0.02889   0.10567   0.04051   0.09611   0.02606   0.12448   0.03291   0.02025   6.93946   1.33110   1.03762   1.44971   0.96532  
 46  0.0000   2166.007183  x:  0.00000   0.21239   0.22924   0.19226   0.04474   0.05819   0.04878   0.07140   0.01385   0.09092   0.02642   0.00277   0.15320   0.23129   0.21541   0.02889   0.10567   0.04051   0.09611   0.02606   0.12448   0.03291   0.02025   6.93944   1.33111   1.03763   1.44972   0.96532  
 47  0.0000   2166.007183  x:  0.00000   0.21239   0.22924   0.19226   0.04474   0.05818   0.04878   0.07140   0.01385   0.09092   0.02642   0.00277   0.15320   0.23129   0.21541   0.02889   0.10567   0.04051   0.09611   0.02606   0.12448   0.03291   0.02025   6.93944   1.33111   1.03763   1.44972   0.96532  
 48  0.0000   2166.007183  x:  0.00000   0.21239   0.22924   0.19226   0.04474   0.05818   0.04878   0.07140   0.01385   0.09092   0.02642   0.00277   0.15320   0.23129   0.21541   0.02889   0.10567   0.04051   0.09611   0.02606   0.12448   0.03291   0.02025   6.93944   1.33111   1.03763   1.44972   0.96532  
 49  0.0000   2166.007183  x:  0.00000   0.21239   0.22924   0.19226   0.04474   0.05818   0.04878   0.07140   0.01385   0.09092   0.02642   0.00277   0.15320   0.23129   0.21541   0.02889   0.10567   0.04051   0.09611   0.02606   0.12448   0.03291   0.02025   6.93944   1.33111   1.03763   1.44972   0.96532  
 50  0.0000   2166.007183  x:  0.00000   0.21239   0.22924   0.19226   0.04474   0.05818   0.04878   0.07140   0.01385   0.09092   0.02642   0.00277   0.15320   0.23129   0.21541   0.02889   0.10567   0.04051   0.09611   0.02606   0.12448   0.03291   0.02025   6.93944   1.33111   1.03763   1.44972   0.96532  
 51  0.0000   2166.007183  x:  0.00000   0.21239   0.22924   0.19226   0.04474   0.05818   0.04878   0.07140   0.01385   0.09092   0.02642   0.00277   0.15320   0.23129   0.21541   0.02889   0.10567   0.04051   0.09611   0.02606   0.12448   0.03291   0.02025   6.93944   1.33111   1.03763   1.44972   0.96532  

TREE # 2

  0  0.0000   2365.656053  x:  0.00000   0.21239   0.22924   0.19226   0.04474   0.05818   0.04878   0.07140   0.01385   0.09092   0.02642   0.00277   0.15320   0.23129   0.21541   0.02889   0.10567   0.04051   0.09611   0.02606   0.12448   0.03291   0.02025   6.93944   1.21538   0.98279   1.33536   0.96532  
  1 99.0000   2300.848106  x:  0.02167   0.19495   0.21256   0.18863   0.07885   0.10734   0.05106   0.10815   0.11031   0.08216   0.09292   0.25263   0.13615   0.21366   0.21555   0.06634   0.12721   0.03408   0.11469   0.05706   0.11309   0.04971   0.04884   6.93945   1.21645   0.98280   1.33574   0.96513  
  2 2206.6887   2243.561320  x:  0.00000   0.13003   0.15508   0.17618   0.11949   0.17778   0.04129   0.16795   0.11057   0.04652   0.10578   0.22788   0.07138   0.15251   0.21385   0.09904   0.17347   0.01674   0.15566   0.07577   0.07443   0.06310   0.05224   6.93950   1.21862   0.98333   1.33696   0.96503  
  3 422.8354   2200.128150  x:  0.03361   0.05773   0.09051   0.16259   0.16061   0.25052   0.03006   0.22993   0.10986   0.00789   0.11869   0.19718   0.00000   0.08372   0.21211   0.13167   0.22201   0.00022   0.19846   0.09401   0.03247   0.07589   0.05507   6.93956   1.22105   0.98401   1.33833   0.96494  
  4 5002.5661   2184.765150  x:  0.03961   0.00000   0.04582   0.15569   0.16608   0.27058   0.02142   0.24753   0.11703   0.03595   0.12638   0.18787   0.00000   0.03543   0.21147   0.13344   0.23848   0.03108   0.21205   0.09331   0.03213   0.07167   0.05405   6.93960   1.22285   0.98426   1.33960   0.96510  
  5 481.0434   2183.289041  x:  0.03911   0.00000   0.03005   0.15368   0.16119   0.27160   0.01943   0.24797   0.12171   0.03196   0.12783   0.18771   0.00000   0.02208   0.21063   0.12718   0.23895   0.02375   0.21068   0.08872   0.04174   0.06606   0.05326   6.93964   1.22388   0.98440   1.34037   0.96515  
  6 123.8691   2183.184851  x:  0.03907   0.00280   0.02812   0.15314   0.16016   0.27225   0.01905   0.24844   0.12286   0.03167   0.12828   0.18747   0.00000   0.02157   0.21045   0.12579   0.23941   0.02296   0.21064   0.08769   0.04240   0.06502   0.05313   6.93965   1.22418   0.98444   1.34060   0.96516  
  7 95.3174   2182.794160  x:  0.03902   0.00142   0.02461   0.14848   0.15271   0.27869   0.01697   0.25336   0.13167   0.03211   0.13212   0.18488   0.00000   0.02722   0.20961   0.11548   0.24433   0.02138   0.21136   0.08015   0.03951   0.05887   0.05256   6.93974   1.22685   0.98476   1.34265   0.96532  
  8 50.3618   2182.590008  x:  0.03904   0.00174   0.03003   0.14551   0.14696   0.28358   0.01643   0.25696   0.13777   0.03168   0.13454   0.18285   0.00000   0.02437   0.20901   0.10787   0.24803   0.02071   0.21171   0.07619   0.03974   0.05705   0.05273   6.93982   1.22924   0.98506   1.34448   0.96547  
  9 60.9832   2182.523913  x:  0.03913   0.00164   0.02975   0.14549   0.14322   0.28605   0.01743   0.25837   0.14026   0.03071   0.13481   0.18160   0.00000   0.02543   0.20923   0.10421   0.24997   0.02186   0.21110   0.07799   0.04216   0.06155   0.05363   6.93992   1.23179   0.98543   1.34654   0.96565  
 10 18.4164   2182.486725  x:  0.03889   0.00174   0.02940   0.14774   0.13971   0.28701   0.01585   0.25785   0.14146   0.03082   0.13395   0.18152   0.00000   0.02458   0.21016   0.10276   0.25084   0.02140   0.20868   0.08105   0.03963   0.06238   0.05298   6.94012   1.23629   0.98638   1.35028   0.96594  
 11  9.4771   2182.428008  x:  0.03885   0.00171   0.02974   0.15180   0.13732   0.29034   0.01808   0.25818   0.14184   0.03097   0.13239   0.18122   0.00000   0.02499   0.21228   0.10464   0.25312   0.02167   0.20542   0.08303   0.04093   0.05888   0.05249   6.94067   1.24780   0.98936   1.36012   0.96675  
 12 11.6594   2182.323261  x:  0.03854   0.00172   0.03018   0.15473   0.13730   0.29337   0.01401   0.25690   0.14056   0.03088   0.13116   0.18154   0.00000   0.02545   0.21444   0.10770   0.25480   0.02183   0.20181   0.07792   0.04268   0.06032   0.05421   6.94187   1.27110   0.99686   1.38056   0.96844  
 13 22.2805   2182.211058  x:  0.03782   0.00198   0.02923   0.15315   0.13870   0.29333   0.01870   0.25488   0.13867   0.03107   0.13130   0.18239   0.00000   0.02415   0.21429   0.10704   0.25323   0.02133   0.20043   0.07370   0.03987   0.06296   0.05340   6.94336   1.29709   1.00714   1.40408   0.97053  
 14 39.5454   2182.018893  x:  0.03683   0.00208   0.02964   0.14428   0.14389   0.29023   0.01758   0.25248   0.13579   0.03030   0.13436   0.18250   0.00000   0.02468   0.21068   0.10310   0.24895   0.02132   0.20518   0.07951   0.04108   0.06088   0.05111   6.94613   1.34056   1.02842   1.44475   0.97424  
 15 49.1105   2181.973794  x:  0.03651   0.00213   0.02951   0.14492   0.14299   0.28689   0.01820   0.25331   0.13750   0.03091   0.13448   0.18133   0.00000   0.02447   0.20945   0.10385   0.24792   0.02027   0.20836   0.08042   0.04043   0.06011   0.05608   6.94698   1.34778   1.03703   1.45313   0.97514  
 16 14.2287   2181.895426  x:  0.03582   0.00215   0.02970   0.14893   0.14025   0.28014   0.01823   0.25643   0.14242   0.02964   0.13429   0.17991   0.00000   0.02449   0.20797   0.10721   0.24758   0.02048   0.21471   0.07937   0.04067   0.06097   0.05286   6.94873   1.35571   1.05571   1.46526   0.97666  
 17 17.2985   2181.802106  x:  0.03515   0.00222   0.02996   0.14843   0.14242   0.27990   0.01829   0.25886   0.13963   0.03270   0.13395   0.18051   0.00000   0.02476   0.21107   0.10454   0.25101   0.01761   0.20905   0.07972   0.04159   0.06176   0.05215   6.95156   1.35546   1.08131   1.47289   0.97787  
 18  6.7369   2181.751263  x:  0.03436   0.00237   0.02971   0.14771   0.14263   0.28015   0.01830   0.25831   0.13780   0.02936   0.13347   0.18130   0.00000   0.02441   0.21246   0.10293   0.25218   0.02079   0.20580   0.07941   0.04090   0.06066   0.05327   6.95322   1.35476   1.09359   1.47605   0.97837  
 19 21.8629   2181.554959  x:  0.03204   0.00252   0.02989   0.14265   0.13478   0.29395   0.01901   0.24305   0.13808   0.02984   0.13512   0.17920   0.00000   0.02452   0.20842   0.11044   0.24529   0.02011   0.20610   0.07963   0.04114   0.06115   0.05301   6.96102   1.35152   1.10695   1.47607   0.97685  
 20  3.5173   2181.029482  x:  0.02559   0.00264   0.03053   0.16049   0.14556   0.30554   0.01929   0.23029   0.14224   0.02935   0.13287   0.17520   0.00000   0.02480   0.20327   0.09807   0.23183   0.01941   0.21069   0.07832   0.04199   0.06042   0.05308   6.98281   1.34850   1.10772   1.47015   0.97081  
 21  7.0821   2179.830618  x:  0.01246   0.00375   0.03114   0.15396   0.14011   0.28873   0.01993   0.23759   0.14051   0.02701   0.12900   0.17177   0.00000   0.02449   0.21252   0.10012   0.22812   0.01695   0.20520   0.07799   0.04277   0.06038   0.05302   7.02519   1.34672   1.08660   1.45729   0.95954  
 22 15.6951   2179.791402  x:  0.01205   0.00367   0.03115   0.15561   0.13942   0.28601   0.02040   0.23513   0.13802   0.02704   0.13195   0.17208   0.00000   0.02460   0.20564   0.10019   0.23485   0.01652   0.20416   0.07792   0.04284   0.06033   0.05303   7.02693   1.34508   1.08459   1.45862   0.96119  
 23  5.3354   2179.733844  x:  0.01204   0.00371   0.03121   0.15352   0.14024   0.28352   0.02088   0.22981   0.14004   0.02749   0.12463   0.17324   0.00000   0.02467   0.20644   0.09916   0.23973   0.01570   0.20630   0.07774   0.04294   0.06023   0.05299   7.02983   1.33727   1.07964   1.46658   0.97103  
 24  2.0686   2179.580177  x:  0.01220   0.00378   0.03145   0.15587   0.13775   0.27797   0.02141   0.22685   0.13844   0.02707   0.13362   0.17191   0.00000   0.02482   0.21353   0.09839   0.23432   0.01542   0.20479   0.07746   0.04333   0.06008   0.05303   7.03807   1.31775   1.06717   1.48587   0.99787  
 25  7.5555   2179.446210  x:  0.01277   0.00354   0.03166   0.15540   0.13473   0.27516   0.02064   0.23434   0.13698   0.02748   0.12800   0.17344   0.00000   0.02539   0.20280   0.09916   0.22401   0.01652   0.19662   0.07681   0.04396   0.05978   0.05287   7.04551   1.31243   1.06181   1.48868   1.01133  
 26  5.8243   2178.760447  x:  0.01532   0.00317   0.03248   0.15405   0.13020   0.24100   0.02507   0.21510   0.13951   0.02707   0.12946   0.17322   0.00000   0.02684   0.20828   0.09655   0.22302   0.01574   0.18656   0.07546   0.04576   0.05906   0.05280   7.08490   1.34180   1.05769   1.43579   1.02492  
 27  4.5703   2178.701929  x:  0.01558   0.00313   0.03246   0.15563   0.12496   0.24024   0.02511   0.21551   0.13157   0.02764   0.12768   0.17689   0.00000   0.02699   0.20974   0.09388   0.22296   0.01509   0.19193   0.07441   0.04609   0.05856   0.05276   7.08828   1.34117   1.05661   1.43579   1.01739  
 28  5.2907   2178.421566  x:  0.01654   0.00293   0.03286   0.15440   0.12498   0.23163   0.02639   0.21283   0.13413   0.02674   0.12804   0.17422   0.00000   0.02730   0.20983   0.09432   0.22246   0.01524   0.18653   0.07437   0.04657   0.05855   0.05273   7.10383   1.32067   1.04595   1.46122   0.94248  
 29  5.6103   2173.746843  x:  0.02092   0.00197   0.03555   0.14847   0.13000   0.23738   0.02321   0.24859   0.12451   0.01328   0.12367   0.11832   0.00000   0.02928   0.21794   0.10502   0.24738   0.00000   0.19124   0.07756   0.04782   0.06112   0.05296   7.24010   1.28247   0.96142   1.39718   0.96062  
 30  0.3999   2173.746843  x:  0.02092   0.00197   0.03555   0.14847   0.13000   0.23738   0.02321   0.24859   0.12451   0.01328   0.12367   0.11832   0.00000   0.02928   0.21794   0.10502   0.24738   0.00000   0.19124   0.07756   0.04782   0.06112   0.05296   7.24010   1.28247   0.96142   1.39718   0.96062  
 31  0.1182   2169.530292  x:  0.01995   0.00689   0.03090   0.15023   0.12779   0.23670   0.02110   0.24246   0.11162   0.04652   0.11458   0.07669   0.00000   0.02339   0.21609   0.09720   0.24582   0.02730   0.19573   0.07230   0.04361   0.05781   0.04754   7.23999   1.28203   0.96481   1.39720   0.96117  
 32 147.0457   2168.224229  x:  0.01925   0.00000   0.03076   0.15084   0.12692   0.23640   0.02161   0.23937   0.10581   0.04651   0.11081   0.05856   0.00000   0.02418   0.21542   0.09432   0.24405   0.02689   0.19597   0.07097   0.04312   0.05724   0.04693   7.23993   1.28183   0.96650   1.39720   0.96139  
 33 161.9054   2167.075026  x:  0.01975   0.00287   0.03182   0.15172   0.12583   0.23601   0.02262   0.23523   0.09849   0.04326   0.10618   0.03597   0.00000   0.02653   0.21450   0.09082   0.24151   0.02358   0.19587   0.06960   0.04291   0.05678   0.04666   7.23985   1.28158   0.96877   1.39719   0.96167  
 34 394.3938   2166.969275  x:  0.02067   0.00315   0.03117   0.15254   0.12495   0.23539   0.02323   0.23035   0.09440   0.04276   0.10426   0.03663   0.00000   0.02220   0.21371   0.08873   0.23898   0.02267   0.19605   0.06960   0.04354   0.05706   0.04728   7.23973   1.28149   0.97161   1.39731   0.96201  
 35 23.0382   2166.864526  x:  0.01902   0.00329   0.03093   0.15384   0.12363   0.23425   0.02407   0.22210   0.08930   0.04333   0.10192   0.03916   0.00000   0.02460   0.21256   0.08609   0.23489   0.02273   0.19650   0.06963   0.04398   0.05731   0.04767   7.23949   1.28144   0.97680   1.39759   0.96264  
 36 34.5584   2166.827271  x:  0.02154   0.00291   0.03203   0.15435   0.12330   0.23341   0.02462   0.21744   0.09021   0.04357   0.10235   0.03932   0.00000   0.02546   0.21219   0.08659   0.23266   0.02318   0.19669   0.06982   0.04346   0.05718   0.04717   7.23927   1.28161   0.98088   1.39795   0.96313  
 37 17.2513   2166.777837  x:  0.01977   0.00310   0.03223   0.15490   0.12323   0.23199   0.02540   0.21089   0.09374   0.04332   0.10407   0.03848   0.00000   0.02455   0.21177   0.08866   0.22949   0.02350   0.19681   0.07019   0.04287   0.05703   0.04667   7.23884   1.28215   0.98824   1.39872   0.96404  
 38 24.2951   2166.766009  x:  0.02015   0.00314   0.03052   0.15472   0.12357   0.23157   0.02529   0.21053   0.09416   0.04333   0.10444   0.03825   0.00000   0.02485   0.21181   0.08925   0.22911   0.02353   0.19669   0.07006   0.04367   0.05723   0.04745   7.23858   1.28275   0.99170   1.39934   0.96449  
 39  8.7702   2166.726588  x:  0.01995   0.00308   0.03232   0.15325   0.12531   0.23023   0.02488   0.21336   0.09324   0.04372   0.10469   0.03826   0.00000   0.02474   0.21220   0.09030   0.22921   0.02370   0.19599   0.06906   0.04538   0.05766   0.04886   7.23723   1.28642   1.00804   1.40293   0.96674  
 40 11.9225   2166.698383  x:  0.02000   0.00318   0.03141   0.15256   0.12584   0.22981   0.02531   0.21601   0.09259   0.04329   0.10433   0.03863   0.00000   0.02473   0.21241   0.08994   0.22974   0.02337   0.19561   0.06920   0.04333   0.05714   0.04679   7.23609   1.28985   1.02006   1.40624   0.96850  
 41 23.8083   2166.684138  x:  0.01999   0.00316   0.03153   0.15354   0.12411   0.23093   0.02459   0.21678   0.09374   0.04291   0.10375   0.03852   0.00000   0.02474   0.21233   0.08809   0.23084   0.02363   0.19606   0.07146   0.04313   0.05727   0.04741   7.23514   1.29376   1.02548   1.40984   0.96966  
 42  7.3237   2166.665626  x:  0.01998   0.00315   0.03156   0.15553   0.12189   0.23357   0.02583   0.21662   0.09449   0.04313   0.10391   0.03856   0.00000   0.02476   0.21235   0.08746   0.23268   0.02293   0.19694   0.06966   0.04421   0.05746   0.04689   7.23339   1.30171   1.03070   1.41719   0.97140  
 43  7.9752   2166.645963  x:  0.01996   0.00316   0.03154   0.15656   0.12166   0.23540   0.02374   0.21552   0.09365   0.04280   0.10445   0.03860   0.00000   0.02472   0.21248   0.08863   0.23401   0.02255   0.19755   0.06848   0.04314   0.05710   0.04736   7.23125   1.31148   1.03492   1.42635   0.97327  
 44 14.7970   2166.616538  x:  0.01994   0.00317   0.03157   0.15580   0.12397   0.23627   0.02551   0.21425   0.09209   0.04240   0.10470   0.03842   0.00000   0.02470   0.21258   0.09052   0.23438   0.02314   0.19774   0.07075   0.04320   0.05687   0.04755   7.22764   1.32757   1.03988   1.44177   0.97609  
 45 19.2827   2166.595659  x:  0.01992   0.00319   0.03155   0.15357   0.12522   0.23408   0.02476   0.21392   0.09320   0.04309   0.10388   0.03838   0.00000   0.02470   0.21223   0.08906   0.23254   0.02211   0.19679   0.07066   0.04396   0.05765   0.04640   7.22481   1.33900   1.04261   1.45322   0.97785  
 46 15.9120   2166.588191  x:  0.01991   0.00321   0.03153   0.15286   0.12481   0.23248   0.02536   0.21427   0.09370   0.04264   0.10375   0.03843   0.00000   0.02470   0.21206   0.08828   0.23142   0.02266   0.19628   0.06977   0.04323   0.05724   0.04744   7.22364   1.34283   1.04342   1.45743   0.97832  
 47 11.1309   2166.584817  x:  0.01991   0.00321   0.03153   0.15331   0.12368   0.23110   0.02518   0.21481   0.09335   0.04220   0.10418   0.03842   0.00000   0.02469   0.21205   0.08869   0.23067   0.02314   0.19600   0.06986   0.04369   0.05684   0.04702   7.22284   1.34395   1.04367   1.45931   0.97819  
 48  3.3125   2166.582347  x:  0.01991   0.00320   0.03155   0.15410   0.12309   0.23024   0.02534   0.21529   0.09313   0.04268   0.10433   0.03838   0.00000   0.02470   0.21207   0.08922   0.23016   0.02264   0.19581   0.07013   0.04335   0.05741   0.04721   7.22199   1.34416   1.04380   1.46059   0.97776  
 49  2.5587   2166.569533  x:  0.01991   0.00317   0.03162   0.15730   0.12500   0.22951   0.02527   0.21596   0.09389   0.04229   0.10280   0.03854   0.00000   0.02472   0.21197   0.08932   0.22948   0.02246   0.19604   0.06995   0.04358   0.05656   0.04728   7.21596   1.34156   1.04440   1.46608   0.97365  
 50  1.7221   2166.538409  x:  0.01990   0.00317   0.03165   0.15666   0.12560   0.23048   0.02517   0.21577   0.09367   0.04029   0.10459   0.03852   0.00000   0.02474   0.21182   0.08823   0.22976   0.02333   0.19658   0.06958   0.04339   0.05921   0.04686   7.20056   1.33467   1.04577   1.47757   0.96340  
 51  8.2432   2166.507714  x:  0.01991   0.00319   0.03173   0.15370   0.12426   0.23183   0.02532   0.21516   0.09350   0.04086   0.10581   0.03857   0.00000   0.02480   0.21191   0.08816   0.23044   0.02127   0.19639   0.07020   0.04362   0.05686   0.04741   7.18530   1.32864   1.04703   1.48722   0.95382  
 52 23.5466   2166.488484  x:  0.01990   0.00323   0.03173   0.15190   0.12254   0.23210   0.02535   0.21456   0.09410   0.04000   0.10235   0.03883   0.00000   0.02482   0.21247   0.09042   0.23141   0.02147   0.19538   0.07009   0.04363   0.05748   0.04733   7.17525   1.32789   1.04740   1.48853   0.94979  
 53  6.3172   2166.253081  x:  0.02003   0.00322   0.03217   0.15493   0.12417   0.22942   0.02620   0.21192   0.09468   0.03414   0.10511   0.03949   0.00000   0.02527   0.21511   0.08851   0.23550   0.01837   0.18372   0.07065   0.04407   0.05763   0.04782   7.05000   1.34375   1.04807   1.46674   0.91988  
 54  8.9237   2166.154370  x:  0.02012   0.00323   0.03234   0.15326   0.12413   0.22990   0.02606   0.21483   0.09528   0.03112   0.10496   0.03994   0.00000   0.02551   0.21260   0.09002   0.22984   0.01572   0.19567   0.07073   0.04422   0.05768   0.04818   6.99581   1.34860   1.04732   1.45740   0.91526  
 55 24.2572   2166.049010  x:  0.02022   0.00327   0.03251   0.15345   0.12393   0.23644   0.02538   0.21705   0.09587   0.02839   0.10526   0.04041   0.00000   0.02577   0.20953   0.09144   0.22418   0.01474   0.18943   0.07107   0.04441   0.05787   0.04839   6.93685   1.33817   1.04250   1.45627   0.94535  
 56  7.2822   2166.020401  x:  0.02021   0.00331   0.03256   0.15335   0.12426   0.23166   0.02584   0.21515   0.09597   0.02761   0.10538   0.04052   0.00000   0.02581   0.21309   0.09061   0.22956   0.01348   0.19167   0.07113   0.04447   0.05791   0.04849   6.92074   1.33412   1.04086   1.45668   0.95602  
 57  8.6701   2166.020253  x:  0.02022   0.00331   0.03256   0.15335   0.12427   0.23149   0.02586   0.21511   0.09597   0.02761   0.10539   0.04052   0.00000   0.02582   0.21247   0.09066   0.22984   0.01346   0.19167   0.07113   0.04447   0.05791   0.04849   6.92071   1.33408   1.04085   1.45667   0.95609  
 58  0.3338   2166.008096  x:  0.02027   0.00298   0.03286   0.15320   0.12449   0.23120   0.02605   0.21540   0.09611   0.02924   0.10566   0.04047   0.00000   0.02630   0.21244   0.09092   0.22938   0.01373   0.19233   0.07136   0.04472   0.05817   0.04875   6.93138   1.33125   1.03779   1.45015   0.96496  
 59  0.0238   2166.007293  x:  0.02026   0.00282   0.03292   0.15320   0.12449   0.23125   0.02607   0.21540   0.09608   0.02889   0.10566   0.04040   0.00000   0.02643   0.21239   0.09091   0.22923   0.01398   0.19230   0.07140   0.04474   0.05819   0.04878   6.93948   1.33099   1.03751   1.44941   0.96561  
 60  0.0096   2166.007188  x:  0.02025   0.00277   0.03292   0.15320   0.12448   0.23130   0.02606   0.21542   0.09611   0.02888   0.10568   0.04049   0.00000   0.02644   0.21238   0.09093   0.22921   0.01384   0.19225   0.07140   0.04474   0.05819   0.04878   6.94051   1.33107   1.03758   1.44961   0.96542  
 61  0.0012   2166.007184  x:  0.02025   0.00277   0.03291   0.15320   0.12448   0.23129   0.02606   0.21541   0.09612   0.02889   0.10568   0.04051   0.00000   0.02643   0.21239   0.09093   0.22924   0.01385   0.19226   0.07140   0.04474   0.05819   0.04878   6.93951   1.33111   1.03762   1.44972   0.96534  
 62  0.0011   2166.007183  x:  0.02025   0.00277   0.03291   0.15320   0.12448   0.23129   0.02606   0.21541   0.09611   0.02889   0.10567   0.04051   0.00000   0.02642   0.21239   0.09092   0.22924   0.01385   0.19226   0.07140   0.04474   0.05818   0.04878   6.93940   1.33111   1.03763   1.44973   0.96532  
 63  0.0001   2166.007183  x:  0.02025   0.00277   0.03291   0.15320   0.12448   0.23129   0.02606   0.21541   0.09611   0.02889   0.10567   0.04051   0.00000   0.02642   0.21239   0.09092   0.22924   0.01385   0.19226   0.07140   0.04474   0.05818   0.04878   6.93944   1.33111   1.03763   1.44972   0.96532  
 64  0.0000   2166.007183  x:  0.02025   0.00277   0.03291   0.15320   0.12448   0.23129   0.02606   0.21541   0.09611   0.02889   0.10567   0.04051   0.00000   0.02642   0.21239   0.09092   0.22924   0.01385   0.19226   0.07140   0.04474   0.05818   0.04878   6.93944   1.33111   1.03763   1.44972   0.96532  
 65  0.0000   2166.007183  x:  0.02025   0.00277   0.03291   0.15320   0.12448   0.23129   0.02606   0.21541   0.09611   0.02889   0.10567   0.04051   0.00000   0.02642   0.21239   0.09092   0.22924   0.01385   0.19226   0.07140   0.04474   0.05818   0.04878   6.93944   1.33111   1.03763   1.44972   0.96532  