-6.756365807637492171e-01
-6.004044334216364076e-01
-7.222468675053618226e-01
9.715474684056657484e-01
2.176055056562437549e-03
-9.690258538799090715e+00
-1.950457520473406259e+00
-1.020858889599838060e+00
-1.904065909459351946e+00
-2.745427005883469107e+00
-6.270954916842013560e+00
-4.337243203786113277e+00
-4.116546802075359501e+00
-3.937338755466358808e+00
-4.118862039614959336e+00
-4.116621809394196418e+00
-4.118684692745109288e+00
-4.635591814508520869e+00
-4.634083683102702800e+00
-1.605331291809648775e+01
-3.084612154260888417e+00
-4.347763667319476610e+00
-1.712205246719022522e+00
-3.126798292045732897e+00
-3.228394071789290276e+00
-2.807732892932389035e+00
-1.607894881665384190e+01
-4.345993688374153230e+00
-5.041403652566050830e+00
-4.346261972223735448e+00
