

TREE # 1

  0  0.0000   2694.703399  x:  0.34826   0.00000   0.06093   0.02724   0.02844   0.01403   0.05583   0.04072   0.03629   0.05190   0.03623   0.01411   0.03093   0.06133   0.02822   0.13489   0.06771   0.08274   0.07385   0.04981   0.04485   0.02307   0.03160   0.10162   0.00000   0.05053   0.04566   0.05795   0.06197   0.01333   0.02800   0.02445   0.04961   0.00280   0.01113   0.04805   0.04049   0.06666   0.11764   0.05933   0.09656   0.05964   0.03504   0.02659   0.02980   0.03557   0.10028   8.40433   1.07900   0.94928   0.89409   1.00000  
  1 99.0000   2694.701335  x:  0.34826   0.00000   0.06093   0.02724   0.02844   0.01403   0.05583   0.04072   0.03629   0.05190   0.03623   0.01411   0.03093   0.06133   0.02822   0.13489   0.06771   0.08274   0.07385   0.04981   0.04485   0.02307   0.03160   0.10162   0.00000   0.05053   0.04566   0.05795   0.06197   0.01333   0.02800   0.02445   0.04961   0.00279   0.01113   0.04805   0.04049   0.06666   0.11764   0.05933   0.09656   0.05964   0.03504   0.02659   0.02980   0.03557   0.10028   8.40433   1.07900   0.94928   0.89409   1.00000  
  2 619.8442   2690.875673  x:  0.34942   0.00000   0.06175   0.02615   0.02812   0.01436   0.05481   0.03940   0.03627   0.05020   0.03386   0.01430   0.03090   0.06033   0.02806   0.13573   0.06788   0.08121   0.07397   0.04929   0.04215   0.02195   0.03132   0.10188   0.00000   0.05050   0.04558   0.05718   0.06078   0.01373   0.02653   0.02444   0.04798   0.00000   0.00914   0.04835   0.03847   0.06552   0.11829   0.05908   0.09515   0.05966   0.03450   0.02384   0.02962   0.03560   0.10047   8.40424   1.08038   0.95011   0.89402   1.00171  
  3 1299.2571   2677.236637  x:  0.35346   0.00000   0.06129   0.03294   0.03039   0.01542   0.05183   0.03565   0.03655   0.04396   0.02117   0.01407   0.03067   0.05819   0.02846   0.13724   0.06763   0.07298   0.07400   0.04897   0.02723   0.02082   0.03230   0.10221   0.00000   0.05249   0.04584   0.05555   0.05687   0.00894   0.02262   0.02468   0.04188   0.00000   0.00000   0.05048   0.03015   0.06170   0.11938   0.05871   0.08724   0.05978   0.03475   0.00853   0.03059   0.03581   0.10076   8.40386   1.08875   0.95518   0.89329   1.01203  
  4 1585.8081   2671.331291  x:  0.35491   0.00000   0.06169   0.03593   0.03173   0.01483   0.05100   0.03475   0.03658   0.04175   0.01444   0.01307   0.03098   0.05807   0.02887   0.13729   0.06740   0.06921   0.07390   0.04934   0.01893   0.02133   0.03283   0.10217   0.00000   0.05526   0.04625   0.05538   0.05570   0.01240   0.02203   0.02481   0.03955   0.00000   0.00000   0.05158   0.02701   0.06045   0.11938   0.05873   0.08339   0.05988   0.03528   0.00000   0.03096   0.03573   0.10074   8.40363   1.09298   0.95762   0.89310   1.01731  
  5 2120.6187   2663.429616  x:  0.35618   0.00000   0.06739   0.03295   0.03315   0.01140   0.05094   0.03532   0.03615   0.03994   0.00042   0.01038   0.03258   0.06027   0.02926   0.13620   0.06723   0.06302   0.07363   0.05060   0.00000   0.02344   0.03263   0.10185   0.00000   0.06251   0.04715   0.05625   0.05531   0.01106   0.02355   0.02478   0.03728   0.00000   0.00000   0.05230   0.02445   0.05974   0.11862   0.05906   0.07640   0.06023   0.03602   0.00000   0.03023   0.03511   0.10048   8.40300   1.10070   0.96163   0.89357   1.02727  
  6 1047.7250   2663.326134  x:  0.35617   0.00000   0.06757   0.03299   0.03316   0.01145   0.05096   0.03535   0.03614   0.03994   0.00000   0.01048   0.03257   0.06038   0.02926   0.13620   0.06725   0.06288   0.07364   0.05059   0.00000   0.02342   0.03256   0.10185   0.00000   0.06261   0.04714   0.05626   0.05533   0.01106   0.02358   0.02478   0.03728   0.00000   0.00000   0.05224   0.02449   0.05975   0.11863   0.05906   0.07622   0.06024   0.03597   0.00000   0.03017   0.03511   0.10048   8.40297   1.10082   0.96166   0.89364   1.02744  
  7 470.4188   2661.323663  x:  0.35399   0.00000   0.07335   0.03429   0.03628   0.01320   0.05160   0.03578   0.03614   0.04224   0.00000   0.00270   0.02976   0.06968   0.02865   0.13884   0.06935   0.04894   0.07479   0.04734   0.00000   0.01668   0.02778   0.10272   0.00000   0.06460   0.04552   0.05510   0.05677   0.01141   0.02228   0.02482   0.03979   0.00000   0.00000   0.04789   0.03023   0.06071   0.12119   0.05787   0.06074   0.06056   0.03022   0.00000   0.02741   0.03562   0.10113   8.39975   1.10625   0.96063   0.90280   1.03833  
  8 199.3379   2659.483175  x:  0.35080   0.00000   0.07218   0.03335   0.04073   0.00424   0.05076   0.03443   0.03630   0.04540   0.00000   0.00533   0.03007   0.07910   0.02835   0.14297   0.07108   0.03287   0.07630   0.04306   0.00000   0.00866   0.02544   0.10393   0.00000   0.06952   0.04511   0.05274   0.05771   0.01156   0.01880   0.02446   0.04274   0.00000   0.00000   0.04611   0.03618   0.06150   0.12495   0.05593   0.04313   0.06086   0.02515   0.00000   0.02730   0.03614   0.10211   8.39526   1.10938   0.95657   0.91593   1.04807  
  9 284.6842   2657.721130  x:  0.34686   0.00000   0.07032   0.02891   0.04297   0.01245   0.04765   0.02987   0.03660   0.04820   0.00000   0.00588   0.03664   0.08614   0.02909   0.14951   0.07175   0.01770   0.07824   0.03869   0.00000   0.01187   0.02876   0.10565   0.00000   0.08163   0.04799   0.04829   0.05658   0.01109   0.01212   0.02416   0.04480   0.00000   0.00000   0.05021   0.04070   0.06104   0.13064   0.05256   0.02525   0.06150   0.02539   0.00000   0.03053   0.03572   0.10357   8.38775   1.10811   0.94644   0.93737   1.05603  
 10 154.3345   2654.213137  x:  0.34279   0.00000   0.08723   0.03155   0.03902   0.00713   0.03836   0.01838   0.03731   0.04528   0.00000   0.00569   0.02768   0.08783   0.02718   0.15990   0.06854   0.01274   0.08110   0.04096   0.00000   0.02096   0.03809   0.10679   0.00000   0.07304   0.05051   0.04151   0.04869   0.01186   0.01281   0.02581   0.04204   0.00000   0.00000   0.05858   0.03945   0.05556   0.13944   0.04688   0.01029   0.06331   0.03767   0.00000   0.03636   0.03627   0.10534   8.36875   1.10604   0.92490   0.98487   1.07558  
 11 94.9609   2650.133217  x:  0.34200   0.00000   0.09137   0.03250   0.03706   0.00757   0.03213   0.01715   0.03770   0.03787   0.00000   0.00537   0.02834   0.08561   0.02709   0.16772   0.06563   0.00271   0.08326   0.04400   0.00000   0.01591   0.04125   0.10586   0.00000   0.06990   0.05194   0.03919   0.03996   0.01242   0.01453   0.02478   0.03514   0.00000   0.00000   0.06144   0.03158   0.04868   0.14618   0.04328   0.02798   0.06500   0.04144   0.00000   0.03853   0.03697   0.10629   8.34446   1.10908   0.90346   1.03963   1.10531  
 12 210.4333   2643.426796  x:  0.34266   0.00000   0.08954   0.03268   0.03658   0.01090   0.02465   0.01792   0.03824   0.02490   0.00000   0.00500   0.03229   0.08184   0.02749   0.17940   0.06252   0.01759   0.08660   0.04630   0.00000   0.00266   0.04302   0.10520   0.00000   0.06859   0.05322   0.03667   0.02739   0.01314   0.01351   0.02294   0.02319   0.00000   0.00000   0.06343   0.01697   0.03796   0.15622   0.03896   0.04223   0.06658   0.04195   0.00000   0.04048   0.03807   0.10756   8.30509   1.11790   0.87233   1.12590   1.15721  
 13 1030.9568   2640.153945  x:  0.34703   0.00000   0.08396   0.03350   0.03426   0.00827   0.02334   0.01807   0.03770   0.01538   0.00000   0.00514   0.03212   0.07455   0.02753   0.18766   0.06403   0.02450   0.08789   0.04266   0.00000   0.01516   0.03597   0.10593   0.00000   0.06552   0.05097   0.03524   0.02306   0.01390   0.00715   0.02303   0.01529   0.00000   0.00000   0.05866   0.00605   0.03163   0.16295   0.03878   0.05144   0.06607   0.03217   0.00000   0.03622   0.03851   0.10862   8.27884   1.12280   0.85354   1.17973   1.18874  
 14 675.2629   2636.922030  x:  0.36393   0.00000   0.07688   0.03462   0.02466   0.00834   0.02804   0.00710   0.03572   0.01248   0.00000   0.00493   0.02958   0.04497   0.02847   0.19203   0.06641   0.02553   0.08406   0.03839   0.00000   0.01519   0.03212   0.10830   0.00000   0.06696   0.05055   0.03518   0.03121   0.01397   0.01069   0.02816   0.01265   0.00000   0.00000   0.06129   0.01232   0.02930   0.16457   0.04658   0.05316   0.06255   0.02880   0.00000   0.03153   0.03531   0.10895   8.25606   1.12669   0.84616   1.21322   1.20907  
 15 190.8085   2635.553415  x:  0.37546   0.00000   0.07589   0.03548   0.02033   0.00813   0.02862   0.01394   0.03496   0.01563   0.00000   0.00483   0.02798   0.02712   0.02839   0.19434   0.06763   0.02445   0.08156   0.03622   0.00000   0.01421   0.03132   0.11010   0.00000   0.06678   0.05037   0.03445   0.03347   0.01418   0.00846   0.02906   0.01507   0.00000   0.00000   0.06375   0.01064   0.02930   0.16493   0.04993   0.05117   0.06062   0.02894   0.00000   0.02983   0.03397   0.10921   8.24427   1.12702   0.84409   1.22700   1.21553  
 16 288.4025   2634.509751  x:  0.39270   0.00000   0.07761   0.03562   0.02486   0.00863   0.02819   0.00900   0.03522   0.02046   0.00000   0.00498   0.02930   0.02289   0.02760   0.19404   0.06885   0.02386   0.07830   0.03591   0.00000   0.01339   0.03027   0.11202   0.00000   0.06577   0.04911   0.03531   0.03250   0.01454   0.00699   0.02529   0.01900   0.00000   0.00000   0.06401   0.00492   0.03297   0.16218   0.05155   0.05051   0.05913   0.02911   0.00000   0.02873   0.03460   0.10905   8.23254   1.12442   0.84805   1.22992   1.21250  
 17 83.8787   2632.216942  x:  0.44814   0.00000   0.07937   0.03608   0.03257   0.00872   0.02165   0.00980   0.03648   0.01829   0.00000   0.00514   0.03166   0.02263   0.02615   0.19519   0.07137   0.02284   0.07088   0.03481   0.00000   0.01413   0.02979   0.11774   0.00000   0.06353   0.04645   0.03387   0.02290   0.01530   0.00352   0.01855   0.01529   0.00000   0.00000   0.06657   0.01358   0.03583   0.15570   0.05232   0.04887   0.05634   0.02937   0.00000   0.02875   0.03694   0.10922   8.19876   1.11607   0.86433   1.23001   1.19822  
 18 201.1668   2630.715188  x:  0.49445   0.00000   0.07734   0.03548   0.03467   0.00988   0.01834   0.01286   0.03731   0.01464   0.00000   0.00533   0.03189   0.02639   0.02571   0.19859   0.07355   0.02060   0.06749   0.03195   0.00000   0.01379   0.02937   0.12259   0.00000   0.06276   0.04511   0.03080   0.01869   0.01556   0.01367   0.02056   0.01234   0.00000   0.00000   0.06810   0.01091   0.03518   0.15287   0.05085   0.04447   0.05519   0.02712   0.00000   0.02959   0.03831   0.11002   8.16967   1.10684   0.87778   1.22873   1.18227  
 19 490.9849   2628.538401  x:  0.54492   0.00000   0.07632   0.03459   0.03009   0.01024   0.02386   0.01451   0.03769   0.00912   0.00000   0.00527   0.02809   0.03698   0.02687   0.20176   0.07275   0.01825   0.06926   0.03433   0.00000   0.01102   0.03238   0.12521   0.00000   0.06269   0.04668   0.03035   0.02639   0.01606   0.00774   0.02987   0.01170   0.00000   0.00000   0.06944   0.00575   0.02970   0.15103   0.04663   0.04226   0.05744   0.02830   0.00000   0.03298   0.03835   0.11074   8.13485   1.09779   0.89663   1.22212   1.16259  
 20 323.7636   2627.676156  x:  0.56330   0.00000   0.07456   0.03544   0.02340   0.01012   0.02325   0.01304   0.03727   0.01755   0.00000   0.00518   0.02825   0.03928   0.02759   0.20530   0.07002   0.01818   0.07703   0.03566   0.00000   0.01143   0.03326   0.12317   0.00000   0.06258   0.04903   0.03088   0.02431   0.01634   0.00733   0.03047   0.01124   0.00000   0.00000   0.06743   0.00592   0.02268   0.15545   0.04206   0.04206   0.06145   0.02645   0.00000   0.03468   0.03755   0.11144   8.11734   1.09740   0.90865   1.21386   1.15456  
 21 147.4932   2626.765520  x:  0.57358   0.00000   0.07392   0.03655   0.01954   0.00979   0.02178   0.01225   0.03652   0.01175   0.00000   0.00487   0.02971   0.03647   0.02748   0.21131   0.06569   0.01772   0.08924   0.03590   0.00000   0.01180   0.03421   0.11765   0.00000   0.06303   0.05262   0.03178   0.02277   0.01672   0.00843   0.02590   0.01817   0.00000   0.00000   0.06364   0.00656   0.02428   0.16624   0.03814   0.04070   0.06651   0.02564   0.00000   0.03624   0.03631   0.11246   8.09605   1.09830   0.92266   1.19973   1.14305  
 22 119.4368   2625.796270  x:  0.57538   0.00000   0.07556   0.03676   0.02412   0.00993   0.02238   0.01284   0.03610   0.01151   0.00000   0.00496   0.02928   0.03190   0.02731   0.21881   0.06306   0.01695   0.09915   0.03472   0.00000   0.01134   0.03472   0.11116   0.00000   0.06400   0.05497   0.03084   0.02491   0.01699   0.00857   0.02515   0.00944   0.00000   0.00000   0.06105   0.00608   0.02918   0.18028   0.03812   0.03954   0.06917   0.02698   0.00000   0.03656   0.03574   0.11341   8.07165   1.09925   0.93625   1.18156   1.12771  
 23 135.9202   2624.755222  x:  0.56694   0.00000   0.07771   0.03688   0.02916   0.00977   0.02009   0.01215   0.03726   0.01042   0.00000   0.00498   0.02873   0.02964   0.02812   0.22894   0.06715   0.01715   0.09801   0.03290   0.00000   0.01106   0.03372   0.10696   0.00000   0.06684   0.05298   0.02807   0.01939   0.01724   0.00716   0.03421   0.01227   0.00000   0.00000   0.06540   0.00635   0.02247   0.19704   0.04352   0.04111   0.06435   0.02868   0.00000   0.03416   0.03771   0.11386   8.03637   1.10509   0.95318   1.15234   1.10863  
 24 104.6444   2623.958801  x:  0.55669   0.00000   0.07835   0.03917   0.02149   0.00931   0.01808   0.01194   0.03764   0.00913   0.00000   0.00449   0.03123   0.03110   0.02683   0.23760   0.07116   0.01660   0.08892   0.03322   0.00000   0.01023   0.03345   0.10988   0.00000   0.06698   0.05055   0.02876   0.02146   0.01737   0.00697   0.02843   0.00957   0.00000   0.00000   0.07233   0.00437   0.01964   0.20660   0.04350   0.04046   0.05917   0.02728   0.00000   0.03309   0.03816   0.11413   8.00605   1.11106   0.96346   1.12865   1.09412  
 25 123.1671   2623.673701  x:  0.55350   0.00000   0.07854   0.03931   0.02076   0.00923   0.02199   0.01160   0.03682   0.00932   0.00000   0.00451   0.02888   0.03048   0.02694   0.24340   0.07073   0.01689   0.08369   0.03345   0.00000   0.01023   0.03357   0.11513   0.00000   0.06808   0.05207   0.02715   0.01856   0.01735   0.00687   0.02815   0.00940   0.00000   0.00000   0.07522   0.00436   0.02193   0.20842   0.03870   0.04157   0.06062   0.02483   0.00000   0.03418   0.03712   0.11477   7.99051   1.11550   0.96510   1.11932   1.09038  
 26 68.1553   2623.447118  x:  0.55217   0.00000   0.07930   0.03939   0.02301   0.00925   0.01871   0.01154   0.03612   0.00963   0.00000   0.00456   0.02880   0.02962   0.02722   0.24967   0.06927   0.01753   0.08043   0.03305   0.00000   0.01066   0.03296   0.12094   0.00000   0.06795   0.05409   0.02728   0.02144   0.01737   0.00698   0.02943   0.01007   0.00000   0.00000   0.07601   0.00490   0.02194   0.20828   0.03481   0.04299   0.06352   0.02357   0.00000   0.03485   0.03630   0.11558   7.97449   1.12035   0.96414   1.11201   1.08865  
 27 73.5615   2622.986582  x:  0.55185   0.00000   0.07960   0.03992   0.02226   0.00878   0.01994   0.01173   0.03621   0.00940   0.00000   0.00436   0.03292   0.03024   0.02753   0.26422   0.06589   0.01712   0.08048   0.03163   0.00000   0.01050   0.03079   0.13202   0.00000   0.06629   0.05725   0.03127   0.01963   0.01756   0.00682   0.03110   0.00956   0.00000   0.00000   0.07221   0.00479   0.02181   0.20292   0.04027   0.04247   0.06859   0.02836   0.00000   0.03375   0.03622   0.11713   7.93009   1.13099   0.95428   1.09824   1.08558  
 28 63.2679   2622.281443  x:  0.55388   0.00000   0.07845   0.03858   0.02277   0.00943   0.01904   0.01173   0.03774   0.00949   0.00000   0.00473   0.02725   0.03062   0.02708   0.28036   0.06541   0.01702   0.08649   0.03590   0.00000   0.01057   0.03317   0.13730   0.00000   0.07073   0.05536   0.02523   0.02107   0.01754   0.00735   0.02632   0.01022   0.00000   0.00000   0.06740   0.00454   0.01980   0.19179   0.04571   0.04290   0.06732   0.02987   0.00000   0.03270   0.03801   0.11741   7.85685   1.14681   0.93604   1.07970   1.08377  
 29 115.7986   2621.028566  x:  0.55963   0.00000   0.08188   0.03866   0.02255   0.00931   0.01916   0.01157   0.03764   0.00921   0.00000   0.00459   0.03128   0.02869   0.02674   0.29873   0.06978   0.01603   0.09712   0.03693   0.00000   0.01028   0.04036   0.12967   0.00000   0.07053   0.04696   0.03013   0.01991   0.01767   0.00702   0.03116   0.00946   0.00000   0.00000   0.06705   0.00502   0.02330   0.17364   0.03923   0.04102   0.05749   0.02404   0.00000   0.03491   0.03796   0.11536   7.71499   1.17251   0.90151   1.04999   1.08378  
 30 190.7024   2619.549719  x:  0.56855   0.00000   0.08308   0.03846   0.02361   0.00960   0.02158   0.01183   0.03384   0.00915   0.00000   0.00476   0.03089   0.03152   0.02626   0.30165   0.07125   0.01565   0.09494   0.02462   0.00000   0.00986   0.03303   0.10925   0.00000   0.06807   0.05455   0.02671   0.02098   0.01761   0.00697   0.02735   0.01010   0.00000   0.00000   0.07326   0.00461   0.02002   0.16629   0.03515   0.03945   0.05879   0.02708   0.00000   0.03341   0.03361   0.11236   7.54442   1.19454   0.86732   1.02299   1.08914  
 31 201.5187   2618.029104  x:  0.57804   0.00000   0.08068   0.03693   0.02077   0.01097   0.01645   0.01173   0.03489   0.00938   0.00000   0.00504   0.02873   0.03295   0.02656   0.29650   0.07006   0.01393   0.08732   0.03491   0.00000   0.00900   0.02269   0.09354   0.00000   0.06790   0.06099   0.02807   0.01885   0.01744   0.00591   0.03057   0.00930   0.00000   0.00000   0.07659   0.00378   0.02463   0.17126   0.03675   0.03433   0.06598   0.02379   0.00000   0.03109   0.03490   0.11108   7.35426   1.21073   0.83549   1.00010   1.09666  
 32 390.5968   2615.314376  x:  0.59437   0.00000   0.08514   0.03538   0.02636   0.01121   0.02513   0.01284   0.04103   0.00795   0.00000   0.00520   0.03457   0.02990   0.02582   0.27761   0.06562   0.01186   0.07707   0.04076   0.00000   0.00878   0.02827   0.09055   0.00000   0.06692   0.05718   0.02941   0.02117   0.01762   0.00775   0.02687   0.00974   0.00000   0.00000   0.07116   0.00501   0.01405   0.19748   0.03578   0.02827   0.07505   0.01733   0.00000   0.02927   0.04314   0.11256   7.00668   1.22926   0.79345   0.96919   1.11654  
 33 480.3716   2610.391982  x:  0.62009   0.00000   0.08612   0.03211   0.01796   0.01168   0.01946   0.01209   0.04236   0.01142   0.00000   0.00552   0.03168   0.03665   0.02857   0.23609   0.06395   0.01119   0.07060   0.02662   0.00000   0.00816   0.04007   0.10370   0.00000   0.07182   0.04245   0.02670   0.02183   0.01778   0.00591   0.03094   0.01108   0.00000   0.00000   0.05588   0.00417   0.02545   0.24509   0.03507   0.02835   0.07630   0.02463   0.00000   0.02884   0.04564   0.11544   6.36203   1.26061   0.73787   0.91782   1.16504  
 34 1181.1294   2604.553668  x:  0.63084   0.00000   0.08820   0.02814   0.02492   0.01410   0.01841   0.01290   0.02615   0.00939   0.00000   0.00639   0.02604   0.03780   0.02541   0.19753   0.07296   0.00739   0.08895   0.03340   0.00000   0.00656   0.02909   0.13365   0.00000   0.07144   0.05453   0.03510   0.01855   0.01777   0.00583   0.02829   0.01011   0.00000   0.00000   0.05385   0.00349   0.01890   0.27143   0.03383   0.02322   0.05461   0.02412   0.00000   0.03269   0.02441   0.11592   5.63066   1.27126   0.70714   0.87912   1.21585  
 35 911.7649   2597.032614  x:  0.63300   0.00000   0.09714   0.02734   0.02222   0.01364   0.02137   0.01288   0.03927   0.00983   0.00000   0.00614   0.03824   0.03734   0.02759   0.17475   0.07766   0.00589   0.11302   0.03294   0.00000   0.00643   0.01007   0.15544   0.00000   0.06632   0.06893   0.01847   0.02212   0.01765   0.00551   0.03134   0.01021   0.00000   0.00000   0.06659   0.00428   0.02394   0.27446   0.03081   0.02097   0.04465   0.01899   0.00000   0.03285   0.04170   0.11353   4.70880   1.27346   0.70650   0.84761   1.28700  
 36 1365.5507   2587.685419  x:  0.62998   0.00000   0.10322   0.02325   0.02085   0.01505   0.01771   0.01277   0.04422   0.00908   0.00000   0.00670   0.03205   0.03804   0.02739   0.16666   0.08463   0.00371   0.12272   0.02345   0.00000   0.00492   0.01959   0.16199   0.00000   0.06908   0.08053   0.02547   0.02050   0.01740   0.00436   0.03081   0.00889   0.00000   0.00000   0.07343   0.00322   0.02519   0.26628   0.03680   0.01716   0.05456   0.00480   0.00000   0.01699   0.04964   0.11025   3.67642   1.26664   0.71978   0.82288   1.36366  
 37 3215.1197   2581.623681  x:  0.62871   0.00000   0.10345   0.01941   0.02072   0.01615   0.01799   0.01254   0.04547   0.00811   0.00000   0.00725   0.02874   0.03549   0.02588   0.17006   0.09432   0.00181   0.12326   0.02323   0.00000   0.00408   0.01551   0.16137   0.00000   0.07464   0.07594   0.03162   0.01955   0.01727   0.00455   0.02964   0.00785   0.00000   0.00000   0.06837   0.00325   0.02307   0.26174   0.02772   0.01296   0.06180   0.01176   0.00000   0.00617   0.05395   0.10907   2.91912   1.26013   0.73301   0.80855   1.41968  
 38 7030.6011   2578.243244  x:  0.62809   0.00000   0.10692   0.01712   0.01993   0.01687   0.01813   0.01236   0.04406   0.00784   0.00000   0.00750   0.02724   0.03394   0.02493   0.17521   0.10049   0.00109   0.11966   0.02195   0.00000   0.00371   0.01077   0.15785   0.00000   0.07886   0.07072   0.03424   0.01961   0.01733   0.00464   0.02855   0.00764   0.00000   0.00000   0.06131   0.00324   0.02139   0.25881   0.02892   0.01107   0.06748   0.01233   0.00000   0.01729   0.05420   0.10876   2.41133   1.25597   0.74350   0.80016   1.45749  
 39 7727.0241   2576.604951  x:  0.63036   0.00000   0.10894   0.01778   0.01964   0.01621   0.01934   0.01266   0.03676   0.00891   0.00000   0.00717   0.03549   0.03631   0.02577   0.18304   0.09915   0.00154   0.11455   0.02725   0.00000   0.00395   0.01403   0.15340   0.00000   0.07549   0.06899   0.02424   0.02104   0.01759   0.00454   0.03009   0.00885   0.00000   0.00000   0.05701   0.00357   0.02346   0.26073   0.03262   0.01093   0.06571   0.01093   0.00000   0.01495   0.04457   0.11073   2.19540   1.25613   0.75017   0.79905   1.47456  
 40 1068.0518   2576.252124  x:  0.63307   0.00000   0.10930   0.01733   0.02041   0.01630   0.02012   0.01298   0.04020   0.00970   0.00000   0.00731   0.03390   0.03824   0.02724   0.18862   0.08927   0.00201   0.11297   0.02677   0.00000   0.00429   0.01209   0.15142   0.00000   0.07625   0.06739   0.02693   0.02172   0.01746   0.00475   0.02905   0.00969   0.00000   0.00000   0.05994   0.00371   0.02389   0.26437   0.03386   0.01179   0.05847   0.01020   0.00000   0.01405   0.04163   0.11349   2.15084   1.25876   0.75257   0.80219   1.47678  
 41 106.9271   2576.142662  x:  0.63282   0.00000   0.10909   0.01747   0.01990   0.01641   0.01980   0.01285   0.03907   0.00968   0.00000   0.00731   0.03375   0.03795   0.02383   0.18756   0.08545   0.00185   0.11125   0.02628   0.00000   0.00423   0.01252   0.15074   0.00000   0.07699   0.06974   0.02698   0.02146   0.01751   0.00458   0.02996   0.00956   0.00000   0.00000   0.05715   0.00366   0.02368   0.26382   0.03312   0.01152   0.05498   0.01016   0.00000   0.01403   0.04391   0.11365   2.14117   1.26346   0.75455   0.80603   1.47349  
 42 19.4689   2575.930685  x:  0.63205   0.00000   0.10904   0.01730   0.01948   0.01651   0.01925   0.01270   0.03713   0.00927   0.00000   0.00731   0.03333   0.03705   0.03016   0.18370   0.08255   0.00138   0.10951   0.02597   0.00000   0.00402   0.01294   0.15042   0.00000   0.07680   0.07180   0.02708   0.02093   0.01756   0.00450   0.02972   0.00912   0.00000   0.00000   0.05363   0.00348   0.02302   0.26255   0.03202   0.01050   0.05208   0.01015   0.00000   0.01404   0.04636   0.11334   2.12570   1.27692   0.75928   0.81691   1.46304  
 43 35.8976   2574.132660  x:  0.63446   0.00000   0.10828   0.02118   0.01988   0.01647   0.01948   0.01275   0.03834   0.00899   0.00000   0.00736   0.03364   0.03659   0.02714   0.15696   0.08521   0.00170   0.11326   0.02543   0.00000   0.00434   0.01096   0.15406   0.00000   0.07879   0.06623   0.02660   0.02105   0.01748   0.00452   0.02998   0.00896   0.00000   0.00000   0.05958   0.00344   0.02285   0.26448   0.03304   0.01117   0.05940   0.00962   0.00000   0.01317   0.04261   0.11225   2.01102   1.40543   0.80134   0.91829   1.37235  
 44 86.1528   2573.940621  x:  0.63718   0.00000   0.10842   0.02157   0.02003   0.01623   0.02017   0.01294   0.04078   0.00967   0.00000   0.00738   0.03312   0.03747   0.02740   0.15893   0.09240   0.00234   0.11272   0.02585   0.00000   0.00471   0.01271   0.15377   0.00000   0.07860   0.07204   0.02843   0.02185   0.01748   0.00488   0.02919   0.00939   0.00000   0.00000   0.05874   0.00372   0.02400   0.26855   0.03317   0.01252   0.05726   0.01031   0.00000   0.01374   0.04445   0.11169   2.00235   1.41749   0.80546   0.92810   1.36623  
 45 41.6291   2572.878202  x:  0.63971   0.00000   0.10916   0.02335   0.02095   0.01626   0.02153   0.01345   0.02815   0.01054   0.00000   0.00738   0.03299   0.03933   0.02780   0.16667   0.09027   0.00260   0.11276   0.02666   0.00000   0.00509   0.01150   0.15395   0.00000   0.08166   0.06890   0.03053   0.02313   0.01741   0.00532   0.02793   0.01032   0.00000   0.00000   0.06317   0.00404   0.02485   0.27234   0.03556   0.01280   0.05753   0.01030   0.00000   0.01365   0.05208   0.09049   2.02995   1.41565   0.81325   0.93547   1.37174  
 46  4.0261   2568.648407  x:  0.63479   0.00000   0.11281   0.03024   0.02113   0.01529   0.02133   0.01338   0.04685   0.01042   0.00000   0.00696   0.03649   0.03861   0.02821   0.17431   0.08565   0.00091   0.10270   0.02744   0.00000   0.00470   0.01204   0.14787   0.00000   0.09269   0.06926   0.02867   0.02270   0.01794   0.00508   0.02874   0.01020   0.00000   0.00000   0.04963   0.00395   0.02406   0.26104   0.03522   0.00813   0.05680   0.01082   0.00000   0.01457   0.03287   0.05928   2.15253   1.39646   0.84365   0.95294   1.39439  
 47 79.6704   2560.426433  x:  0.62921   0.00000   0.11796   0.04030   0.02219   0.01426   0.02297   0.01381   0.04283   0.01127   0.00000   0.00647   0.03949   0.03954   0.02945   0.18408   0.08670   0.00000   0.09399   0.02893   0.00000   0.00475   0.01143   0.13499   0.00000   0.10863   0.06640   0.03017   0.02402   0.01836   0.00544   0.02721   0.01109   0.00000   0.00000   0.04447   0.00427   0.02449   0.24270   0.03788   0.00404   0.05810   0.01161   0.00000   0.01571   0.02987   0.08600   2.32853   1.36915   0.88605   0.97569   1.42976  
 48 315.2605   2554.606521  x:  0.61326   0.00000   0.13678   0.01993   0.01508   0.01502   0.02363   0.01251   0.03657   0.01210   0.00000   0.00794   0.04080   0.03690   0.02848   0.19272   0.08568   0.00665   0.08304   0.03015   0.00000   0.00630   0.01153   0.12381   0.00000   0.10820   0.05843   0.02654   0.02561   0.01698   0.00556   0.02743   0.01115   0.00000   0.00000   0.03277   0.00544   0.02385   0.22404   0.04249   0.01581   0.06055   0.01228   0.00000   0.01639   0.02275   0.09124   2.55456   1.41696   0.97619   1.08320   1.34458  
 49  2.7405   2550.303087  x:  0.60144   0.00000   0.14289   0.03332   0.01633   0.01287   0.02173   0.01171   0.03542   0.01081   0.00000   0.00745   0.04036   0.03413   0.03325   0.18831   0.05861   0.01072   0.08374   0.03000   0.00000   0.00730   0.01997   0.11704   0.00000   0.12313   0.05281   0.02710   0.02406   0.01667   0.00533   0.02812   0.00997   0.00000   0.00000   0.05644   0.00500   0.02233   0.19048   0.04458   0.02325   0.06067   0.01663   0.00000   0.01997   0.02598   0.09836   2.57198   1.35149   0.99673   1.06616   1.40202  
 50  1.0594   2546.170822  x:  0.57543   0.00000   0.16259   0.02660   0.02058   0.01115   0.02479   0.01173   0.02990   0.01286   0.00000   0.00762   0.03915   0.03089   0.02971   0.20904   0.08712   0.00903   0.08539   0.03321   0.00000   0.00601   0.02037   0.11189   0.00000   0.13818   0.05071   0.03343   0.02588   0.01561   0.00642   0.02468   0.01273   0.00000   0.00000   0.06029   0.00435   0.02573   0.15402   0.04417   0.01762   0.06865   0.01682   0.00000   0.01984   0.04488   0.10042   2.48638   1.39008   1.09712   1.16297   1.27789  
 51  0.3133   2543.278923  x:  0.56582   0.00000   0.18033   0.03469   0.01866   0.00866   0.02438   0.01067   0.03294   0.01315   0.00000   0.00723   0.03554   0.03069   0.02898   0.20677   0.08755   0.00684   0.07986   0.03093   0.00000   0.00584   0.02067   0.10970   0.00000   0.15471   0.05230   0.03579   0.02686   0.01529   0.00648   0.02391   0.01171   0.00000   0.00000   0.05365   0.01038   0.02924   0.17050   0.05046   0.00897   0.06513   0.01841   0.00000   0.01929   0.03187   0.10879   2.27554   1.41094   1.17262   1.20507   1.10130  
 52  0.1994   2542.212030  x:  0.57288   0.00000   0.18480   0.03853   0.02333   0.00811   0.02461   0.01236   0.03418   0.01367   0.00000   0.00667   0.03930   0.03222   0.02977   0.20904   0.07626   0.00624   0.08778   0.03270   0.00000   0.00725   0.02013   0.11829   0.00000   0.16547   0.05037   0.03413   0.02565   0.01452   0.00671   0.02745   0.01356   0.00000   0.00000   0.04503   0.00740   0.02858   0.17271   0.04410   0.00825   0.06451   0.01912   0.00000   0.01959   0.03032   0.11407   2.25020   1.33414   1.14104   1.20597   1.08633  
 53  0.0743   2541.699146  x:  0.57852   0.00000   0.18987   0.03364   0.01980   0.00931   0.02456   0.01238   0.03285   0.01420   0.00000   0.00678   0.03993   0.03220   0.02962   0.20390   0.07097   0.00397   0.08912   0.03344   0.00000   0.00699   0.02060   0.11973   0.00000   0.16862   0.05079   0.03244   0.02581   0.01343   0.00677   0.02723   0.01393   0.00000   0.00000   0.05222   0.00652   0.02780   0.17334   0.04488   0.00600   0.06364   0.01988   0.00000   0.01981   0.03015   0.11343   2.28759   1.31240   1.10997   1.20804   1.03207  
 54  0.1078   2541.243686  x:  0.57633   0.00000   0.18884   0.03733   0.01668   0.00994   0.02372   0.01181   0.03110   0.01377   0.00000   0.00663   0.03938   0.03170   0.03091   0.20380   0.07381   0.00398   0.08522   0.03282   0.00000   0.00668   0.01907   0.11737   0.00000   0.17272   0.05442   0.03128   0.02526   0.01294   0.00634   0.02644   0.01310   0.00000   0.00000   0.05290   0.00584   0.02581   0.16906   0.04535   0.00996   0.06264   0.01991   0.00000   0.01956   0.03211   0.11509   2.29381   1.25500   1.05569   1.17530   1.03567  
 55  0.1644   2540.991958  x:  0.57071   0.00000   0.18789   0.03782   0.02018   0.00932   0.02404   0.01138   0.03163   0.01308   0.00000   0.00649   0.03797   0.03164   0.03078   0.20294   0.07822   0.00419   0.08396   0.03179   0.00000   0.00638   0.01877   0.11228   0.00000   0.17479   0.05065   0.03163   0.02536   0.01281   0.00617   0.02501   0.01219   0.00000   0.00000   0.05175   0.00608   0.02582   0.17029   0.04590   0.00907   0.06382   0.01970   0.00000   0.01926   0.03256   0.11393   2.26232   1.24221   1.02232   1.14694   0.99792  
 56  0.0628   2540.946081  x:  0.57017   0.00000   0.18812   0.03716   0.01914   0.00909   0.02420   0.01133   0.03256   0.01282   0.00000   0.00662   0.03783   0.03132   0.03039   0.20399   0.07893   0.00457   0.08534   0.03170   0.00000   0.00639   0.01884   0.11354   0.00000   0.17453   0.05120   0.03242   0.02565   0.01284   0.00635   0.02556   0.01225   0.00000   0.00000   0.05174   0.00640   0.02648   0.16997   0.04630   0.00801   0.06471   0.01950   0.00000   0.01910   0.03227   0.11235   2.24658   1.22711   1.01208   1.13133   1.00323  
 57  0.0304   2540.933179  x:  0.57100   0.00000   0.18833   0.03671   0.01925   0.00895   0.02449   0.01151   0.03250   0.01303   0.00000   0.00671   0.03812   0.03181   0.03020   0.20479   0.07835   0.00477   0.08562   0.03195   0.00000   0.00627   0.01901   0.11445   0.00000   0.17409   0.05140   0.03272   0.02592   0.01287   0.00635   0.02591   0.01260   0.00000   0.00000   0.05206   0.00630   0.02702   0.17135   0.04630   0.00850   0.06451   0.01943   0.00000   0.01912   0.03210   0.11169   2.25525   1.22849   1.01152   1.12745   0.99719  
 58  0.0138   2540.930914  x:  0.57079   0.00000   0.18879   0.03652   0.01923   0.00904   0.02440   0.01153   0.03214   0.01321   0.00000   0.00675   0.03822   0.03181   0.03022   0.20506   0.07803   0.00486   0.08527   0.03200   0.00000   0.00639   0.01911   0.11431   0.00000   0.17422   0.05127   0.03268   0.02584   0.01284   0.00642   0.02583   0.01259   0.00000   0.00000   0.05175   0.00638   0.02700   0.17051   0.04622   0.00852   0.06446   0.01934   0.00000   0.01912   0.03208   0.11131   2.25518   1.22656   1.01086   1.12606   0.99680  
 59  0.0029   2540.930456  x:  0.57096   0.00000   0.18906   0.03645   0.01926   0.00902   0.02438   0.01156   0.03222   0.01325   0.00000   0.00674   0.03826   0.03180   0.03026   0.20548   0.07830   0.00487   0.08535   0.03197   0.00000   0.00637   0.01917   0.11430   0.00000   0.17438   0.05130   0.03261   0.02583   0.01282   0.00636   0.02577   0.01259   0.00000   0.00000   0.05175   0.00640   0.02698   0.17054   0.04624   0.00858   0.06435   0.01927   0.00000   0.01912   0.03201   0.11118   2.25468   1.22621   1.01063   1.12657   0.99731  
 60  0.0010   2540.930332  x:  0.57103   0.00000   0.18923   0.03645   0.01924   0.00903   0.02437   0.01154   0.03225   0.01324   0.00000   0.00674   0.03824   0.03172   0.03027   0.20533   0.07834   0.00487   0.08535   0.03198   0.00000   0.00637   0.01919   0.11431   0.00000   0.17443   0.05133   0.03262   0.02583   0.01282   0.00637   0.02577   0.01262   0.00000   0.00000   0.05165   0.00640   0.02697   0.17063   0.04627   0.00859   0.06434   0.01922   0.00000   0.01914   0.03211   0.11112   2.25469   1.22669   1.01073   1.12673   0.99696  
 61  0.0006   2540.930286  x:  0.57106   0.00000   0.18936   0.03647   0.01925   0.00902   0.02438   0.01154   0.03223   0.01323   0.00000   0.00673   0.03824   0.03174   0.03025   0.20519   0.07833   0.00488   0.08532   0.03199   0.00000   0.00637   0.01919   0.11429   0.00000   0.17446   0.05128   0.03262   0.02583   0.01282   0.00638   0.02578   0.01262   0.00000   0.00000   0.05168   0.00639   0.02698   0.17066   0.04627   0.00859   0.06435   0.01918   0.00000   0.01915   0.03206   0.11111   2.25476   1.22667   1.01068   1.12674   0.99730  
 62  0.0003   2540.930274  x:  0.57103   0.00000   0.18940   0.03648   0.01925   0.00903   0.02438   0.01154   0.03224   0.01323   0.00000   0.00673   0.03824   0.03175   0.03025   0.20523   0.07830   0.00488   0.08533   0.03198   0.00000   0.00637   0.01918   0.11432   0.00000   0.17446   0.05130   0.03262   0.02583   0.01283   0.00637   0.02579   0.01261   0.00000   0.00000   0.05169   0.00639   0.02698   0.17060   0.04627   0.00858   0.06437   0.01916   0.00000   0.01916   0.03207   0.11112   2.25478   1.22680   1.01072   1.12680   0.99718  
 63  0.0002   2540.930272  x:  0.57102   0.00000   0.18941   0.03648   0.01925   0.00902   0.02438   0.01154   0.03224   0.01323   0.00000   0.00673   0.03824   0.03175   0.03025   0.20524   0.07830   0.00487   0.08534   0.03198   0.00000   0.00637   0.01918   0.11431   0.00000   0.17445   0.05130   0.03262   0.02583   0.01282   0.00637   0.02578   0.01261   0.00000   0.00000   0.05170   0.00639   0.02698   0.17063   0.04627   0.00858   0.06436   0.01915   0.00000   0.01916   0.03208   0.11113   2.25483   1.22670   1.01072   1.12674   0.99721  
 64  0.0001   2540.930271  x:  0.57101   0.00000   0.18941   0.03648   0.01925   0.00902   0.02438   0.01154   0.03224   0.01323   0.00000   0.00673   0.03824   0.03175   0.03025   0.20524   0.07830   0.00487   0.08533   0.03198   0.00000   0.00637   0.01918   0.11431   0.00000   0.17444   0.05130   0.03262   0.02583   0.01282   0.00637   0.02578   0.01261   0.00000   0.00000   0.05170   0.00639   0.02698   0.17062   0.04627   0.00858   0.06436   0.01915   0.00000   0.01916   0.03207   0.11114   2.25482   1.22671   1.01072   1.12672   0.99719  
 65  0.0000   2540.930271  x:  0.57102   0.00000   0.18940   0.03648   0.01925   0.00902   0.02438   0.01154   0.03224   0.01323   0.00000   0.00673   0.03824   0.03175   0.03025   0.20524   0.07830   0.00487   0.08533   0.03198   0.00000   0.00637   0.01918   0.11431   0.00000   0.17444   0.05130   0.03262   0.02583   0.01282   0.00637   0.02578   0.01261   0.00000   0.00000   0.05170   0.00639   0.02698   0.17062   0.04627   0.00858   0.06436   0.01915   0.00000   0.01916   0.03207   0.11114   2.25482   1.22670   1.01071   1.12671   0.99720  
 66  0.0000   2540.930271  x:  0.57102   0.00000   0.18940   0.03648   0.01925   0.00902   0.02438   0.01154   0.03224   0.01323   0.00000   0.00673   0.03824   0.03175   0.03025   0.20524   0.07830   0.00487   0.08534   0.03198   0.00000   0.00637   0.01918   0.11431   0.00000   0.17444   0.05130   0.03262   0.02583   0.01282   0.00637   0.02578   0.01261   0.00000   0.00000   0.05170   0.00639   0.02698   0.17062   0.04627   0.00858   0.06436   0.01915   0.00000   0.01916   0.03207   0.11114   2.25481   1.22670   1.01071   1.12672   0.99719  
 67  0.0000   2540.930271  x:  0.57102   0.00000   0.18940   0.03648   0.01925   0.00902   0.02438   0.01154   0.03224   0.01323   0.00000   0.00673   0.03824   0.03175   0.03025   0.20524   0.07830   0.00487   0.08534   0.03198   0.00000   0.00637   0.01918   0.11431   0.00000   0.17444   0.05130   0.03262   0.02583   0.01282   0.00637   0.02578   0.01261   0.00000   0.00000   0.05170   0.00639   0.02698   0.17062   0.04627   0.00858   0.06436   0.01915   0.00000   0.01916   0.03207   0.11114   2.25481   1.22670   1.01071   1.12672   0.99719  
 68  0.0000   2540.930271  x:  0.57102   0.00000   0.18940   0.03648   0.01925   0.00902   0.02438   0.01154   0.03224   0.01323   0.00000   0.00673   0.03824   0.03175   0.03025   0.20524   0.07830   0.00487   0.08534   0.03198   0.00000   0.00637   0.01918   0.11431   0.00000   0.17444   0.05130   0.03262   0.02583   0.01282   0.00637   0.02578   0.01261   0.00000   0.00000   0.05170   0.00639   0.02698   0.17062   0.04627   0.00858   0.06436   0.01915   0.00000   0.01916   0.03207   0.11114   2.25480   1.22670   1.01071   1.12672   0.99719  
 69  0.0000   2540.930271  x:  0.57102   0.00000   0.18940   0.03648   0.01925   0.00902   0.02438   0.01154   0.03224   0.01323   0.00000   0.00673   0.03824   0.03175   0.03025   0.20524   0.07830   0.00487   0.08534   0.03198   0.00000   0.00637   0.01918   0.11431   0.00000   0.17444   0.05130   0.03262   0.02583   0.01282   0.00637   0.02578   0.01261   0.00000   0.00000   0.05170   0.00639   0.02698   0.17062   0.04627   0.00858   0.06436   0.01915   0.00000   0.01916   0.03207   0.11114   2.25480   1.22670   1.01071   1.12672   0.99719  
 70  0.0000   2540.930271  x:  0.57102   0.00000   0.18940   0.03648   0.01925   0.00902   0.02438   0.01154   0.03224   0.01323   0.00000   0.00673   0.03824   0.03175   0.03025   0.20524   0.07830   0.00487   0.08534   0.03198   0.00000   0.00637   0.01918   0.11431   0.00000   0.17444   0.05130   0.03262   0.02583   0.01282   0.00637   0.02578   0.01261   0.00000   0.00000   0.05170   0.00639   0.02698   0.17062   0.04627   0.00858   0.06436   0.01915   0.00000   0.01916   0.03207   0.11114   2.25480   1.22670   1.01071   1.12672   0.99719  

TREE # 2

  0  0.0000   2670.658658  x:  0.00000   0.03761   0.04577   0.07920   0.06823   0.02935   0.07060   0.04992   0.04210   0.04291   0.02080   0.04477   0.03367   0.04484   0.11926   0.04007   0.09361   0.07750   0.01418   0.05052   0.03284   0.07471   0.10612   0.00000   0.06477   0.02092   0.01502   0.07054   0.05229   0.02793   0.08005   0.02164   0.05174   0.06654   0.05730   0.05633   0.06791   0.13850   0.06197   0.07435   0.08749   0.06083   0.03233   0.06955   0.02642   0.10519   0.27122   2.25480   1.15203   1.01019   1.06948   0.99719  
  1 99.0000   2670.655869  x:  0.00000   0.03761   0.04577   0.07920   0.06823   0.02935   0.07060   0.04992   0.04210   0.04291   0.02080   0.04477   0.03367   0.04484   0.11926   0.04007   0.09361   0.07750   0.01418   0.05052   0.03284   0.07471   0.10612   0.00000   0.06477   0.02092   0.01502   0.07054   0.05229   0.02793   0.08005   0.02164   0.05174   0.06654   0.05730   0.05633   0.06791   0.13850   0.06197   0.07435   0.08749   0.06083   0.03233   0.06955   0.02642   0.10519   0.27122   2.25480   1.15203   1.01019   1.06948   0.99719  
  2 724.2279   2622.102482  x:  0.00000   0.03235   0.04623   0.06534   0.05369   0.01807   0.04729   0.03949   0.02669   0.01647   0.00000   0.04699   0.01352   0.03802   0.12754   0.04258   0.08153   0.07323   0.00962   0.02431   0.02520   0.06130   0.10705   0.00000   0.08418   0.01194   0.01366   0.04938   0.04003   0.01533   0.06587   0.01745   0.02831   0.04425   0.04976   0.04438   0.05643   0.14815   0.06612   0.06223   0.08573   0.05019   0.00630   0.04613   0.02269   0.10765   0.29112   2.25424   1.15246   1.00953   1.06962   0.99701  
  3 1597.8958   2614.000818  x:  0.00000   0.02918   0.04614   0.06297   0.05134   0.01837   0.04216   0.03855   0.02475   0.01004   0.00000   0.04788   0.01170   0.03755   0.12847   0.04234   0.07829   0.07269   0.01280   0.01800   0.02550   0.05913   0.10717   0.00000   0.08465   0.01550   0.01495   0.04502   0.03873   0.01545   0.06342   0.01843   0.02286   0.03946   0.04920   0.04322   0.05479   0.14934   0.06619   0.05903   0.08553   0.04893   0.00000   0.04096   0.02348   0.10791   0.29407   2.25405   1.15248   1.00926   1.06964   0.99691  
  4 1571.4353   2605.209321  x:  0.00000   0.03071   0.04615   0.06033   0.04894   0.02088   0.03483   0.03853   0.02370   0.00000   0.00000   0.04914   0.01252   0.03788   0.12901   0.04138   0.07359   0.07229   0.01236   0.00812   0.02738   0.05688   0.10729   0.00000   0.08193   0.01450   0.01637   0.03912   0.03828   0.01800   0.06064   0.02057   0.01481   0.03282   0.04944   0.04303   0.05325   0.15021   0.06556   0.05468   0.08543   0.04822   0.00000   0.03356   0.02541   0.10805   0.29704   2.25373   1.15249   1.00876   1.06969   0.99672  
  5 1571.6477   2601.687853  x:  0.00000   0.03066   0.04631   0.06002   0.04900   0.02014   0.03090   0.03950   0.02528   0.00000   0.00000   0.04864   0.01383   0.03855   0.12867   0.04122   0.07114   0.07248   0.01166   0.00000   0.02718   0.05687   0.10730   0.00000   0.08153   0.01529   0.01461   0.03638   0.03924   0.01765   0.06023   0.01829   0.00852   0.02992   0.05030   0.04502   0.05350   0.14991   0.06516   0.05323   0.08558   0.04897   0.00000   0.02976   0.02413   0.10794   0.29738   2.25346   1.15253   1.00823   1.06977   0.99655  
  6 668.9109   2599.379175  x:  0.00000   0.03124   0.04655   0.06028   0.04973   0.01886   0.02664   0.04067   0.02724   0.00000   0.00000   0.04776   0.01416   0.03923   0.12806   0.04126   0.06860   0.07283   0.01472   0.00000   0.02647   0.05745   0.10728   0.00000   0.08216   0.01300   0.01667   0.03371   0.04065   0.01667   0.06040   0.01605   0.00000   0.02695   0.05156   0.04819   0.05424   0.14924   0.06485   0.05221   0.08583   0.05014   0.00000   0.02580   0.02267   0.10774   0.29708   2.25306   1.15260   1.00739   1.06991   0.99631  
  7 668.4278   2598.130522  x:  0.00000   0.03148   0.04691   0.06232   0.05281   0.01680   0.01781   0.04243   0.03017   0.00000   0.00000   0.04585   0.01031   0.03983   0.12636   0.04199   0.06325   0.07386   0.00935   0.00000   0.02420   0.06008   0.10720   0.00000   0.08800   0.01499   0.02771   0.02890   0.04383   0.01425   0.06230   0.01726   0.00000   0.02072   0.05476   0.05770   0.05693   0.14707   0.06500   0.05101   0.08652   0.05291   0.00000   0.01821   0.02222   0.10716   0.29466   2.25173   1.15295   1.00444   1.07038   0.99548  
  8 170.2365   2597.051057  x:  0.00000   0.03319   0.04689   0.06552   0.05666   0.01952   0.01158   0.04095   0.02800   0.00000   0.00000   0.04610   0.00682   0.03783   0.12515   0.04317   0.05683   0.07486   0.01154   0.00000   0.02329   0.06356   0.10718   0.00000   0.10055   0.01429   0.01981   0.02465   0.04524   0.01544   0.06535   0.02439   0.00000   0.01459   0.05702   0.06873   0.05994   0.14476   0.06691   0.04878   0.08724   0.05417   0.00000   0.01381   0.02695   0.10660   0.29043   2.24893   1.15373   0.99832   1.07124   0.99375  
  9 68.2698   2595.922285  x:  0.00000   0.03395   0.04689   0.06695   0.05819   0.01931   0.01234   0.03634   0.02061   0.00000   0.00000   0.04843   0.02141   0.03433   0.12585   0.04344   0.04542   0.07504   0.01175   0.00000   0.02471   0.06500   0.10736   0.00000   0.11526   0.01536   0.01963   0.01769   0.04326   0.01616   0.06656   0.02277   0.00000   0.00989   0.05714   0.07889   0.06113   0.14404   0.06931   0.03993   0.08768   0.05233   0.00000   0.01236   0.02722   0.10634   0.28750   2.24347   1.15515   0.98692   1.07268   0.99043  
 10 72.7581   2593.478801  x:  0.00000   0.03720   0.04801   0.06478   0.05585   0.02031   0.01268   0.03520   0.02041   0.00000   0.00000   0.05044   0.01460   0.03565   0.12809   0.03965   0.02568   0.07487   0.01125   0.00000   0.02887   0.06287   0.10782   0.00000   0.11955   0.01812   0.01651   0.01084   0.04077   0.02108   0.06377   0.01116   0.00000   0.01679   0.05668   0.08944   0.05988   0.14482   0.06823   0.01921   0.08820   0.04904   0.00000   0.01240   0.02249   0.10602   0.28666   2.23232   1.15741   0.96505   1.07493   0.98373  
 11 79.6456   2590.866759  x:  0.00000   0.03827   0.05138   0.05762   0.04863   0.01212   0.00955   0.03975   0.02926   0.00000   0.00000   0.04771   0.01636   0.04032   0.13213   0.03514   0.01603   0.07476   0.01205   0.00000   0.02542   0.05615   0.10850   0.00000   0.11464   0.02128   0.01013   0.01780   0.04045   0.01494   0.05584   0.01745   0.00000   0.00938   0.05505   0.09302   0.05522   0.14806   0.06452   0.01373   0.08922   0.04720   0.00000   0.00908   0.01416   0.10602   0.29321   2.21796   1.15960   0.93882   1.07683   0.97517  
 12 93.5841   2589.368029  x:  0.00000   0.03729   0.05283   0.05275   0.04433   0.01502   0.00573   0.04285   0.03430   0.00000   0.00000   0.04520   0.01761   0.04229   0.13414   0.03490   0.02066   0.07508   0.01191   0.00000   0.02187   0.05204   0.10888   0.00000   0.11255   0.02330   0.00771   0.01668   0.04166   0.01122   0.05070   0.01033   0.00000   0.00430   0.05485   0.09321   0.05241   0.15005   0.06310   0.01781   0.09000   0.04800   0.00000   0.00676   0.02059   0.10596   0.30007   2.20907   1.16053   0.92383   1.07749   0.96992  
 13 146.1846   2588.927996  x:  0.00000   0.03660   0.05263   0.05049   0.04308   0.01484   0.00552   0.04405   0.03616   0.00000   0.00000   0.04425   0.01859   0.04221   0.13422   0.03672   0.02368   0.07529   0.01201   0.00000   0.02087   0.05065   0.10893   0.00000   0.11272   0.02379   0.00678   0.01086   0.04340   0.01283   0.04848   0.01136   0.00000   0.00736   0.05617   0.09331   0.05159   0.15068   0.06342   0.02124   0.09016   0.04974   0.00000   0.00458   0.01911   0.10601   0.30527   2.20571   1.16053   0.91940   1.07734   0.96803  
 14 94.0075   2588.754815  x:  0.00000   0.03636   0.05226   0.04942   0.04271   0.01469   0.00552   0.04463   0.03719   0.00000   0.00000   0.04399   0.01840   0.04196   0.13395   0.03785   0.02468   0.07540   0.01201   0.00000   0.02093   0.05015   0.10891   0.00000   0.11281   0.02398   0.00650   0.00789   0.04462   0.01426   0.04747   0.01156   0.00000   0.00622   0.05713   0.09349   0.05135   0.15088   0.06378   0.02244   0.09014   0.05094   0.00000   0.00682   0.01772   0.10604   0.30849   2.20408   1.16038   0.91770   1.07713   0.96714  
 15 115.2278   2588.608282  x:  0.00000   0.03620   0.05123   0.04862   0.04295   0.01477   0.00727   0.04467   0.03773   0.00000   0.00000   0.04439   0.01778   0.04092   0.13310   0.03945   0.02538   0.07546   0.01195   0.00000   0.02207   0.05013   0.10881   0.00000   0.11350   0.02412   0.00640   0.00876   0.04633   0.01642   0.04684   0.01075   0.00000   0.00455   0.05859   0.09364   0.05144   0.15091   0.06474   0.02282   0.08986   0.05257   0.00000   0.00586   0.01641   0.10614   0.31325   2.20211   1.15993   0.91664   1.07659   0.96615  
 16 55.1173   2588.431842  x:  0.00000   0.03616   0.04969   0.04790   0.04354   0.01444   0.00513   0.04430   0.03798   0.00000   0.00000   0.04527   0.01824   0.03921   0.13167   0.04110   0.02539   0.07544   0.01194   0.00000   0.02353   0.05037   0.10861   0.00000   0.11430   0.02428   0.00634   0.01121   0.04846   0.01719   0.04640   0.01024   0.00000   0.00548   0.06059   0.09367   0.05169   0.15088   0.06610   0.02236   0.08931   0.05460   0.00000   0.00659   0.01620   0.10633   0.32052   2.19919   1.15903   0.91579   1.07558   0.96474  
 17 71.9719   2588.206184  x:  0.00000   0.03658   0.04826   0.04788   0.04482   0.01426   0.00706   0.04403   0.03905   0.00000   0.00000   0.04592   0.01842   0.03774   0.12927   0.04134   0.02355   0.07538   0.01209   0.00000   0.02358   0.05124   0.10828   0.00000   0.11382   0.02444   0.00589   0.01110   0.05098   0.01346   0.04675   0.01084   0.00000   0.00631   0.06302   0.09384   0.05239   0.15049   0.06698   0.02028   0.08844   0.05694   0.00000   0.00711   0.01860   0.10658   0.33111   2.19436   1.15726   0.91533   1.07366   0.96251  
 18 63.6492   2587.748580  x:  0.00000   0.03659   0.05020   0.05320   0.04829   0.01834   0.00636   0.04143   0.03830   0.00000   0.00000   0.04546   0.01861   0.03785   0.12609   0.03584   0.02339   0.07518   0.01215   0.00000   0.01897   0.05495   0.10771   0.00000   0.11330   0.02480   0.00605   0.01076   0.04994   0.01344   0.05243   0.01094   0.00000   0.00592   0.06191   0.09096   0.05445   0.14900   0.06586   0.01931   0.08711   0.05600   0.00000   0.00677   0.01538   0.10693   0.34705   2.18176   1.15191   0.91652   1.06795   0.95699  
 19 36.6412   2587.176310  x:  0.00000   0.03686   0.05352   0.05856   0.05085   0.01184   0.00588   0.04042   0.03791   0.00000   0.00000   0.04381   0.01819   0.04086   0.12510   0.03370   0.02255   0.07522   0.01229   0.00000   0.02218   0.05815   0.10737   0.00000   0.11334   0.02518   0.00607   0.00926   0.04699   0.01662   0.05741   0.01041   0.00000   0.00527   0.05884   0.08812   0.05640   0.14725   0.06362   0.02089   0.08668   0.05319   0.00000   0.00618   0.01865   0.10702   0.35972   2.16491   1.14462   0.91882   1.06022   0.94982  
 20 72.8396   2585.424927  x:  0.00000   0.03877   0.05824   0.06294   0.04988   0.01826   0.00541   0.04623   0.03946   0.00000   0.00000   0.04111   0.01857   0.05119   0.13186   0.04910   0.02092   0.07652   0.01293   0.00000   0.03189   0.05927   0.10794   0.00000   0.11914   0.02597   0.00734   0.00883   0.03919   0.01038   0.05830   0.01192   0.00000   0.00548   0.05123   0.08662   0.05834   0.14419   0.06031   0.01976   0.08928   0.04550   0.00000   0.00586   0.01570   0.10611   0.37788   2.10545   1.11919   0.92727   1.03352   0.92548  
 21 80.1372   2581.493077  x:  0.00000   0.04373   0.05630   0.05756   0.04131   0.01440   0.00714   0.05484   0.04063   0.00000   0.00000   0.04566   0.02034   0.05602   0.14394   0.05401   0.01938   0.07816   0.01430   0.00000   0.01273   0.05272   0.10985   0.00000   0.12836   0.02755   0.01041   0.01158   0.03540   0.01861   0.04794   0.01235   0.00000   0.00703   0.04821   0.08937   0.05639   0.14403   0.06281   0.01189   0.09450   0.04154   0.00000   0.00730   0.02146   0.10457   0.39376   1.98679   1.06981   0.94238   0.98235   0.87851  
 22 215.9200   2576.603304  x:  0.00000   0.05000   0.04901   0.04526   0.03248   0.01313   0.00683   0.05241   0.03272   0.00000   0.00000   0.05121   0.01651   0.04412   0.15217   0.02998   0.01783   0.07715   0.01570   0.00000   0.02124   0.04251   0.11152   0.00000   0.13503   0.02978   0.01360   0.00895   0.03899   0.01049   0.03689   0.01081   0.00000   0.00699   0.05238   0.08699   0.04934   0.15033   0.07069   0.02142   0.09739   0.04630   0.00000   0.00638   0.01704   0.10487   0.39766   1.83239   1.00848   0.95809   0.91966   0.82002  
 23 396.5047   2575.011352  x:  0.00000   0.05242   0.05214   0.03931   0.03657   0.00958   0.00535   0.04282   0.02726   0.00000   0.00000   0.04382   0.01507   0.03517   0.14910   0.03605   0.02423   0.07412   0.01624   0.00000   0.02090   0.04142   0.11098   0.00000   0.12945   0.03082   0.01435   0.00662   0.04282   0.00783   0.04067   0.01187   0.00000   0.00516   0.05613   0.07895   0.04397   0.15752   0.07015   0.01334   0.09315   0.05032   0.00000   0.00497   0.01608   0.10681   0.39250   1.78426   0.99453   0.95621   0.90643   0.80576  
 24 154.2999   2574.177881  x:  0.00000   0.05338   0.05516   0.03607   0.03759   0.01069   0.00548   0.03655   0.02619   0.00000   0.00000   0.03857   0.01478   0.03225   0.14532   0.04162   0.01560   0.07134   0.01642   0.00000   0.01780   0.04075   0.11018   0.00000   0.12799   0.03135   0.01525   0.00695   0.04458   0.00878   0.04120   0.01116   0.00000   0.00553   0.05825   0.07257   0.04040   0.16373   0.06859   0.01848   0.08909   0.05207   0.00000   0.00512   0.01697   0.10906   0.39084   1.76042   0.99143   0.95043   0.90453   0.80154  
 25 128.2113   2571.923363  x:  0.00000   0.05583   0.05676   0.04197   0.03235   0.01048   0.00505   0.03237   0.03449   0.00000   0.00000   0.05150   0.01490   0.04170   0.12738   0.04315   0.01621   0.06663   0.01696   0.00000   0.01796   0.04213   0.10749   0.00000   0.13933   0.03173   0.01831   0.00524   0.04576   0.00783   0.03398   0.01270   0.00000   0.00566   0.06155   0.05194   0.03928   0.18402   0.06489   0.01735   0.07650   0.05324   0.00000   0.00451   0.01810   0.11477   0.39084   1.70361   1.00530   0.90970   0.92582   0.80756  
 26 67.0308   2569.370002  x:  0.00000   0.05813   0.05300   0.03401   0.03003   0.01194   0.00609   0.04518   0.03138   0.00000   0.00000   0.03461   0.01515   0.03892   0.12401   0.03481   0.01835   0.06904   0.01780   0.00000   0.02039   0.03615   0.10725   0.00000   0.14807   0.03174   0.02160   0.00677   0.04123   0.00951   0.03633   0.01475   0.00000   0.00752   0.05827   0.04504   0.04064   0.19605   0.06641   0.01412   0.07965   0.04931   0.00000   0.00539   0.01993   0.11518   0.40378   1.64928   1.03260   0.85593   0.96217   0.82432  
 27 116.6730   2567.375885  x:  0.00000   0.05931   0.04980   0.03214   0.03444   0.00885   0.00582   0.04661   0.02074   0.00000   0.00000   0.04610   0.01179   0.03103   0.13585   0.03827   0.01859   0.07216   0.01817   0.00000   0.01761   0.03592   0.10863   0.00000   0.13653   0.03172   0.02347   0.00575   0.03762   0.00648   0.03980   0.01411   0.00000   0.00752   0.05204   0.04749   0.03957   0.19484   0.06903   0.02071   0.08928   0.04579   0.00000   0.00495   0.01863   0.11143   0.41545   1.61286   1.05961   0.81466   0.99536   0.84286  
 28 146.8765   2566.495985  x:  0.00000   0.05945   0.05264   0.03692   0.02955   0.00890   0.00635   0.03229   0.02272   0.00000   0.00000   0.04178   0.01133   0.03092   0.14742   0.03669   0.02111   0.06985   0.01847   0.00000   0.01836   0.03718   0.10998   0.00000   0.13399   0.03170   0.02439   0.00649   0.03871   0.00624   0.03219   0.01463   0.00000   0.00809   0.05134   0.05350   0.03509   0.18679   0.07066   0.02062   0.09053   0.04694   0.00000   0.00537   0.01892   0.10889   0.42227   1.60580   1.07441   0.80579   1.01063   0.85476  
 29 65.9265   2565.499754  x:  0.00000   0.06004   0.05291   0.02658   0.03007   0.00912   0.00626   0.02778   0.02565   0.00000   0.00000   0.04382   0.01143   0.03615   0.15981   0.03432   0.02092   0.06230   0.01869   0.00000   0.01842   0.03251   0.11061   0.00000   0.13787   0.03196   0.02506   0.00612   0.03976   0.00615   0.03833   0.01498   0.00000   0.00801   0.05472   0.04777   0.03612   0.17113   0.07167   0.02001   0.08114   0.04886   0.00000   0.00523   0.01927   0.10945   0.42635   1.61876   1.09730   0.82155   1.02814   0.87631  
 30 37.5270   2563.943084  x:  0.00000   0.06141   0.05179   0.03440   0.02871   0.00850   0.00553   0.03857   0.02051   0.00000   0.00000   0.04113   0.01075   0.02821   0.16954   0.03419   0.01791   0.05825   0.01898   0.00000   0.01745   0.03177   0.11046   0.00000   0.13953   0.03281   0.02571   0.00476   0.04099   0.00592   0.03183   0.01490   0.00000   0.00726   0.05903   0.03517   0.03307   0.15760   0.07204   0.01852   0.07027   0.05094   0.00000   0.00449   0.01925   0.11296   0.43081   1.65163   1.13608   0.86122   1.05541   0.91375  
 31 106.7708   2559.903811  x:  0.00000   0.06333   0.05794   0.02018   0.02340   0.00774   0.00551   0.03508   0.01480   0.00000   0.00000   0.04241   0.00918   0.02569   0.15885   0.03279   0.01811   0.07602   0.01995   0.00000   0.01733   0.03756   0.10816   0.00000   0.14103   0.03423   0.02694   0.00443   0.03591   0.00517   0.02213   0.01482   0.00000   0.00693   0.05603   0.04176   0.02743   0.17795   0.06685   0.01763   0.08064   0.04661   0.00000   0.00426   0.01879   0.12350   0.45015   1.75850   1.23696   0.98526   1.12392   1.01114  
 32 145.8783   2558.558129  x:  0.00000   0.06409   0.05324   0.02676   0.02165   0.00779   0.00514   0.03120   0.01943   0.00000   0.00000   0.04237   0.00918   0.02439   0.15892   0.03406   0.01715   0.07613   0.02031   0.00000   0.01750   0.02450   0.10930   0.00000   0.14064   0.03475   0.02754   0.00348   0.03548   0.00545   0.02815   0.01511   0.00000   0.00648   0.05361   0.04379   0.02607   0.19378   0.07169   0.01717   0.08780   0.04549   0.00000   0.00385   0.01922   0.12368   0.45655   1.79687   1.26932   1.02639   1.14619   1.04160  
 33 275.5826   2558.030699  x:  0.00000   0.06443   0.04920   0.02735   0.02708   0.00787   0.00485   0.03094   0.01813   0.00000   0.00000   0.04039   0.00911   0.02880   0.16403   0.03327   0.01657   0.06698   0.02047   0.00000   0.01728   0.02755   0.11202   0.00000   0.13984   0.03498   0.02769   0.00298   0.03682   0.00556   0.02560   0.01535   0.00000   0.00619   0.05185   0.04317   0.02940   0.20707   0.07669   0.01688   0.09075   0.04582   0.00000   0.00359   0.01936   0.11835   0.45936   1.81634   1.28047   1.04126   1.15485   1.05057  
 34 87.7138   2557.793374  x:  0.00000   0.06442   0.05219   0.02732   0.02321   0.00802   0.00500   0.03332   0.01757   0.00000   0.00000   0.04130   0.00908   0.02763   0.16748   0.03290   0.01664   0.06134   0.02054   0.00000   0.01760   0.03075   0.11369   0.00000   0.14046   0.03503   0.02776   0.00315   0.03785   0.00573   0.02876   0.01535   0.00000   0.00632   0.05261   0.04478   0.02861   0.21421   0.07594   0.01675   0.09008   0.04700   0.00000   0.00371   0.01949   0.11307   0.46130   1.82846   1.28339   1.04541   1.15841   1.05110  
 35 48.4795   2557.550075  x:  0.00000   0.06445   0.05682   0.02740   0.02736   0.00834   0.00532   0.03423   0.01777   0.00000   0.00000   0.04261   0.00907   0.02562   0.17084   0.03180   0.01707   0.06124   0.02060   0.00000   0.01811   0.02756   0.11464   0.00000   0.14212   0.03504   0.02789   0.00363   0.03712   0.00598   0.02716   0.01540   0.00000   0.00665   0.05413   0.04621   0.02845   0.21940   0.07157   0.01675   0.08658   0.04740   0.00000   0.00400   0.01964   0.10690   0.46339   1.84670   1.28315   1.04559   1.16160   1.04608  
 36 35.5567   2556.674693  x:  0.00000   0.06586   0.04960   0.02796   0.02374   0.00785   0.00520   0.02994   0.01534   0.00000   0.00000   0.04075   0.00835   0.02653   0.17873   0.03217   0.01636   0.07444   0.02082   0.00000   0.01753   0.02898   0.11437   0.00000   0.14234   0.03532   0.02822   0.00360   0.03553   0.00580   0.02878   0.01554   0.00000   0.00651   0.05724   0.04147   0.03325   0.22678   0.06762   0.01718   0.07652   0.04702   0.00000   0.00391   0.01944   0.09638   0.46617   1.92469   1.27488   1.03675   1.17115   1.01581  
 37 56.8741   2555.086914  x:  0.00000   0.06781   0.04886   0.02604   0.02779   0.00835   0.00516   0.02955   0.02150   0.00000   0.00000   0.04166   0.00813   0.02379   0.18243   0.03106   0.01600   0.07480   0.02120   0.00000   0.01820   0.03382   0.11155   0.00000   0.14571   0.03586   0.02941   0.00314   0.03426   0.00651   0.03018   0.01628   0.00000   0.00693   0.05146   0.03409   0.02029   0.22805   0.07566   0.01607   0.07751   0.04281   0.00000   0.00384   0.02017   0.10535   0.47063   2.06861   1.25670   1.01528   1.18569   0.95699  
 38 146.1676   2553.844201  x:  0.00000   0.06915   0.05588   0.02622   0.02410   0.00779   0.00545   0.02874   0.01424   0.00000   0.00000   0.04172   0.00677   0.02507   0.17833   0.03174   0.01696   0.06572   0.02149   0.00000   0.01776   0.02773   0.10911   0.00000   0.14485   0.03609   0.02979   0.00386   0.03549   0.00590   0.02758   0.01623   0.00000   0.00743   0.04780   0.03225   0.02754   0.22543   0.08048   0.01604   0.08153   0.04259   0.00000   0.00415   0.01974   0.11842   0.47426   2.18460   1.24180   0.99659   1.19564   0.91020  
 39 332.8768   2553.695335  x:  0.00000   0.06958   0.05121   0.02593   0.02367   0.00751   0.00543   0.02798   0.01422   0.00000   0.00000   0.04137   0.00659   0.02390   0.17450   0.03245   0.01777   0.06057   0.02155   0.00000   0.01756   0.02736   0.11088   0.00000   0.14460   0.03615   0.02975   0.00397   0.03083   0.00585   0.02688   0.01618   0.00000   0.00733   0.04809   0.03369   0.02705   0.22342   0.07622   0.01666   0.08216   0.04216   0.00000   0.00413   0.01950   0.11814   0.47458   2.19758   1.24032   0.99328   1.19297   0.90796  
 40 31.1058   2553.524180  x:  0.00000   0.07014   0.05016   0.02590   0.02353   0.00742   0.00548   0.02734   0.01236   0.00000   0.00000   0.04134   0.00641   0.02522   0.17050   0.03268   0.01740   0.05980   0.02157   0.00000   0.01742   0.02634   0.11569   0.00000   0.14619   0.03627   0.02970   0.00412   0.03527   0.00576   0.02686   0.01611   0.00000   0.00746   0.04624   0.03117   0.02475   0.22080   0.07376   0.01646   0.08526   0.04021   0.00000   0.00421   0.01934   0.11390   0.47458   2.21052   1.23939   0.98639   1.17976   0.91470  
 41 15.4649   2553.305702  x:  0.00000   0.07070   0.05164   0.02498   0.02293   0.00756   0.00540   0.02619   0.01518   0.00000   0.00000   0.04172   0.00640   0.02184   0.16823   0.03311   0.01675   0.05990   0.02160   0.00000   0.01757   0.02710   0.11962   0.00000   0.14699   0.03639   0.02981   0.00397   0.03487   0.00595   0.02610   0.01619   0.00000   0.00751   0.04392   0.02771   0.02798   0.21950   0.07524   0.01603   0.08703   0.03886   0.00000   0.00414   0.01948   0.11093   0.47427   2.22613   1.23814   0.97683   1.16007   0.92627  
 42 60.5709   2552.673623  x:  0.00000   0.07188   0.05517   0.02584   0.02338   0.00753   0.00550   0.02650   0.01288   0.00000   0.00000   0.04177   0.00590   0.02511   0.16627   0.03335   0.01667   0.06191   0.02175   0.00000   0.01756   0.02698   0.12228   0.00000   0.14650   0.03663   0.02953   0.00466   0.02644   0.00595   0.02689   0.01601   0.00000   0.00756   0.04472   0.02739   0.02566   0.22159   0.08425   0.01602   0.08230   0.04186   0.00000   0.00431   0.01923   0.11152   0.47535   2.26833   1.23379   0.94861   1.10142   0.96339  
 43 98.8105   2552.310927  x:  0.00000   0.07262   0.05259   0.02627   0.02387   0.00763   0.00564   0.02621   0.01274   0.00000   0.00000   0.04192   0.00570   0.02381   0.17095   0.03314   0.01767   0.06065   0.02186   0.00000   0.01778   0.02768   0.11527   0.00000   0.14710   0.03672   0.02938   0.00491   0.03018   0.00625   0.02747   0.01593   0.00000   0.00770   0.04265   0.03024   0.02686   0.22615   0.08096   0.01626   0.07706   0.03555   0.00000   0.00447   0.01915   0.11911   0.47673   2.29104   1.22879   0.93289   1.06893   0.98698  
 44 77.0622   2552.186857  x:  0.00000   0.07306   0.05190   0.02683   0.02426   0.00778   0.00568   0.02558   0.01260   0.00000   0.00000   0.04216   0.00573   0.02395   0.17471   0.03279   0.01726   0.06069   0.02187   0.00000   0.01785   0.02827   0.11031   0.00000   0.14903   0.03682   0.02930   0.00511   0.02988   0.00647   0.02801   0.01598   0.00000   0.00774   0.04346   0.02768   0.02730   0.22763   0.07645   0.01552   0.08149   0.03924   0.00000   0.00453   0.01920   0.12173   0.47706   2.29707   1.22389   0.92869   1.06138   0.99621  
 45 28.6859   2551.721062  x:  0.00000   0.07442   0.05280   0.02727   0.02434   0.00773   0.00574   0.02457   0.01216   0.00000   0.00000   0.04229   0.00541   0.02438   0.17266   0.03380   0.01752   0.05923   0.02192   0.00000   0.01783   0.02855   0.10358   0.00000   0.14994   0.03722   0.02853   0.00564   0.02787   0.00658   0.02807   0.01559   0.00000   0.00753   0.04817   0.02564   0.02709   0.22673   0.07982   0.01567   0.08371   0.03203   0.00000   0.00467   0.01874   0.11808   0.47750   2.30213   1.17602   0.92711   1.07142   1.03758  
 46 10.9416   2551.432035  x:  0.00000   0.07531   0.05179   0.02715   0.02438   0.00788   0.00571   0.02433   0.01173   0.00000   0.00000   0.04257   0.00525   0.02399   0.17172   0.03435   0.01735   0.05957   0.02195   0.00000   0.01791   0.02849   0.10542   0.00000   0.15083   0.03742   0.02818   0.00588   0.02776   0.00692   0.02824   0.01558   0.00000   0.00763   0.03897   0.02630   0.02706   0.22692   0.07983   0.01534   0.08000   0.03624   0.00000   0.00472   0.01864   0.11893   0.47798   2.30377   1.14706   0.92719   1.07921   1.06199  
 47 70.7883   2551.333695  x:  0.00000   0.07556   0.05176   0.02771   0.02482   0.00798   0.00579   0.02401   0.01168   0.00000   0.00000   0.04275   0.00522   0.02402   0.17409   0.03429   0.01747   0.06085   0.02196   0.00000   0.01803   0.02918   0.11421   0.00000   0.15138   0.03747   0.02799   0.00609   0.02756   0.00706   0.02884   0.01552   0.00000   0.00762   0.04113   0.02602   0.02769   0.22843   0.07827   0.01525   0.08001   0.03552   0.00000   0.00481   0.01860   0.12453   0.47844   2.30189   1.14145   0.92860   1.08260   1.06689  
 48 13.5337   2549.351144  x:  0.00000   0.08183   0.04969   0.03109   0.02742   0.00912   0.00624   0.01933   0.00981   0.00000   0.00000   0.04530   0.00394   0.02430   0.17444   0.03773   0.01907   0.06281   0.02178   0.00000   0.01887   0.03315   0.11107   0.00000   0.15707   0.03841   0.02403   0.00922   0.02191   0.00909   0.03225   0.01450   0.00000   0.00741   0.03115   0.02171   0.02859   0.22608   0.08044   0.01447   0.07898   0.02878   0.00000   0.00579   0.01712   0.12490   0.47816   2.17649   1.24731   1.01576   1.14730   1.00522  
 49  5.1160   2544.956749  x:  0.00000   0.10123   0.05248   0.03346   0.02600   0.01306   0.00574   0.02611   0.01337   0.00000   0.00000   0.05044   0.00934   0.03019   0.16976   0.04607   0.00769   0.06600   0.02163   0.00000   0.01915   0.03418   0.11114   0.00000   0.18749   0.03992   0.02226   0.00977   0.02185   0.01339   0.03161   0.01415   0.00000   0.00620   0.03380   0.03216   0.03087   0.20580   0.07804   0.00165   0.09004   0.02812   0.00000   0.00602   0.01803   0.11647   0.51337   2.27409   1.26539   1.02947   1.16279   1.01578  
 50  0.3294   2543.940799  x:  0.00000   0.11228   0.05344   0.03500   0.02705   0.01313   0.00678   0.02780   0.01528   0.00000   0.00000   0.05187   0.00913   0.03091   0.16614   0.04912   0.01292   0.06596   0.02124   0.00000   0.01815   0.03515   0.11058   0.00000   0.19487   0.04157   0.02123   0.01019   0.02401   0.01288   0.03315   0.01225   0.00000   0.00667   0.03766   0.03588   0.03152   0.19823   0.07785   0.01088   0.09086   0.03126   0.00000   0.00690   0.01699   0.11366   0.52787   2.30713   1.27144   1.03854   1.16422   1.02363  
 51  0.1158   2542.846120  x:  0.00000   0.12480   0.05534   0.03418   0.02613   0.01547   0.00662   0.02705   0.01154   0.00000   0.00000   0.05358   0.00378   0.02727   0.17003   0.04803   0.00953   0.06514   0.02064   0.00000   0.01880   0.03316   0.11047   0.00000   0.20207   0.04211   0.02044   0.00850   0.02533   0.01415   0.03301   0.01263   0.00000   0.00617   0.04309   0.03657   0.03102   0.19754   0.07838   0.00862   0.08827   0.03453   0.00000   0.00671   0.01853   0.11068   0.55000   2.30684   1.24838   1.02185   1.14325   1.01256  
 52  0.1044   2541.913846  x:  0.00000   0.14240   0.05425   0.03363   0.02587   0.01493   0.00693   0.02519   0.01070   0.00000   0.00000   0.05293   0.00811   0.02526   0.17771   0.04546   0.00727   0.06256   0.01997   0.00000   0.01809   0.03120   0.11095   0.00000   0.21181   0.04306   0.01842   0.00956   0.02504   0.01156   0.03372   0.01246   0.00000   0.00664   0.04138   0.03138   0.02976   0.20703   0.07985   0.00633   0.08006   0.03451   0.00000   0.00735   0.01937   0.11281   0.57410   2.28815   1.22338   1.01582   1.12038   0.99875  
 53  0.1036   2541.536888  x:  0.00000   0.15155   0.05205   0.03296   0.02567   0.01304   0.00689   0.02664   0.01540   0.00000   0.00000   0.05239   0.00641   0.02814   0.17702   0.04495   0.00930   0.06318   0.01947   0.00000   0.01862   0.03109   0.11177   0.00000   0.20937   0.04287   0.01795   0.01041   0.02494   0.01069   0.03322   0.01260   0.00000   0.00697   0.03769   0.03011   0.02934   0.20801   0.07785   0.00443   0.08100   0.03239   0.00000   0.00726   0.01950   0.11455   0.58325   2.27396   1.21842   1.01209   1.11799   0.99556  
 54  0.0312   2541.234923  x:  0.00000   0.15916   0.05128   0.03227   0.02577   0.01267   0.00594   0.02525   0.01284   0.00000   0.00000   0.05232   0.00675   0.02638   0.17092   0.04501   0.01090   0.06501   0.01905   0.00000   0.01995   0.03170   0.11177   0.00000   0.19934   0.04146   0.01826   0.00965   0.02365   0.01267   0.03256   0.01465   0.00000   0.00650   0.03682   0.03203   0.03007   0.20245   0.07814   0.00431   0.08583   0.03043   0.00000   0.00619   0.02001   0.11467   0.58873   2.25931   1.22010   1.00298   1.12066   0.99280  
 55  0.0364   2541.041616  x:  0.00000   0.16683   0.05092   0.03255   0.02630   0.01205   0.00630   0.02538   0.01267   0.00000   0.00000   0.05104   0.00593   0.02638   0.16736   0.04603   0.00768   0.06518   0.01873   0.00000   0.01948   0.03278   0.11084   0.00000   0.19114   0.03989   0.01861   0.00948   0.02444   0.01183   0.03217   0.01302   0.00000   0.00726   0.03788   0.03235   0.03027   0.20339   0.07876   0.00417   0.08760   0.03192   0.00000   0.00616   0.01906   0.11474   0.58478   2.24677   1.23040   1.00807   1.13119   0.99657  
 56  0.0230   2540.971352  x:  0.00000   0.17010   0.05082   0.03232   0.02547   0.01304   0.00636   0.02634   0.01220   0.00000   0.00000   0.05147   0.00618   0.02699   0.16952   0.04664   0.00891   0.06420   0.01875   0.00000   0.01915   0.03207   0.11075   0.00000   0.18618   0.03867   0.01857   0.00899   0.02411   0.01148   0.03150   0.01302   0.00000   0.00691   0.03863   0.03166   0.03018   0.20662   0.07839   0.00522   0.08568   0.03208   0.00000   0.00628   0.01896   0.11493   0.57878   2.24220   1.22956   1.00876   1.12921   0.99650  
 57  0.0128   2540.942740  x:  0.00000   0.17303   0.05177   0.03257   0.02593   0.01287   0.00640   0.02520   0.01272   0.00000   0.00000   0.05162   0.00643   0.02722   0.17034   0.04613   0.00856   0.06411   0.01884   0.00000   0.01898   0.03211   0.11109   0.00000   0.18726   0.03754   0.01862   0.00890   0.02471   0.01114   0.03222   0.01351   0.00000   0.00657   0.03845   0.03183   0.03016   0.20582   0.07818   0.00508   0.08508   0.03228   0.00000   0.00645   0.01917   0.11408   0.57422   2.25393   1.22634   1.00951   1.12586   0.99793  
 58  0.0123   2540.933301  x:  0.00000   0.17437   0.05161   0.03259   0.02594   0.01269   0.00646   0.02600   0.01258   0.00000   0.00000   0.05173   0.00647   0.02702   0.17096   0.04610   0.00852   0.06440   0.01899   0.00000   0.01913   0.03199   0.11126   0.00000   0.18868   0.03690   0.01886   0.00877   0.02441   0.01145   0.03244   0.01320   0.00000   0.00679   0.03819   0.03168   0.03029   0.20513   0.07810   0.00481   0.08512   0.03196   0.00000   0.00641   0.01919   0.11408   0.57186   2.25777   1.22587   1.00986   1.12577   0.99718  
 59  0.0055   2540.931106  x:  0.00000   0.17453   0.05108   0.03264   0.02579   0.01275   0.00635   0.02592   0.01269   0.00000   0.00000   0.05179   0.00644   0.02696   0.17093   0.04622   0.00852   0.06443   0.01908   0.00000   0.01917   0.03202   0.11120   0.00000   0.18905   0.03666   0.01905   0.00897   0.02448   0.01156   0.03224   0.01330   0.00000   0.00673   0.03832   0.03174   0.03023   0.20516   0.07852   0.00483   0.08526   0.03202   0.00000   0.00634   0.01923   0.11427   0.57106   2.25676   1.22724   1.01112   1.12726   0.99713  
 60  0.0036   2540.930485  x:  0.00000   0.17449   0.05122   0.03267   0.02580   0.01283   0.00636   0.02572   0.01265   0.00000   0.00000   0.05173   0.00641   0.02694   0.17066   0.04624   0.00861   0.06437   0.01913   0.00000   0.01919   0.03209   0.11114   0.00000   0.18929   0.03655   0.01917   0.00897   0.02436   0.01153   0.03222   0.01320   0.00000   0.00677   0.03827   0.03181   0.03023   0.20516   0.07834   0.00485   0.08534   0.03199   0.00000   0.00634   0.01920   0.11435   0.57080   2.25626   1.22719   1.01103   1.12727   0.99744  
 61  0.0011   2540.930315  x:  0.00000   0.17445   0.05129   0.03263   0.02583   0.01283   0.00636   0.02579   0.01262   0.00000   0.00000   0.05170   0.00639   0.02697   0.17060   0.04627   0.00856   0.06436   0.01915   0.00000   0.01917   0.03208   0.11114   0.00000   0.18942   0.03651   0.01922   0.00900   0.02436   0.01154   0.03223   0.01324   0.00000   0.00673   0.03821   0.03176   0.03024   0.20524   0.07827   0.00489   0.08536   0.03195   0.00000   0.00635   0.01919   0.11434   0.57085   2.25533   1.22693   1.01081   1.12697   0.99734  
 62  0.0013   2540.930281  x:  0.00000   0.17445   0.05130   0.03262   0.02584   0.01282   0.00637   0.02578   0.01260   0.00000   0.00000   0.05169   0.00639   0.02697   0.17059   0.04628   0.00858   0.06436   0.01915   0.00000   0.01916   0.03208   0.11113   0.00000   0.18943   0.03650   0.01924   0.00901   0.02439   0.01154   0.03224   0.01323   0.00000   0.00673   0.03824   0.03174   0.03025   0.20526   0.07830   0.00487   0.08534   0.03198   0.00000   0.00637   0.01918   0.11431   0.57091   2.25482   1.22683   1.01078   1.12683   0.99724  
 63  0.0008   2540.930274  x:  0.00000   0.17445   0.05130   0.03262   0.02583   0.01282   0.00637   0.02578   0.01261   0.00000   0.00000   0.05170   0.00639   0.02698   0.17062   0.04628   0.00857   0.06437   0.01915   0.00000   0.01916   0.03207   0.11114   0.00000   0.18942   0.03649   0.01925   0.00902   0.02437   0.01154   0.03223   0.01323   0.00000   0.00673   0.03825   0.03175   0.03025   0.20525   0.07830   0.00487   0.08533   0.03198   0.00000   0.00637   0.01918   0.11431   0.57099   2.25473   1.22670   1.01069   1.12670   0.99718  
 64  0.0002   2540.930273  x:  0.00000   0.17444   0.05130   0.03262   0.02583   0.01282   0.00637   0.02578   0.01261   0.00000   0.00000   0.05170   0.00639   0.02697   0.17062   0.04627   0.00858   0.06436   0.01915   0.00000   0.01916   0.03207   0.11114   0.00000   0.18940   0.03649   0.01925   0.00902   0.02438   0.01154   0.03224   0.01323   0.00000   0.00673   0.03824   0.03175   0.03025   0.20524   0.07830   0.00487   0.08534   0.03198   0.00000   0.00637   0.01918   0.11431   0.57101   2.25476   1.22669   1.01070   1.12672   0.99719  
 65  0.0001   2540.930273  x:  0.00000   0.17444   0.05130   0.03262   0.02583   0.01282   0.00637   0.02578   0.01261   0.00000   0.00000   0.05170   0.00639   0.02698   0.17062   0.04627   0.00858   0.06436   0.01915   0.00000   0.01916   0.03207   0.11114   0.00000   0.18940   0.03648   0.01925   0.00902   0.02438   0.01154   0.03224   0.01323   0.00000   0.00673   0.03824   0.03175   0.03025   0.20524   0.07830   0.00487   0.08534   0.03198   0.00000   0.00637   0.01918   0.11431   0.57102   2.25479   1.22670   1.01071   1.12672   0.99719  
 66  0.0000   2540.930273  x:  0.00000   0.17444   0.05130   0.03262   0.02583   0.01282   0.00637   0.02578   0.01261   0.00000   0.00000   0.05170   0.00639   0.02698   0.17062   0.04627   0.00858   0.06436   0.01915   0.00000   0.01916   0.03207   0.11114   0.00000   0.18940   0.03648   0.01925   0.00902   0.02438   0.01154   0.03224   0.01323   0.00000   0.00673   0.03824   0.03175   0.03025   0.20524   0.07830   0.00487   0.08534   0.03198   0.00000   0.00637   0.01918   0.11431   0.57102   2.25481   1.22670   1.01071   1.12672   0.99719  
 67  0.0000   2540.930273  x:  0.00000   0.17444   0.05130   0.03262   0.02583   0.01282   0.00637   0.02578   0.01261   0.00000   0.00000   0.05170   0.00639   0.02698   0.17062   0.04627   0.00858   0.06436   0.01915   0.00000   0.01916   0.03207   0.11114   0.00000   0.18940   0.03648   0.01925   0.00902   0.02438   0.01154   0.03224   0.01323   0.00000   0.00673   0.03824   0.03175   0.03025   0.20524   0.07830   0.00487   0.08534   0.03198   0.00000   0.00637   0.01918   0.11431   0.57102   2.25481   1.22670   1.01071   1.12672   0.99719  
 68  0.0000   2540.930273  x:  0.00000   0.17444   0.05130   0.03262   0.02583   0.01282   0.00637   0.02578   0.01261   0.00000   0.00000   0.05170   0.00639   0.02698   0.17062   0.04627   0.00858   0.06436   0.01915   0.00000   0.01916   0.03207   0.11114   0.00000   0.18940   0.03648   0.01925   0.00902   0.02438   0.01154   0.03224   0.01323   0.00000   0.00673   0.03824   0.03175   0.03025   0.20524   0.07830   0.00487   0.08534   0.03198   0.00000   0.00637   0.01918   0.11431   0.57102   2.25481   1.22670   1.01071   1.12673   0.99719  
 69  0.0000   2540.930273  x:  0.00000   0.17444   0.05130   0.03262   0.02583   0.01282   0.00637   0.02578   0.01261   0.00000   0.00000   0.05170   0.00639   0.02698   0.17062   0.04627   0.00858   0.06436   0.01915   0.00000   0.01916   0.03207   0.11114   0.00000   0.18940   0.03648   0.01925   0.00902   0.02438   0.01154   0.03224   0.01323   0.00000   0.00673   0.03824   0.03175   0.03025   0.20524   0.07830   0.00487   0.08534   0.03198   0.00000   0.00637   0.01918   0.11431   0.57102   2.25480   1.22670   1.01071   1.12672   0.99719  
 70  0.0000   2540.930273  x:  0.00000   0.17444   0.05130   0.03262   0.02583   0.01282   0.00637   0.02578   0.01261   0.00000   0.00000   0.05170   0.00639   0.02698   0.17062   0.04627   0.00858   0.06436   0.01915   0.00000   0.01916   0.03207   0.11114   0.00000   0.18940   0.03648   0.01925   0.00902   0.02438   0.01154   0.03224   0.01323   0.00000   0.00673   0.03824   0.03175   0.03025   0.20524   0.07830   0.00487   0.08534   0.03198   0.00000   0.00637   0.01918   0.11431   0.57102   2.25480   1.22670   1.01071   1.12672   0.99719  