-6.915044629679226729e-01
-8.141704608337902993e-01
-5.370157067042694576e-01
6.608764105270444889e-01
-1.167048125104185319e+00
9.495854423682845505e-03
6.198258657125624849e-01
1.420540125044289725e+00
-3.969698941095285427e-01
-7.424273034101479540e-01
-8.399937261400408417e+00
-2.323259807985386338e+00
-6.163763250132646698e-01
-2.058497920970181472e+00
-2.352846564465066681e+00
-5.162262858555916267e+00
-1.589015477622425676e+00
-6.834341585024548138e-01
-4.965455691737553856e+00
-2.699770501542148260e+00
2.511835265362719616e-01
1.178755490910901732e-01
-7.819176007956929464e-01
-1.318667379380721316e+00
-1.918767913454453522e+00
-6.215829594898901744e-01
-8.457850345780624224e-01
-1.242172305624998918e+00
-3.610403289020946538e+00
-3.687157784486108536e+00
-3.065117090435422131e+00
-3.472151925421051999e+00
-1.287204183576013294e+00
-2.574350200001795042e+00
-1.502176950517092546e+00
-2.135609720307610093e+00
